5000 0.3
10000 0.6
15000 7.4
20000 1.8
25000 30.9
30000 2.2
35000 26.5
40000 27.7
45000 15.4
50000 4.9
55000 10.0
60000 5.3
65000 0.0
70000 14.8
75000 12.3
80000 26.7
85000 6.4
90000 29.6
95000 11.9
100000 5.9
105000 16.5
110000 4.0
115000 0.7
120000 0.2
125000 30.0
130000 4.2
135000 40.9
140000 51.7
145000 6.2
150000 2.6
155000 21.5
160000 18.4
165000 9.6
170000 1.7
175000 3.4
180000 28.8
185000 22.3
190000 28.4
195000 0.7
200000 34.8
205000 56.6
210000 30.5
215000 37.6
220000 53.5
225000 2.5
230000 42.3
235000 26.0
240000 22.7
245000 54.8
250000 2.5
255000 0.0
260000 26.1
265000 45.9
270000 4.5
275000 31.7
280000 41.8
285000 41.3
290000 0.3
295000 6.6
300000 0.9
305000 29.4
310000 44.0
315000 0.0
320000 68.1
325000 32.1
330000 11.4
335000 39.7
340000 1.2
345000 59.3
350000 12.1
355000 1.0
360000 23.5
365000 42.6
370000 14.3
375000 49.6
380000 75.5
385000 3.1
390000 34.5
395000 6.8
400000 2.9
405000 17.6
410000 0.0
415000 33.3
420000 3.3
425000 3.9
430000 3.3
435000 55.9
440000 62.6
445000 46.4
450000 43.2
455000 30.5
460000 10.6
465000 15.9
470000 14.4
475000 36.0
480000 54.3
485000 138.9
490000 45.3
495000 24.8
500000 29.7
505000 41.8
510000 28.6
515000 59.0
520000 0.0
525000 88.2
530000 6.1
535000 41.7
540000 48.5
545000 22.2
550000 49.4
555000 0.3
560000 0.0
565000 41.2
570000 74.4
575000 2.8
580000 91.5
585000 29.3
590000 67.6
595000 25.7
600000 6.4
605000 56.1
610000 83.6
615000 121.2
620000 39.0
625000 131.7
630000 28.9
635000 0.4
640000 15.5
645000 25.0
650000 123.3
655000 0.1
660000 31.0
665000 33.2
670000 37.4
675000 102.1
680000 0.0
685000 30.7
690000 27.7
695000 96.6
700000 52.1
705000 56.9
710000 48.4
715000 70.9
720000 63.4
725000 93.3
730000 27.6
735000 12.8
740000 54.5
745000 0.0
750000 47.6
755000 41.3
760000 31.0
765000 29.1
770000 11.7
775000 1.6
780000 41.1
785000 0.0
790000 69.0
795000 1.5
800000 78.8
805000 58.6
810000 103.2
815000 157.9
820000 34.9
825000 118.6
830000 30.2
835000 8.2
840000 45.4
845000 0.7
850000 31.9
855000 0.2
860000 40.0
865000 10.7
870000 35.2
875000 4.8
880000 0.4
885000 0.3
890000 52.8
895000 50.3
900000 149.2
905000 45.3
910000 26.8
915000 91.9
920000 83.8
925000 0.1
930000 56.1
935000 84.3
940000 80.7
945000 98.6
950000 71.3
955000 68.6
960000 95.7
965000 57.4
970000 4.2
975000 31.8
980000 55.4
985000 56.9
990000 0.1
995000 135.0
1000000 66.2
1005000 58.2
1010000 13.4
1015000 44.6
1020000 54.5
1025000 2.0
1030000 108.7
1035000 0.0
1040000 0.0
1045000 86.9
1050000 49.5
1055000 33.8
1060000 36.2
1065000 9.4
1070000 38.2
1075000 112.4
1080000 61.5
1085000 48.1
1090000 45.2
1095000 60.5
1100000 32.5
1105000 53.0
1110000 1.2
1115000 56.8
1120000 88.8
1125000 62.4
1130000 103.3
1135000 56.6
1140000 81.8
1145000 0.6
1150000 85.7
1155000 0.3
1160000 28.7
1165000 50.3
1170000 87.4
1175000 143.9
1180000 81.4
1185000 30.5
1190000 48.7
1195000 0.7
1200000 54.6
1205000 0.1
1210000 111.1
1215000 0.6
1220000 55.2
1225000 2.6
1230000 43.3
1235000 28.3
1240000 79.1
1245000 40.3
1250000 0.6
1255000 73.8
1260000 41.6
1265000 99.1
1270000 123.2
1275000 0.1
1280000 90.2
1285000 108.1
1290000 29.3
1295000 31.1
1300000 72.5
1305000 33.2
1310000 47.5
1315000 72.0
1320000 2.2
1325000 41.3
1330000 99.9
1335000 69.6
1340000 9.9
1345000 160.4
1350000 46.2
1355000 45.0
1360000 60.8
1365000 39.7
1370000 1.0
1375000 85.9
1380000 25.4
1385000 140.3
1390000 0.0
1395000 0.1
1400000 82.6
1405000 32.4
1410000 26.6
1415000 51.4
1420000 2.4
1425000 45.1
1430000 1.4
1435000 2.2
1440000 74.2
1445000 0.3
1450000 52.3
1455000 54.1
1460000 71.6
1465000 74.7
1470000 109.9
1475000 44.8
1480000 69.3
1485000 44.7
1490000 45.3
1495000 80.5
1500000 27.9
1505000 23.0
1510000 20.2
1515000 35.4
1520000 197.0
1525000 66.0
1530000 44.5
1535000 2.0
1540000 120.0
1545000 40.5
1550000 1.2
1555000 57.7
1560000 43.9
1565000 61.9
1570000 37.9
1575000 0.0
1580000 144.5
1585000 140.7
1590000 75.1
1595000 63.9
1600000 76.9
1605000 0.1
1610000 0.0
1615000 124.3
1620000 5.1
1625000 65.9
1630000 26.3
1635000 75.4
1640000 98.1
1645000 61.6
1650000 57.2
1655000 91.4
1660000 144.0
1665000 48.0
1670000 111.3
1675000 116.5
1680000 101.3
1685000 3.5
1690000 0.0
1695000 59.3
1700000 163.2
1705000 0.3
1710000 32.7
1715000 29.7
1720000 37.3
1725000 65.0
1730000 64.9
1735000 4.9
1740000 58.2
1745000 113.5
1750000 27.2
1755000 6.6
1760000 169.3
1765000 0.3
1770000 166.4
1775000 35.6
1780000 0.0
1785000 65.7
1790000 94.9
1795000 2.8
1800000 189.9
1805000 105.0
1810000 91.2
1815000 28.7
1820000 29.2
1825000 2.4
1830000 0.1
1835000 35.9
1840000 108.7
1845000 88.3
1850000 1.1
1855000 103.8
1860000 56.5
1865000 116.9
1870000 106.4
1875000 87.8
1880000 33.3
1885000 176.2
1890000 52.9
1895000 84.0
1900000 77.6
1905000 1.6
1910000 58.5
1915000 152.1
1920000 53.7
1925000 101.0
1930000 75.1
1935000 4.8
1940000 7.5
1945000 97.7
1950000 86.5
1955000 0.0
1960000 153.7
1965000 136.8
1970000 79.2
1975000 26.2
1980000 28.7
1985000 38.6
1990000 7.9
1995000 26.9
2000000 2.4
