5000 0.8
10000 4.0
15000 28.7
20000 21.3
25000 24.3
30000 10.6
35000 22.9
40000 37.9
45000 20.4
50000 56.4
55000 51.5
60000 31.9
65000 38.7
70000 13.1
75000 19.6
80000 15.7
85000 16.4
90000 12.0
95000 16.9
100000 11.3
105000 6.9
110000 32.3
115000 82.7
120000 12.4
125000 42.9
130000 92.0
135000 25.8
140000 29.3
145000 108.8
150000 6.3
155000 125.0
160000 151.1
165000 147.7
170000 77.2
175000 73.0
180000 46.6
185000 191.8
190000 42.7
195000 177.6
200000 92.8
205000 153.8
210000 124.7
215000 83.0
220000 74.5
225000 42.6
230000 103.7
235000 129.3
240000 18.4
245000 187.3
250000 109.2
255000 128.9
260000 102.4
265000 35.1
270000 166.6
275000 91.7
280000 221.7
285000 182.5
290000 163.5
295000 119.8
300000 66.1
305000 187.5
310000 114.8
315000 131.4
320000 183.4
325000 237.4
330000 235.7
335000 108.6
340000 155.3
345000 114.2
350000 96.0
355000 6.3
360000 53.0
365000 101.1
370000 108.6
375000 58.2
380000 134.8
385000 58.6
390000 98.2
395000 164.8
400000 98.2
405000 110.8
410000 176.0
415000 0.0
420000 77.1
425000 117.6
430000 153.5
435000 164.9
440000 103.5
445000 94.7
450000 110.7
455000 152.0
460000 208.5
465000 227.1
470000 125.5
475000 141.6
480000 204.4
485000 1.3
490000 61.8
495000 72.9
500000 158.1
505000 92.3
510000 276.9
515000 169.2
520000 167.7
525000 221.9
530000 213.7
535000 175.1
540000 137.2
545000 189.3
550000 223.9
555000 128.0
560000 173.7
565000 59.2
570000 219.5
575000 52.6
580000 156.0
585000 174.4
590000 163.1
595000 155.7
600000 196.7
605000 236.9
610000 164.5
615000 119.7
620000 108.6
625000 180.2
630000 167.0
635000 111.0
640000 95.1
645000 197.4
650000 58.1
655000 178.8
660000 57.4
665000 121.3
670000 56.3
675000 113.3
680000 195.8
685000 391.9
690000 151.8
695000 123.9
700000 370.1
705000 101.4
710000 317.1
715000 179.3
720000 237.0
725000 68.9
730000 165.0
735000 284.7
740000 204.3
745000 228.9
750000 41.4
755000 69.4
760000 179.0
765000 169.2
770000 126.7
775000 102.9
780000 243.9
785000 174.9
790000 95.4
795000 54.3
800000 116.5
805000 169.1
810000 102.2
815000 169.8
820000 108.0
825000 112.7
830000 339.2
835000 264.7
840000 193.4
845000 203.0
850000 299.3
855000 299.0
860000 220.3
865000 169.8
870000 195.2
875000 218.0
880000 59.0
885000 282.6
890000 183.6
895000 110.4
900000 57.6
905000 302.0
910000 203.4
915000 126.0
920000 178.4
925000 247.4
930000 230.4
935000 162.2
940000 131.4
945000 127.0
950000 165.9
955000 241.0
960000 320.7
965000 166.0
970000 123.4
975000 131.2
980000 57.0
985000 118.8
990000 150.3
995000 180.2
1000000 102.4
1005000 312.8
1010000 191.6
1015000 61.0
1020000 3.5
1025000 244.6
1030000 239.9
1035000 108.2
1040000 132.5
1045000 47.7
1050000 344.3
1055000 449.9
1060000 60.6
1065000 206.4
1070000 261.8
1075000 0.0
1080000 123.9
1085000 136.6
1090000 176.7
1095000 55.2
1100000 233.8
1105000 171.8
1110000 254.5
1115000 110.1
1120000 252.0
1125000 281.0
1130000 273.9
1135000 164.3
1140000 127.8
1145000 119.0
1150000 237.5
1155000 246.8
1160000 289.3
1165000 0.0
1170000 230.3
1175000 65.6
1180000 102.7
1185000 0.1
1190000 281.6
1195000 117.2
1200000 190.9
1205000 252.3
1210000 69.8
1215000 196.5
1220000 187.9
1225000 233.1
1230000 216.7
1235000 122.7
1240000 255.9
1245000 184.0
1250000 241.4
1255000 129.4
1260000 275.6
1265000 241.8
1270000 172.6
1275000 53.1
1280000 171.9
1285000 174.5
1290000 102.2
1295000 62.5
1300000 241.5
1305000 122.3
1310000 236.9
1315000 165.0
1320000 318.7
1325000 197.7
1330000 238.3
1335000 254.3
1340000 185.2
1345000 226.4
1350000 232.7
1355000 257.7
1360000 304.7
1365000 63.1
1370000 53.3
1375000 201.8
1380000 182.7
1385000 178.1
1390000 303.6
1395000 179.5
1400000 247.8
1405000 67.3
1410000 313.6
1415000 381.3
1420000 117.8
1425000 52.1
1430000 298.0
1435000 53.1
1440000 226.2
1445000 57.4
1450000 217.5
1455000 244.8
1460000 61.4
1465000 175.7
1470000 171.8
1475000 123.8
1480000 454.7
1485000 198.3
1490000 178.2
1495000 47.7
1500000 153.7
1505000 377.6
1510000 305.7
1515000 322.3
1520000 130.3
1525000 183.2
1530000 131.1
1535000 311.3
1540000 380.6
1545000 237.3
1550000 200.4
1555000 123.2
1560000 363.5
1565000 288.3
1570000 268.1
1575000 180.0
1580000 0.0
1585000 63.4
1590000 189.2
1595000 101.7
1600000 124.7
1605000 107.3
1610000 286.6
1615000 302.8
1620000 177.1
1625000 215.8
1630000 250.3
1635000 180.0
1640000 54.9
1645000 169.2
1650000 67.5
1655000 117.5
1660000 202.9
1665000 349.8
1670000 194.0
1675000 129.1
1680000 187.6
1685000 190.4
1690000 123.8
1695000 121.6
1700000 244.5
1705000 322.8
1710000 224.6
1715000 111.3
1720000 67.6
1725000 253.5
1730000 168.9
1735000 108.3
1740000 227.8
1745000 162.4
1750000 331.6
1755000 171.3
1760000 124.9
1765000 254.2
1770000 218.8
1775000 109.9
1780000 265.7
1785000 118.6
1790000 243.4
1795000 188.5
1800000 173.2
1805000 177.0
1810000 272.1
1815000 89.5
1820000 291.3
1825000 60.4
1830000 251.1
1835000 0.2
1840000 150.7
1845000 321.4
1850000 175.6
1855000 181.4
1860000 278.1
1865000 139.4
1870000 302.2
1875000 184.8
1880000 67.7
1885000 185.6
1890000 184.2
1895000 66.8
1900000 239.4
1905000 239.6
1910000 246.0
1915000 111.2
1920000 176.7
1925000 192.3
1930000 252.0
1935000 310.0
1940000 257.6
1945000 188.9
1950000 183.5
1955000 136.1
1960000 258.0
1965000 244.7
1970000 131.4
1975000 136.7
1980000 131.5
1985000 208.9
1990000 262.7
1995000 3.4
2000000 135.9
