5000 2.9
10000 1.3
15000 10.5
20000 4.0
25000 6.1
30000 1.3
35000 20.2
40000 16.8
45000 38.5
50000 50.2
55000 21.6
60000 53.3
65000 37.4
70000 41.5
75000 23.7
80000 25.9
85000 11.7
90000 58.3
95000 35.4
100000 26.7
105000 0.9
110000 33.6
115000 11.0
120000 91.6
125000 47.3
130000 40.8
135000 0.4
140000 0.2
145000 46.7
150000 4.4
155000 17.2
160000 0.2
165000 102.8
170000 50.5
175000 95.9
180000 0.0
185000 49.6
190000 116.2
195000 129.2
200000 144.5
205000 62.5
210000 22.2
215000 97.5
220000 206.5
225000 165.7
230000 93.5
235000 2.3
240000 42.3
245000 9.2
250000 165.6
255000 59.6
260000 105.5
265000 86.8
270000 0.0
275000 154.7
280000 0.0
285000 49.8
290000 39.1
295000 147.2
300000 151.7
305000 96.8
310000 45.0
315000 101.1
320000 49.7
325000 114.7
330000 2.3
335000 53.7
340000 155.1
345000 93.5
350000 128.0
355000 108.7
360000 165.6
365000 55.1
370000 166.3
375000 104.6
380000 193.7
385000 0.0
390000 31.0
395000 0.0
400000 44.3
405000 50.3
410000 58.8
415000 169.8
420000 294.6
425000 109.3
430000 194.0
435000 93.9
440000 153.9
445000 0.0
450000 62.3
455000 91.9
460000 174.2
465000 98.6
470000 78.9
475000 124.2
480000 121.6
485000 1.9
490000 60.8
495000 271.2
500000 62.9
505000 60.6
510000 48.0
515000 118.2
520000 95.4
525000 210.7
530000 94.8
535000 109.8
540000 77.7
545000 67.9
550000 60.0
555000 53.9
560000 151.2
565000 181.6
570000 55.0
575000 179.2
580000 146.2
585000 228.7
590000 178.6
595000 61.8
600000 71.0
605000 243.0
610000 59.5
615000 263.7
620000 119.7
625000 194.8
630000 315.4
635000 130.9
640000 140.1
645000 61.0
650000 117.5
655000 68.8
660000 59.6
665000 59.2
670000 0.0
675000 56.7
680000 145.1
685000 199.0
690000 61.2
695000 122.8
700000 165.8
705000 67.4
710000 103.3
715000 120.6
720000 185.4
725000 210.6
730000 112.0
735000 72.9
740000 98.3
745000 283.8
750000 56.8
755000 118.2
760000 53.6
765000 121.8
770000 0.1
775000 2.1
780000 307.4
785000 112.7
790000 88.5
795000 145.6
800000 132.6
805000 176.9
810000 110.3
815000 122.3
820000 188.2
825000 0.0
830000 170.9
835000 67.0
840000 155.0
845000 170.1
850000 69.1
855000 102.0
860000 173.5
865000 3.4
870000 58.4
875000 73.3
880000 169.3
885000 117.8
890000 71.6
895000 168.9
900000 72.4
905000 163.7
910000 128.1
915000 129.2
920000 60.0
925000 186.8
930000 177.4
935000 128.0
940000 3.1
945000 0.1
950000 64.0
955000 0.7
960000 121.6
965000 192.5
970000 61.1
975000 176.7
980000 65.3
985000 113.5
990000 88.6
995000 133.8
1000000 64.2
1005000 280.1
1010000 74.3
1015000 73.0
1020000 140.4
1025000 210.9
1030000 71.1
1035000 114.0
1040000 204.3
1045000 180.1
1050000 145.8
1055000 149.2
1060000 120.8
1065000 165.0
1070000 123.2
1075000 125.7
1080000 175.3
1085000 164.1
1090000 69.3
1095000 164.4
1100000 64.2
1105000 176.0
1110000 2.6
1115000 381.2
1120000 78.2
1125000 56.7
1130000 120.7
1135000 117.2
1140000 72.5
1145000 155.4
1150000 110.2
1155000 81.1
1160000 0.0
1165000 60.7
1170000 304.9
1175000 53.3
1180000 1.5
1185000 156.3
1190000 178.3
1195000 189.4
1200000 244.1
1205000 41.0
1210000 119.7
1215000 281.1
1220000 176.9
1225000 0.0
1230000 61.4
1235000 140.2
1240000 203.7
1245000 137.3
1250000 234.5
1255000 212.7
1260000 129.1
1265000 240.8
1270000 148.6
1275000 215.8
1280000 216.2
1285000 79.1
1290000 52.2
1295000 0.6
1300000 205.4
1305000 177.4
1310000 47.9
1315000 221.4
1320000 53.9
1325000 97.7
1330000 69.1
1335000 331.7
1340000 0.1
1345000 80.7
1350000 153.9
1355000 242.0
1360000 127.0
1365000 142.2
1370000 209.6
1375000 119.0
1380000 62.2
1385000 0.1
1390000 243.9
1395000 169.6
1400000 148.4
1405000 273.5
1410000 164.4
1415000 127.6
1420000 161.9
1425000 88.8
1430000 88.0
1435000 119.7
1440000 80.7
1445000 55.3
1450000 81.7
1455000 137.4
1460000 209.1
1465000 120.6
1470000 117.5
1475000 210.4
1480000 88.2
1485000 25.6
1490000 141.9
1495000 158.2
1500000 85.9
1505000 229.4
1510000 252.4
1515000 60.4
1520000 77.1
1525000 66.9
1530000 175.4
1535000 179.0
1540000 0.2
1545000 90.7
1550000 59.1
1555000 302.5
1560000 224.9
1565000 0.1
1570000 136.4
1575000 294.6
1580000 266.5
1585000 198.2
1590000 146.4
1595000 201.1
1600000 154.2
1605000 0.3
1610000 85.4
1615000 69.1
1620000 1.6
1625000 77.4
1630000 193.4
1635000 82.3
1640000 200.7
1645000 64.2
1650000 100.9
1655000 76.7
1660000 49.2
1665000 317.1
1670000 138.5
1675000 77.7
1680000 235.8
1685000 257.8
1690000 142.6
1695000 70.3
1700000 182.1
1705000 238.6
1710000 137.9
1715000 149.8
1720000 134.4
1725000 214.6
1730000 66.1
1735000 67.3
1740000 66.6
1745000 88.9
1750000 228.0
1755000 286.4
1760000 52.5
1765000 476.5
1770000 143.4
1775000 131.4
1780000 226.3
1785000 230.4
1790000 65.1
1795000 154.3
1800000 0.0
1805000 69.5
1810000 283.0
1815000 281.8
1820000 147.5
1825000 143.2
1830000 158.4
1835000 131.2
1840000 65.4
1845000 110.3
1850000 223.0
1855000 212.7
1860000 104.2
1865000 314.8
1870000 252.6
1875000 65.6
1880000 222.1
1885000 255.6
1890000 139.7
1895000 67.2
1900000 134.8
1905000 69.6
1910000 82.1
1915000 0.2
1920000 343.2
1925000 65.6
1930000 150.7
1935000 69.4
1940000 211.8
1945000 247.0
1950000 225.1
1955000 74.3
1960000 248.6
1965000 213.7
1970000 147.9
1975000 137.4
1980000 360.0
1985000 88.5
1990000 205.2
1995000 254.1
2000000 135.6
