5000 33.8
10000 7.5
15000 39.0
20000 24.9
25000 2.5
30000 14.5
35000 40.6
40000 55.1
45000 34.0
50000 14.6
55000 31.3
60000 9.0
65000 13.6
70000 19.7
75000 19.4
80000 60.1
85000 13.3
90000 11.9
95000 30.2
100000 25.4
105000 9.7
110000 91.9
115000 72.8
120000 40.0
125000 35.1
130000 19.7
135000 63.0
140000 75.7
145000 37.5
150000 75.9
155000 85.0
160000 89.2
165000 6.8
170000 112.5
175000 69.8
180000 65.3
185000 54.1
190000 0.2
195000 59.1
200000 159.5
205000 2.9
210000 12.5
215000 55.5
220000 110.2
225000 71.5
230000 86.8
235000 61.6
240000 84.4
245000 53.6
250000 63.7
255000 75.8
260000 89.3
265000 92.3
270000 38.4
275000 76.3
280000 41.3
285000 120.6
290000 0.8
295000 54.1
300000 108.9
305000 32.8
310000 7.0
315000 90.7
320000 45.9
325000 45.3
330000 117.1
335000 80.5
340000 0.5
345000 112.1
350000 50.8
355000 99.2
360000 164.4
365000 50.4
370000 146.8
375000 34.4
380000 81.2
385000 85.8
390000 254.3
395000 36.4
400000 126.3
405000 152.0
410000 165.3
415000 140.5
420000 144.4
425000 92.2
430000 40.1
435000 83.0
440000 114.8
445000 57.4
450000 86.3
455000 58.9
460000 146.8
465000 82.8
470000 50.3
475000 0.2
480000 91.6
485000 93.1
490000 29.9
495000 120.1
500000 121.7
505000 82.4
510000 147.5
515000 59.1
520000 92.4
525000 158.0
530000 102.1
535000 278.2
540000 70.9
545000 37.3
550000 51.4
555000 166.3
560000 139.3
565000 76.9
570000 167.1
575000 216.1
580000 41.9
585000 186.1
590000 215.9
595000 176.3
600000 72.1
605000 85.9
610000 82.4
615000 37.9
620000 143.6
625000 51.0
630000 55.4
635000 5.7
640000 97.9
645000 111.5
650000 55.0
655000 142.1
660000 185.0
665000 86.4
670000 50.1
675000 159.5
680000 109.1
685000 207.3
690000 207.0
695000 0.2
700000 36.7
705000 88.0
710000 78.9
715000 39.9
720000 177.5
725000 133.1
730000 41.0
735000 156.8
740000 146.9
745000 141.2
750000 155.4
755000 142.2
760000 142.7
765000 154.7
770000 72.2
775000 148.3
780000 209.2
785000 128.5
790000 145.4
795000 150.5
800000 75.6
805000 42.5
810000 46.6
815000 101.3
820000 29.6
825000 99.6
830000 107.0
835000 39.5
840000 206.9
845000 0.0
850000 264.1
855000 286.0
860000 159.9
865000 183.5
870000 166.0
875000 51.8
880000 132.4
885000 185.1
890000 173.5
895000 0.1
900000 253.3
905000 182.6
910000 114.2
915000 0.9
920000 77.7
925000 156.3
930000 59.3
935000 108.2
940000 96.3
945000 107.6
950000 108.7
955000 0.8
960000 106.9
965000 158.8
970000 176.1
975000 165.4
980000 145.0
985000 94.9
990000 160.3
995000 234.9
1000000 106.6
1005000 91.4
1010000 55.8
1015000 45.8
1020000 113.2
1025000 109.4
1030000 148.9
1035000 155.5
1040000 195.2
1045000 52.1
1050000 53.7
1055000 165.0
1060000 1.6
1065000 166.0
1070000 210.8
1075000 113.0
1080000 101.8
1085000 115.5
1090000 85.6
1095000 116.4
1100000 111.1
1105000 55.7
1110000 218.2
1115000 260.7
1120000 54.8
1125000 151.3
1130000 223.8
1135000 112.1
1140000 105.2
1145000 151.2
1150000 156.5
1155000 116.2
1160000 102.0
1165000 140.8
1170000 130.2
1175000 56.1
1180000 113.4
1185000 204.6
1190000 130.0
1195000 12.6
1200000 158.1
1205000 168.5
1210000 206.3
1215000 95.4
1220000 135.6
1225000 169.3
1230000 134.7
1235000 157.3
1240000 64.6
1245000 104.6
1250000 51.2
1255000 149.6
1260000 0.5
1265000 0.0
1270000 165.6
1275000 333.4
1280000 65.4
1285000 142.7
1290000 0.1
1295000 330.6
1300000 89.3
1305000 215.2
1310000 147.4
1315000 151.9
1320000 96.7
1325000 155.6
1330000 101.2
1335000 159.6
1340000 0.0
1345000 92.8
1350000 192.5
1355000 139.8
1360000 45.5
1365000 57.8
1370000 104.1
1375000 0.9
1380000 48.2
1385000 286.9
1390000 225.0
1395000 106.2
1400000 98.7
1405000 112.1
1410000 98.9
1415000 109.5
1420000 123.4
1425000 288.4
1430000 58.1
1435000 58.7
1440000 93.9
1445000 327.9
1450000 163.2
1455000 89.1
1460000 161.0
1465000 161.2
1470000 208.5
1475000 52.7
1480000 294.1
1485000 118.1
1490000 74.0
1495000 99.7
1500000 230.4
1505000 165.6
1510000 234.4
1515000 152.1
1520000 213.0
1525000 162.7
1530000 179.2
1535000 155.5
1540000 193.6
1545000 152.2
1550000 192.7
1555000 50.7
1560000 113.9
1565000 101.9
1570000 259.3
1575000 0.0
1580000 196.2
1585000 52.1
1590000 115.8
1595000 40.1
1600000 126.9
1605000 57.4
1610000 55.4
1615000 169.1
1620000 117.9
1625000 55.1
1630000 108.8
1635000 230.2
1640000 47.7
1645000 162.2
1650000 41.8
1655000 216.3
1660000 247.9
1665000 171.2
1670000 166.4
1675000 157.2
1680000 117.7
1685000 170.5
1690000 86.8
1695000 174.8
1700000 171.4
1705000 284.8
1710000 171.0
1715000 63.0
1720000 109.3
1725000 95.4
1730000 263.5
1735000 63.8
1740000 171.8
1745000 229.4
1750000 133.8
1755000 110.0
1760000 207.1
1765000 136.4
1770000 123.9
1775000 158.4
1780000 111.1
1785000 235.4
1790000 61.6
1795000 44.1
1800000 193.1
1805000 193.7
1810000 181.1
1815000 134.3
1820000 248.6
1825000 158.7
1830000 1.7
1835000 110.1
1840000 339.5
1845000 179.4
1850000 363.1
1855000 227.0
1860000 292.7
1865000 215.6
1870000 111.5
1875000 94.2
1880000 208.4
1885000 226.6
1890000 214.1
1895000 111.8
1900000 197.6
1905000 0.5
1910000 291.6
1915000 56.7
1920000 153.2
1925000 113.2
1930000 230.5
1935000 124.1
1940000 260.8
1945000 247.5
1950000 108.4
1955000 124.8
1960000 285.8
1965000 278.2
1970000 180.5
1975000 189.7
1980000 260.8
1985000 275.7
1990000 150.9
1995000 114.1
2000000 97.7
