5000 45.2
10000 0.0
15000 7.8
20000 8.7
25000 8.7
30000 4.7
35000 26.1
40000 20.4
45000 32.6
50000 10.8
55000 33.1
60000 13.9
65000 6.6
70000 46.5
75000 8.4
80000 52.7
85000 11.3
90000 13.0
95000 5.3
100000 61.0
105000 8.3
110000 23.1
115000 25.3
120000 64.2
125000 12.4
130000 36.8
135000 56.5
140000 74.8
145000 51.4
150000 36.4
155000 67.9
160000 64.7
165000 62.2
170000 0.5
175000 136.5
180000 193.2
185000 0.1
190000 133.4
195000 232.3
200000 175.3
205000 45.9
210000 0.4
215000 73.3
220000 102.1
225000 41.8
230000 201.3
235000 0.8
240000 106.9
245000 33.8
250000 170.4
255000 201.2
260000 112.3
265000 178.1
270000 271.1
275000 42.0
280000 81.6
285000 44.8
290000 154.0
295000 96.9
300000 84.6
305000 83.6
310000 107.5
315000 137.0
320000 54.7
325000 145.2
330000 41.7
335000 200.0
340000 96.2
345000 80.1
350000 146.9
355000 46.4
360000 111.4
365000 191.7
370000 137.9
375000 279.2
380000 54.2
385000 194.3
390000 0.6
395000 111.3
400000 180.2
405000 276.6
410000 59.6
415000 39.4
420000 212.0
425000 128.6
430000 146.6
435000 149.4
440000 165.3
445000 95.1
450000 243.3
455000 202.9
460000 62.4
465000 269.3
470000 57.6
475000 48.2
480000 165.7
485000 228.5
490000 240.7
495000 149.5
500000 92.2
505000 112.3
510000 178.1
515000 215.3
520000 279.8
525000 217.5
530000 103.6
535000 41.3
540000 153.2
545000 103.2
550000 202.7
555000 154.4
560000 67.9
565000 112.6
570000 220.6
575000 184.0
580000 234.0
585000 60.6
590000 153.6
595000 142.5
600000 161.8
605000 74.7
610000 148.1
615000 222.5
620000 246.5
625000 173.5
630000 187.5
635000 119.7
640000 220.8
645000 0.0
650000 170.8
655000 275.1
660000 107.8
665000 61.6
670000 243.2
675000 142.0
680000 128.0
685000 232.3
690000 103.2
695000 52.0
700000 241.2
705000 278.3
710000 165.2
715000 0.0
720000 169.0
725000 240.9
730000 193.1
735000 176.5
740000 184.9
745000 167.4
750000 231.0
755000 140.5
760000 283.3
765000 234.4
770000 149.7
775000 296.5
780000 193.4
785000 184.3
790000 292.0
795000 64.3
800000 108.3
805000 64.3
810000 179.3
815000 223.4
820000 311.1
825000 163.6
830000 61.3
835000 161.2
840000 102.5
845000 261.2
850000 0.0
855000 327.3
860000 185.6
865000 150.7
870000 181.1
875000 108.2
880000 110.3
885000 109.7
890000 266.8
895000 0.0
900000 38.3
905000 111.3
910000 63.0
915000 175.6
920000 118.0
925000 60.0
930000 180.3
935000 174.8
940000 163.6
945000 386.0
950000 158.9
955000 63.8
960000 375.0
965000 160.0
970000 239.2
975000 60.0
980000 144.0
985000 59.2
990000 35.7
995000 212.2
1000000 64.5
1005000 322.9
1010000 163.9
1015000 200.2
1020000 351.8
1025000 106.0
1030000 56.8
1035000 199.1
1040000 373.5
1045000 301.1
1050000 113.5
1055000 334.9
1060000 125.2
1065000 0.0
1070000 165.0
1075000 237.4
1080000 113.9
1085000 183.9
1090000 164.3
1095000 168.5
1100000 183.6
1105000 171.6
1110000 154.7
1115000 328.7
1120000 0.0
1125000 299.2
1130000 364.4
1135000 41.2
1140000 88.0
1145000 60.5
1150000 61.9
1155000 243.2
1160000 168.9
1165000 228.2
1170000 328.6
1175000 216.3
1180000 57.6
1185000 316.5
1190000 120.6
1195000 198.8
1200000 116.7
1205000 33.6
1210000 127.5
1215000 284.6
1220000 104.4
1225000 122.7
1230000 333.7
1235000 67.4
1240000 72.0
1245000 127.4
1250000 136.3
1255000 279.1
1260000 251.0
1265000 0.0
1270000 241.7
1275000 71.1
1280000 183.1
1285000 208.8
1290000 172.5
1295000 183.3
1300000 172.1
1305000 77.5
1310000 198.3
1315000 204.9
1320000 256.7
1325000 120.4
1330000 241.8
1335000 0.0
1340000 105.7
1345000 176.1
1350000 145.0
1355000 38.6
1360000 332.1
1365000 142.9
1370000 188.0
1375000 195.8
1380000 0.1
1385000 146.5
1390000 114.3
1395000 121.6
1400000 115.4
1405000 216.2
1410000 193.8
1415000 47.2
1420000 192.3
1425000 178.6
1430000 106.5
1435000 176.7
1440000 150.1
1445000 123.2
1450000 252.2
1455000 138.6
1460000 138.7
1465000 69.3
1470000 221.0
1475000 139.5
1480000 272.5
1485000 117.4
1490000 215.1
1495000 59.4
1500000 182.0
1505000 204.9
1510000 254.3
1515000 65.8
1520000 67.0
1525000 98.6
1530000 0.2
1535000 141.8
1540000 174.4
1545000 83.3
1550000 133.7
1555000 166.8
1560000 278.6
1565000 278.2
1570000 186.6
1575000 223.7
1580000 172.7
1585000 56.5
1590000 297.3
1595000 140.9
1600000 105.6
1605000 252.3
1610000 234.6
1615000 180.0
1620000 200.1
1625000 199.5
1630000 176.7
1635000 251.0
1640000 302.9
1645000 58.1
1650000 284.0
1655000 224.4
1660000 166.0
1665000 286.3
1670000 183.0
1675000 246.8
1680000 67.6
1685000 56.2
1690000 181.6
1695000 111.6
1700000 299.2
1705000 124.5
1710000 101.5
1715000 180.2
1720000 269.5
1725000 246.5
1730000 117.5
1735000 123.6
1740000 181.4
1745000 54.0
1750000 90.0
1755000 134.2
1760000 131.0
1765000 299.0
1770000 185.9
1775000 123.7
1780000 188.7
1785000 117.0
1790000 317.9
1795000 115.3
1800000 185.9
1805000 111.5
1810000 175.9
1815000 0.0
1820000 314.4
1825000 280.4
1830000 189.3
1835000 131.8
1840000 225.2
1845000 239.9
1850000 212.5
1855000 73.9
1860000 123.5
1865000 191.3
1870000 127.0
1875000 113.9
1880000 70.3
1885000 123.0
1890000 135.2
1895000 202.6
1900000 189.0
1905000 256.2
1910000 244.2
1915000 133.9
1920000 224.4
1925000 180.3
1930000 188.2
1935000 119.4
1940000 151.3
1945000 229.1
1950000 148.2
1955000 130.3
1960000 145.7
1965000 245.2
1970000 121.4
1975000 176.9
1980000 180.1
1985000 264.1
1990000 264.5
1995000 195.9
2000000 199.8
