5000 3.6
10000 1.3
15000 7.5
20000 7.4
25000 13.2
30000 0.8
35000 1.1
40000 1.2
45000 2.1
50000 1.5
55000 5.7
60000 0.6
65000 2.3
70000 0.5
75000 0.0
80000 0.7
85000 6.6
90000 0.8
95000 2.1
100000 3.0
105000 3.5
110000 20.6
115000 0.7
120000 4.4
125000 2.8
130000 9.1
135000 3.8
140000 0.6
145000 8.0
150000 0.6
155000 4.6
160000 20.8
165000 4.0
170000 0.0
175000 22.8
180000 3.5
185000 4.2
190000 12.5
195000 4.3
200000 0.6
205000 5.5
210000 5.3
215000 1.5
220000 0.4
225000 2.4
230000 2.7
235000 0.0
240000 0.4
245000 3.2
250000 0.9
255000 0.9
260000 5.4
265000 7.5
270000 2.1
275000 0.1
280000 5.5
285000 1.0
290000 3.4
295000 4.5
300000 20.2
305000 8.2
310000 0.1
315000 20.3
320000 2.2
325000 0.6
330000 17.0
335000 0.8
340000 1.8
345000 7.4
350000 4.1
355000 0.4
360000 0.1
365000 0.3
370000 0.9
375000 0.0
380000 3.6
385000 5.3
390000 24.1
395000 1.2
400000 7.8
405000 0.0
410000 1.5
415000 7.2
420000 1.7
425000 0.0
430000 2.8
435000 1.9
440000 12.9
445000 28.6
450000 20.3
455000 24.0
460000 1.5
465000 1.6
470000 12.9
475000 32.9
480000 10.6
485000 28.4
490000 2.1
495000 37.4
500000 0.0
505000 4.3
510000 9.7
515000 3.8
520000 10.9
525000 2.0
530000 0.0
535000 3.5
540000 0.5
545000 12.3
550000 0.4
555000 1.4
560000 0.6
565000 1.0
570000 6.5
575000 16.5
580000 34.9
585000 0.1
590000 0.7
595000 3.2
600000 2.0
605000 1.9
610000 2.2
615000 0.0
620000 0.6
625000 0.3
630000 0.3
635000 0.1
640000 2.0
645000 0.2
650000 0.0
655000 0.5
660000 13.8
665000 7.8
670000 5.5
675000 0.9
680000 10.9
685000 1.2
690000 0.2
695000 28.7
700000 11.1
705000 15.5
710000 14.9
715000 0.0
720000 0.0
725000 2.0
730000 25.4
735000 0.2
740000 3.4
745000 1.3
750000 0.3
755000 2.6
760000 45.2
765000 0.3
770000 12.8
775000 4.3
780000 11.5
785000 0.1
790000 6.9
795000 11.8
800000 7.2
805000 0.1
810000 0.0
815000 27.9
820000 50.5
825000 5.5
830000 46.3
835000 34.5
840000 0.1
845000 40.3
850000 22.9
855000 5.4
860000 15.6
865000 6.1
870000 2.0
875000 11.5
880000 0.3
885000 40.9
890000 0.0
895000 6.4
900000 2.9
905000 0.1
910000 3.9
915000 31.0
920000 0.1
925000 2.5
930000 0.0
935000 6.1
940000 6.8
945000 66.4
950000 9.6
955000 2.8
960000 14.4
965000 34.3
970000 34.0
975000 36.4
980000 3.5
985000 56.1
990000 0.7
995000 41.0
1000000 3.4
1005000 7.7
1010000 35.6
1015000 0.2
1020000 1.2
1025000 47.8
1030000 22.5
1035000 0.0
1040000 37.7
1045000 46.3
1050000 40.8
1055000 83.9
1060000 3.2
1065000 0.1
1070000 1.4
1075000 7.4
1080000 2.3
1085000 38.4
1090000 3.6
1095000 3.6
1100000 3.2
1105000 12.2
1110000 0.3
1115000 1.9
1120000 37.3
1125000 1.7
1130000 34.3
1135000 1.0
1140000 37.2
1145000 3.1
1150000 61.7
1155000 8.2
1160000 3.7
1165000 0.8
1170000 0.0
1175000 2.0
1180000 36.6
1185000 0.9
1190000 0.1
1195000 45.4
1200000 22.0
1205000 32.0
1210000 0.0
1215000 50.9
1220000 0.9
1225000 3.8
1230000 1.2
1235000 0.1
1240000 2.0
1245000 0.5
1250000 24.5
1255000 0.2
1260000 0.0
1265000 1.0
1270000 8.1
1275000 50.7
1280000 43.9
1285000 3.6
1290000 0.0
1295000 11.1
1300000 4.1
1305000 0.0
1310000 49.4
1315000 2.6
1320000 0.4
1325000 0.2
1330000 7.4
1335000 0.4
1340000 45.8
1345000 69.1
1350000 32.2
1355000 56.0
1360000 5.3
1365000 45.0
1370000 14.2
1375000 5.3
1380000 11.4
1385000 1.0
1390000 15.3
1395000 2.4
1400000 37.0
1405000 39.1
1410000 24.8
1415000 30.0
1420000 11.1
1425000 5.9
1430000 33.6
1435000 58.9
1440000 0.1
1445000 60.5
1450000 7.8
1455000 76.2
1460000 42.2
1465000 0.0
1470000 9.8
1475000 10.3
1480000 0.0
1485000 2.6
1490000 7.8
1495000 0.0
1500000 4.9
1505000 2.5
1510000 117.8
1515000 2.8
1520000 45.3
1525000 11.4
1530000 0.2
1535000 14.0
1540000 32.7
1545000 3.6
1550000 30.7
1555000 12.7
1560000 4.2
1565000 1.4
1570000 3.2
1575000 84.1
1580000 107.3
1585000 2.7
1590000 2.9
1595000 0.3
1600000 44.9
1605000 7.0
1610000 8.6
1615000 8.7
1620000 0.5
1625000 11.0
1630000 0.8
1635000 6.6
1640000 36.8
1645000 1.8
1650000 14.4
1655000 49.7
1660000 54.0
1665000 80.2
1670000 89.1
1675000 57.6
1680000 0.7
1685000 4.7
1690000 130.0
1695000 50.4
1700000 0.6
1705000 53.0
1710000 7.4
1715000 0.2
1720000 2.1
1725000 43.3
1730000 3.1
1735000 0.8
1740000 20.0
1745000 3.3
1750000 2.3
1755000 0.3
1760000 34.4
1765000 0.3
1770000 0.0
1775000 0.0
1780000 1.1
1785000 23.0
1790000 0.1
1795000 2.9
1800000 2.3
1805000 0.6
1810000 0.0
1815000 21.6
1820000 13.9
1825000 1.6
1830000 0.0
1835000 0.2
1840000 11.3
1845000 9.8
1850000 1.5
1855000 0.2
1860000 86.2
1865000 0.1
1870000 0.7
1875000 0.0
1880000 1.9
1885000 1.4
1890000 34.8
1895000 58.2
1900000 6.0
1905000 2.8
1910000 0.7
1915000 5.1
1920000 46.8
1925000 7.3
1930000 45.4
1935000 51.3
1940000 0.0
1945000 53.2
1950000 37.6
1955000 4.6
1960000 0.5
1965000 4.5
1970000 56.5
1975000 1.2
1980000 0.0
1985000 10.5
1990000 0.6
1995000 4.5
2000000 29.6
