5000 7.2
10000 3.9
15000 1.6
20000 15.0
25000 21.0
30000 4.3
35000 5.9
40000 42.9
45000 6.3
50000 5.6
55000 17.4
60000 4.8
65000 7.4
70000 59.6
75000 23.8
80000 16.5
85000 48.0
90000 5.7
95000 1.2
100000 0.1
105000 64.5
110000 13.7
115000 35.0
120000 0.6
125000 34.3
130000 25.0
135000 39.7
140000 1.8
145000 24.5
150000 12.1
155000 12.3
160000 39.3
165000 32.3
170000 0.4
175000 24.8
180000 5.2
185000 49.3
190000 1.0
195000 17.7
200000 70.7
205000 0.0
210000 70.8
215000 5.8
220000 26.5
225000 47.9
230000 9.1
235000 27.4
240000 38.7
245000 0.7
250000 47.6
255000 62.0
260000 22.2
265000 8.7
270000 48.4
275000 37.2
280000 71.5
285000 25.6
290000 14.2
295000 9.5
300000 49.0
305000 41.0
310000 31.5
315000 42.6
320000 47.1
325000 10.4
330000 54.1
335000 8.8
340000 85.2
345000 3.2
350000 35.9
355000 13.9
360000 14.7
365000 1.1
370000 35.8
375000 35.2
380000 69.8
385000 0.1
390000 131.8
395000 17.8
400000 50.6
405000 64.7
410000 11.1
415000 0.1
420000 69.4
425000 27.7
430000 96.9
435000 0.4
440000 4.5
445000 63.0
450000 0.0
455000 28.8
460000 77.8
465000 37.5
470000 41.9
475000 68.5
480000 22.7
485000 77.7
490000 28.9
495000 45.6
500000 19.4
505000 50.9
510000 118.9
515000 77.5
520000 53.7
525000 0.8
530000 0.6
535000 76.5
540000 52.1
545000 88.7
550000 61.5
555000 41.9
560000 96.7
565000 135.2
570000 77.8
575000 40.2
580000 34.0
585000 44.6
590000 1.0
595000 28.3
600000 26.8
605000 59.8
610000 81.1
615000 42.3
620000 1.5
625000 37.7
630000 51.2
635000 115.9
640000 0.0
645000 48.8
650000 39.4
655000 43.0
660000 90.2
665000 97.9
670000 112.6
675000 123.7
680000 54.5
685000 116.2
690000 60.6
695000 35.0
700000 76.1
705000 1.9
710000 4.3
715000 42.7
720000 125.7
725000 40.3
730000 89.2
735000 56.7
740000 104.9
745000 91.2
750000 82.0
755000 35.6
760000 2.8
765000 12.3
770000 0.5
775000 32.3
780000 89.7
785000 48.8
790000 0.7
795000 37.5
800000 96.7
805000 0.1
810000 84.4
815000 70.7
820000 2.5
825000 0.9
830000 1.4
835000 90.8
840000 0.1
845000 5.3
850000 84.7
855000 35.3
860000 22.0
865000 26.3
870000 45.6
875000 78.8
880000 27.7
885000 104.4
890000 39.9
895000 70.9
900000 27.1
905000 46.9
910000 0.0
915000 79.7
920000 105.2
925000 15.1
930000 13.6
935000 6.4
940000 123.0
945000 33.1
950000 15.6
955000 33.9
960000 56.7
965000 52.8
970000 118.2
975000 78.9
980000 46.1
985000 95.2
990000 49.5
995000 24.0
1000000 101.2
1005000 102.6
1010000 0.0
1015000 0.2
1020000 41.9
1025000 139.4
1030000 4.6
1035000 67.5
1040000 22.4
1045000 55.8
1050000 18.2
1055000 39.9
1060000 31.7
1065000 26.7
1070000 88.4
1075000 17.1
1080000 0.3
1085000 28.5
1090000 60.9
1095000 86.6
1100000 41.4
1105000 27.8
1110000 75.9
1115000 45.0
1120000 74.2
1125000 70.8
1130000 2.7
1135000 15.7
1140000 125.0
1145000 40.0
1150000 24.8
1155000 42.3
1160000 90.9
1165000 26.8
1170000 131.4
1175000 61.2
1180000 4.8
1185000 54.2
1190000 53.4
1195000 53.9
1200000 29.3
1205000 94.3
1210000 110.2
1215000 42.8
1220000 111.2
1225000 2.7
1230000 72.5
1235000 131.6
1240000 37.1
1245000 122.7
1250000 120.5
1255000 1.6
1260000 34.0
1265000 23.2
1270000 84.2
1275000 127.5
1280000 165.0
1285000 43.2
1290000 44.4
1295000 36.6
1300000 56.9
1305000 42.9
1310000 29.8
1315000 65.2
1320000 52.5
1325000 83.7
1330000 151.1
1335000 169.5
1340000 32.3
1345000 107.2
1350000 56.9
1355000 6.3
1360000 58.1
1365000 56.9
1370000 51.8
1375000 72.2
1380000 135.0
1385000 14.5
1390000 1.5
1395000 63.4
1400000 105.8
1405000 50.3
1410000 158.0
1415000 109.7
1420000 41.7
1425000 123.3
1430000 13.1
1435000 36.8
1440000 8.9
1445000 51.5
1450000 22.1
1455000 100.9
1460000 68.0
1465000 55.9
1470000 4.3
1475000 41.7
1480000 56.0
1485000 118.0
1490000 39.0
1495000 53.1
1500000 45.3
1505000 0.5
1510000 115.1
1515000 138.2
1520000 5.3
1525000 0.0
1530000 82.2
1535000 51.7
1540000 172.7
1545000 26.8
1550000 62.3
1555000 59.9
1560000 42.2
1565000 156.8
1570000 32.5
1575000 58.4
1580000 30.5
1585000 51.0
1590000 56.5
1595000 144.5
1600000 68.2
1605000 129.2
1610000 69.4
1615000 54.4
1620000 139.0
1625000 77.4
1630000 5.3
1635000 3.3
1640000 105.7
1645000 48.3
1650000 4.4
1655000 1.8
1660000 1.2
1665000 150.2
1670000 18.4
1675000 59.8
1680000 54.8
1685000 67.4
1690000 59.2
1695000 0.2
1700000 58.4
1705000 95.2
1710000 0.1
1715000 1.5
1720000 185.4
1725000 44.0
1730000 3.4
1735000 99.5
1740000 65.2
1745000 117.9
1750000 42.5
1755000 238.0
1760000 59.4
1765000 0.0
1770000 13.6
1775000 177.6
1780000 75.8
1785000 86.9
1790000 184.5
1795000 164.2
1800000 49.1
1805000 71.6
1810000 2.2
1815000 77.8
1820000 0.0
1825000 106.3
1830000 27.7
1835000 118.3
1840000 122.5
1845000 70.7
1850000 83.5
1855000 161.3
1860000 23.5
1865000 92.5
1870000 96.2
1875000 2.3
1880000 105.5
1885000 13.4
1890000 0.2
1895000 3.5
1900000 139.4
1905000 103.7
1910000 1.2
1915000 66.7
1920000 1.2
1925000 81.4
1930000 52.2
1935000 64.3
1940000 153.1
1945000 67.8
1950000 3.0
1955000 0.1
1960000 15.3
1965000 127.0
1970000 208.2
1975000 60.6
1980000 184.8
1985000 97.2
1990000 13.8
1995000 156.3
2000000 99.4
