5000 1.1
10000 0.3
15000 13.5
20000 4.2
25000 15.7
30000 64.3
35000 17.8
40000 32.8
45000 38.1
50000 85.5
55000 32.0
60000 51.4
65000 86.8
70000 60.4
75000 106.9
80000 191.5
85000 90.4
90000 41.0
95000 19.8
100000 0.7
105000 0.0
110000 0.5
115000 100.0
120000 85.0
125000 63.9
130000 114.1
135000 124.7
140000 79.6
145000 138.0
150000 8.8
155000 76.9
160000 127.7
165000 88.7
170000 134.0
175000 102.5
180000 147.4
185000 94.4
190000 101.3
195000 192.6
200000 248.2
205000 139.9
210000 279.0
215000 231.2
220000 196.7
225000 47.2
230000 82.7
235000 170.5
240000 123.8
245000 162.5
250000 63.7
255000 272.0
260000 185.8
265000 57.0
270000 99.3
275000 261.2
280000 136.9
285000 328.8
290000 199.9
295000 264.5
300000 192.6
305000 176.8
310000 201.5
315000 244.1
320000 168.8
325000 65.1
330000 189.5
335000 240.6
340000 199.4
345000 47.2
350000 282.3
355000 92.4
360000 241.3
365000 166.3
370000 323.9
375000 116.3
380000 223.2
385000 208.4
390000 150.1
395000 240.0
400000 281.8
405000 133.9
410000 57.6
415000 2.3
420000 236.4
425000 51.8
430000 405.3
435000 60.7
440000 122.6
445000 281.1
450000 240.3
455000 183.2
460000 103.9
465000 168.6
470000 162.8
475000 246.1
480000 147.2
485000 164.9
490000 166.0
495000 358.9
500000 156.3
505000 285.5
510000 289.4
515000 285.5
520000 285.1
525000 346.0
530000 50.9
535000 223.0
540000 288.2
545000 235.2
550000 212.3
555000 157.7
560000 108.3
565000 227.3
570000 137.9
575000 209.1
580000 161.8
585000 93.9
590000 180.0
595000 257.9
600000 29.6
605000 166.1
610000 344.0
615000 189.9
620000 254.4
625000 168.6
630000 130.9
635000 62.1
640000 155.1
645000 181.4
650000 160.6
655000 208.3
660000 189.8
665000 117.0
670000 131.2
675000 365.5
680000 303.2
685000 178.6
690000 310.2
695000 121.1
700000 114.0
705000 348.9
710000 134.4
715000 243.7
720000 173.1
725000 41.7
730000 224.9
735000 355.5
740000 335.8
745000 229.2
750000 186.4
755000 178.0
760000 313.9
765000 122.7
770000 354.3
775000 223.8
780000 250.4
785000 256.5
790000 116.3
795000 225.5
800000 168.2
805000 241.2
810000 238.5
815000 231.3
820000 135.9
825000 248.7
830000 59.5
835000 122.7
840000 254.7
845000 288.1
850000 88.2
855000 214.4
860000 188.6
865000 172.1
870000 103.6
875000 258.8
880000 130.9
885000 58.1
890000 122.1
895000 0.0
900000 251.8
905000 317.8
910000 199.3
915000 122.8
920000 89.7
925000 221.5
930000 250.2
935000 316.7
940000 270.4
945000 282.3
950000 200.5
955000 197.7
960000 253.5
965000 321.5
970000 181.8
975000 175.5
980000 123.3
985000 112.8
990000 0.0
995000 128.9
1000000 252.7
1005000 178.4
1010000 286.5
1015000 309.5
1020000 230.5
1025000 165.2
1030000 341.0
1035000 171.5
1040000 155.9
1045000 1.5
1050000 270.2
1055000 279.5
1060000 301.3
1065000 122.8
1070000 119.8
1075000 313.9
1080000 178.0
1085000 333.1
1090000 295.3
1095000 302.3
1100000 80.0
1105000 174.3
1110000 250.3
1115000 251.1
1120000 220.7
1125000 228.6
1130000 208.5
1135000 197.8
1140000 200.1
1145000 178.5
1150000 139.4
1155000 291.8
1160000 283.2
1165000 311.6
1170000 0.0
1175000 321.8
1180000 105.0
1185000 64.2
1190000 276.2
1195000 246.3
1200000 225.6
1205000 202.4
1210000 154.0
1215000 67.3
1220000 177.5
1225000 254.5
1230000 335.2
1235000 66.1
1240000 267.9
1245000 284.6
1250000 119.2
1255000 62.2
1260000 353.9
1265000 202.2
1270000 303.1
1275000 216.1
1280000 77.1
1285000 280.6
1290000 205.3
1295000 278.0
1300000 276.7
1305000 285.0
1310000 294.5
1315000 251.6
1320000 457.7
1325000 48.7
1330000 108.0
1335000 35.5
1340000 67.8
1345000 103.8
1350000 113.6
1355000 195.1
1360000 346.6
1365000 331.9
1370000 203.9
1375000 155.0
1380000 205.6
1385000 325.0
1390000 183.3
1395000 134.0
1400000 77.6
1405000 189.1
1410000 283.6
1415000 147.6
1420000 104.1
1425000 169.7
1430000 0.0
1435000 250.4
1440000 184.5
1445000 56.5
1450000 260.1
1455000 308.6
1460000 79.8
1465000 77.8
1470000 383.8
1475000 176.0
1480000 70.2
1485000 259.7
1490000 196.9
1495000 253.8
1500000 212.6
1505000 157.5
1510000 416.9
1515000 142.2
1520000 142.5
1525000 164.6
1530000 190.2
1535000 127.6
1540000 240.8
1545000 197.1
1550000 315.2
1555000 243.0
1560000 122.1
1565000 143.7
1570000 250.4
1575000 185.4
1580000 0.1
1585000 150.1
1590000 199.4
1595000 49.6
1600000 234.1
1605000 268.5
1610000 140.7
1615000 210.4
1620000 116.1
1625000 202.8
1630000 366.7
1635000 227.9
1640000 351.6
1645000 218.3
1650000 60.4
1655000 328.5
1660000 357.5
1665000 284.1
1670000 136.6
1675000 213.6
1680000 255.6
1685000 342.1
1690000 277.1
1695000 327.5
1700000 412.4
1705000 121.9
1710000 212.3
1715000 331.3
1720000 256.6
1725000 251.4
1730000 297.0
1735000 342.9
1740000 239.7
1745000 347.5
1750000 153.8
1755000 118.5
1760000 347.9
1765000 314.8
1770000 464.1
1775000 66.9
1780000 383.3
1785000 166.9
1790000 233.3
1795000 76.4
1800000 169.1
1805000 190.8
1810000 487.9
1815000 154.0
1820000 216.5
1825000 365.0
1830000 193.8
1835000 324.3
1840000 279.6
1845000 63.4
1850000 223.4
1855000 507.0
1860000 207.7
1865000 330.1
1870000 279.0
1875000 212.6
1880000 290.2
1885000 195.7
1890000 236.5
1895000 53.3
1900000 220.3
1905000 290.7
1910000 120.9
1915000 138.9
1920000 60.6
1925000 246.6
1930000 150.2
1935000 211.3
1940000 66.9
1945000 339.7
1950000 237.2
1955000 257.3
1960000 301.0
1965000 177.5
1970000 308.3
1975000 175.0
1980000 387.2
1985000 142.2
1990000 143.2
1995000 337.8
2000000 247.5
