5000 13.7
10000 11.1
15000 0.9
20000 8.9
25000 14.9
30000 3.6
35000 6.6
40000 10.6
45000 15.5
50000 22.5
55000 8.8
60000 26.8
65000 13.9
70000 10.5
75000 0.8
80000 2.6
85000 23.9
90000 5.3
95000 0.9
100000 6.4
105000 1.2
110000 0.1
115000 9.2
120000 0.0
125000 16.2
130000 16.3
135000 12.0
140000 26.0
145000 0.3
150000 0.1
155000 0.0
160000 3.9
165000 36.0
170000 10.2
175000 4.2
180000 5.4
185000 0.5
190000 6.2
195000 2.9
200000 1.1
205000 7.5
210000 12.6
215000 2.4
220000 4.8
225000 5.9
230000 10.9
235000 1.6
240000 0.5
245000 0.4
250000 2.3
255000 27.9
260000 25.9
265000 74.8
270000 74.0
275000 20.9
280000 5.4
285000 3.6
290000 0.5
295000 3.2
300000 0.3
305000 0.0
310000 2.3
315000 2.0
320000 4.2
325000 4.3
330000 7.6
335000 0.0
340000 2.4
345000 4.7
350000 1.0
355000 1.9
360000 5.0
365000 3.2
370000 2.3
375000 2.4
380000 4.2
385000 0.4
390000 0.1
395000 0.1
400000 0.0
405000 5.9
410000 0.9
415000 3.3
420000 15.4
425000 0.5
430000 1.9
435000 0.1
440000 0.0
445000 0.2
450000 1.6
455000 0.5
460000 4.7
465000 0.4
470000 5.6
475000 4.1
480000 0.1
485000 1.0
490000 32.3
495000 3.3
500000 0.0
505000 0.7
510000 0.1
515000 0.4
520000 3.5
525000 0.3
530000 2.0
535000 7.8
540000 4.6
545000 2.5
550000 0.1
555000 9.7
560000 5.7
565000 3.7
570000 0.3
575000 0.3
580000 8.1
585000 14.5
590000 0.6
595000 4.4
600000 1.2
605000 0.0
610000 10.9
615000 53.3
620000 3.8
625000 21.0
630000 0.1
635000 2.8
640000 0.4
645000 0.9
650000 11.7
655000 0.2
660000 53.5
665000 11.9
670000 51.7
675000 11.5
680000 0.1
685000 1.1
690000 31.9
695000 0.1
700000 12.7
705000 1.1
710000 0.2
715000 0.3
720000 0.2
725000 0.1
730000 40.8
735000 0.1
740000 1.7
745000 0.0
750000 13.4
755000 8.0
760000 1.7
765000 0.1
770000 1.7
775000 57.4
780000 4.2
785000 3.1
790000 0.0
795000 0.6
800000 107.7
805000 60.0
810000 2.2
815000 1.1
820000 0.9
825000 0.1
830000 3.9
835000 0.4
840000 3.8
845000 0.9
850000 4.1
855000 1.8
860000 2.1
865000 9.9
870000 4.8
875000 0.6
880000 5.8
885000 40.6
890000 0.7
895000 1.4
900000 5.2
905000 0.7
910000 2.7
915000 0.5
920000 1.5
925000 3.8
930000 0.1
935000 2.8
940000 6.5
945000 5.7
950000 7.6
955000 69.5
960000 1.9
965000 0.0
970000 105.1
975000 3.5
980000 1.2
985000 2.3
990000 0.2
995000 4.5
1000000 2.3
1005000 60.6
1010000 6.8
1015000 0.5
1020000 0.7
1025000 0.6
1030000 51.8
1035000 58.8
1040000 0.1
1045000 2.4
1050000 7.1
1055000 54.8
1060000 0.4
1065000 61.4
1070000 4.1
1075000 53.9
1080000 0.4
1085000 0.1
1090000 2.4
1095000 1.8
1100000 0.2
1105000 2.3
1110000 0.3
1115000 4.9
1120000 2.9
1125000 3.7
1130000 53.0
1135000 0.1
1140000 14.5
1145000 0.6
1150000 54.9
1155000 2.1
1160000 0.2
1165000 0.1
1170000 51.1
1175000 9.9
1180000 8.0
1185000 3.2
1190000 1.2
1195000 0.5
1200000 0.6
1205000 1.7
1210000 0.9
1215000 20.7
1220000 7.3
1225000 63.7
1230000 1.3
1235000 0.0
1240000 9.8
1245000 151.5
1250000 50.0
1255000 54.1
1260000 1.2
1265000 2.7
1270000 0.2
1275000 52.5
1280000 3.5
1285000 0.6
1290000 58.3
1295000 3.4
1300000 0.6
1305000 0.2
1310000 120.4
1315000 0.9
1320000 0.2
1325000 6.0
1330000 0.0
1335000 0.2
1340000 0.1
1345000 56.7
1350000 0.3
1355000 6.7
1360000 45.8
1365000 7.6
1370000 0.1
1375000 16.3
1380000 52.3
1385000 47.0
1390000 117.0
1395000 61.1
1400000 4.2
1405000 0.2
1410000 19.0
1415000 0.5
1420000 50.8
1425000 26.0
1430000 2.2
1435000 0.0
1440000 3.6
1445000 0.0
1450000 0.0
1455000 0.9
1460000 0.2
1465000 0.1
1470000 52.1
1475000 18.1
1480000 0.0
1485000 4.0
1490000 4.7
1495000 56.4
1500000 0.6
1505000 35.7
1510000 0.7
1515000 0.4
1520000 2.0
1525000 0.7
1530000 1.8
1535000 1.5
1540000 117.5
1545000 0.0
1550000 62.6
1555000 115.6
1560000 0.3
1565000 2.1
1570000 1.2
1575000 0.2
1580000 62.0
1585000 0.2
1590000 58.7
1595000 60.5
1600000 59.6
1605000 2.4
1610000 0.0
1615000 2.7
1620000 59.5
1625000 0.1
1630000 0.1
1635000 11.1
1640000 7.9
1645000 3.7
1650000 3.0
1655000 18.1
1660000 0.6
1665000 117.0
1670000 60.8
1675000 9.8
1680000 3.8
1685000 1.3
1690000 0.6
1695000 6.9
1700000 0.3
1705000 0.3
1710000 1.1
1715000 0.1
1720000 1.4
1725000 59.3
1730000 21.5
1735000 3.5
1740000 58.2
1745000 0.9
1750000 49.3
1755000 5.6
1760000 4.1
1765000 0.1
1770000 4.0
1775000 3.9
1780000 5.6
1785000 12.4
1790000 2.8
1795000 23.5
1800000 65.6
1805000 2.1
1810000 0.1
1815000 0.0
1820000 0.1
1825000 0.0
1830000 0.0
1835000 14.0
1840000 5.6
1845000 58.6
1850000 9.8
1855000 0.1
1860000 1.9
1865000 2.5
1870000 0.2
1875000 2.0
1880000 0.1
1885000 1.3
1890000 2.0
1895000 6.2
1900000 0.0
1905000 0.2
1910000 40.6
1915000 0.0
1920000 3.0
1925000 37.4
1930000 0.0
1935000 59.1
1940000 7.0
1945000 2.1
1950000 0.1
1955000 16.7
1960000 3.5
1965000 1.9
1970000 3.3
1975000 3.5
1980000 0.0
1985000 2.2
1990000 6.8
1995000 0.5
2000000 0.0
