5000 5.4
10000 3.1
15000 34.2
20000 29.8
25000 27.0
30000 16.5
35000 15.5
40000 52.9
45000 0.6
50000 18.5
55000 28.5
60000 14.2
65000 39.3
70000 41.6
75000 39.1
80000 0.5
85000 14.0
90000 1.5
95000 39.6
100000 39.7
105000 35.7
110000 27.1
115000 41.0
120000 94.5
125000 49.2
130000 72.4
135000 39.2
140000 26.2
145000 0.5
150000 1.1
155000 2.2
160000 85.2
165000 95.4
170000 41.2
175000 51.8
180000 33.2
185000 45.5
190000 95.8
195000 26.9
200000 88.7
205000 80.9
210000 62.3
215000 36.6
220000 64.0
225000 5.1
230000 94.1
235000 44.1
240000 72.8
245000 0.0
250000 126.5
255000 0.1
260000 52.6
265000 123.2
270000 51.1
275000 39.0
280000 70.4
285000 5.3
290000 3.0
295000 3.9
300000 82.3
305000 0.1
310000 74.9
315000 41.9
320000 84.9
325000 154.4
330000 36.8
335000 145.4
340000 141.2
345000 5.0
350000 46.7
355000 124.6
360000 87.7
365000 55.3
370000 76.6
375000 126.0
380000 39.7
385000 41.2
390000 88.1
395000 55.5
400000 106.6
405000 107.0
410000 106.7
415000 44.9
420000 11.8
425000 96.1
430000 102.6
435000 181.5
440000 102.1
445000 103.5
450000 100.4
455000 167.7
460000 62.8
465000 9.7
470000 255.3
475000 99.1
480000 51.9
485000 113.7
490000 0.0
495000 129.9
500000 208.2
505000 120.3
510000 211.8
515000 2.2
520000 41.5
525000 124.0
530000 94.0
535000 51.6
540000 53.3
545000 0.4
550000 48.1
555000 98.0
560000 5.3
565000 144.4
570000 0.1
575000 97.2
580000 0.0
585000 54.6
590000 42.8
595000 103.4
600000 147.1
605000 57.8
610000 0.0
615000 93.5
620000 121.5
625000 46.0
630000 92.2
635000 114.9
640000 11.7
645000 0.8
650000 103.6
655000 0.5
660000 58.9
665000 45.0
670000 70.7
675000 89.8
680000 0.1
685000 118.4
690000 237.6
695000 113.3
700000 150.1
705000 105.0
710000 97.6
715000 6.5
720000 98.9
725000 1.2
730000 47.7
735000 113.6
740000 0.0
745000 52.7
750000 42.6
755000 0.6
760000 164.9
765000 149.5
770000 100.1
775000 60.6
780000 65.2
785000 53.3
790000 112.8
795000 0.0
800000 112.3
805000 97.9
810000 42.9
815000 1.3
820000 115.0
825000 107.8
830000 63.9
835000 40.3
840000 55.3
845000 53.2
850000 44.0
855000 118.1
860000 110.8
865000 205.7
870000 0.0
875000 125.9
880000 1.9
885000 50.6
890000 0.2
895000 0.9
900000 61.0
905000 261.0
910000 0.3
915000 111.5
920000 61.1
925000 45.8
930000 42.6
935000 162.1
940000 53.2
945000 0.1
950000 167.4
955000 55.4
960000 122.3
965000 167.2
970000 110.4
975000 151.6
980000 0.2
985000 3.0
990000 109.4
995000 58.4
1000000 63.7
1005000 114.1
1010000 39.8
1015000 52.9
1020000 55.1
1025000 0.0
1030000 55.8
1035000 1.0
1040000 0.2
1045000 107.5
1050000 156.1
1055000 54.5
1060000 120.5
1065000 110.7
1070000 189.0
1075000 156.4
1080000 265.3
1085000 70.7
1090000 211.1
1095000 109.9
1100000 103.2
1105000 1.2
1110000 44.6
1115000 48.6
1120000 107.7
1125000 112.1
1130000 50.6
1135000 63.6
1140000 38.5
1145000 50.9
1150000 101.0
1155000 57.2
1160000 51.9
1165000 172.5
1170000 58.0
1175000 216.0
1180000 84.4
1185000 10.7
1190000 111.2
1195000 56.9
1200000 54.3
1205000 132.9
1210000 182.9
1215000 1.9
1220000 171.2
1225000 256.1
1230000 149.4
1235000 65.0
1240000 0.1
1245000 4.2
1250000 0.2
1255000 197.8
1260000 187.3
1265000 170.8
1270000 66.6
1275000 181.6
1280000 59.7
1285000 223.7
1290000 169.8
1295000 2.4
1300000 2.2
1305000 0.0
1310000 73.0
1315000 189.4
1320000 75.0
1325000 122.3
1330000 124.5
1335000 187.2
1340000 44.9
1345000 0.9
1350000 162.6
1355000 58.4
1360000 83.8
1365000 68.5
1370000 198.7
1375000 57.6
1380000 126.4
1385000 2.1
1390000 136.3
1395000 72.9
1400000 187.9
1405000 130.5
1410000 64.9
1415000 41.1
1420000 63.0
1425000 123.2
1430000 0.2
1435000 53.9
1440000 64.5
1445000 0.0
1450000 112.2
1455000 135.7
1460000 112.7
1465000 52.0
1470000 112.9
1475000 42.7
1480000 64.6
1485000 78.7
1490000 0.0
1495000 207.0
1500000 150.7
1505000 74.1
1510000 58.1
1515000 53.5
1520000 0.1
1525000 64.2
1530000 28.3
1535000 111.1
1540000 131.1
1545000 201.3
1550000 181.0
1555000 200.3
1560000 144.7
1565000 3.4
1570000 88.2
1575000 107.2
1580000 69.4
1585000 271.8
1590000 72.0
1595000 2.9
1600000 8.8
1605000 54.4
1610000 142.1
1615000 1.5
1620000 61.2
1625000 2.9
1630000 226.3
1635000 1.5
1640000 72.9
1645000 106.8
1650000 173.7
1655000 194.8
1660000 123.9
1665000 0.0
1670000 105.9
1675000 61.3
1680000 107.4
1685000 3.0
1690000 0.0
1695000 116.1
1700000 192.4
1705000 196.6
1710000 68.4
1715000 1.5
1720000 34.0
1725000 165.2
1730000 93.6
1735000 83.4
1740000 96.0
1745000 64.1
1750000 61.4
1755000 122.2
1760000 124.3
1765000 238.2
1770000 82.5
1775000 5.2
1780000 41.2
1785000 4.9
1790000 0.0
1795000 61.4
1800000 1.3
1805000 116.2
1810000 0.2
1815000 59.6
1820000 47.4
1825000 113.0
1830000 60.6
1835000 70.3
1840000 0.4
1845000 5.0
1850000 59.3
1855000 1.7
1860000 58.7
1865000 3.9
1870000 2.1
1875000 174.7
1880000 63.9
1885000 82.0
1890000 121.5
1895000 76.2
1900000 89.7
1905000 239.0
1910000 78.1
1915000 9.2
1920000 1.1
1925000 0.1
1930000 63.2
1935000 0.0
1940000 252.6
1945000 178.0
1950000 52.8
1955000 157.3
1960000 180.7
1965000 78.9
1970000 0.2
1975000 0.5
1980000 119.9
1985000 56.1
1990000 67.4
1995000 161.4
2000000 48.5
