10000 0.0
20000 0.0
30000 0.0
40000 0.0
50000 0.0
60000 0.0
70000 0.0
80000 0.0
90000 0.0
100000 0.0
110000 0.0
120000 4.1
130000 4.0
140000 16.7
150000 4.6
160000 24.9
170000 12.4
180000 15.8
190000 32.7
200000 32.0
210000 30.2
220000 26.4
230000 40.2
240000 58.6
250000 405.2
260000 97.5
270000 252.4
280000 149.4
290000 663.1
300000 754.3
310000 798.6
320000 783.8
330000 608.8
340000 720.5
350000 800.8
360000 800.7
370000 660.6
380000 653.9
390000 313.8
400000 779.6
410000 326.0
420000 517.2
430000 427.7
440000 800.0
450000 350.2
460000 668.3
470000 795.7
480000 789.5
490000 793.2
500000 740.3
510000 805.9
520000 804.3
530000 800.2
540000 797.2
550000 803.9
560000 789.9
570000 764.5
580000 806.4
590000 811.7
600000 805.0
610000 811.1
620000 797.7
630000 797.9
640000 782.0
650000 784.6
660000 772.0
670000 794.0
680000 757.5
690000 811.5
700000 805.1
710000 816.0
720000 816.0
730000 833.8
740000 782.8
750000 722.3
760000 315.3
770000 816.7
780000 472.8
790000 813.0
800000 807.2
810000 817.5
820000 797.9
830000 814.9
840000 786.3
850000 818.8
860000 788.7
870000 805.9
880000 800.3
890000 789.2
900000 812.5
910000 702.8
920000 801.4
930000 829.8
940000 820.1
950000 808.0
960000 821.0
970000 737.4
980000 792.6
990000 751.6
1000000 784.6
1010000 825.3
1020000 812.1
1030000 830.4
1040000 816.7
1050000 806.6
1060000 810.7
1070000 770.3
1080000 794.8
1090000 776.0
1100000 757.3
1110000 799.1
1120000 801.6
1130000 819.3
1140000 800.9
1150000 809.9
1160000 815.7
1170000 818.8
1180000 811.2
1190000 817.9
1200000 799.0
1210000 816.9
1220000 811.5
1230000 819.7
1240000 759.3
1250000 811.7
1260000 818.4
1270000 816.5
1280000 824.2
1290000 795.4
1300000 800.1
1310000 817.5
1320000 809.0
1330000 812.1
1340000 793.0
1350000 808.0
1360000 608.4
1370000 715.3
1380000 723.0
1390000 768.8
1400000 798.4
1410000 712.0
1420000 781.3
1430000 802.9
1440000 386.7
1450000 755.1
1460000 821.2
1470000 784.4
1480000 802.7
1490000 809.6
1500000 804.4
1510000 823.1
1520000 818.8
1530000 814.5
1540000 805.0
1550000 719.7
1560000 826.8
1570000 828.7
1580000 832.7
1590000 793.6
1600000 822.8
1610000 788.0
1620000 826.6
1630000 810.3
1640000 802.3
1650000 813.7
1660000 778.8
1670000 819.2
1680000 667.0
1690000 796.2
1700000 800.2
1710000 810.9
1720000 789.1
1730000 729.6
1740000 821.7
1750000 829.4
1760000 818.1
1770000 818.7
1780000 820.6
1790000 763.4
1800000 780.0
1810000 820.3
1820000 739.2
1830000 816.2
1840000 787.0
1850000 807.3
1860000 821.1
1870000 810.8
1880000 797.6
1890000 792.4
1900000 771.9
1910000 806.4
1920000 816.0
1930000 820.3
1940000 698.4
1950000 726.7
1960000 803.3
1970000 738.8
1980000 817.7
1990000 830.2
2000000 790.4
