5000 0.0
10000 0.0
15000 0.0
20000 0.0
25000 1.1
30000 0.5
35000 0.6
40000 0.1
45000 0.8
50000 0.0
55000 0.0
60000 0.0
65000 0.4
70000 0.0
75000 0.0
80000 0.0
85000 0.2
90000 0.0
95000 0.0
100000 0.0
105000 0.0
110000 0.0
115000 0.0
120000 0.0
125000 0.2
130000 0.0
135000 0.4
140000 0.0
145000 0.1
150000 0.4
155000 0.0
160000 0.0
165000 0.1
170000 0.0
175000 0.0
180000 0.0
185000 0.2
190000 0.0
195000 0.0
200000 0.0
205000 0.0
210000 0.3
215000 0.0
220000 0.0
225000 0.0
230000 0.0
235000 0.0
240000 0.0
245000 0.0
250000 0.0
255000 0.4
260000 0.7
265000 0.0
270000 0.0
275000 0.0
280000 0.2
285000 0.0
290000 0.0
295000 0.0
300000 0.0
305000 0.0
310000 0.0
315000 0.2
320000 0.5
325000 0.0
330000 0.0
335000 0.0
340000 0.0
345000 0.0
350000 0.0
355000 0.0
360000 0.0
365000 0.0
370000 0.1
375000 0.1
380000 0.8
385000 0.0
390000 0.0
395000 0.0
400000 0.0
405000 0.4
410000 0.0
415000 0.0
420000 0.0
425000 0.0
430000 0.0
435000 0.0
440000 0.2
445000 0.0
450000 0.0
455000 0.0
460000 0.0
465000 0.0
470000 0.0
475000 0.0
480000 0.0
485000 0.0
490000 0.0
495000 0.0
500000 0.0
505000 0.0
510000 0.0
515000 0.0
520000 0.0
525000 0.0
530000 0.0
535000 0.0
540000 0.0
545000 0.0
550000 0.0
555000 0.0
560000 0.0
565000 0.0
570000 0.0
575000 0.0
580000 0.3
585000 0.0
590000 0.0
595000 0.1
600000 0.2
605000 0.0
610000 0.0
615000 0.0
620000 0.0
625000 0.0
630000 0.0
635000 0.5
640000 0.0
645000 0.0
650000 0.0
655000 0.1
660000 0.1
665000 0.1
670000 1.0
675000 0.0
680000 0.1
685000 1.3
690000 0.0
695000 0.0
700000 1.1
705000 0.0
710000 0.0
715000 0.0
720000 0.9
725000 0.0
730000 0.0
735000 0.0
740000 0.0
745000 0.0
750000 0.0
755000 0.0
760000 0.0
765000 0.0
770000 0.0
775000 0.0
780000 0.0
785000 0.0
790000 0.0
795000 0.0
800000 0.0
805000 0.3
810000 0.0
815000 0.1
820000 0.0
825000 0.2
830000 0.0
835000 0.0
840000 0.0
845000 0.0
850000 0.0
855000 0.0
860000 0.1
865000 0.8
870000 0.0
875000 0.1
880000 0.0
885000 0.0
890000 0.0
895000 0.0
900000 0.0
905000 0.0
910000 0.0
915000 0.0
920000 0.0
925000 0.0
930000 0.0
935000 0.0
940000 0.4
945000 0.0
950000 0.0
955000 0.0
960000 0.0
965000 0.0
970000 0.0
975000 0.0
980000 0.0
985000 0.0
990000 0.0
995000 0.0
1000000 0.0
1005000 0.0
1010000 0.0
1015000 0.0
1020000 0.0
1025000 0.0
1030000 0.5
1035000 0.0
1040000 0.0
1045000 0.4
1050000 0.6
1055000 0.4
1060000 2.1
1065000 0.8
1070000 0.0
1075000 0.3
1080000 0.9
1085000 0.7
1090000 0.4
1095000 1.0
1100000 0.5
1105000 1.3
1110000 0.0
1115000 0.0
1120000 0.0
1125000 1.2
1130000 0.5
1135000 0.0
1140000 0.0
1145000 0.0
1150000 0.1
1155000 0.2
1160000 0.0
1165000 0.3
1170000 0.0
1175000 0.1
1180000 0.5
1185000 0.0
1190000 0.0
1195000 0.0
1200000 0.0
1205000 0.0
1210000 0.3
1215000 0.0
1220000 0.0
1225000 0.0
1230000 0.0
1235000 0.0
1240000 0.0
1245000 0.0
1250000 0.0
1255000 0.1
1260000 0.0
1265000 0.0
1270000 0.0
1275000 0.0
1280000 0.0
1285000 0.0
1290000 0.0
1295000 0.0
1300000 0.0
1305000 0.0
1310000 0.0
1315000 0.0
1320000 0.0
1325000 0.0
1330000 0.0
1335000 0.0
1340000 0.0
1345000 0.0
1350000 0.3
1355000 0.0
1360000 0.0
1365000 0.3
1370000 0.0
1375000 0.0
1380000 0.4
1385000 0.4
1390000 0.0
1395000 0.0
1400000 0.0
1405000 0.0
1410000 0.0
1415000 0.0
1420000 0.3
1425000 0.0
1430000 0.0
1435000 0.0
1440000 0.0
1445000 0.0
1450000 0.0
1455000 0.0
1460000 0.0
1465000 0.0
1470000 0.0
1475000 0.0
1480000 0.0
1485000 0.0
1490000 0.0
1495000 0.0
1500000 0.0
1505000 0.0
1510000 0.1
1515000 0.0
1520000 0.0
1525000 0.0
1530000 0.0
1535000 0.0
1540000 0.0
1545000 0.0
1550000 0.0
1555000 0.0
1560000 0.0
1565000 0.0
1570000 0.0
1575000 0.0
1580000 0.0
1585000 0.0
1590000 0.0
1595000 0.0
1600000 0.0
1605000 0.0
1610000 0.0
1615000 0.0
1620000 0.0
1625000 0.0
1630000 0.0
1635000 0.0
1640000 0.0
1645000 0.0
1650000 0.0
1655000 0.0
1660000 0.0
1665000 0.0
1670000 0.0
1675000 0.0
1680000 0.0
1685000 0.0
1690000 0.0
1695000 0.0
1700000 0.0
1705000 0.0
1710000 0.0
1715000 0.0
1720000 0.0
1725000 0.0
1730000 0.0
1735000 0.0
1740000 0.0
1745000 0.0
1750000 0.0
1755000 0.0
1760000 0.0
1765000 0.0
1770000 0.0
1775000 0.0
1780000 0.0
1785000 0.0
1790000 0.0
1795000 0.0
1800000 0.0
1805000 0.0
1810000 0.0
1815000 0.0
1820000 0.0
1825000 0.0
1830000 0.0
1835000 0.0
1840000 0.0
1845000 0.0
1850000 0.0
1855000 0.0
1860000 0.0
1865000 0.0
1870000 0.0
1875000 0.0
1880000 0.0
1885000 0.0
1890000 0.0
1895000 0.1
1900000 0.0
1905000 0.0
1910000 0.0
1915000 0.0
1920000 0.0
1925000 0.0
1930000 0.0
1935000 0.0
1940000 0.0
1945000 0.0
1950000 0.0
1955000 0.0
1960000 0.0
1965000 0.0
1970000 0.0
1975000 0.0
1980000 0.0
1985000 0.0
1990000 0.0
1995000 0.0
2000000 0.0
