5000 0.0
10000 0.0
15000 0.0
20000 0.2
25000 0.0
30000 0.0
35000 25.8
40000 69.0
45000 124.2
50000 126.7
55000 134.0
60000 193.4
65000 209.2
70000 206.3
75000 196.8
80000 223.6
85000 200.7
90000 210.1
95000 227.4
100000 228.0
105000 228.1
110000 232.0
115000 226.0
120000 237.3
125000 215.9
130000 242.4
135000 239.9
140000 220.3
145000 245.6
150000 215.1
155000 247.4
160000 250.4
165000 256.3
170000 261.0
175000 255.9
180000 11.7
185000 256.3
190000 256.7
195000 229.3
200000 264.7
205000 179.4
210000 163.3
215000 282.6
220000 280.3
225000 282.7
230000 257.1
235000 253.9
240000 282.4
245000 257.1
250000 286.5
255000 277.0
260000 289.8
265000 290.2
270000 295.4
275000 292.9
280000 293.2
285000 295.2
290000 297.2
295000 299.1
300000 307.6
305000 286.1
310000 9.5
315000 305.2
320000 304.0
325000 309.4
330000 310.2
335000 278.9
340000 311.9
345000 310.5
350000 310.2
355000 310.9
360000 319.2
365000 321.8
370000 313.4
375000 320.0
380000 322.5
385000 321.3
390000 328.0
395000 320.9
400000 329.7
405000 323.7
410000 322.3
415000 323.1
420000 328.6
425000 324.7
430000 329.2
435000 324.2
440000 327.5
445000 327.9
450000 322.1
455000 333.3
460000 324.5
465000 331.1
470000 329.4
475000 325.8
480000 323.8
485000 326.7
490000 331.1
495000 330.3
500000 330.6
505000 325.4
510000 299.1
515000 292.8
520000 328.4
525000 325.4
530000 329.9
535000 331.6
540000 332.6
545000 329.5
550000 333.2
555000 326.7
560000 333.6
565000 328.0
570000 333.8
575000 328.9
580000 293.3
585000 328.5
590000 333.5
595000 325.1
600000 310.6
605000 330.1
610000 332.8
615000 330.6
620000 327.3
625000 330.8
630000 292.9
635000 331.0
640000 327.7
645000 330.5
650000 331.7
655000 334.5
660000 333.7
665000 298.6
670000 338.2
675000 329.4
680000 331.8
685000 332.8
690000 330.0
695000 336.1
700000 332.9
705000 330.7
710000 335.0
715000 332.7
720000 336.0
725000 336.9
730000 333.8
735000 297.1
740000 336.9
745000 336.1
750000 335.1
755000 293.5
760000 338.7
765000 300.7
770000 330.9
775000 337.7
780000 332.4
785000 332.8
790000 336.3
795000 333.9
800000 336.6
805000 323.9
810000 302.6
815000 337.8
820000 335.0
825000 332.7
830000 199.9
835000 334.9
840000 334.3
845000 301.5
850000 335.5
855000 337.7
860000 339.5
865000 338.5
870000 316.2
875000 335.7
880000 335.0
885000 337.5
890000 337.9
895000 337.4
900000 338.0
905000 332.9
910000 341.6
915000 339.5
920000 335.2
925000 335.2
930000 343.6
935000 340.6
940000 337.2
945000 339.9
950000 339.9
955000 339.9
960000 337.4
965000 342.3
970000 341.3
975000 338.8
980000 337.9
985000 341.3
990000 337.8
995000 339.0
1000000 338.3
1005000 334.5
1010000 342.5
1015000 337.6
1020000 339.7
1025000 341.9
1030000 304.6
1035000 336.0
1040000 339.1
1045000 339.6
1050000 342.0
1055000 340.4
1060000 340.6
1065000 339.4
1070000 339.4
1075000 339.7
1080000 341.2
1085000 338.5
1090000 337.3
1095000 337.3
1100000 340.8
1105000 344.4
1110000 341.3
1115000 340.3
1120000 338.5
1125000 339.3
1130000 338.8
1135000 339.8
1140000 339.7
1145000 338.4
1150000 339.1
1155000 339.2
1160000 341.1
1165000 340.9
1170000 339.5
1175000 339.9
1180000 340.9
1185000 340.6
1190000 338.6
1195000 336.4
1200000 339.7
1205000 341.7
1210000 342.1
1215000 340.5
1220000 342.6
1225000 341.7
1230000 339.0
1235000 307.4
1240000 340.6
1245000 306.7
1250000 340.4
1255000 340.2
1260000 338.6
1265000 343.0
1270000 343.0
1275000 337.1
1280000 338.1
1285000 338.6
1290000 343.7
1295000 343.2
1300000 10.5
1305000 339.4
1310000 342.6
1315000 341.8
1320000 342.7
1325000 343.9
1330000 339.8
1335000 339.7
1340000 340.1
1345000 343.4
1350000 343.1
1355000 340.0
1360000 341.3
1365000 345.0
1370000 343.5
1375000 339.1
1380000 340.6
1385000 340.4
1390000 342.1
1395000 344.5
1400000 346.1
1405000 343.1
1410000 335.8
1415000 344.2
1420000 308.5
1425000 339.9
1430000 340.4
1435000 240.5
1440000 310.6
1445000 339.8
1450000 344.5
1455000 340.0
1460000 343.1
1465000 338.7
1470000 339.8
1475000 344.5
1480000 344.7
1485000 344.2
1490000 344.1
1495000 343.1
1500000 343.6
1505000 346.1
1510000 346.3
1515000 339.3
1520000 345.9
1525000 339.2
1530000 306.5
1535000 310.7
1540000 345.2
1545000 309.0
1550000 308.9
1555000 275.0
1560000 310.0
1565000 344.4
1570000 309.3
1575000 344.1
1580000 341.9
1585000 342.6
1590000 344.6
1595000 345.5
1600000 339.5
1605000 340.0
1610000 338.6
1615000 342.7
1620000 336.8
1625000 304.7
1630000 349.8
1635000 344.5
1640000 340.9
1645000 343.1
1650000 339.2
1655000 335.1
1660000 336.8
1665000 339.5
1670000 338.2
1675000 345.6
1680000 341.9
1685000 342.6
1690000 346.1
1695000 348.9
1700000 346.0
1705000 346.5
1710000 348.7
1715000 342.8
1720000 334.2
1725000 346.1
1730000 100.6
1735000 304.7
1740000 343.2
1745000 345.6
1750000 345.5
1755000 343.2
1760000 343.9
1765000 336.9
1770000 241.9
1775000 330.8
1780000 0.0
1785000 43.0
1790000 119.5
1795000 120.1
1800000 67.8
1805000 245.9
1810000 263.5
1815000 263.2
1820000 231.0
1825000 200.9
1830000 309.9
1835000 320.0
1840000 327.2
1845000 336.5
1850000 337.9
1855000 334.0
1860000 338.5
1865000 336.5
1870000 336.0
1875000 297.8
1880000 342.3
1885000 305.3
1890000 342.2
1895000 342.3
1900000 343.6
1905000 345.4
1910000 336.8
1915000 340.7
1920000 294.6
1925000 276.4
1930000 299.9
1935000 339.6
1940000 333.4
1945000 309.6
1950000 306.1
1955000 345.6
1960000 297.0
1965000 348.1
1970000 306.6
1975000 312.4
1980000 343.1
1985000 341.9
1990000 343.6
1995000 342.2
2000000 309.2
