5000 0.0
10000 0.0
15000 0.8
20000 0.1
25000 0.0
30000 0.0
35000 0.0
40000 0.0
45000 0.0
50000 0.0
55000 0.8
60000 4.9
65000 0.0
70000 0.5
75000 0.2
80000 15.9
85000 15.5
90000 10.0
95000 16.5
100000 5.4
105000 17.9
110000 22.3
115000 0.4
120000 39.6
125000 4.7
130000 4.4
135000 1.1
140000 0.3
145000 0.0
150000 0.1
155000 1.4
160000 0.7
165000 0.0
170000 7.7
175000 3.2
180000 5.2
185000 16.0
190000 5.7
195000 62.5
200000 66.5
205000 48.3
210000 56.4
215000 27.3
220000 49.6
225000 71.3
230000 112.3
235000 101.6
240000 92.9
245000 109.8
250000 102.9
255000 125.1
260000 97.1
265000 134.3
270000 105.4
275000 138.1
280000 143.0
285000 128.8
290000 139.9
295000 112.7
300000 136.9
305000 122.7
310000 138.9
315000 160.0
320000 147.4
325000 141.4
330000 165.7
335000 131.0
340000 132.2
345000 175.3
350000 186.0
355000 176.1
360000 160.0
365000 190.4
370000 155.7
375000 197.0
380000 197.1
385000 175.6
390000 179.9
395000 197.5
400000 164.8
405000 202.1
410000 206.5
415000 193.4
420000 209.3
425000 216.1
430000 191.4
435000 214.4
440000 196.2
445000 218.4
450000 210.7
455000 198.8
460000 196.5
465000 210.8
470000 205.4
475000 225.9
480000 191.9
485000 192.8
490000 198.9
495000 212.6
500000 202.1
505000 219.9
510000 205.0
515000 212.6
520000 234.7
525000 205.5
530000 215.2
535000 223.6
540000 244.8
545000 250.0
550000 236.8
555000 235.9
560000 224.2
565000 240.8
570000 264.6
575000 253.5
580000 252.9
585000 251.5
590000 232.6
595000 257.6
600000 236.5
605000 266.2
610000 253.6
615000 249.2
620000 258.9
625000 267.4
630000 226.6
635000 270.7
640000 274.3
645000 277.9
650000 280.6
655000 282.9
660000 274.9
665000 275.4
670000 270.1
675000 278.5
680000 274.3
685000 271.9
690000 270.8
695000 282.4
700000 280.9
705000 270.9
710000 253.1
715000 280.0
720000 283.1
725000 277.9
730000 252.5
735000 206.1
740000 285.0
745000 282.8
750000 265.9
755000 268.2
760000 253.5
765000 267.6
770000 258.3
775000 244.3
780000 278.9
785000 276.6
790000 275.4
795000 286.1
800000 286.5
805000 274.6
810000 295.8
815000 261.3
820000 293.7
825000 302.8
830000 292.6
835000 297.0
840000 296.7
845000 282.1
850000 303.3
855000 302.5
860000 305.7
865000 302.7
870000 297.9
875000 267.2
880000 286.2
885000 304.0
890000 298.1
895000 300.0
900000 311.9
905000 304.0
910000 306.3
915000 311.6
920000 311.2
925000 309.8
930000 280.2
935000 280.6
940000 313.2
945000 310.1
950000 311.0
955000 314.7
960000 284.7
965000 316.7
970000 298.7
975000 309.9
980000 317.0
985000 318.2
990000 311.6
995000 313.8
1000000 252.7
1005000 309.1
1010000 321.4
1015000 299.9
1020000 319.5
1025000 320.6
1030000 318.7
1035000 307.3
1040000 320.9
1045000 317.4
1050000 321.7
1055000 324.5
1060000 293.0
1065000 316.1
1070000 321.8
1075000 318.3
1080000 320.1
1085000 328.3
1090000 326.7
1095000 326.9
1100000 310.4
1105000 327.8
1110000 324.7
1115000 327.0
1120000 327.9
1125000 320.7
1130000 330.0
1135000 325.4
1140000 324.0
1145000 300.5
1150000 322.9
1155000 314.5
1160000 292.8
1165000 319.9
1170000 327.2
1175000 321.0
1180000 318.8
1185000 325.1
1190000 327.7
1195000 318.1
1200000 332.1
1205000 331.2
1210000 324.4
1215000 334.3
1220000 324.6
1225000 331.9
1230000 341.8
1235000 329.7
1240000 334.9
1245000 321.4
1250000 297.1
1255000 334.6
1260000 310.1
1265000 332.7
1270000 331.9
1275000 326.8
1280000 333.7
1285000 336.8
1290000 341.5
1295000 334.3
1300000 338.1
1305000 345.2
1310000 328.3
1315000 339.6
1320000 326.1
1325000 334.4
1330000 339.5
1335000 317.8
1340000 339.0
1345000 347.6
1350000 330.6
1355000 339.1
1360000 310.2
1365000 348.7
1370000 340.4
1375000 336.1
1380000 338.6
1385000 332.3
1390000 344.3
1395000 345.5
1400000 343.8
1405000 351.1
1410000 341.6
1415000 313.3
1420000 302.9
1425000 344.6
1430000 341.8
1435000 340.1
1440000 307.9
1445000 344.8
1450000 353.0
1455000 351.7
1460000 340.8
1465000 344.4
1470000 357.4
1475000 317.0
1480000 341.3
1485000 333.0
1490000 351.3
1495000 347.8
1500000 319.2
1505000 357.4
1510000 350.8
1515000 351.2
1520000 354.9
1525000 350.5
1530000 351.9
1535000 317.8
1540000 356.5
1545000 357.6
1550000 341.2
1555000 357.4
1560000 358.4
1565000 361.4
1570000 323.0
1575000 358.2
1580000 359.7
1585000 359.0
1590000 360.3
1595000 359.0
1600000 360.8
1605000 363.1
1610000 357.0
1615000 357.1
1620000 325.8
1625000 358.2
1630000 351.4
1635000 364.0
1640000 361.2
1645000 367.0
1650000 363.6
1655000 360.9
1660000 363.3
1665000 363.0
1670000 363.6
1675000 357.9
1680000 363.4
1685000 365.0
1690000 363.7
1695000 339.6
1700000 368.5
1705000 363.4
1710000 366.0
1715000 328.2
1720000 356.6
1725000 365.8
1730000 364.6
1735000 360.9
1740000 365.1
1745000 366.2
1750000 326.9
1755000 356.2
1760000 367.7
1765000 363.6
1770000 361.7
1775000 365.5
1780000 371.8
1785000 371.1
1790000 317.3
1795000 366.7
1800000 327.5
1805000 361.9
1810000 365.0
1815000 369.3
1820000 367.9
1825000 368.2
1830000 371.9
1835000 367.6
1840000 364.4
1845000 366.9
1850000 369.4
1855000 361.6
1860000 332.7
1865000 366.6
1870000 375.4
1875000 369.8
1880000 363.9
1885000 369.9
1890000 370.0
1895000 373.5
1900000 373.7
1905000 372.9
1910000 366.3
1915000 374.1
1920000 375.6
1925000 371.1
1930000 374.3
1935000 372.8
1940000 295.6
1945000 373.3
1950000 377.0
1955000 363.1
1960000 370.9
1965000 377.5
1970000 373.2
1975000 371.6
1980000 350.1
1985000 371.4
1990000 371.0
1995000 370.9
2000000 361.4
