5000 0.0
10000 0.6
15000 0.0
20000 0.0
25000 0.1
30000 0.0
35000 0.0
40000 0.6
45000 0.1
50000 0.0
55000 0.1
60000 0.2
65000 0.5
70000 1.0
75000 0.0
80000 0.0
85000 3.4
90000 3.8
95000 23.6
100000 0.9
105000 19.1
110000 0.3
115000 22.0
120000 31.8
125000 27.5
130000 35.9
135000 62.1
140000 14.9
145000 33.3
150000 100.8
155000 63.8
160000 33.5
165000 104.1
170000 71.4
175000 38.6
180000 39.4
185000 36.6
190000 104.9
195000 99.2
200000 74.5
205000 57.3
210000 79.8
215000 41.0
220000 38.3
225000 140.7
230000 78.9
235000 94.8
240000 103.3
245000 61.3
250000 64.3
255000 106.5
260000 59.6
265000 122.5
270000 103.8
275000 82.1
280000 121.6
285000 85.7
290000 62.2
295000 64.0
300000 104.3
305000 84.8
310000 82.2
315000 62.2
320000 108.2
325000 45.3
330000 87.0
335000 83.6
340000 149.1
345000 105.3
350000 87.1
355000 87.2
360000 42.1
365000 128.2
370000 130.1
375000 85.8
380000 102.7
385000 87.4
390000 90.0
395000 106.5
400000 89.6
405000 89.8
410000 180.1
415000 89.5
420000 90.4
425000 133.8
430000 132.3
435000 158.7
440000 68.1
445000 161.0
450000 89.8
455000 45.2
460000 90.6
465000 115.3
470000 112.8
475000 141.4
480000 160.9
485000 113.6
490000 92.9
495000 47.1
500000 71.4
505000 117.2
510000 71.2
515000 69.7
520000 69.7
525000 70.4
530000 95.0
535000 97.0
540000 143.6
545000 99.4
550000 74.6
555000 75.1
560000 49.4
565000 73.7
570000 201.0
575000 99.3
580000 195.6
585000 71.7
590000 100.5
595000 100.2
600000 101.3
605000 75.7
610000 146.4
615000 96.2
620000 99.2
625000 122.0
630000 153.7
635000 148.3
640000 99.1
645000 95.0
650000 0.0
655000 101.1
660000 74.6
665000 50.6
670000 127.0
675000 124.7
680000 102.7
685000 164.1
690000 75.9
695000 75.0
700000 49.1
705000 74.0
710000 151.2
715000 127.3
720000 51.7
725000 78.4
730000 123.0
735000 153.3
740000 129.4
745000 101.9
750000 128.8
755000 103.8
760000 149.0
765000 129.5
770000 127.3
775000 124.3
780000 180.6
785000 75.5
790000 103.2
795000 100.4
800000 153.2
805000 78.2
810000 145.2
815000 107.9
820000 102.1
825000 153.4
830000 152.8
835000 181.6
840000 154.3
845000 178.8
850000 25.7
855000 104.6
860000 155.1
865000 129.9
870000 78.9
875000 78.4
880000 203.7
885000 157.7
890000 78.9
895000 132.5
900000 155.2
905000 210.2
910000 80.8
915000 130.8
920000 102.3
925000 78.9
930000 102.7
935000 155.3
940000 159.2
945000 212.0
950000 103.4
955000 155.2
960000 105.5
965000 154.3
970000 128.9
975000 131.5
980000 187.9
985000 52.7
990000 80.1
995000 77.1
1000000 103.1
1005000 158.9
1010000 130.0
1015000 52.7
1020000 102.6
1025000 154.8
1030000 156.0
1035000 180.7
1040000 105.0
1045000 105.8
1050000 188.3
1055000 104.0
1060000 131.5
1065000 154.7
1070000 154.6
1075000 129.1
1080000 130.7
1085000 158.4
1090000 211.8
1095000 213.0
1100000 130.6
1105000 105.5
1110000 79.4
1115000 57.0
1120000 114.8
1125000 151.0
1130000 153.2
1135000 180.1
1140000 52.6
1145000 184.3
1150000 131.1
1155000 209.6
1160000 129.5
1165000 155.2
1170000 126.1
1175000 107.7
1180000 160.2
1185000 129.1
1190000 133.1
1195000 26.2
1200000 183.2
1205000 157.8
1210000 108.5
1215000 157.1
1220000 133.5
1225000 157.3
1230000 106.2
1235000 106.9
1240000 130.8
1245000 129.0
1250000 263.0
1255000 79.7
1260000 158.6
1265000 134.0
1270000 211.9
1275000 135.1
1280000 81.5
1285000 186.2
1290000 186.0
1295000 214.8
1300000 107.3
1305000 109.7
1310000 135.3
1315000 164.3
1320000 80.2
1325000 192.2
1330000 139.6
1335000 132.5
1340000 163.7
1345000 163.5
1350000 108.1
1355000 187.8
1360000 161.0
1365000 137.0
1370000 100.3
1375000 77.6
1380000 162.9
1385000 165.8
1390000 83.0
1395000 166.0
1400000 108.2
1405000 135.3
1410000 81.8
1415000 220.8
1420000 135.1
1425000 190.2
1430000 219.1
1435000 191.8
1440000 137.9
1445000 139.2
1450000 137.4
1455000 195.0
1460000 166.0
1465000 164.6
1470000 55.6
1475000 141.3
1480000 194.2
1485000 192.2
1490000 135.9
1495000 137.8
1500000 83.2
1505000 133.6
1510000 106.9
1515000 138.0
1520000 220.2
1525000 139.3
1530000 9.6
1535000 21.2
1540000 76.9
1545000 109.4
1550000 134.0
1555000 126.8
1560000 97.4
1565000 128.0
1570000 100.1
1575000 132.4
1580000 156.1
1585000 158.1
1590000 161.4
1595000 160.5
1600000 106.2
1605000 213.1
1610000 212.8
1615000 135.8
1620000 135.9
1625000 160.0
1630000 107.8
1635000 53.3
1640000 76.6
1645000 215.8
1650000 82.6
1655000 165.3
1660000 3.4
1665000 108.9
1670000 108.5
1675000 163.3
1680000 2.7
1685000 0.0
1690000 50.1
1695000 122.2
1700000 155.4
1705000 155.9
1710000 132.3
1715000 105.2
1720000 159.8
1725000 106.2
1730000 189.3
1735000 108.7
1740000 188.4
1745000 161.8
1750000 134.0
1755000 242.4
1760000 134.3
1765000 108.4
1770000 135.5
1775000 111.2
1780000 79.9
1785000 190.8
1790000 111.1
1795000 110.1
1800000 162.4
1805000 193.4
1810000 100.0
1815000 164.9
1820000 108.8
1825000 130.7
1830000 136.3
1835000 129.0
1840000 83.1
1845000 160.7
1850000 136.9
1855000 136.9
1860000 2.5
1865000 158.4
1870000 129.0
1875000 164.5
1880000 163.7
1885000 165.7
1890000 138.4
1895000 142.4
1900000 138.2
1905000 103.9
1910000 110.7
1915000 111.0
1920000 28.4
1925000 80.8
1930000 133.7
1935000 187.2
1940000 188.3
1945000 109.2
1950000 80.9
1955000 213.7
1960000 191.3
1965000 192.9
1970000 110.9
1975000 109.0
1980000 82.7
1985000 218.9
1990000 133.7
1995000 139.2
2000000 82.6
