5000 0.0
10000 0.0
15000 0.0
20000 0.0
25000 0.2
30000 0.0
35000 0.0
40000 0.0
45000 1.9
50000 5.6
55000 10.5
60000 47.9
65000 36.4
70000 53.0
75000 66.1
80000 128.3
85000 125.5
90000 68.0
95000 119.9
100000 141.5
105000 148.3
110000 3.1
115000 192.6
120000 155.5
125000 192.5
130000 228.5
135000 90.5
140000 210.3
145000 202.9
150000 232.4
155000 257.1
160000 264.2
165000 228.9
170000 223.1
175000 256.6
180000 271.1
185000 275.2
190000 256.9
195000 241.8
200000 278.1
205000 288.3
210000 276.2
215000 253.4
220000 262.9
225000 257.4
230000 294.0
235000 262.8
240000 298.8
245000 281.7
250000 300.2
255000 307.9
260000 237.7
265000 305.9
270000 311.6
275000 306.0
280000 310.9
285000 282.9
290000 290.4
295000 316.5
300000 313.7
305000 307.9
310000 295.5
315000 319.3
320000 312.0
325000 286.4
330000 322.7
335000 318.5
340000 318.6
345000 324.6
350000 320.0
355000 328.1
360000 318.6
365000 320.6
370000 300.1
375000 277.6
380000 335.7
385000 302.6
390000 337.8
395000 304.1
400000 337.8
405000 336.6
410000 335.5
415000 332.3
420000 342.3
425000 339.6
430000 341.2
435000 339.6
440000 339.9
445000 341.6
450000 342.9
455000 338.5
460000 303.6
465000 342.7
470000 344.7
475000 311.0
480000 314.9
485000 344.7
490000 348.1
495000 345.0
500000 346.0
505000 346.3
510000 276.5
515000 347.2
520000 342.1
525000 344.6
530000 340.3
535000 308.9
540000 348.4
545000 301.1
550000 313.4
555000 344.7
560000 347.9
565000 355.0
570000 315.8
575000 348.3
580000 349.1
585000 353.6
590000 351.6
595000 352.6
600000 349.9
605000 350.7
610000 349.9
615000 351.0
620000 359.3
625000 352.9
630000 356.2
635000 354.5
640000 356.7
645000 351.1
650000 348.2
655000 353.0
660000 344.9
665000 353.0
670000 350.4
675000 352.4
680000 350.9
685000 351.5
690000 350.3
695000 351.5
700000 352.0
705000 324.4
710000 355.2
715000 357.7
720000 348.9
725000 352.3
730000 356.2
735000 325.4
740000 350.4
745000 315.4
750000 353.7
755000 356.8
760000 354.8
765000 354.9
770000 355.5
775000 356.5
780000 358.9
785000 322.6
790000 357.9
795000 355.7
800000 357.5
805000 356.0
810000 358.5
815000 361.0
820000 356.8
825000 359.7
830000 359.3
835000 357.8
840000 359.1
845000 362.4
850000 358.0
855000 358.3
860000 358.1
865000 353.5
870000 360.8
875000 357.2
880000 358.4
885000 359.9
890000 357.7
895000 359.9
900000 355.9
905000 367.9
910000 360.4
915000 364.9
920000 360.7
925000 360.7
930000 361.5
935000 362.5
940000 361.6
945000 364.2
950000 359.6
955000 359.2
960000 372.7
965000 361.5
970000 366.6
975000 366.7
980000 368.1
985000 367.5
990000 365.0
995000 366.5
1000000 362.8
1005000 367.2
1010000 370.6
1015000 362.5
1020000 330.6
1025000 362.8
1030000 365.3
1035000 377.8
1040000 364.5
1045000 378.5
1050000 371.9
1055000 377.9
1060000 375.6
1065000 374.7
1070000 378.8
1075000 380.0
1080000 379.3
1085000 346.5
1090000 383.1
1095000 379.8
1100000 373.6
1105000 382.0
1110000 381.3
1115000 374.6
1120000 379.2
1125000 359.8
1130000 376.8
1135000 388.6
1140000 50.3
1145000 381.0
1150000 384.1
1155000 388.5
1160000 391.2
1165000 352.7
1170000 394.9
1175000 394.4
1180000 395.5
1185000 398.1
1190000 398.0
1195000 400.7
1200000 394.6
1205000 399.5
1210000 404.2
1215000 406.8
1220000 408.3
1225000 411.8
1230000 406.2
1235000 364.6
1240000 407.4
1245000 403.5
1250000 397.7
1255000 8.8
1260000 278.6
1265000 332.2
1270000 400.7
1275000 401.4
1280000 394.9
1285000 399.4
1290000 400.3
1295000 394.1
1300000 387.7
1305000 394.4
1310000 400.4
1315000 405.9
1320000 403.5
1325000 409.2
1330000 366.9
1335000 409.8
1340000 406.5
1345000 412.2
1350000 406.9
1355000 398.7
1360000 408.4
1365000 366.4
1370000 409.1
1375000 414.3
1380000 414.0
1385000 412.8
1390000 412.7
1395000 413.2
1400000 411.9
1405000 413.0
1410000 412.9
1415000 410.0
1420000 411.5
1425000 412.8
1430000 410.9
1435000 417.9
1440000 411.0
1445000 412.8
1450000 370.0
1455000 417.0
1460000 416.8
1465000 412.6
1470000 416.2
1475000 377.1
1480000 413.4
1485000 411.7
1490000 419.2
1495000 417.9
1500000 418.1
1505000 413.5
1510000 416.8
1515000 420.7
1520000 418.6
1525000 412.4
1530000 417.8
1535000 419.5
1540000 419.4
1545000 413.3
1550000 409.8
1555000 420.4
1560000 410.0
1565000 414.1
1570000 428.0
1575000 422.2
1580000 412.7
1585000 400.9
1590000 417.3
1595000 418.9
1600000 379.0
1605000 403.7
1610000 417.0
1615000 419.2
1620000 423.6
1625000 420.3
1630000 422.1
1635000 422.9
1640000 420.8
1645000 418.9
1650000 418.9
1655000 376.7
1660000 421.9
1665000 425.1
1670000 416.8
1675000 410.2
1680000 422.7
1685000 423.1
1690000 421.6
1695000 422.9
1700000 423.8
1705000 426.6
1710000 423.5
1715000 425.4
1720000 424.4
1725000 422.0
1730000 425.9
1735000 424.1
1740000 422.6
1745000 427.2
1750000 425.8
1755000 382.2
1760000 419.7
1765000 423.2
1770000 424.3
1775000 330.7
1780000 389.0
1785000 419.9
1790000 421.2
1795000 419.9
1800000 421.1
1805000 380.6
1810000 418.5
1815000 423.3
1820000 424.2
1825000 383.7
1830000 424.4
1835000 423.6
1840000 416.5
1845000 332.0
1850000 406.6
1855000 420.9
1860000 419.8
1865000 423.4
1870000 374.1
1875000 420.8
1880000 422.8
1885000 425.3
1890000 416.7
1895000 390.9
1900000 380.5
1905000 425.5
1910000 426.9
1915000 425.8
1920000 422.5
1925000 429.1
1930000 421.5
1935000 428.8
1940000 424.4
1945000 428.0
1950000 425.3
1955000 427.5
1960000 428.9
1965000 422.1
1970000 427.6
1975000 427.5
1980000 428.3
1985000 427.9
1990000 426.1
1995000 428.7
2000000 426.0
