5000 0.0
10000 0.1
15000 0.0
20000 0.0
25000 0.1
30000 0.0
35000 0.0
40000 0.0
45000 0.0
50000 2.4
55000 17.5
60000 19.6
65000 31.8
70000 18.2
75000 52.7
80000 30.3
85000 20.2
90000 56.3
95000 40.9
100000 41.8
105000 17.9
110000 21.3
115000 19.6
120000 67.2
125000 20.1
130000 0.1
135000 0.9
140000 0.2
145000 87.8
150000 102.4
155000 109.0
160000 124.0
165000 126.7
170000 126.3
175000 126.7
180000 105.9
185000 144.8
190000 140.2
195000 143.2
200000 137.3
205000 153.7
210000 157.5
215000 104.8
220000 177.0
225000 149.8
230000 170.7
235000 194.7
240000 196.4
245000 198.3
250000 193.4
255000 199.7
260000 207.4
265000 202.0
270000 207.9
275000 203.4
280000 216.4
285000 208.8
290000 211.5
295000 199.4
300000 184.3
305000 193.7
310000 219.9
315000 218.7
320000 128.5
325000 217.7
330000 220.7
335000 218.2
340000 206.1
345000 215.5
350000 215.8
355000 221.2
360000 220.4
365000 180.5
370000 215.6
375000 212.0
380000 211.4
385000 222.9
390000 209.8
395000 215.0
400000 211.6
405000 222.7
410000 197.9
415000 190.7
420000 217.3
425000 225.1
430000 225.2
435000 204.9
440000 227.9
445000 221.5
450000 225.5
455000 206.9
460000 215.8
465000 227.5
470000 226.8
475000 229.8
480000 231.1
485000 232.7
490000 232.0
495000 230.6
500000 230.3
505000 229.7
510000 235.7
515000 187.2
520000 229.4
525000 233.5
530000 230.7
535000 204.0
540000 231.3
545000 229.6
550000 227.1
555000 229.1
560000 220.8
565000 193.8
570000 237.2
575000 238.7
580000 231.7
585000 237.0
590000 223.7
595000 207.2
600000 232.9
605000 236.6
610000 235.0
615000 239.0
620000 236.9
625000 238.8
630000 221.7
635000 234.5
640000 239.8
645000 236.4
650000 235.5
655000 237.6
660000 239.3
665000 241.6
670000 234.2
675000 232.9
680000 138.5
685000 235.7
690000 213.1
695000 242.8
700000 144.5
705000 235.9
710000 238.3
715000 217.9
720000 241.9
725000 236.3
730000 238.9
735000 242.2
740000 230.3
745000 204.7
750000 238.3
755000 201.1
760000 238.8
765000 241.9
770000 243.8
775000 237.0
780000 243.2
785000 244.5
790000 243.7
795000 242.5
800000 216.4
805000 244.3
810000 240.1
815000 242.9
820000 241.8
825000 242.9
830000 212.6
835000 240.5
840000 244.1
845000 212.5
850000 247.5
855000 234.7
860000 244.9
865000 245.7
870000 238.7
875000 242.2
880000 245.5
885000 241.7
890000 245.9
895000 243.0
900000 241.0
905000 241.4
910000 138.6
915000 246.3
920000 239.8
925000 236.9
930000 246.9
935000 244.9
940000 243.0
945000 241.3
950000 241.7
955000 242.7
960000 239.8
965000 219.7
970000 239.7
975000 247.1
980000 244.6
985000 248.1
990000 248.1
995000 234.2
1000000 245.9
1005000 244.3
1010000 253.7
1015000 239.7
1020000 247.2
1025000 197.5
1030000 244.3
1035000 248.9
1040000 241.9
1045000 247.1
1050000 250.9
1055000 243.2
1060000 245.2
1065000 248.1
1070000 248.8
1075000 250.7
1080000 249.7
1085000 241.5
1090000 247.6
1095000 247.2
1100000 247.6
1105000 247.4
1110000 249.0
1115000 248.0
1120000 240.3
1125000 252.1
1130000 244.0
1135000 248.7
1140000 245.4
1145000 247.5
1150000 248.9
1155000 241.4
1160000 243.5
1165000 224.4
1170000 249.2
1175000 248.7
1180000 252.8
1185000 248.8
1190000 248.6
1195000 224.1
1200000 245.1
1205000 253.7
1210000 247.7
1215000 249.9
1220000 252.4
1225000 221.7
1230000 250.8
1235000 246.3
1240000 226.2
1245000 252.9
1250000 253.6
1255000 251.8
1260000 253.4
1265000 251.2
1270000 253.4
1275000 253.1
1280000 254.2
1285000 228.0
1290000 254.1
1295000 223.4
1300000 249.7
1305000 254.7
1310000 250.5
1315000 252.5
1320000 253.1
1325000 254.9
1330000 255.7
1335000 252.8
1340000 250.9
1345000 251.7
1350000 255.1
1355000 255.4
1360000 224.6
1365000 239.9
1370000 252.6
1375000 254.1
1380000 257.7
1385000 254.9
1390000 258.7
1395000 231.4
1400000 14.9
1405000 10.9
1410000 210.9
1415000 215.4
1420000 224.4
1425000 228.5
1430000 231.8
1435000 242.2
1440000 235.6
1445000 195.1
1450000 243.4
1455000 244.0
1460000 239.8
1465000 248.3
1470000 242.0
1475000 243.4
1480000 249.2
1485000 228.5
1490000 254.6
1495000 255.3
1500000 246.7
1505000 246.4
1510000 260.9
1515000 253.3
1520000 236.7
1525000 255.6
1530000 256.0
1535000 230.7
1540000 253.1
1545000 257.2
1550000 251.6
1555000 254.5
1560000 253.1
1565000 227.2
1570000 254.9
1575000 249.3
1580000 257.6
1585000 260.5
1590000 248.2
1595000 254.9
1600000 252.1
1605000 257.6
1610000 248.8
1615000 256.9
1620000 259.5
1625000 233.6
1630000 251.1
1635000 254.9
1640000 204.8
1645000 225.9
1650000 0.1
1655000 150.4
1660000 212.1
1665000 229.6
1670000 241.5
1675000 236.7
1680000 240.4
1685000 0.4
1690000 250.9
1695000 225.1
1700000 1.1
1705000 217.8
1710000 244.9
1715000 251.7
1720000 254.1
1725000 257.5
1730000 253.8
1735000 255.5
1740000 252.7
1745000 251.6
1750000 262.0
1755000 249.7
1760000 252.5
1765000 257.2
1770000 256.3
1775000 258.5
1780000 260.1
1785000 255.7
1790000 255.2
1795000 261.7
1800000 256.6
1805000 256.5
1810000 253.3
1815000 261.3
1820000 257.1
1825000 252.4
1830000 262.5
1835000 258.5
1840000 255.5
1845000 255.9
1850000 264.1
1855000 261.5
1860000 258.3
1865000 259.7
1870000 259.0
1875000 260.3
1880000 262.1
1885000 258.2
1890000 261.5
1895000 257.7
1900000 255.0
1905000 260.4
1910000 231.1
1915000 257.7
1920000 258.6
1925000 257.9
1930000 254.8
1935000 264.0
1940000 260.8
1945000 256.0
1950000 262.0
1955000 208.9
1960000 256.9
1965000 253.4
1970000 264.9
1975000 234.2
1980000 262.3
1985000 257.5
1990000 258.3
1995000 266.1
2000000 261.3
