5000 0.0
10000 0.0
15000 0.1
20000 0.3
25000 0.1
30000 0.3
35000 0.0
40000 0.0
45000 7.4
50000 0.0
55000 3.5
60000 1.2
65000 2.1
70000 3.8
75000 7.5
80000 3.9
85000 0.4
90000 0.0
95000 7.3
100000 0.9
105000 0.1
110000 0.0
115000 0.7
120000 2.6
125000 0.0
130000 0.2
135000 0.2
140000 0.8
145000 0.5
150000 0.5
155000 0.4
160000 0.0
165000 0.1
170000 0.0
175000 0.0
180000 0.7
185000 0.3
190000 4.6
195000 0.0
200000 2.6
205000 0.6
210000 0.0
215000 2.8
220000 0.1
225000 0.7
230000 2.1
235000 0.2
240000 0.2
245000 0.3
250000 0.2
255000 0.4
260000 3.9
265000 0.0
270000 0.0
275000 0.2
280000 0.3
285000 0.7
290000 0.1
295000 0.0
300000 0.0
305000 0.0
310000 0.0
315000 0.0
320000 0.0
325000 0.1
330000 0.0
335000 0.6
340000 0.1
345000 0.1
350000 0.3
355000 0.2
360000 0.2
365000 0.0
370000 0.2
375000 1.6
380000 0.1
385000 0.2
390000 2.0
395000 0.2
400000 0.2
405000 0.0
410000 0.1
415000 1.0
420000 0.0
425000 0.3
430000 0.0
435000 0.6
440000 0.0
445000 0.0
450000 1.6
455000 0.2
460000 0.4
465000 3.9
470000 0.2
475000 0.7
480000 0.2
485000 0.0
490000 0.4
495000 0.2
500000 0.0
505000 0.0
510000 0.2
515000 0.0
520000 0.1
525000 0.4
530000 0.0
535000 0.5
540000 0.0
545000 0.0
550000 1.8
555000 0.0
560000 0.0
565000 0.3
570000 0.0
575000 0.0
580000 0.0
585000 0.0
590000 0.0
595000 0.0
600000 1.0
605000 0.1
610000 0.7
615000 0.0
620000 0.0
625000 0.4
630000 0.0
635000 0.0
640000 0.0
645000 0.0
650000 0.0
655000 0.0
660000 0.0
665000 0.0
670000 0.1
675000 0.0
680000 0.0
685000 0.0
690000 0.0
695000 0.9
700000 0.0
705000 0.0
710000 0.0
715000 0.0
720000 0.8
725000 0.2
730000 0.0
735000 0.0
740000 0.0
745000 0.0
750000 0.0
755000 0.1
760000 0.6
765000 0.0
770000 0.0
775000 0.1
780000 0.0
785000 0.2
790000 0.0
795000 0.0
800000 0.0
805000 0.0
810000 0.3
815000 0.9
820000 0.3
825000 0.0
830000 0.2
835000 0.6
840000 0.1
845000 0.1
850000 0.2
855000 0.4
860000 0.1
865000 0.0
870000 0.0
875000 0.1
880000 0.3
885000 0.0
890000 0.1
895000 0.2
900000 0.0
905000 0.3
910000 0.0
915000 0.0
920000 0.4
925000 0.2
930000 0.2
935000 0.0
940000 0.2
945000 0.0
950000 0.1
955000 0.0
960000 0.0
965000 0.0
970000 0.3
975000 0.0
980000 0.0
985000 0.1
990000 0.0
995000 0.0
1000000 0.6
1005000 0.5
1010000 0.1
1015000 0.0
1020000 0.3
1025000 0.6
1030000 0.0
1035000 0.1
1040000 0.0
1045000 0.0
1050000 0.7
1055000 0.3
1060000 0.1
1065000 0.0
1070000 0.0
1075000 0.0
1080000 0.0
1085000 0.1
1090000 0.0
1095000 0.0
1100000 0.0
1105000 0.1
1110000 0.0
1115000 0.1
1120000 0.0
1125000 0.1
1130000 0.2
1135000 0.2
1140000 0.0
1145000 0.2
1150000 0.0
1155000 0.2
1160000 0.0
1165000 0.0
1170000 0.0
1175000 0.3
1180000 0.2
1185000 0.2
1190000 0.0
1195000 0.0
1200000 0.2
1205000 0.0
1210000 0.0
1215000 0.1
1220000 0.1
1225000 0.2
1230000 0.0
1235000 0.0
1240000 0.2
1245000 0.6
1250000 0.1
1255000 0.0
1260000 0.0
1265000 0.1
1270000 0.0
1275000 0.0
1280000 0.0
1285000 0.0
1290000 0.8
1295000 0.6
1300000 0.1
1305000 0.1
1310000 0.0
1315000 0.0
1320000 0.3
1325000 0.1
1330000 0.0
1335000 0.2
1340000 0.2
1345000 0.5
1350000 0.0
1355000 0.3
1360000 0.0
1365000 0.6
1370000 0.0
1375000 0.1
1380000 1.7
1385000 0.0
1390000 0.0
1395000 0.1
1400000 0.0
1405000 0.0
1410000 0.0
1415000 0.0
1420000 0.0
1425000 0.0
1430000 0.0
1435000 0.0
1440000 1.2
1445000 0.0
1450000 0.2
1455000 0.0
1460000 0.0
1465000 0.0
1470000 0.0
1475000 0.0
1480000 0.0
1485000 0.0
1490000 0.0
1495000 0.0
1500000 0.0
1505000 0.1
1510000 0.0
1515000 0.0
1520000 0.0
1525000 0.2
1530000 0.0
1535000 0.3
1540000 0.8
1545000 0.0
1550000 0.0
1555000 0.0
1560000 0.0
1565000 0.0
1570000 0.0
1575000 0.1
1580000 0.0
1585000 0.0
1590000 0.0
1595000 0.0
1600000 1.6
1605000 0.0
1610000 0.0
1615000 0.0
1620000 0.0
1625000 0.0
1630000 0.1
1635000 0.7
1640000 0.3
1645000 0.0
1650000 14.3
1655000 0.0
1660000 0.0
1665000 0.0
1670000 0.2
1675000 0.0
1680000 0.2
1685000 0.0
1690000 0.0
1695000 0.1
1700000 0.0
1705000 0.0
1710000 2.0
1715000 0.1
1720000 0.0
1725000 0.0
1730000 0.0
1735000 0.0
1740000 0.0
1745000 0.2
1750000 0.2
1755000 0.0
1760000 0.0
1765000 0.0
1770000 0.0
1775000 0.1
1780000 0.1
1785000 0.0
1790000 0.0
1795000 0.0
1800000 0.0
1805000 0.1
1810000 0.1
1815000 0.1
1820000 0.0
1825000 0.0
1830000 0.0
1835000 0.0
1840000 0.0
1845000 0.0
1850000 0.0
1855000 0.0
1860000 0.1
1865000 0.0
1870000 0.0
1875000 0.0
1880000 0.0
1885000 0.2
1890000 0.7
1895000 0.1
1900000 0.4
1905000 0.0
1910000 0.0
1915000 0.0
1920000 0.6
1925000 0.0
1930000 0.0
1935000 1.0
1940000 0.0
1945000 0.3
1950000 0.0
1955000 0.0
1960000 0.2
1965000 0.0
1970000 0.1
1975000 0.0
1980000 1.0
1985000 0.0
1990000 0.1
1995000 0.2
2000000 0.5
