5000 0.0
10000 0.0
15000 0.3
20000 0.1
25000 0.0
30000 0.1
35000 1.6
40000 0.2
45000 0.3
50000 0.0
55000 0.8
60000 2.2
65000 0.6
70000 0.8
75000 0.6
80000 1.6
85000 4.6
90000 7.1
95000 0.1
100000 0.1
105000 1.5
110000 6.6
115000 1.2
120000 26.8
125000 37.0
130000 66.6
135000 63.2
140000 88.0
145000 112.8
150000 103.3
155000 105.4
160000 116.9
165000 115.3
170000 112.8
175000 135.8
180000 124.2
185000 122.6
190000 144.7
195000 147.2
200000 95.2
205000 129.8
210000 146.2
215000 117.0
220000 133.9
225000 136.9
230000 150.9
235000 151.0
240000 114.0
245000 86.4
250000 121.7
255000 131.1
260000 157.2
265000 163.8
270000 140.7
275000 127.2
280000 124.1
285000 166.8
290000 140.7
295000 147.6
300000 156.4
305000 151.5
310000 169.8
315000 156.7
320000 170.4
325000 153.8
330000 142.1
335000 181.5
340000 163.4
345000 166.6
350000 157.4
355000 154.2
360000 161.6
365000 169.1
370000 194.5
375000 162.5
380000 193.6
385000 150.5
390000 138.7
395000 186.4
400000 176.3
405000 189.8
410000 181.1
415000 179.2
420000 210.2
425000 190.5
430000 189.1
435000 188.6
440000 198.3
445000 199.1
450000 182.2
455000 220.3
460000 238.6
465000 169.3
470000 135.7
475000 188.8
480000 175.2
485000 162.4
490000 201.1
495000 164.8
500000 215.3
505000 175.0
510000 215.2
515000 198.9
520000 192.6
525000 176.5
530000 171.8
535000 196.1
540000 184.9
545000 192.4
550000 149.4
555000 167.9
560000 192.0
565000 238.4
570000 185.7
575000 171.8
580000 196.4
585000 242.6
590000 223.7
595000 155.3
600000 201.5
605000 190.8
610000 242.1
615000 211.4
620000 209.5
625000 204.0
630000 175.5
635000 181.9
640000 242.3
645000 200.9
650000 224.3
655000 222.3
660000 196.5
665000 222.6
670000 201.1
675000 206.4
680000 188.8
685000 201.4
690000 213.4
695000 206.6
700000 245.4
705000 233.0
710000 231.0
715000 180.2
720000 226.8
725000 222.8
730000 236.7
735000 237.0
740000 184.5
745000 238.3
750000 228.9
755000 240.3
760000 211.4
765000 221.4
770000 210.4
775000 209.7
780000 239.5
785000 199.3
790000 186.3
795000 181.0
800000 214.6
805000 165.4
810000 224.5
815000 243.3
820000 272.7
825000 214.7
830000 255.9
835000 246.8
840000 197.1
845000 287.3
850000 229.7
855000 211.8
860000 233.2
865000 260.9
870000 229.0
875000 257.1
880000 213.0
885000 215.4
890000 230.9
895000 243.8
900000 217.5
905000 197.8
910000 259.7
915000 246.1
920000 205.1
925000 208.7
930000 227.9
935000 218.5
940000 257.3
945000 273.1
950000 257.7
955000 247.6
960000 203.6
965000 233.2
970000 250.3
975000 172.0
980000 212.8
985000 220.0
990000 216.7
995000 233.3
1000000 252.4
1005000 205.8
1010000 231.2
1015000 233.8
1020000 234.1
1025000 235.1
1030000 264.8
1035000 218.1
1040000 238.4
1045000 188.0
1050000 208.5
1055000 206.0
1060000 205.6
1065000 220.3
1070000 175.3
1075000 219.1
1080000 234.5
1085000 228.3
1090000 167.6
1095000 250.3
1100000 257.0
1105000 245.7
1110000 238.8
1115000 236.6
1120000 252.9
1125000 242.8
1130000 181.2
1135000 278.2
1140000 209.8
1145000 243.1
1150000 227.7
1155000 210.3
1160000 209.6
1165000 277.2
1170000 229.3
1175000 253.9
1180000 230.7
1185000 211.7
1190000 215.4
1195000 279.7
1200000 167.3
1205000 227.7
1210000 247.6
1215000 214.1
1220000 216.7
1225000 280.3
1230000 245.0
1235000 268.1
1240000 235.0
1245000 267.2
1250000 245.7
1255000 267.3
1260000 231.3
1265000 250.6
1270000 275.7
1275000 253.7
1280000 250.6
1285000 167.8
1290000 268.7
1295000 218.8
1300000 286.9
1305000 281.7
1310000 237.8
1315000 240.7
1320000 254.4
1325000 259.3
1330000 275.1
1335000 243.6
1340000 259.7
1345000 278.3
1350000 224.5
1355000 239.8
1360000 300.7
1365000 309.1
1370000 267.1
1375000 262.1
1380000 302.1
1385000 265.5
1390000 174.3
1395000 173.7
1400000 231.7
1405000 218.1
1410000 224.8
1415000 297.0
1420000 274.1
1425000 211.3
1430000 273.1
1435000 325.6
1440000 94.2
1445000 128.9
1450000 214.1
1455000 216.3
1460000 237.0
1465000 253.5
1470000 223.2
1475000 257.9
1480000 275.0
1485000 313.1
1490000 252.2
1495000 266.4
1500000 250.4
1505000 276.5
1510000 260.6
1515000 305.1
1520000 282.0
1525000 309.3
1530000 219.1
1535000 224.2
1540000 22.8
1545000 3.4
1550000 24.0
1555000 8.2
1560000 12.8
1565000 0.5
1570000 25.4
1575000 0.5
1580000 1.3
1585000 15.8
1590000 5.7
1595000 0.6
1600000 0.0
1605000 0.5
1610000 9.0
1615000 2.5
1620000 1.8
1625000 4.4
1630000 2.1
1635000 0.7
1640000 15.9
1645000 0.8
1650000 2.5
1655000 11.1
1660000 4.5
1665000 4.1
1670000 19.2
1675000 3.2
1680000 1.5
1685000 1.2
1690000 6.0
1695000 30.1
1700000 1.9
1705000 10.2
1710000 9.1
1715000 3.0
1720000 0.5
1725000 5.5
1730000 71.6
1735000 8.4
1740000 90.6
1745000 35.8
1750000 29.1
1755000 19.2
1760000 34.5
1765000 15.8
1770000 49.9
1775000 0.5
1780000 0.0
1785000 0.0
1790000 0.0
1795000 0.0
1800000 0.0
1805000 0.0
1810000 0.0
1815000 0.2
1820000 0.0
1825000 0.0
1830000 0.0
1835000 0.0
1840000 0.0
1845000 0.0
1850000 0.0
1855000 0.0
1860000 0.0
1865000 0.0
1870000 0.0
1875000 0.0
1880000 0.0
1885000 0.0
1890000 0.0
1895000 0.0
1900000 0.1
1905000 0.3
1910000 0.1
1915000 0.4
1920000 0.0
1925000 0.0
1930000 0.0
1935000 0.0
1940000 0.0
1945000 0.0
1950000 0.0
1955000 0.0
1960000 0.0
1965000 0.0
1970000 0.0
1975000 0.0
1980000 0.0
1985000 0.0
1990000 0.0
1995000 0.0
2000000 0.0
