5000 0.0
10000 0.0
15000 0.0
20000 0.0
25000 0.1
30000 0.5
35000 0.8
40000 1.1
45000 2.0
50000 3.6
55000 5.1
60000 2.0
65000 9.8
70000 0.0
75000 11.0
80000 17.5
85000 7.7
90000 4.3
95000 19.3
100000 8.2
105000 9.2
110000 10.5
115000 0.9
120000 6.0
125000 77.0
130000 91.9
135000 101.5
140000 72.3
145000 122.5
150000 123.9
155000 152.9
160000 153.3
165000 159.1
170000 174.5
175000 181.2
180000 190.8
185000 185.7
190000 196.8
195000 200.4
200000 213.4
205000 230.8
210000 243.5
215000 231.1
220000 252.8
225000 238.0
230000 249.9
235000 238.4
240000 285.7
245000 301.5
250000 305.8
255000 318.3
260000 330.5
265000 316.5
270000 343.2
275000 329.7
280000 336.6
285000 354.2
290000 340.9
295000 360.0
300000 359.5
305000 335.3
310000 366.9
315000 376.2
320000 374.9
325000 383.9
330000 298.8
335000 371.2
340000 368.1
345000 372.5
350000 372.4
355000 391.2
360000 387.6
365000 393.4
370000 389.3
375000 387.6
380000 398.9
385000 387.8
390000 390.4
395000 358.2
400000 397.6
405000 391.9
410000 404.0
415000 400.4
420000 402.9
425000 406.4
430000 368.5
435000 391.3
440000 405.5
445000 360.5
450000 412.7
455000 408.2
460000 400.0
465000 398.1
470000 361.3
475000 407.2
480000 364.3
485000 414.2
490000 365.1
495000 418.4
500000 416.5
505000 410.4
510000 377.6
515000 420.1
520000 418.0
525000 415.1
530000 410.7
535000 411.1
540000 412.1
545000 410.4
550000 423.1
555000 418.6
560000 421.5
565000 425.0
570000 423.3
575000 420.4
580000 425.8
585000 383.9
590000 387.1
595000 425.4
600000 427.8
605000 428.0
610000 425.2
615000 422.9
620000 417.1
625000 425.8
630000 430.0
635000 424.5
640000 427.5
645000 427.1
650000 427.1
655000 428.9
660000 422.9
665000 345.3
670000 426.5
675000 424.5
680000 430.5
685000 424.2
690000 432.2
695000 432.3
700000 432.3
705000 426.2
710000 428.2
715000 391.3
720000 435.4
725000 433.0
730000 426.5
735000 388.4
740000 432.0
745000 435.1
750000 393.0
755000 435.1
760000 435.7
765000 431.5
770000 387.7
775000 432.2
780000 434.4
785000 433.5
790000 436.2
795000 438.5
800000 435.9
805000 387.5
810000 432.1
815000 435.6
820000 435.9
825000 434.2
830000 440.3
835000 439.1
840000 435.2
845000 436.9
850000 435.1
855000 442.0
860000 438.8
865000 434.7
870000 436.1
875000 397.2
880000 439.6
885000 438.7
890000 443.0
895000 434.8
900000 437.5
905000 436.7
910000 439.9
915000 437.2
920000 395.3
925000 437.7
930000 441.8
935000 395.8
940000 438.2
945000 435.2
950000 436.5
955000 439.5
960000 435.0
965000 437.7
970000 441.9
975000 442.2
980000 435.7
985000 435.1
990000 438.2
995000 434.3
1000000 433.7
1005000 437.5
1010000 439.7
1015000 439.7
1020000 441.1
1025000 439.5
1030000 443.2
1035000 436.8
1040000 438.8
1045000 440.8
1050000 442.8
1055000 442.0
1060000 441.4
1065000 439.9
1070000 439.8
1075000 435.9
1080000 436.4
1085000 395.1
1090000 441.5
1095000 445.9
1100000 446.8
1105000 443.2
1110000 445.7
1115000 445.1
1120000 441.3
1125000 442.8
1130000 446.4
1135000 446.8
1140000 446.8
1145000 449.1
1150000 447.7
1155000 454.4
1160000 449.6
1165000 449.0
1170000 450.6
1175000 448.8
1180000 446.6
1185000 448.8
1190000 450.8
1195000 450.4
1200000 447.7
1205000 455.6
1210000 450.3
1215000 453.1
1220000 453.6
1225000 451.9
1230000 451.0
1235000 450.6
1240000 454.3
1245000 452.4
1250000 451.3
1255000 452.3
1260000 453.6
1265000 404.8
1270000 457.2
1275000 455.4
1280000 459.5
1285000 454.8
1290000 460.2
1295000 460.5
1300000 410.4
1305000 458.1
1310000 456.4
1315000 457.9
1320000 456.6
1325000 458.1
1330000 413.6
1335000 460.3
1340000 458.8
1345000 412.4
1350000 459.1
1355000 457.1
1360000 462.0
1365000 416.5
1370000 469.2
1375000 461.1
1380000 460.3
1385000 468.4
1390000 460.2
1395000 458.4
1400000 415.7
1405000 461.3
1410000 464.3
1415000 465.3
1420000 461.5
1425000 460.3
1430000 458.8
1435000 466.5
1440000 460.6
1445000 464.2
1450000 463.7
1455000 467.4
1460000 461.1
1465000 458.3
1470000 462.2
1475000 454.2
1480000 418.5
1485000 467.4
1490000 461.6
1495000 453.9
1500000 470.2
1505000 457.0
1510000 459.6
1515000 464.3
1520000 469.1
1525000 423.5
1530000 467.5
1535000 468.3
1540000 471.2
1545000 470.8
1550000 465.8
1555000 419.0
1560000 463.5
1565000 466.0
1570000 462.7
1575000 461.0
1580000 467.7
1585000 472.9
1590000 468.1
1595000 468.4
1600000 463.5
1605000 463.5
1610000 468.8
1615000 466.1
1620000 462.3
1625000 465.9
1630000 468.5
1635000 299.7
1640000 448.8
1645000 458.8
1650000 415.9
1655000 460.9
1660000 468.0
1665000 467.8
1670000 464.8
1675000 466.4
1680000 470.7
1685000 473.6
1690000 462.3
1695000 464.7
1700000 415.0
1705000 464.2
1710000 471.1
1715000 469.5
1720000 471.2
1725000 467.5
1730000 472.2
1735000 467.5
1740000 469.9
1745000 471.2
1750000 287.8
1755000 388.2
1760000 440.2
1765000 457.8
1770000 466.6
1775000 454.2
1780000 459.6
1785000 457.6
1790000 411.5
1795000 465.4
1800000 461.5
1805000 457.8
1810000 461.9
1815000 461.3
1820000 466.6
1825000 407.3
1830000 415.4
1835000 464.2
1840000 462.6
1845000 462.2
1850000 460.7
1855000 462.6
1860000 461.8
1865000 465.6
1870000 464.8
1875000 464.1
1880000 461.4
1885000 462.6
1890000 466.8
1895000 460.1
1900000 464.6
1905000 467.6
1910000 415.8
1915000 453.9
1920000 461.6
1925000 460.2
1930000 464.4
1935000 464.9
1940000 414.4
1945000 464.3
1950000 470.1
1955000 422.8
1960000 462.2
1965000 462.6
1970000 472.9
1975000 468.3
1980000 463.1
1985000 461.8
1990000 469.1
1995000 463.3
2000000 468.4
