5000 0.0
10000 0.0
15000 0.0
20000 0.1
25000 0.1
30000 0.6
35000 0.1
40000 0.0
45000 0.0
50000 0.5
55000 0.3
60000 0.4
65000 0.0
70000 19.2
75000 13.7
80000 0.0
85000 0.0
90000 3.0
95000 0.4
100000 27.2
105000 0.8
110000 1.4
115000 1.4
120000 0.0
125000 0.0
130000 2.4
135000 1.2
140000 1.8
145000 1.7
150000 0.0
155000 0.3
160000 4.6
165000 2.3
170000 0.0
175000 0.0
180000 0.3
185000 1.2
190000 3.2
195000 1.3
200000 0.4
205000 2.1
210000 0.1
215000 5.4
220000 7.0
225000 3.3
230000 0.0
235000 0.7
240000 2.2
245000 1.2
250000 0.5
255000 2.8
260000 4.4
265000 2.4
270000 0.8
275000 0.6
280000 0.0
285000 3.4
290000 2.4
295000 0.4
300000 4.4
305000 0.0
310000 1.3
315000 2.0
320000 0.3
325000 0.6
330000 0.1
335000 0.0
340000 0.1
345000 0.0
350000 0.9
355000 0.9
360000 0.2
365000 0.0
370000 0.7
375000 0.0
380000 0.1
385000 0.2
390000 0.0
395000 2.0
400000 0.4
405000 6.8
410000 2.1
415000 16.9
420000 22.5
425000 24.5
430000 5.4
435000 45.9
440000 42.7
445000 23.1
450000 58.2
455000 45.2
460000 30.1
465000 17.9
470000 89.8
475000 53.6
480000 76.4
485000 67.8
490000 31.4
495000 72.6
500000 88.8
505000 65.6
510000 36.2
515000 71.7
520000 47.5
525000 96.8
530000 157.5
535000 79.9
540000 72.4
545000 68.2
550000 48.9
555000 47.1
560000 92.5
565000 48.6
570000 61.8
575000 77.8
580000 80.5
585000 91.4
590000 83.1
595000 92.1
600000 139.9
605000 120.4
610000 60.0
615000 117.2
620000 78.1
625000 99.0
630000 140.0
635000 94.8
640000 81.8
645000 61.6
650000 81.3
655000 124.5
660000 41.2
665000 104.2
670000 123.5
675000 104.0
680000 103.9
685000 42.5
690000 109.8
695000 127.0
700000 62.3
705000 62.2
710000 149.9
715000 85.3
720000 86.2
725000 167.8
730000 116.2
735000 101.9
740000 62.0
745000 85.5
750000 87.0
755000 103.4
760000 127.7
765000 81.2
770000 147.1
775000 103.1
780000 103.8
785000 86.3
790000 108.2
795000 42.4
800000 172.4
805000 87.7
810000 107.4
815000 107.8
820000 109.0
825000 86.9
830000 132.7
835000 109.6
840000 64.5
845000 153.4
850000 112.0
855000 86.9
860000 44.0
865000 109.6
870000 128.1
875000 110.2
880000 135.1
885000 109.3
890000 87.9
895000 65.6
900000 88.5
905000 108.5
910000 108.6
915000 133.1
920000 109.7
925000 132.7
930000 43.4
935000 130.6
940000 66.4
945000 108.9
950000 156.2
955000 152.2
960000 89.1
965000 89.9
970000 105.5
975000 149.4
980000 110.6
985000 90.4
990000 135.0
995000 87.9
1000000 88.6
1005000 91.6
1010000 89.2
1015000 153.8
1020000 180.5
1025000 90.0
1030000 114.1
1035000 157.6
1040000 87.6
1045000 156.0
1050000 137.0
1055000 135.0
1060000 156.8
1065000 133.2
1070000 135.1
1075000 91.1
1080000 67.4
1085000 65.4
1090000 1.7
1095000 105.7
1100000 103.5
1105000 85.2
1110000 134.4
1115000 150.2
1120000 89.8
1125000 46.3
1130000 22.5
1135000 89.1
1140000 129.8
1145000 133.8
1150000 90.2
1155000 44.3
1160000 112.5
1165000 114.3
1170000 115.4
1175000 91.4
1180000 68.5
1185000 134.9
1190000 90.6
1195000 111.5
1200000 112.1
1205000 0.3
1210000 0.0
1215000 0.0
1220000 2.4
1225000 55.5
1230000 71.5
1235000 55.3
1240000 120.5
1245000 60.6
1250000 87.4
1255000 123.0
1260000 134.5
1265000 152.3
1270000 110.1
1275000 65.9
1280000 182.5
1285000 112.8
1290000 137.2
1295000 21.8
1300000 68.9
1305000 114.5
1310000 92.6
1315000 114.9
1320000 138.2
1325000 137.0
1330000 169.2
1335000 65.6
1340000 23.8
1345000 67.0
1350000 90.5
1355000 89.3
1360000 114.3
1365000 113.8
1370000 93.3
1375000 137.9
1380000 5.2
1385000 51.9
1390000 111.7
1395000 90.5
1400000 114.2
1405000 159.9
1410000 91.4
1415000 45.5
1420000 161.2
1425000 45.4
1430000 93.4
1435000 70.6
1440000 115.0
1445000 23.4
1450000 74.0
1455000 118.0
1460000 92.9
1465000 92.8
1470000 143.5
1475000 164.6
1480000 116.5
1485000 46.4
1490000 71.7
1495000 72.5
1500000 141.6
1505000 117.9
1510000 142.1
1515000 122.5
1520000 145.6
1525000 191.0
1530000 93.9
1535000 70.3
1540000 144.2
1545000 168.3
1550000 148.8
1555000 120.7
1560000 220.0
1565000 146.1
1570000 191.2
1575000 122.0
1580000 88.6
1585000 168.3
1590000 72.6
1595000 165.1
1600000 101.2
1605000 119.7
1610000 98.1
1615000 147.7
1620000 122.0
1625000 146.5
1630000 71.1
1635000 74.3
1640000 93.3
1645000 195.7
1650000 94.5
1655000 74.8
1660000 98.5
1665000 146.9
1670000 121.5
1675000 100.9
1680000 125.6
1685000 148.4
1690000 172.8
1695000 149.6
1700000 75.2
1705000 98.7
1710000 126.5
1715000 98.4
1720000 97.2
1725000 70.9
1730000 72.5
1735000 1.6
1740000 156.1
1745000 114.8
1750000 74.5
1755000 97.1
1760000 100.0
1765000 125.8
1770000 150.3
1775000 124.2
1780000 155.9
1785000 100.2
1790000 104.0
1795000 127.8
1800000 128.2
1805000 104.0
1810000 77.3
1815000 126.3
1820000 175.2
1825000 151.4
1830000 151.5
1835000 102.2
1840000 123.9
1845000 51.8
1850000 154.5
1855000 178.7
1860000 102.1
1865000 102.0
1870000 128.5
1875000 154.5
1880000 179.2
1885000 152.4
1890000 179.4
1895000 75.9
1900000 148.0
1905000 44.4
1910000 75.2
1915000 149.8
1920000 178.0
1925000 104.2
1930000 155.7
1935000 152.3
1940000 229.3
1945000 50.1
1950000 124.6
1955000 78.6
1960000 179.0
1965000 102.4
1970000 105.9
1975000 131.7
1980000 130.6
1985000 132.7
1990000 102.1
1995000 210.0
2000000 52.7
