5000 199.8
10000 262.5
15000 145.4
20000 12.3
25000 103.0
30000 11.6
35000 205.0
40000 120.3
45000 39.6
50000 176.3
55000 11.2
60000 189.1
65000 83.4
70000 150.9
75000 23.9
80000 105.3
85000 33.9
90000 82.6
95000 117.5
100000 44.4
105000 146.1
110000 49.1
115000 154.7
120000 297.8
125000 387.1
130000 265.7
135000 302.2
140000 60.4
145000 86.6
150000 224.1
155000 171.6
160000 25.0
165000 123.5
170000 204.3
175000 347.4
180000 173.3
185000 143.0
190000 233.1
195000 65.4
200000 86.1
205000 61.4
210000 318.4
215000 243.3
220000 233.4
225000 273.3
230000 166.5
235000 25.8
240000 200.8
245000 89.3
250000 244.5
255000 347.6
260000 227.6
265000 83.1
270000 342.3
275000 217.8
280000 362.2
285000 165.0
290000 153.7
295000 378.2
300000 113.0
305000 311.2
310000 344.4
315000 346.5
320000 339.4
325000 262.7
330000 229.8
335000 112.2
340000 107.7
345000 338.6
350000 180.4
355000 322.8
360000 387.6
365000 223.5
370000 260.7
375000 275.5
380000 450.1
385000 294.2
390000 381.9
395000 403.8
400000 324.0
405000 261.4
410000 258.1
415000 437.7
420000 191.4
425000 467.3
430000 128.2
435000 181.8
440000 574.4
445000 102.2
450000 276.4
455000 127.6
460000 146.5
465000 208.0
470000 430.5
475000 88.7
480000 109.3
485000 345.2
490000 478.7
495000 394.7
500000 277.6
505000 68.1
510000 141.5
515000 229.3
520000 137.6
525000 178.1
530000 332.0
535000 412.8
540000 80.2
545000 256.8
550000 79.3
555000 15.0
560000 114.9
565000 506.4
570000 517.8
575000 427.6
580000 399.2
585000 444.4
590000 309.2
595000 192.0
600000 560.1
605000 280.2
610000 239.2
615000 200.6
620000 529.3
625000 302.9
630000 173.3
635000 292.2
640000 358.9
645000 262.5
650000 527.7
655000 343.2
660000 459.5
665000 18.0
670000 379.6
675000 435.4
680000 445.1
685000 111.5
690000 460.4
695000 154.6
700000 106.9
705000 385.0
710000 413.0
715000 484.6
720000 363.4
725000 269.5
730000 109.5
735000 87.3
740000 234.8
745000 383.9
750000 208.0
755000 503.0
760000 160.5
765000 496.6
770000 493.5
775000 125.9
780000 26.1
785000 273.6
790000 502.4
795000 299.7
800000 115.6
805000 158.4
810000 178.4
815000 236.2
820000 372.1
825000 98.7
830000 408.4
835000 316.2
840000 471.6
845000 303.9
850000 347.0
855000 380.4
860000 10.8
865000 241.4
870000 287.6
875000 174.3
880000 269.6
885000 288.3
890000 340.0
895000 113.4
900000 127.7
905000 441.6
910000 207.9
915000 172.6
920000 306.5
925000 375.9
930000 296.8
935000 110.0
940000 275.1
945000 211.3
950000 163.9
955000 470.5
960000 274.4
965000 378.0
970000 109.9
975000 241.4
980000 484.8
985000 468.9
990000 229.6
995000 224.2
1000000 405.4
1005000 70.5
1010000 198.5
1015000 392.8
1020000 594.8
1025000 276.6
1030000 426.3
1035000 187.5
1040000 400.1
1045000 241.4
1050000 459.8
1055000 265.7
1060000 323.6
1065000 181.5
1070000 206.5
1075000 487.4
1080000 359.7
1085000 197.1
1090000 380.4
1095000 540.5
1100000 469.6
1105000 476.0
1110000 365.0
1115000 187.0
1120000 370.2
1125000 410.1
1130000 286.3
1135000 379.4
1140000 348.3
1145000 171.3
1150000 175.6
1155000 189.6
1160000 370.4
1165000 381.9
1170000 245.4
1175000 357.0
1180000 154.5
1185000 192.9
1190000 77.0
1195000 401.7
1200000 379.1
1205000 459.6
1210000 358.9
1215000 474.0
1220000 318.3
1225000 309.5
1230000 293.3
1235000 316.2
1240000 276.9
1245000 291.9
1250000 490.1
1255000 251.7
1260000 97.1
1265000 245.6
1270000 80.4
1275000 369.9
1280000 577.3
1285000 133.6
1290000 254.1
1295000 301.0
1300000 445.6
1305000 615.8
1310000 285.4
1315000 232.4
1320000 303.5
1325000 204.3
1330000 358.6
1335000 272.8
1340000 296.0
1345000 181.4
1350000 488.9
1355000 267.3
1360000 244.1
1365000 206.8
1370000 370.2
1375000 301.5
1380000 477.1
1385000 263.7
1390000 537.9
1395000 192.7
1400000 302.1
1405000 291.3
1410000 271.4
1415000 332.7
1420000 404.0
1425000 604.0
1430000 293.0
1435000 387.6
1440000 285.3
1445000 170.6
1450000 224.3
1455000 260.9
1460000 293.0
1465000 285.1
1470000 554.4
1475000 248.4
1480000 365.6
1485000 206.4
1490000 277.1
1495000 414.0
1500000 307.7
1505000 138.6
1510000 300.6
1515000 146.7
1520000 374.9
1525000 468.8
1530000 158.4
1535000 424.5
1540000 264.8
1545000 383.1
1550000 258.7
1555000 111.3
1560000 162.0
1565000 609.3
1570000 111.3
1575000 103.4
1580000 10.0
1585000 273.3
1590000 126.0
1595000 206.9
1600000 320.7
1605000 205.8
1610000 242.8
1615000 510.5
1620000 262.9
1625000 294.9
1630000 288.7
1635000 169.4
1640000 313.1
1645000 284.6
1650000 443.6
1655000 279.5
1660000 312.6
1665000 497.9
1670000 381.1
1675000 553.3
1680000 669.9
1685000 251.4
1690000 301.4
1695000 344.4
1700000 239.0
1705000 350.4
1710000 593.2
1715000 121.9
1720000 430.1
1725000 372.3
1730000 459.8
1735000 478.6
1740000 399.1
1745000 201.9
1750000 331.9
1755000 146.7
1760000 203.3
1765000 518.8
1770000 622.9
1775000 242.7
1780000 538.4
1785000 424.0
1790000 317.4
1795000 399.8
1800000 539.7
1805000 450.8
1810000 436.5
1815000 261.5
1820000 343.1
1825000 314.4
1830000 117.4
1835000 249.5
1840000 505.8
1845000 536.1
1850000 338.3
1855000 323.0
1860000 480.6
1865000 137.3
1870000 373.8
1875000 271.9
1880000 416.9
1885000 665.0
1890000 219.2
1895000 285.0
1900000 435.7
1905000 288.5
1910000 427.2
1915000 302.9
