5000 234.1
10000 120.9
15000 346.6
20000 64.8
25000 101.7
30000 168.0
35000 44.6
40000 226.5
45000 187.8
50000 117.9
55000 118.2
60000 153.9
65000 217.7
70000 121.2
75000 215.8
80000 124.6
85000 101.8
90000 122.0
95000 125.3
100000 359.3
105000 205.4
110000 312.3
115000 206.4
120000 121.6
125000 131.6
130000 141.4
135000 89.6
140000 126.9
145000 294.4
150000 110.2
155000 179.3
160000 239.4
165000 114.3
170000 256.2
175000 65.0
180000 187.8
185000 172.5
190000 121.6
195000 175.0
200000 152.7
205000 184.1
210000 191.4
215000 210.4
220000 300.0
225000 287.5
230000 400.0
235000 52.5
240000 396.5
245000 352.2
250000 196.0
255000 465.6
260000 141.3
265000 148.5
270000 384.2
275000 164.0
280000 208.6
285000 204.0
290000 464.3
295000 184.8
300000 293.0
305000 320.7
310000 119.3
315000 210.9
320000 298.8
325000 280.8
330000 120.4
335000 443.5
340000 205.4
345000 478.8
350000 188.6
355000 342.8
360000 280.7
365000 200.8
370000 394.1
375000 280.4
380000 277.1
385000 276.5
390000 282.5
395000 177.2
400000 187.5
405000 76.8
410000 197.7
415000 165.3
420000 225.8
425000 114.2
430000 202.4
435000 422.7
440000 334.8
445000 323.6
450000 339.3
455000 417.1
460000 302.6
465000 553.7
470000 463.0
475000 364.8
480000 297.7
485000 370.1
490000 200.1
495000 366.3
500000 230.3
505000 114.1
510000 453.9
515000 206.9
520000 295.4
525000 393.9
530000 269.0
535000 381.1
540000 391.7
545000 371.5
550000 377.4
555000 98.6
560000 601.5
565000 370.8
570000 351.0
575000 439.4
580000 224.8
585000 262.9
590000 287.7
595000 280.9
600000 272.2
605000 363.3
610000 377.3
615000 312.8
620000 404.6
625000 355.2
630000 399.8
635000 49.7
640000 238.8
645000 442.0
650000 424.3
655000 310.2
660000 611.3
665000 380.5
670000 296.9
675000 152.7
680000 595.0
685000 206.3
690000 650.1
695000 16.5
700000 313.3
705000 185.3
710000 296.2
715000 84.0
720000 181.9
725000 366.7
730000 13.9
735000 269.8
740000 362.6
745000 282.5
750000 99.5
755000 439.9
760000 376.6
765000 301.8
770000 373.5
775000 202.3
780000 492.7
785000 217.3
790000 269.5
795000 271.8
800000 211.4
805000 464.5
810000 531.7
815000 345.1
820000 268.6
825000 321.1
830000 124.5
835000 447.7
840000 201.1
845000 187.9
850000 433.5
855000 328.3
860000 202.1
865000 284.0
870000 267.0
875000 309.7
880000 183.9
885000 180.6
890000 362.1
895000 406.9
900000 109.0
905000 200.1
910000 291.3
915000 288.5
920000 256.6
925000 26.5
930000 99.4
935000 117.0
940000 317.5
945000 377.6
950000 243.3
955000 387.9
960000 189.7
965000 352.7
970000 223.8
975000 395.0
980000 75.2
985000 306.2
990000 308.0
995000 210.0
1000000 231.3
1005000 74.1
1010000 573.4
1015000 509.5
1020000 118.3
1025000 279.7
1030000 207.6
1035000 295.8
1040000 201.4
1045000 206.5
1050000 108.0
1055000 539.9
1060000 497.3
1065000 355.5
1070000 374.8
1075000 256.2
1080000 222.2
1085000 336.3
1090000 338.4
1095000 113.3
1100000 181.5
1105000 292.9
1110000 244.9
1115000 358.9
1120000 502.8
1125000 488.7
1130000 246.9
1135000 230.6
1140000 107.8
1145000 136.4
1150000 350.1
1155000 13.7
1160000 357.8
1165000 283.0
1170000 302.6
1175000 182.9
1180000 21.5
1185000 346.6
1190000 396.8
1195000 345.1
1200000 349.8
1205000 417.9
1210000 148.0
1215000 282.4
1220000 330.8
1225000 411.7
1230000 438.2
1235000 299.3
1240000 343.3
1245000 182.9
1250000 115.9
1255000 80.0
1260000 268.6
1265000 472.3
1270000 207.5
1275000 307.7
1280000 494.1
1285000 523.1
1290000 340.8
1295000 244.3
1300000 449.2
1305000 479.5
1310000 192.6
1315000 577.2
1320000 115.0
1325000 388.0
1330000 339.4
1335000 468.1
1340000 461.8
1345000 364.1
1350000 591.2
1355000 161.7
1360000 398.8
1365000 294.8
1370000 384.0
1375000 272.7
1380000 396.8
1385000 507.8
1390000 112.1
1395000 271.4
1400000 393.3
1405000 579.0
1410000 355.3
1415000 385.7
1420000 620.0
1425000 339.2
1430000 554.0
1435000 285.8
1440000 356.7
1445000 510.2
1450000 360.7
1455000 457.7
1460000 364.4
1465000 524.0
1470000 301.7
1475000 259.6
1480000 296.2
1485000 255.4
1490000 272.0
1495000 240.0
1500000 436.2
1505000 202.7
1510000 351.6
1515000 196.9
1520000 354.0
1525000 257.1
1530000 115.9
1535000 600.2
1540000 169.5
1545000 505.0
1550000 169.1
1555000 366.2
1560000 503.6
1565000 207.7
1570000 337.5
1575000 303.1
1580000 470.7
1585000 372.4
1590000 173.6
1595000 182.0
1600000 548.6
1605000 201.9
1610000 161.9
1615000 247.6
1620000 283.1
1625000 474.7
1630000 406.8
1635000 288.7
1640000 200.3
1645000 409.9
1650000 491.9
1655000 226.4
1660000 216.2
1665000 274.0
1670000 319.6
1675000 580.4
1680000 288.4
1685000 82.1
1690000 311.6
1695000 308.5
1700000 186.4
1705000 294.7
1710000 358.2
1715000 299.3
1720000 365.0
1725000 383.6
1730000 454.2
1735000 120.6
1740000 183.9
1745000 449.6
1750000 506.0
1755000 145.1
1760000 113.7
1765000 564.1
1770000 410.4
1775000 100.8
1780000 13.6
1785000 287.7
1790000 125.7
1795000 360.9
1800000 197.8
1805000 540.9
1810000 513.2
1815000 425.9
1820000 508.9
1825000 349.1
1830000 291.1
1835000 107.3
1840000 514.5
1845000 212.4
1850000 573.9
1855000 355.5
1860000 389.3
1865000 283.4
1870000 403.3
1875000 296.4
1880000 344.0
1885000 338.8
1890000 12.2
1895000 447.7
1900000 586.4
1905000 407.4
1910000 207.0
1915000 96.1
1920000 343.7
1925000 405.9
1930000 247.0
1935000 310.0
1940000 401.5
1945000 300.5
1950000 330.9
1955000 374.6
1960000 366.8
1965000 365.7
1970000 355.1
1975000 347.1
1980000 254.1
1985000 300.5
1990000 196.5
1995000 396.7
2000000 197.3
