5000 74.6
10000 100.9
15000 182.0
20000 24.2
25000 255.8
30000 109.8
35000 135.2
40000 244.6
45000 243.5
50000 203.7
55000 173.8
60000 152.2
65000 177.1
70000 191.6
75000 314.6
80000 13.3
85000 162.9
90000 87.0
95000 203.5
100000 187.8
105000 222.7
110000 129.2
115000 290.6
120000 79.0
125000 393.0
130000 100.5
135000 243.4
140000 560.9
145000 272.0
150000 52.3
155000 214.2
160000 32.5
165000 107.8
170000 97.6
175000 256.8
180000 276.3
185000 258.0
190000 111.8
195000 352.2
200000 313.6
205000 192.3
210000 178.6
215000 136.9
220000 276.4
225000 370.2
230000 244.9
235000 456.6
240000 206.5
245000 18.9
250000 152.2
255000 210.0
260000 183.4
265000 443.4
270000 261.4
275000 262.7
280000 131.7
285000 380.9
290000 241.4
295000 295.9
300000 193.8
305000 452.8
310000 46.2
315000 178.9
320000 441.3
325000 273.3
330000 380.3
335000 145.0
340000 240.7
345000 357.8
350000 258.2
355000 238.9
360000 203.3
365000 192.3
370000 106.0
375000 315.1
380000 340.7
385000 111.0
390000 298.9
395000 331.3
400000 14.5
405000 463.8
410000 167.3
415000 515.2
420000 540.2
425000 337.6
430000 374.3
435000 257.1
440000 243.4
445000 294.6
450000 210.7
455000 258.4
460000 463.5
465000 102.0
470000 309.6
475000 401.8
480000 83.3
485000 310.2
490000 381.2
495000 252.2
500000 12.0
505000 173.5
510000 303.5
515000 551.4
520000 321.9
525000 204.8
530000 345.6
535000 366.7
540000 257.4
545000 51.9
550000 516.3
555000 285.5
560000 396.5
565000 224.5
570000 70.5
575000 299.8
580000 146.4
585000 271.6
590000 110.7
595000 209.6
600000 285.7
605000 473.7
610000 193.8
615000 305.0
620000 123.7
625000 152.8
630000 242.8
635000 351.9
640000 188.4
645000 208.1
650000 402.3
655000 227.7
660000 284.0
665000 258.2
670000 208.3
675000 375.2
680000 550.5
685000 246.6
690000 357.7
695000 436.4
700000 246.6
705000 396.9
710000 90.8
715000 461.1
720000 440.4
725000 635.6
730000 204.2
735000 160.5
740000 390.0
745000 385.0
750000 281.8
755000 381.7
760000 351.9
765000 308.1
770000 232.4
775000 590.1
780000 182.0
785000 244.5
790000 458.9
795000 214.4
800000 171.4
805000 476.3
810000 315.3
815000 309.6
820000 208.1
825000 203.2
830000 307.7
835000 372.4
840000 696.0
845000 212.3
850000 178.1
855000 312.4
860000 355.1
865000 380.9
870000 242.7
875000 110.8
880000 412.3
885000 424.3
890000 9.9
895000 477.9
900000 399.0
905000 510.6
910000 413.7
915000 344.4
920000 365.0
925000 393.7
930000 288.5
935000 148.7
940000 410.2
945000 190.9
950000 85.1
955000 139.7
960000 281.3
965000 373.2
970000 179.6
975000 470.7
980000 509.0
985000 99.7
990000 429.5
995000 119.1
1000000 381.3
1005000 149.5
1010000 264.4
1015000 394.8
1020000 413.0
1025000 459.4
1030000 303.0
1035000 505.0
1040000 503.1
1045000 277.0
1050000 25.5
1055000 259.0
1060000 108.0
1065000 235.0
1070000 613.5
1075000 159.4
1080000 396.0
1085000 518.3
1090000 201.2
1095000 306.0
1100000 182.4
1105000 213.7
1110000 279.0
1115000 112.3
1120000 281.6
1125000 400.9
1130000 388.3
1135000 489.2
1140000 112.7
1145000 204.3
1150000 281.3
1155000 422.5
1160000 399.2
1165000 382.4
1170000 350.3
1175000 374.8
1180000 462.8
1185000 215.8
1190000 166.9
1195000 651.8
1200000 217.5
1205000 310.1
1210000 277.5
1215000 364.4
1220000 195.5
1225000 337.6
1230000 190.9
1235000 233.5
1240000 722.8
1245000 305.4
1250000 433.7
1255000 349.2
1260000 350.2
1265000 262.8
1270000 267.3
1275000 372.1
1280000 422.9
1285000 239.7
1290000 227.9
1295000 194.1
1300000 457.0
1305000 487.4
1310000 242.6
1315000 288.9
1320000 267.2
1325000 320.8
1330000 363.2
1335000 486.7
1340000 427.8
1345000 279.9
1350000 520.6
1355000 207.3
1360000 218.7
1365000 160.3
1370000 241.8
1375000 134.0
1380000 147.3
1385000 429.7
1390000 276.7
1395000 613.4
1400000 387.1
1405000 475.6
1410000 234.3
1415000 334.2
1420000 270.3
1425000 450.3
1430000 197.1
1435000 289.9
1440000 394.7
1445000 586.9
1450000 329.9
1455000 535.4
1460000 399.4
1465000 304.2
1470000 597.6
1475000 82.7
1480000 330.6
1485000 596.6
1490000 285.6
1495000 252.4
1500000 437.8
1505000 442.6
1510000 299.8
1515000 334.8
1520000 692.5
1525000 252.0
1530000 402.9
1535000 405.1
1540000 195.4
1545000 273.8
1550000 236.3
1555000 115.4
1560000 462.7
1565000 335.5
1570000 302.7
1575000 205.7
1580000 398.0
1585000 260.0
1590000 404.6
1595000 242.8
1600000 281.4
1605000 232.1
1610000 153.5
1615000 458.6
1620000 208.7
1625000 109.2
1630000 415.0
1635000 201.3
1640000 526.3
1645000 277.8
1650000 521.4
1655000 254.3
1660000 303.4
1665000 330.2
1670000 362.9
1675000 192.2
1680000 218.7
1685000 343.1
1690000 402.8
1695000 355.5
1700000 290.0
1705000 285.3
1710000 148.9
1715000 290.7
1720000 531.3
1725000 278.2
1730000 205.1
1735000 525.0
1740000 408.4
1745000 489.4
1750000 457.7
1755000 211.6
1760000 211.3
1765000 295.8
1770000 280.0
1775000 376.7
1780000 371.9
1785000 566.7
1790000 390.5
1795000 108.0
1800000 365.9
1805000 187.4
1810000 262.1
1815000 364.8
1820000 10.7
1825000 108.5
1830000 491.1
1835000 204.7
1840000 403.3
1845000 268.7
1850000 153.2
1855000 333.0
1860000 85.0
1865000 177.8
1870000 364.8
1875000 289.4
1880000 339.4
1885000 446.4
1890000 444.3
1895000 347.7
1900000 431.1
1905000 304.1
1910000 316.3
1915000 391.5
1920000 370.5
1925000 397.0
1930000 210.4
1935000 274.7
1940000 442.4
1945000 365.6
1950000 374.3
1955000 300.5
1960000 402.2
1965000 257.1
1970000 285.6
1975000 315.6
1980000 263.1
1985000 368.6
1990000 59.0
1995000 234.1
2000000 197.7
