5000 86.7
10000 212.8
15000 191.9
20000 337.4
25000 472.1
30000 298.5
35000 313.4
40000 105.8
45000 197.4
50000 397.6
55000 166.2
60000 239.5
65000 351.0
70000 300.6
75000 118.0
80000 190.1
85000 316.1
90000 113.8
95000 136.1
100000 150.5
105000 85.3
110000 192.9
115000 180.2
120000 75.3
125000 247.2
130000 160.8
135000 167.3
140000 228.5
145000 156.4
150000 167.4
155000 280.3
160000 179.0
165000 233.2
170000 413.8
175000 200.8
180000 350.3
185000 358.4
190000 236.8
195000 331.8
200000 56.4
205000 153.2
210000 362.5
215000 83.5
220000 155.6
225000 355.3
230000 272.7
235000 186.0
240000 134.7
245000 151.1
250000 100.3
255000 281.3
260000 299.0
265000 251.5
270000 309.1
275000 372.7
280000 103.0
285000 293.4
290000 241.6
295000 192.8
300000 179.8
305000 352.6
310000 313.7
315000 456.7
320000 159.7
325000 91.1
330000 276.2
335000 451.6
340000 456.5
345000 219.7
350000 91.1
355000 161.7
360000 327.2
365000 373.5
370000 111.3
375000 168.3
380000 321.7
385000 350.6
390000 104.4
395000 196.5
400000 83.8
405000 321.5
410000 226.8
415000 400.6
420000 277.6
425000 618.8
430000 457.5
435000 297.8
440000 325.7
445000 272.8
450000 130.3
455000 397.8
460000 144.8
465000 276.0
470000 80.3
475000 426.3
480000 257.5
485000 495.3
490000 336.6
495000 451.9
500000 212.9
505000 288.9
510000 427.2
515000 375.8
520000 331.0
525000 267.3
530000 395.3
535000 354.6
540000 467.5
545000 532.5
550000 275.4
555000 261.1
560000 215.4
565000 248.7
570000 268.9
575000 377.9
580000 315.8
585000 218.6
590000 379.3
595000 278.1
600000 248.8
605000 336.4
610000 444.6
615000 9.6
620000 303.9
625000 116.3
630000 112.2
635000 321.8
640000 346.1
645000 243.7
650000 400.1
655000 259.6
660000 267.8
665000 251.9
670000 542.4
675000 110.2
680000 90.2
685000 135.9
690000 433.4
695000 281.8
700000 465.9
705000 482.5
710000 205.9
715000 159.5
720000 284.5
725000 398.5
730000 282.2
735000 296.0
740000 318.0
745000 202.6
750000 112.2
755000 418.9
760000 435.0
765000 359.0
770000 363.0
775000 215.4
780000 453.9
785000 548.9
790000 185.1
795000 147.1
800000 301.1
805000 281.6
810000 384.6
815000 280.7
820000 289.5
825000 371.8
830000 631.6
835000 170.9
840000 39.3
845000 283.4
850000 162.5
855000 394.2
860000 390.4
865000 304.3
870000 160.5
875000 413.3
880000 299.1
885000 10.8
890000 304.9
895000 126.5
900000 351.4
905000 353.8
910000 436.9
915000 171.5
920000 205.2
925000 295.0
930000 299.1
935000 558.2
940000 217.6
945000 381.9
950000 235.0
955000 175.6
960000 368.2
965000 454.3
970000 260.2
975000 288.2
980000 503.3
985000 254.7
990000 165.4
995000 392.1
1000000 395.2
1005000 130.6
1010000 485.8
1015000 183.5
1020000 252.3
1025000 470.8
1030000 369.6
1035000 111.3
1040000 424.2
1045000 397.5
1050000 87.3
1055000 435.2
1060000 160.0
1065000 371.5
1070000 92.0
1075000 306.3
1080000 373.1
1085000 198.5
1090000 194.0
1095000 135.7
1100000 273.9
1105000 487.6
1110000 392.3
1115000 442.1
1120000 444.7
1125000 303.9
1130000 518.7
1135000 269.6
1140000 390.1
1145000 182.7
1150000 325.6
1155000 505.6
1160000 335.0
1165000 399.1
1170000 330.8
1175000 464.2
1180000 261.0
1185000 185.3
1190000 309.1
1195000 475.0
1200000 303.6
1205000 260.5
1210000 475.3
1215000 416.5
1220000 337.6
1225000 293.0
1230000 392.3
1235000 322.6
1240000 236.9
1245000 285.8
1250000 278.3
1255000 294.5
1260000 545.0
1265000 509.8
1270000 373.7
1275000 537.7
1280000 400.8
1285000 370.7
1290000 197.8
1295000 366.8
1300000 379.0
1305000 184.6
1310000 272.0
1315000 303.3
1320000 243.4
1325000 128.8
1330000 279.7
1335000 350.6
1340000 475.3
1345000 560.9
1350000 631.0
1355000 273.6
1360000 274.7
1365000 570.3
1370000 275.8
1375000 269.4
1380000 351.2
1385000 243.8
1390000 298.5
1395000 359.4
1400000 414.7
1405000 242.2
1410000 230.6
1415000 225.9
1420000 292.7
1425000 478.9
1430000 372.2
1435000 478.1
1440000 306.1
1445000 166.5
1450000 440.9
1455000 215.3
1460000 445.2
1465000 241.4
1470000 233.1
1475000 314.8
1480000 99.5
1485000 480.6
1490000 207.2
1495000 450.9
1500000 332.1
1505000 148.7
1510000 269.7
1515000 209.5
1520000 187.4
1525000 442.5
1530000 336.6
1535000 513.8
1540000 427.2
1545000 195.3
1550000 88.5
1555000 437.4
1560000 267.5
1565000 480.2
1570000 305.1
1575000 378.8
1580000 102.7
1585000 318.1
1590000 209.2
1595000 351.2
1600000 117.8
1605000 140.9
1610000 383.9
1615000 577.7
1620000 243.1
1625000 311.7
1630000 281.1
1635000 460.0
1640000 381.2
1645000 550.7
1650000 165.3
1655000 249.8
1660000 446.2
1665000 267.3
1670000 375.4
1675000 289.7
1680000 306.8
1685000 446.5
1690000 461.4
1695000 151.1
1700000 206.7
1705000 349.5
1710000 353.8
1715000 278.9
1720000 212.4
1725000 267.0
1730000 178.2
1735000 396.3
1740000 399.9
1745000 275.8
1750000 95.9
1755000 205.8
1760000 108.4
1765000 208.5
1770000 259.0
1775000 111.4
1780000 281.8
1785000 97.2
1790000 299.3
1795000 311.8
1800000 306.0
1805000 77.5
1810000 149.3
1815000 290.2
1820000 75.0
1825000 227.6
1830000 364.2
1835000 372.7
1840000 384.9
1845000 486.8
1850000 286.7
1855000 303.3
1860000 286.7
1865000 309.3
1870000 354.7
1875000 207.1
1880000 392.9
1885000 470.8
1890000 346.6
1895000 497.5
1900000 253.7
1905000 90.7
1910000 161.6
1915000 398.0
1920000 294.7
1925000 237.3
1930000 355.6
1935000 564.6
1940000 485.8
1945000 218.6
1950000 490.8
1955000 494.0
1960000 326.9
1965000 246.3
1970000 256.6
1975000 374.6
1980000 657.6
1985000 315.9
1990000 361.7
1995000 247.8
2000000 414.0
