5000 180.6
10000 282.0
15000 245.7
20000 162.3
25000 18.9
30000 224.3
35000 46.3
40000 17.0
45000 31.2
50000 104.9
55000 79.3
60000 244.3
65000 207.0
70000 196.6
75000 85.4
80000 68.8
85000 33.3
90000 88.1
95000 15.3
100000 234.9
105000 28.3
110000 111.2
115000 204.1
120000 109.5
125000 306.6
130000 23.7
135000 115.3
140000 240.6
145000 237.4
150000 103.6
155000 87.2
160000 379.1
165000 122.7
170000 159.7
175000 146.0
180000 111.1
185000 109.4
190000 192.8
195000 119.3
200000 253.6
205000 237.1
210000 209.7
215000 434.6
220000 108.0
225000 187.4
230000 17.9
235000 300.1
240000 287.3
245000 241.5
250000 256.7
255000 457.4
260000 157.3
265000 159.6
270000 301.4
275000 153.3
280000 109.8
285000 382.0
290000 176.2
295000 188.6
300000 212.9
305000 294.7
310000 315.1
315000 208.5
320000 101.5
325000 185.6
330000 342.8
335000 335.2
340000 236.1
345000 185.8
350000 314.6
355000 205.7
360000 421.0
365000 307.4
370000 305.0
375000 59.5
380000 288.5
385000 61.6
390000 201.0
395000 20.4
400000 393.6
405000 189.0
410000 117.7
415000 311.9
420000 240.6
425000 290.7
430000 191.7
435000 301.7
440000 182.7
445000 319.3
450000 476.4
455000 368.3
460000 434.9
465000 175.9
470000 255.8
475000 315.1
480000 29.0
485000 309.7
490000 504.7
495000 294.0
500000 311.2
505000 459.4
510000 58.5
515000 297.9
520000 288.2
525000 163.0
530000 197.9
535000 212.7
540000 359.3
545000 244.8
550000 317.8
555000 207.2
560000 237.3
565000 158.5
570000 354.0
575000 359.3
580000 107.4
585000 287.5
590000 268.5
595000 243.2
600000 174.6
605000 40.1
610000 115.9
615000 258.0
620000 291.8
625000 183.4
630000 142.3
635000 536.8
640000 133.4
645000 317.4
650000 290.1
655000 298.5
660000 350.0
665000 447.2
670000 109.3
675000 86.0
680000 15.0
685000 406.3
690000 377.6
695000 166.0
700000 341.5
705000 318.8
710000 210.9
715000 338.9
720000 239.5
725000 281.2
730000 381.7
735000 269.3
740000 372.5
745000 111.3
750000 243.3
755000 279.3
760000 396.9
765000 260.4
770000 311.2
775000 276.0
780000 373.5
785000 173.2
790000 330.5
795000 212.3
800000 306.9
805000 305.3
810000 181.4
815000 529.5
820000 110.9
825000 95.3
830000 650.4
835000 241.5
840000 431.7
845000 363.3
850000 479.9
855000 87.6
860000 303.3
865000 608.3
870000 247.4
875000 528.8
880000 108.6
885000 334.9
890000 160.1
895000 259.5
900000 260.6
905000 264.0
910000 290.2
915000 315.7
920000 142.9
925000 185.7
930000 292.5
935000 308.1
940000 367.4
945000 527.0
950000 273.8
955000 290.6
960000 303.4
965000 286.7
970000 150.1
975000 154.3
980000 233.8
985000 255.7
990000 174.8
995000 468.4
1000000 374.0
1005000 55.1
1010000 386.6
1015000 131.3
1020000 397.8
1025000 345.6
1030000 432.9
1035000 244.0
1040000 445.3
1045000 522.9
1050000 393.3
1055000 301.6
1060000 490.4
1065000 106.3
1070000 545.2
1075000 523.0
1080000 210.8
1085000 340.2
1090000 744.4
1095000 200.2
1100000 297.6
1105000 482.3
1110000 367.6
1115000 278.9
1120000 451.1
1125000 578.8
1130000 521.5
1135000 369.3
1140000 127.6
1145000 284.2
1150000 266.8
1155000 218.2
1160000 110.3
1165000 446.8
1170000 369.9
1175000 437.3
1180000 176.5
1185000 364.0
1190000 485.4
1195000 419.3
1200000 115.8
1205000 154.6
1210000 196.6
1215000 548.3
1220000 399.3
1225000 392.0
1230000 378.2
1235000 164.3
1240000 292.6
1245000 173.6
1250000 524.4
1255000 524.6
1260000 537.3
1265000 505.9
1270000 386.5
1275000 299.5
1280000 463.1
1285000 338.1
1290000 275.9
1295000 499.6
1300000 203.0
1305000 197.5
1310000 388.5
1315000 205.8
1320000 333.6
1325000 555.6
1330000 288.8
1335000 395.8
1340000 110.8
1345000 450.4
1350000 312.6
1355000 290.2
1360000 260.1
1365000 179.3
1370000 339.4
1375000 202.8
1380000 176.6
1385000 456.5
1390000 319.2
1395000 89.8
1400000 254.9
1405000 194.4
1410000 401.7
1415000 318.6
1420000 355.9
1425000 429.2
1430000 273.4
1435000 16.3
1440000 188.6
1445000 363.0
1450000 373.1
1455000 198.7
1460000 380.7
1465000 276.8
1470000 467.1
1475000 353.4
1480000 164.2
1485000 460.8
1490000 139.0
1495000 255.1
1500000 204.4
1505000 252.3
1510000 205.5
1515000 589.9
1520000 319.4
1525000 379.6
1530000 322.5
1535000 180.8
1540000 208.7
1545000 210.4
1550000 229.5
1555000 280.5
1560000 397.0
1565000 241.6
1570000 139.3
1575000 560.9
1580000 447.8
1585000 294.2
1590000 449.9
1595000 352.8
1600000 272.0
1605000 195.2
1610000 293.2
1615000 250.1
1620000 404.7
1625000 427.6
1630000 140.9
1635000 410.3
1640000 420.9
1645000 242.9
1650000 276.3
1655000 563.4
1660000 129.2
1665000 365.8
1670000 401.6
1675000 355.0
1680000 304.7
1685000 244.9
1690000 415.2
1695000 378.7
1700000 105.0
1705000 335.5
1710000 330.0
1715000 484.4
1720000 232.6
1725000 396.2
1730000 285.6
1735000 432.4
1740000 187.3
1745000 338.8
1750000 472.9
1755000 380.7
1760000 387.8
1765000 229.2
1770000 150.4
1775000 460.6
1780000 266.5
1785000 618.3
1790000 147.1
1795000 477.7
1800000 585.3
1805000 365.1
1810000 477.3
1815000 231.0
1820000 384.0
1825000 236.9
1830000 337.4
1835000 488.7
1840000 450.0
1845000 197.0
1850000 209.8
1855000 532.5
1860000 380.9
1865000 345.7
1870000 271.6
1875000 205.1
1880000 257.2
1885000 184.5
1890000 241.9
1895000 339.3
1900000 467.9
1905000 503.2
1910000 288.4
1915000 475.7
1920000 531.0
1925000 395.8
1930000 248.1
1935000 249.4
1940000 666.9
1945000 274.0
1950000 419.5
1955000 253.6
1960000 411.0
1965000 306.5
1970000 394.8
1975000 290.3
1980000 356.4
1985000 306.0
1990000 533.4
1995000 615.6
2000000 330.2
