5000 138.7
10000 115.7
15000 93.9
20000 253.4
25000 236.2
30000 273.9
35000 185.4
40000 192.3
45000 80.0
50000 15.9
55000 231.0
60000 110.6
65000 157.6
70000 105.7
75000 148.9
80000 146.0
85000 248.8
90000 100.1
95000 203.2
100000 136.3
105000 121.8
110000 29.5
115000 197.3
120000 102.3
125000 156.1
130000 233.4
135000 13.9
140000 242.6
145000 101.8
150000 37.3
155000 101.4
160000 31.3
165000 188.1
170000 180.9
175000 132.1
180000 16.8
185000 174.1
190000 194.3
195000 230.4
200000 120.5
205000 209.2
210000 114.6
215000 272.9
220000 225.6
225000 299.8
230000 232.7
235000 383.9
240000 381.0
245000 105.3
250000 134.6
255000 138.5
260000 105.8
265000 318.7
270000 128.5
275000 104.6
280000 214.2
285000 79.0
290000 15.8
295000 307.1
300000 180.7
305000 199.9
310000 424.2
315000 445.7
320000 105.5
325000 113.9
330000 321.3
335000 381.6
340000 535.3
345000 225.1
350000 223.5
355000 337.7
360000 100.1
365000 239.7
370000 178.6
375000 324.6
380000 213.3
385000 181.5
390000 54.2
395000 334.4
400000 165.1
405000 35.3
410000 396.2
415000 334.4
420000 360.3
425000 285.8
430000 262.9
435000 185.0
440000 410.5
445000 264.3
450000 183.8
455000 503.0
460000 496.4
465000 112.5
470000 235.5
475000 449.7
480000 390.9
485000 14.8
490000 327.3
495000 287.5
500000 190.4
505000 479.6
510000 475.6
515000 203.5
520000 350.3
525000 244.9
530000 281.0
535000 164.1
540000 95.1
545000 103.4
550000 117.1
555000 237.2
560000 292.2
565000 288.4
570000 255.7
575000 304.6
580000 272.4
585000 116.6
590000 94.8
595000 210.8
600000 276.9
605000 109.4
610000 110.1
615000 289.3
620000 241.7
625000 366.0
630000 499.5
635000 141.2
640000 426.9
645000 290.3
650000 303.5
655000 186.6
660000 370.8
665000 395.8
670000 280.2
675000 347.6
680000 218.8
685000 257.1
690000 203.5
695000 317.5
700000 563.4
705000 166.5
710000 283.0
715000 298.4
720000 166.7
725000 457.7
730000 306.4
735000 132.4
740000 475.1
745000 499.9
750000 128.6
755000 372.6
760000 287.8
765000 21.5
770000 387.7
775000 187.6
780000 302.9
785000 111.1
790000 9.5
795000 375.6
800000 390.1
805000 626.8
810000 119.6
815000 298.4
820000 344.6
825000 323.8
830000 587.7
835000 306.6
840000 402.9
845000 116.0
850000 504.1
855000 276.0
860000 270.4
865000 404.0
870000 98.3
875000 220.2
880000 342.8
885000 269.7
890000 179.7
895000 424.9
900000 107.2
905000 57.6
910000 437.3
915000 222.1
920000 204.0
925000 114.2
930000 205.7
935000 345.3
940000 536.0
945000 388.8
950000 258.9
955000 477.0
960000 310.8
965000 478.3
970000 111.9
975000 309.6
980000 301.7
985000 200.5
990000 285.1
995000 329.1
1000000 100.5
1005000 611.7
1010000 306.1
1015000 497.2
1020000 293.0
1025000 285.6
1030000 291.3
1035000 287.4
1040000 275.2
1045000 532.0
1050000 454.8
1055000 214.2
1060000 196.3
1065000 194.5
1070000 362.0
1075000 282.2
1080000 361.3
1085000 324.2
1090000 327.6
1095000 407.2
1100000 370.3
1105000 167.9
1110000 110.3
1115000 181.0
1120000 299.5
1125000 199.9
1130000 285.0
1135000 447.9
1140000 464.1
1145000 350.9
1150000 378.6
1155000 370.4
1160000 485.0
1165000 234.2
1170000 357.3
1175000 376.1
1180000 300.4
1185000 324.7
1190000 13.6
1195000 353.2
1200000 377.0
1205000 350.7
1210000 333.7
1215000 94.0
1220000 106.3
1225000 283.9
1230000 327.5
1235000 274.5
1240000 286.9
1245000 258.0
1250000 525.7
1255000 386.7
1260000 289.1
1265000 121.9
1270000 310.5
1275000 171.8
1280000 465.3
1285000 217.3
1290000 201.8
1295000 110.1
1300000 288.5
1305000 382.6
1310000 365.6
1315000 329.9
1320000 288.4
1325000 380.4
1330000 108.9
1335000 409.1
1340000 226.2
1345000 235.5
1350000 278.4
1355000 283.6
1360000 392.8
1365000 274.1
1370000 347.5
1375000 529.6
1380000 206.5
1385000 250.4
1390000 490.7
1395000 304.3
1400000 296.5
1405000 534.5
1410000 360.6
1415000 258.7
1420000 141.9
1425000 168.4
1430000 211.1
1435000 216.3
1440000 335.2
1445000 292.0
1450000 403.7
1455000 477.4
1460000 386.3
1465000 347.8
1470000 278.6
1475000 362.7
1480000 262.2
1485000 89.2
1490000 151.6
1495000 364.8
1500000 503.1
1505000 393.8
1510000 558.4
1515000 330.0
1520000 548.6
1525000 194.3
1530000 372.6
1535000 206.8
1540000 284.1
1545000 154.2
1550000 202.3
1555000 108.1
1560000 101.5
1565000 288.6
1570000 442.8
1575000 291.7
1580000 340.8
1585000 432.4
1590000 441.1
1595000 494.4
1600000 171.2
1605000 320.1
1610000 383.5
1615000 256.7
1620000 111.3
1625000 208.7
1630000 301.1
1635000 116.1
1640000 447.1
1645000 102.0
1650000 116.3
1655000 247.1
1660000 457.9
1665000 213.8
1670000 428.3
1675000 323.2
1680000 288.1
1685000 196.5
1690000 379.1
1695000 194.9
1700000 245.3
1705000 253.6
