5000 207.3
10000 136.6
15000 339.8
20000 162.7
25000 102.3
30000 74.9
35000 44.7
40000 190.2
45000 274.9
50000 222.4
55000 114.5
60000 241.9
65000 112.1
70000 125.5
75000 507.8
80000 352.6
85000 235.6
90000 26.1
95000 79.4
100000 226.3
105000 18.2
110000 27.4
115000 174.4
120000 107.2
125000 249.3
130000 25.5
135000 153.6
140000 65.1
145000 105.2
150000 232.2
155000 191.6
160000 298.7
165000 146.4
170000 59.3
175000 173.0
180000 116.9
185000 130.6
190000 267.4
195000 191.5
200000 275.3
205000 100.1
210000 107.3
215000 242.5
220000 156.9
225000 100.3
230000 13.9
235000 256.7
240000 300.5
245000 453.0
250000 296.3
255000 198.5
260000 261.7
265000 503.3
270000 339.3
275000 117.1
280000 130.7
285000 61.1
290000 200.5
295000 292.3
300000 123.1
305000 346.2
310000 312.2
315000 185.3
320000 103.9
325000 114.0
330000 243.1
335000 159.3
340000 127.7
345000 32.5
350000 156.3
355000 449.5
360000 298.5
365000 293.5
370000 414.6
375000 382.5
380000 149.5
385000 192.3
390000 154.3
395000 233.0
400000 223.2
405000 674.6
410000 244.8
415000 216.1
420000 297.1
425000 217.3
430000 453.3
435000 414.8
440000 283.8
445000 81.4
450000 445.1
455000 136.3
460000 442.3
465000 264.5
470000 102.7
475000 189.4
480000 323.8
485000 263.3
490000 397.5
495000 347.3
500000 368.0
505000 361.0
510000 258.6
515000 147.7
520000 145.3
525000 368.8
530000 335.1
535000 377.2
540000 298.0
545000 270.4
550000 292.7
555000 374.7
560000 183.1
565000 256.1
570000 460.6
575000 182.6
580000 349.6
585000 246.5
590000 161.5
595000 129.4
600000 49.3
605000 255.6
610000 211.9
615000 197.3
620000 345.6
625000 304.0
630000 381.9
635000 205.2
640000 193.4
645000 329.2
650000 315.4
655000 465.9
660000 402.4
665000 176.2
670000 486.0
675000 304.1
680000 491.1
685000 482.6
690000 240.8
695000 101.3
700000 346.5
705000 348.0
710000 189.6
715000 240.1
720000 311.2
725000 303.8
730000 382.3
735000 198.1
740000 63.6
745000 343.2
750000 310.5
755000 191.7
760000 389.7
765000 444.5
770000 398.9
775000 437.1
780000 115.8
785000 89.2
790000 260.2
795000 294.0
800000 198.4
805000 232.3
810000 222.2
815000 366.9
820000 437.7
825000 531.5
830000 110.2
835000 258.2
840000 406.6
845000 481.3
850000 272.1
855000 539.6
860000 301.9
865000 216.3
870000 116.8
875000 424.7
880000 66.0
885000 471.0
890000 161.2
895000 110.8
900000 365.4
905000 158.9
910000 328.4
915000 327.8
920000 482.6
925000 285.4
930000 116.0
935000 398.1
940000 319.4
945000 347.1
950000 436.2
955000 435.1
960000 206.3
965000 371.8
970000 289.3
975000 488.3
980000 474.9
985000 134.3
990000 412.8
995000 461.2
1000000 358.8
1005000 358.6
1010000 177.6
1015000 342.9
1020000 305.2
1025000 296.6
1030000 389.4
1035000 235.2
1040000 272.4
1045000 57.2
1050000 202.9
1055000 552.6
1060000 362.5
1065000 712.2
1070000 166.1
1075000 506.3
1080000 348.3
1085000 16.6
1090000 167.6
1095000 386.5
1100000 281.3
1105000 98.2
1110000 277.5
1115000 107.4
1120000 142.2
1125000 381.0
1130000 226.2
1135000 211.2
1140000 110.2
1145000 322.1
1150000 163.9
1155000 305.3
1160000 241.5
1165000 128.0
1170000 295.8
1175000 350.3
1180000 208.6
1185000 202.3
1190000 305.3
1195000 376.5
1200000 106.2
1205000 361.6
1210000 438.4
1215000 454.8
1220000 115.3
1225000 262.6
1230000 491.7
1235000 346.9
1240000 441.5
1245000 224.3
1250000 123.6
1255000 197.3
1260000 218.2
1265000 255.2
1270000 96.4
1275000 235.9
1280000 612.8
1285000 489.1
1290000 320.8
1295000 316.7
1300000 341.2
1305000 364.8
1310000 293.4
1315000 360.5
1320000 467.4
1325000 340.3
1330000 303.9
1335000 271.0
1340000 274.7
1345000 307.8
1350000 270.4
1355000 204.4
1360000 178.1
1365000 198.3
1370000 179.1
1375000 227.7
1380000 332.8
1385000 180.6
1390000 281.1
1395000 301.0
1400000 329.3
1405000 280.0
1410000 351.8
1415000 372.1
1420000 373.7
1425000 420.1
1430000 483.6
1435000 284.4
1440000 400.4
1445000 461.7
1450000 471.6
1455000 294.8
1460000 385.1
1465000 299.7
1470000 286.7
1475000 535.6
1480000 405.4
1485000 311.0
1490000 377.8
1495000 407.7
1500000 377.1
1505000 270.4
1510000 436.6
1515000 355.8
1520000 487.0
1525000 363.9
1530000 295.1
1535000 356.5
1540000 324.7
1545000 526.4
1550000 292.4
1555000 209.4
1560000 220.5
1565000 551.1
1570000 14.0
1575000 371.5
1580000 179.5
1585000 356.1
1590000 189.7
1595000 228.9
1600000 498.9
1605000 196.2
1610000 540.9
1615000 172.4
1620000 378.6
1625000 391.3
1630000 540.9
1635000 292.1
1640000 306.7
1645000 291.9
1650000 245.6
1655000 342.9
1660000 189.4
1665000 256.0
1670000 366.9
1675000 290.2
1680000 342.8
1685000 195.1
1690000 199.3
1695000 324.4
1700000 491.7
1705000 572.7
1710000 472.1
1715000 263.5
1720000 53.8
1725000 172.5
1730000 583.5
1735000 204.4
1740000 385.0
1745000 169.7
1750000 385.6
1755000 209.3
1760000 282.5
1765000 401.2
1770000 457.7
1775000 425.7
1780000 199.3
1785000 319.9
1790000 563.0
1795000 108.5
1800000 300.8
1805000 210.8
1810000 245.1
1815000 265.7
1820000 570.9
1825000 358.6
1830000 401.7
1835000 329.3
1840000 435.5
1845000 470.9
1850000 299.2
1855000 560.5
1860000 657.3
1865000 344.9
1870000 325.3
1875000 352.4
1880000 178.5
1885000 270.8
1890000 297.7
1895000 374.5
1900000 184.9
1905000 140.7
1910000 470.3
1915000 365.8
1920000 269.1
1925000 300.1
1930000 221.7
1935000 483.9
1940000 419.8
1945000 430.8
1950000 372.5
1955000 294.2
1960000 444.5
1965000 197.4
1970000 133.9
1975000 209.7
1980000 142.1
1985000 328.4
1990000 120.6
1995000 257.1
2000000 273.2
