5000 15.1
10000 139.6
15000 146.5
20000 283.2
25000 296.5
30000 293.7
35000 337.5
40000 188.7
45000 149.1
50000 374.6
55000 98.1
60000 161.7
65000 128.1
70000 16.7
75000 58.3
80000 103.5
85000 341.4
90000 81.4
95000 129.2
100000 86.4
105000 135.1
110000 107.2
115000 70.9
120000 153.7
125000 174.6
130000 206.3
135000 180.1
140000 191.7
145000 320.1
150000 18.2
155000 19.4
160000 221.3
165000 181.8
170000 221.8
175000 204.3
180000 213.5
185000 268.9
190000 116.1
195000 226.9
200000 114.6
205000 206.9
210000 374.0
215000 181.3
220000 70.5
225000 168.8
230000 179.0
235000 161.7
240000 320.2
245000 298.8
250000 473.1
255000 350.1
260000 196.8
265000 235.0
270000 160.8
275000 270.5
280000 121.3
285000 253.5
290000 132.0
295000 310.0
300000 407.5
305000 367.6
310000 197.0
315000 199.8
320000 384.5
325000 278.1
330000 108.7
335000 312.5
340000 414.7
345000 542.1
350000 227.8
355000 194.1
360000 229.4
365000 295.2
370000 201.4
375000 129.3
380000 290.2
385000 192.6
390000 189.0
395000 304.8
400000 228.1
405000 219.7
410000 174.9
415000 125.2
420000 296.3
425000 184.2
430000 295.9
435000 300.2
440000 435.4
445000 478.2
450000 506.8
455000 273.6
460000 313.0
465000 406.1
470000 246.6
475000 277.2
480000 54.2
485000 141.6
490000 231.2
495000 198.0
500000 346.3
505000 299.8
510000 271.7
515000 430.8
520000 227.7
525000 653.8
530000 273.6
535000 215.9
540000 191.5
545000 328.2
550000 202.9
555000 453.2
560000 370.6
565000 79.7
570000 306.9
575000 216.3
580000 413.7
585000 327.8
590000 367.5
595000 505.3
600000 315.9
605000 10.0
610000 314.5
615000 308.3
620000 276.0
625000 272.3
630000 31.3
635000 163.1
640000 294.9
645000 498.3
650000 474.7
655000 396.9
660000 250.2
665000 288.9
670000 428.0
675000 399.6
680000 110.7
685000 342.0
690000 247.1
695000 538.0
700000 227.1
705000 441.0
710000 108.7
715000 412.7
720000 216.7
725000 452.6
730000 195.0
735000 489.8
740000 414.6
745000 198.5
750000 357.0
755000 335.8
760000 342.8
765000 357.2
770000 481.0
775000 400.6
780000 307.2
785000 493.1
790000 465.9
795000 637.6
800000 591.9
805000 388.9
810000 363.2
815000 374.9
820000 330.2
825000 399.0
830000 238.8
835000 495.1
840000 235.3
845000 365.5
850000 204.0
855000 305.6
860000 163.4
865000 376.2
870000 537.3
875000 126.3
880000 373.7
885000 489.2
890000 461.7
895000 263.8
900000 140.8
905000 345.4
910000 113.4
915000 396.1
920000 648.4
925000 565.0
930000 232.9
935000 535.9
940000 207.8
945000 151.7
950000 572.9
955000 511.5
960000 287.6
965000 305.4
970000 300.4
975000 22.0
980000 357.7
985000 384.4
990000 371.8
995000 297.6
1000000 263.6
1005000 246.6
1010000 264.5
1015000 9.7
1020000 312.0
1025000 460.6
1030000 178.6
1035000 320.2
1040000 199.2
1045000 203.9
1050000 399.8
1055000 392.7
1060000 470.9
1065000 260.7
1070000 199.1
1075000 379.9
1080000 332.3
1085000 516.0
1090000 88.6
1095000 108.1
1100000 282.1
1105000 289.8
1110000 192.9
1115000 165.2
1120000 256.3
1125000 56.3
1130000 373.3
1135000 373.9
1140000 282.7
1145000 360.3
1150000 486.2
1155000 205.7
1160000 435.8
1165000 10.0
1170000 350.1
1175000 528.0
1180000 113.7
1185000 164.5
1190000 334.9
1195000 439.3
1200000 299.2
1205000 341.7
1210000 248.4
1215000 337.3
1220000 323.3
1225000 65.2
1230000 432.7
1235000 139.7
1240000 265.3
1245000 402.0
1250000 401.1
1255000 146.9
1260000 513.5
1265000 161.9
1270000 201.6
1275000 226.5
1280000 308.8
1285000 431.0
1290000 374.3
1295000 191.5
1300000 170.9
1305000 310.8
1310000 398.3
1315000 373.2
1320000 77.5
1325000 253.1
1330000 302.2
1335000 208.5
1340000 362.4
1345000 298.2
1350000 288.5
1355000 501.9
1360000 311.3
1365000 289.7
1370000 258.7
1375000 459.5
1380000 315.8
1385000 183.7
1390000 207.3
1395000 331.9
1400000 263.9
1405000 468.8
1410000 27.4
1415000 500.4
1420000 134.5
1425000 322.8
1430000 376.3
1435000 314.1
1440000 263.0
1445000 574.0
1450000 268.1
1455000 239.2
1460000 147.9
1465000 322.9
1470000 372.4
1475000 174.6
1480000 180.0
1485000 68.0
1490000 303.6
1495000 641.3
1500000 540.3
1505000 289.9
1510000 270.1
1515000 477.2
1520000 82.9
1525000 274.8
1530000 12.0
1535000 297.7
1540000 248.5
1545000 597.5
1550000 366.5
1555000 344.7
1560000 384.8
1565000 243.1
1570000 365.2
1575000 265.6
1580000 435.6
1585000 369.8
1590000 231.7
1595000 257.2
1600000 231.8
1605000 90.3
1610000 221.1
1615000 266.5
1620000 159.4
1625000 317.7
1630000 387.1
1635000 176.1
1640000 390.5
1645000 111.9
1650000 372.3
1655000 361.5
1660000 388.5
1665000 678.5
1670000 389.5
1675000 272.2
1680000 213.2
1685000 193.1
1690000 469.1
1695000 279.2
1700000 238.4
1705000 551.8
1710000 457.1
1715000 473.9
1720000 69.9
1725000 676.8
1730000 202.4
1735000 397.5
1740000 116.7
1745000 202.9
1750000 517.7
1755000 388.0
1760000 370.4
1765000 376.0
1770000 396.3
1775000 498.6
1780000 277.0
1785000 49.5
1790000 195.1
1795000 457.5
1800000 470.2
1805000 319.4
1810000 321.0
1815000 660.3
1820000 389.8
1825000 218.1
1830000 442.4
1835000 271.1
1840000 390.5
1845000 523.1
1850000 178.3
1855000 502.7
1860000 186.5
1865000 639.8
1870000 380.9
1875000 226.9
1880000 190.5
1885000 546.8
