5000 79.7
10000 144.3
15000 392.0
20000 102.0
25000 135.6
30000 296.1
35000 197.6
40000 159.2
45000 275.0
50000 206.4
55000 231.2
60000 190.4
65000 130.1
70000 126.1
75000 134.5
80000 321.3
85000 78.7
90000 199.8
95000 242.1
100000 241.4
105000 224.6
110000 151.7
115000 145.0
120000 284.7
125000 279.0
130000 191.5
135000 216.4
140000 177.3
145000 13.2
150000 24.1
155000 154.2
160000 243.7
165000 99.8
170000 194.8
175000 146.0
180000 248.5
185000 108.2
190000 254.7
195000 138.1
200000 204.4
205000 223.0
210000 139.5
215000 185.3
220000 139.6
225000 325.5
230000 498.3
235000 335.3
240000 306.6
245000 309.2
250000 420.0
255000 100.4
260000 283.9
265000 106.8
270000 290.5
275000 290.7
280000 311.2
285000 283.8
290000 669.9
295000 170.8
300000 403.4
305000 165.9
310000 298.5
315000 111.8
320000 282.2
325000 274.4
330000 144.1
335000 103.6
340000 249.7
345000 182.5
350000 256.2
355000 330.5
360000 256.0
365000 189.7
370000 296.5
375000 453.2
380000 408.4
385000 113.8
390000 178.4
395000 303.0
400000 291.8
405000 372.6
410000 219.0
415000 225.1
420000 184.9
425000 518.3
430000 443.7
435000 266.5
440000 155.0
445000 296.6
450000 227.5
455000 563.3
460000 319.8
465000 444.7
470000 277.7
475000 322.4
480000 334.2
485000 464.4
490000 219.9
495000 363.5
500000 539.8
505000 339.6
510000 296.3
515000 580.5
520000 115.7
525000 487.7
530000 235.2
535000 143.3
540000 586.7
545000 368.4
550000 306.2
555000 240.1
560000 425.4
565000 204.7
570000 146.9
575000 331.3
580000 258.9
585000 194.4
590000 364.3
595000 392.6
600000 436.2
605000 369.8
610000 173.8
615000 429.0
620000 115.7
625000 89.0
630000 245.6
635000 451.6
640000 343.4
645000 206.8
650000 492.7
655000 393.5
660000 376.3
665000 371.5
670000 471.6
675000 306.2
680000 347.2
685000 341.2
690000 189.0
695000 392.9
700000 344.2
705000 144.3
710000 557.1
715000 282.9
720000 298.0
725000 579.0
730000 486.5
735000 285.7
740000 387.3
745000 275.3
750000 292.2
755000 406.3
760000 273.8
765000 269.1
770000 486.4
775000 202.3
780000 477.7
785000 458.7
790000 410.8
795000 347.2
800000 402.1
805000 417.1
810000 292.2
815000 359.2
820000 369.1
825000 331.7
830000 358.8
835000 218.8
840000 538.6
845000 318.2
850000 268.4
855000 114.6
860000 433.9
865000 181.0
870000 239.5
875000 412.5
880000 688.1
885000 374.1
890000 242.3
895000 116.3
900000 393.9
905000 369.9
910000 357.5
915000 383.9
920000 305.8
925000 370.2
930000 273.3
935000 312.3
940000 177.2
945000 195.3
950000 406.1
955000 199.4
960000 386.7
965000 201.0
970000 347.6
975000 354.7
980000 269.2
985000 306.6
990000 194.0
995000 355.1
1000000 186.3
1005000 279.7
1010000 199.3
1015000 409.3
1020000 331.4
1025000 121.5
1030000 111.7
1035000 184.5
1040000 321.5
1045000 329.5
1050000 277.5
1055000 300.7
1060000 283.1
1065000 289.8
1070000 267.1
1075000 343.2
1080000 372.4
1085000 165.6
1090000 531.3
1095000 278.2
1100000 136.8
1105000 308.8
1110000 448.5
1115000 393.6
1120000 182.2
1125000 207.8
1130000 417.6
1135000 197.0
1140000 220.2
1145000 456.9
1150000 591.0
1155000 102.0
1160000 217.1
1165000 338.8
1170000 361.3
1175000 306.4
1180000 290.4
1185000 173.3
1190000 436.9
1195000 425.4
1200000 288.7
1205000 170.8
1210000 512.8
1215000 110.9
1220000 320.5
1225000 291.5
1230000 216.0
1235000 330.9
1240000 242.5
1245000 195.4
1250000 254.2
1255000 177.1
1260000 11.3
1265000 286.4
1270000 182.3
1275000 363.8
1280000 324.4
1285000 253.2
1290000 220.2
1295000 274.5
1300000 200.6
1305000 138.8
1310000 534.1
1315000 280.0
1320000 649.9
1325000 291.1
1330000 238.9
1335000 196.7
1340000 89.3
1345000 254.0
1350000 159.0
1355000 260.8
1360000 444.3
1365000 271.5
1370000 480.0
1375000 358.0
1380000 411.7
1385000 349.0
1390000 11.5
1395000 323.9
1400000 81.6
1405000 100.5
1410000 482.5
1415000 15.2
1420000 289.4
1425000 315.8
1430000 187.5
1435000 378.6
1440000 415.9
1445000 395.6
1450000 421.6
1455000 461.8
1460000 443.1
1465000 498.8
1470000 12.1
1475000 184.0
1480000 278.3
1485000 572.0
1490000 428.5
1495000 285.9
1500000 207.0
1505000 208.7
1510000 210.6
1515000 84.2
1520000 264.9
1525000 224.8
1530000 374.1
1535000 299.6
1540000 306.1
1545000 251.7
1550000 185.9
1555000 257.0
1560000 93.0
1565000 458.4
1570000 549.0
1575000 289.5
1580000 9.6
1585000 472.2
1590000 137.9
1595000 334.4
1600000 386.8
1605000 253.5
1610000 325.9
1615000 210.9
1620000 192.9
1625000 381.6
1630000 297.5
1635000 134.9
1640000 487.7
1645000 322.8
1650000 234.4
1655000 433.3
1660000 456.1
1665000 411.0
1670000 108.6
1675000 149.9
1680000 433.6
1685000 238.9
1690000 391.8
1695000 198.2
1700000 454.9
1705000 306.4
1710000 168.0
1715000 155.7
1720000 308.6
