5000 221.3
10000 235.1
15000 44.3
20000 253.4
25000 112.5
30000 180.8
35000 48.6
40000 223.1
45000 20.7
50000 76.6
55000 185.8
60000 145.7
65000 158.1
70000 165.8
75000 151.3
80000 26.6
85000 68.3
90000 202.0
95000 19.2
100000 225.7
105000 182.1
110000 67.0
115000 162.2
120000 289.2
125000 78.3
130000 242.8
135000 45.8
140000 96.3
145000 277.0
150000 508.4
155000 109.1
160000 112.2
165000 116.4
170000 257.9
175000 214.8
180000 123.2
185000 403.9
190000 92.0
195000 301.8
200000 299.4
205000 427.8
210000 202.9
215000 200.9
220000 269.0
225000 340.7
230000 397.7
235000 252.3
240000 181.6
245000 248.1
250000 104.8
255000 340.5
260000 179.1
265000 264.5
270000 454.6
275000 293.2
280000 427.2
285000 73.9
290000 226.1
295000 201.0
300000 339.2
305000 185.7
310000 263.2
315000 305.2
320000 175.6
325000 231.6
330000 11.7
335000 186.9
340000 293.0
345000 335.4
350000 263.0
355000 181.5
360000 283.8
365000 400.5
370000 226.0
375000 294.6
380000 96.2
385000 464.6
390000 206.5
395000 129.7
400000 285.4
405000 476.6
410000 313.2
415000 201.2
420000 363.7
425000 106.7
430000 442.1
435000 280.8
440000 297.2
445000 423.1
450000 193.3
455000 367.7
460000 534.6
465000 439.4
470000 397.0
475000 280.9
480000 322.0
485000 301.0
490000 201.5
495000 270.6
500000 139.5
505000 204.4
510000 472.8
515000 268.4
520000 128.6
525000 371.1
530000 387.5
535000 469.5
540000 109.0
545000 291.0
550000 250.0
555000 181.1
560000 219.5
565000 340.0
570000 199.3
575000 310.8
580000 328.6
585000 206.3
590000 291.3
595000 186.6
600000 348.0
605000 266.3
610000 192.0
615000 31.1
620000 303.4
625000 247.9
630000 108.6
635000 159.7
640000 201.6
645000 599.2
650000 161.2
655000 378.6
660000 99.1
665000 329.9
670000 419.8
675000 289.4
680000 453.3
685000 116.4
690000 275.5
695000 100.9
700000 332.3
705000 347.9
710000 205.2
715000 466.7
720000 205.0
725000 90.4
730000 288.7
735000 96.0
740000 380.9
745000 197.5
750000 10.6
755000 258.2
760000 377.3
765000 340.0
770000 127.3
775000 394.6
780000 235.6
785000 261.6
790000 287.8
795000 397.8
800000 199.8
805000 311.1
810000 238.1
815000 293.7
820000 99.4
825000 341.7
830000 206.7
835000 258.1
840000 441.5
845000 511.7
850000 262.2
855000 287.2
860000 298.3
865000 304.5
870000 401.1
875000 16.1
880000 383.3
885000 565.1
890000 205.0
895000 465.8
900000 394.2
905000 261.2
910000 422.1
915000 294.9
920000 442.0
925000 202.1
930000 406.8
935000 281.1
940000 208.6
945000 461.9
950000 419.6
955000 110.6
960000 495.2
965000 346.2
970000 473.5
975000 199.8
980000 410.6
985000 309.6
990000 237.7
995000 343.5
1000000 382.0
1005000 421.1
1010000 219.2
1015000 234.3
1020000 248.8
1025000 163.4
1030000 165.5
1035000 376.6
1040000 384.2
1045000 121.8
1050000 334.6
1055000 234.8
1060000 490.0
1065000 558.4
1070000 478.5
1075000 358.8
1080000 100.9
1085000 186.5
1090000 80.7
1095000 263.3
1100000 118.5
1105000 300.5
1110000 517.7
1115000 262.8
1120000 222.4
1125000 202.1
1130000 239.6
1135000 207.8
1140000 414.2
1145000 198.7
1150000 104.1
1155000 437.7
1160000 311.5
1165000 260.3
1170000 304.8
1175000 358.3
1180000 281.8
1185000 205.7
1190000 492.1
1195000 514.3
1200000 535.6
1205000 399.4
1210000 298.7
1215000 342.0
1220000 194.5
1225000 409.8
1230000 445.4
1235000 564.9
1240000 172.1
1245000 282.5
1250000 320.6
1255000 113.0
1260000 223.7
1265000 267.8
1270000 522.5
1275000 203.7
1280000 302.8
1285000 363.8
1290000 277.8
1295000 171.6
1300000 346.0
1305000 228.9
1310000 106.3
1315000 388.2
1320000 214.3
1325000 301.6
1330000 642.4
1335000 262.5
1340000 258.2
1345000 547.3
1350000 575.3
1355000 416.8
1360000 326.7
1365000 356.9
1370000 110.7
1375000 111.9
1380000 281.4
1385000 247.8
1390000 443.5
1395000 278.9
1400000 286.4
1405000 352.4
1410000 18.7
1415000 101.1
1420000 297.8
1425000 325.5
1430000 173.4
1435000 337.6
1440000 245.0
1445000 381.2
1450000 203.9
1455000 22.7
1460000 280.1
1465000 173.7
1470000 205.7
1475000 427.4
1480000 448.4
1485000 275.4
1490000 321.8
1495000 554.9
1500000 341.9
1505000 115.3
1510000 234.6
1515000 551.0
1520000 105.4
1525000 400.4
1530000 286.0
1535000 303.4
1540000 243.6
1545000 278.5
1550000 301.8
1555000 202.4
1560000 362.9
1565000 576.9
1570000 266.3
1575000 383.5
1580000 296.7
1585000 372.0
1590000 296.5
1595000 204.8
1600000 103.9
1605000 220.6
1610000 113.7
1615000 302.2
1620000 384.5
1625000 362.9
1630000 405.1
1635000 271.6
1640000 178.6
1645000 461.3
1650000 185.5
1655000 404.1
1660000 362.2
1665000 276.1
1670000 195.6
1675000 459.4
1680000 532.0
1685000 331.7
1690000 367.7
1695000 80.0
1700000 303.9
1705000 296.8
1710000 536.8
1715000 234.4
1720000 243.1
1725000 291.8
1730000 283.5
1735000 288.2
1740000 297.6
1745000 361.1
1750000 189.2
1755000 367.7
1760000 293.9
1765000 176.3
1770000 210.0
1775000 204.4
1780000 397.6
1785000 282.4
1790000 111.8
1795000 352.5
1800000 271.3
1805000 499.2
1810000 171.5
1815000 469.1
1820000 301.0
1825000 493.2
1830000 117.2
1835000 336.1
1840000 349.6
1845000 307.3
1850000 210.7
1855000 478.2
1860000 421.8
1865000 426.9
1870000 533.7
1875000 377.5
1880000 376.0
1885000 340.6
1890000 545.3
1895000 104.9
1900000 472.7
1905000 276.4
1910000 513.9
1915000 370.8
1920000 363.2
1925000 213.0
1930000 247.7
1935000 351.1
1940000 178.9
1945000 210.4
1950000 473.9
1955000 109.0
1960000 558.9
1965000 252.3
1970000 468.7
1975000 305.8
1980000 402.8
1985000 274.8
1990000 382.6
1995000 499.1
2000000 277.4
