10000 16.3
20000 165.2
30000 38.5
40000 182.9
50000 80.2
60000 90.7
70000 132.0
80000 129.8
90000 170.7
100000 166.5
110000 90.8
120000 134.4
130000 85.4
140000 108.2
150000 295.2
160000 310.5
170000 190.9
180000 208.4
190000 190.6
200000 240.5
210000 181.5
220000 278.8
230000 252.9
240000 224.1
250000 250.8
260000 285.7
270000 255.5
280000 277.2
290000 287.7
300000 285.9
310000 349.4
320000 199.2
330000 283.3
340000 294.7
350000 291.3
360000 113.5
370000 312.7
380000 274.5
390000 424.1
400000 340.9
410000 311.7
420000 264.9
430000 358.0
440000 374.8
450000 301.8
460000 361.1
470000 400.6
480000 303.4
490000 285.0
500000 352.7
510000 359.8
520000 305.8
530000 253.8
540000 304.8
550000 346.6
560000 346.8
570000 275.5
580000 325.8
590000 340.3
600000 351.8
610000 429.5
620000 422.4
630000 376.3
640000 432.1
650000 414.2
660000 431.6
670000 367.2
680000 308.4
690000 385.6
700000 352.4
710000 387.6
720000 341.5
730000 353.5
740000 471.1
750000 468.8
760000 441.3
770000 460.4
780000 376.9
790000 495.5
800000 442.7
810000 511.9
820000 497.3
830000 545.4
840000 496.4
850000 463.7
860000 399.1
870000 587.5
880000 655.5
890000 604.5
900000 549.2
910000 453.5
920000 584.3
930000 465.9
940000 470.6
950000 456.2
960000 621.0
970000 476.2
980000 462.9
990000 579.1
1000000 488.3
1010000 332.5
1020000 497.0
1030000 572.9
1040000 370.7
1050000 531.7
1060000 509.2
1070000 693.4
1080000 583.1
1090000 564.6
1100000 421.1
1110000 515.4
1120000 524.5
1130000 478.0
1140000 545.1
1150000 416.8
1160000 487.4
1170000 555.9
1180000 453.3
1190000 520.6
1200000 610.3
1210000 495.8
1220000 311.8
1230000 516.9
1240000 231.6
1250000 325.6
1260000 581.0
1270000 592.1
1280000 573.2
1290000 455.3
1300000 357.0
1310000 543.0
1320000 321.9
1330000 577.5
1340000 260.7
1350000 325.1
1360000 370.0
1370000 351.3
1380000 306.9
1390000 477.6
1400000 391.8
1410000 360.7
1420000 271.1
1430000 618.9
1440000 257.9
1450000 538.6
1460000 305.5
1470000 341.8
1480000 393.9
1490000 438.1
1500000 397.4
1510000 382.6
1520000 159.6
1530000 327.1
1540000 336.0
1550000 203.0
1560000 188.0
1570000 263.1
1580000 296.2
1590000 226.5
1600000 135.5
1610000 236.7
1620000 164.3
1630000 208.3
1640000 198.7
1650000 309.9
1660000 212.0
1670000 239.6
1680000 231.2
1690000 179.7
1700000 179.5
1710000 92.9
1720000 176.0
1730000 126.3
1740000 103.2
1750000 65.4
1760000 237.9
1770000 246.4
1780000 297.7
1790000 312.4
1800000 89.1
1810000 178.8
1820000 148.9
1830000 103.9
1840000 141.2
1850000 306.0
1860000 170.2
1870000 170.7
1880000 263.4
1890000 218.4
1900000 270.3
1910000 104.9
1920000 116.2
1930000 218.5
1940000 148.0
1950000 194.0
1960000 156.9
1970000 139.3
1980000 180.6
1990000 177.1
2000000 152.1
