10000 119.5
20000 99.5
30000 123.8
40000 110.3
50000 35.4
60000 113.4
70000 30.8
80000 120.9
90000 111.2
100000 55.0
110000 166.1
120000 80.7
130000 63.8
140000 41.0
150000 162.2
160000 148.6
170000 53.1
180000 56.2
190000 68.0
200000 78.2
210000 34.4
220000 67.1
230000 86.3
240000 49.9
250000 22.4
260000 31.0
270000 68.6
280000 40.3
290000 33.8
300000 72.0
310000 62.5
320000 13.4
330000 115.2
340000 93.9
350000 75.2
360000 205.6
370000 51.3
380000 101.1
390000 95.9
400000 72.6
410000 124.7
420000 139.0
430000 219.9
440000 341.6
450000 112.6
460000 182.8
470000 111.5
480000 145.8
490000 175.6
500000 172.2
510000 143.3
520000 131.9
530000 144.0
540000 144.9
550000 130.8
560000 238.4
570000 234.0
580000 156.1
590000 208.4
600000 151.5
610000 143.9
620000 216.8
630000 195.6
640000 120.5
650000 133.9
660000 191.6
670000 270.4
680000 168.0
690000 113.5
700000 114.4
710000 125.5
720000 119.1
730000 97.2
740000 105.2
750000 168.2
760000 122.6
770000 183.9
780000 88.3
790000 99.9
800000 73.9
810000 40.7
820000 82.4
830000 98.0
840000 93.1
850000 46.2
860000 76.6
870000 169.4
880000 167.4
890000 134.7
900000 67.3
910000 162.5
920000 156.8
930000 47.7
940000 66.1
950000 141.5
960000 164.9
970000 148.1
980000 86.0
990000 110.8
1000000 99.6
1010000 34.4
1020000 41.8
1030000 50.4
1040000 85.6
1050000 56.8
1060000 78.5
1070000 68.0
1080000 92.6
1090000 95.3
1100000 101.6
1110000 41.9
1120000 67.3
1130000 151.8
1140000 99.2
1150000 100.3
1160000 51.6
1170000 88.1
1180000 137.1
1190000 41.1
1200000 87.8
1210000 173.2
1220000 99.1
1230000 69.2
1240000 43.4
1250000 68.1
1260000 96.9
1270000 115.8
1280000 209.4
1290000 72.3
1300000 122.4
1310000 65.8
1320000 88.4
1330000 59.3
1340000 72.3
1350000 96.9
1360000 98.3
1370000 73.4
1380000 86.5
1390000 177.7
1400000 33.0
1410000 80.8
1420000 78.4
1430000 73.7
1440000 60.4
1450000 89.6
1460000 74.7
1470000 41.7
1480000 94.4
1490000 108.3
1500000 160.0
1510000 144.3
1520000 95.3
1530000 81.0
1540000 99.4
1550000 94.7
1560000 52.4
1570000 128.2
1580000 109.4
1590000 135.5
1600000 144.3
1610000 99.8
1620000 71.2
1630000 135.9
1640000 112.2
1650000 130.2
1660000 58.7
1670000 180.3
1680000 31.0
1690000 55.4
1700000 89.8
1710000 88.1
1720000 193.6
1730000 94.6
1740000 162.3
1750000 116.0
1760000 70.0
1770000 157.3
1780000 96.6
1790000 86.8
1800000 145.8
1810000 113.6
1820000 85.1
1830000 26.4
1840000 138.4
1850000 146.4
1860000 88.3
1870000 177.9
1880000 122.3
1890000 59.0
1900000 63.5
1910000 90.6
1920000 135.0
1930000 109.6
1940000 160.3
1950000 92.1
1960000 92.2
1970000 158.8
1980000 104.4
1990000 116.9
2000000 96.4
