10000 33.8
20000 31.8
30000 273.2
40000 23.5
50000 17.8
60000 46.2
70000 30.4
80000 58.4
90000 60.2
100000 45.6
110000 66.6
120000 146.8
130000 107.4
140000 105.5
150000 102.6
160000 117.0
170000 117.3
180000 165.7
190000 115.6
200000 110.9
210000 96.7
220000 66.8
230000 184.6
240000 58.6
250000 163.5
260000 203.6
270000 38.1
280000 72.6
290000 17.1
300000 46.6
310000 59.6
320000 28.0
330000 192.1
340000 67.9
350000 151.5
360000 126.7
370000 116.9
380000 137.3
390000 114.3
400000 197.4
410000 62.4
420000 112.5
430000 57.3
440000 98.6
450000 111.6
460000 147.8
470000 117.1
480000 155.0
490000 70.3
500000 298.2
510000 156.0
520000 146.9
530000 137.5
540000 186.4
550000 144.9
560000 110.1
570000 25.5
580000 45.4
590000 156.7
600000 159.9
610000 124.6
620000 78.6
630000 172.5
640000 251.9
650000 146.5
660000 55.3
670000 184.0
680000 216.1
690000 222.0
700000 309.5
710000 206.7
720000 281.9
730000 188.7
740000 232.9
750000 170.3
760000 227.6
770000 252.4
780000 220.1
790000 159.1
800000 116.2
810000 180.6
820000 202.7
830000 157.7
840000 24.3
850000 202.5
860000 201.8
870000 72.5
880000 171.0
890000 129.4
900000 67.1
910000 128.0
920000 136.6
930000 43.0
940000 117.0
950000 106.1
960000 42.6
970000 155.6
980000 248.3
990000 189.6
1000000 85.2
1010000 120.9
1020000 81.7
1030000 86.4
1040000 116.9
1050000 66.4
1060000 78.6
1070000 63.1
1080000 127.4
1090000 22.0
1100000 44.3
1110000 83.0
1120000 161.2
1130000 227.2
1140000 26.3
1150000 32.6
1160000 36.9
1170000 104.9
1180000 35.5
1190000 26.1
1200000 52.2
1210000 65.1
1220000 29.5
1230000 55.3
1240000 25.2
1250000 119.9
1260000 25.7
1270000 91.5
1280000 78.9
1290000 26.5
1300000 20.6
1310000 62.2
1320000 56.6
1330000 90.4
1340000 23.4
1350000 24.4
1360000 20.1
1370000 23.4
1380000 20.7
1390000 23.3
1400000 32.6
1410000 75.1
1420000 49.5
1430000 65.1
1440000 71.0
1450000 18.7
1460000 18.3
1470000 68.8
1480000 56.2
1490000 28.3
1500000 23.9
1510000 51.2
1520000 69.8
1530000 47.2
1540000 49.5
1550000 52.8
1560000 25.9
1570000 17.7
1580000 31.7
1590000 270.1
1600000 48.1
1610000 22.5
1620000 21.8
1630000 29.2
1640000 34.1
1650000 22.4
1660000 50.8
1670000 22.4
1680000 39.2
1690000 28.3
1700000 18.6
1710000 31.4
1720000 40.7
1730000 29.4
1740000 37.1
1750000 34.1
1760000 86.9
1770000 83.3
1780000 24.4
1790000 60.8
1800000 19.3
1810000 76.8
1820000 28.8
1830000 101.6
1840000 149.6
1850000 38.1
1860000 25.9
1870000 25.3
1880000 74.5
1890000 64.3
1900000 32.5
1910000 43.5
1920000 21.3
1930000 45.9
1940000 34.7
1950000 29.6
1960000 61.4
1970000 64.2
1980000 78.1
1990000 158.5
2000000 21.7
