10000 81.3
20000 42.9
30000 48.2
40000 95.3
50000 215.0
60000 74.1
70000 76.2
80000 100.2
90000 116.4
100000 202.8
110000 70.6
120000 99.7
130000 116.4
140000 149.4
150000 147.7
160000 107.9
170000 118.4
180000 150.0
190000 173.8
200000 100.0
210000 119.4
220000 131.8
230000 115.7
240000 132.5
250000 225.9
260000 243.7
270000 106.8
280000 226.9
290000 145.3
300000 270.1
310000 186.4
320000 79.5
330000 247.4
340000 115.9
350000 124.5
360000 354.8
370000 285.4
380000 312.4
390000 312.3
400000 320.6
410000 269.4
420000 339.1
430000 342.7
440000 390.8
450000 302.7
460000 250.0
470000 287.9
480000 341.8
490000 309.5
500000 318.8
510000 281.8
520000 399.0
530000 265.1
540000 295.7
550000 370.4
560000 340.0
570000 347.8
580000 299.8
590000 295.0
600000 361.7
610000 294.2
620000 310.6
630000 311.8
640000 213.7
650000 401.3
660000 241.9
670000 367.9
680000 321.1
690000 336.5
700000 355.1
710000 367.5
720000 298.1
730000 337.8
740000 306.7
750000 444.0
760000 341.9
770000 298.6
780000 241.1
790000 295.9
800000 373.5
810000 459.9
820000 362.8
830000 366.9
840000 271.1
850000 333.3
860000 364.5
870000 312.2
880000 354.1
890000 336.0
900000 384.6
910000 384.4
920000 323.3
930000 310.3
940000 314.7
950000 352.3
960000 393.0
970000 291.6
980000 319.7
990000 372.4
1000000 295.3
1010000 415.7
1020000 293.8
1030000 440.1
1040000 424.1
1050000 369.9
1060000 320.3
1070000 402.8
1080000 309.1
1090000 190.1
1100000 411.3
1110000 316.2
1120000 391.7
1130000 331.1
1140000 434.6
1150000 403.3
1160000 320.5
1170000 398.7
1180000 277.0
1190000 308.6
1200000 369.2
1210000 344.5
1220000 301.5
1230000 420.8
1240000 347.3
1250000 303.1
1260000 385.2
1270000 373.5
1280000 330.3
1290000 277.7
1300000 269.2
1310000 327.3
1320000 228.0
1330000 252.9
1340000 245.0
1350000 369.9
1360000 412.3
1370000 300.6
1380000 343.1
1390000 407.8
1400000 322.3
1410000 471.4
1420000 479.1
1430000 372.3
1440000 349.1
1450000 425.6
1460000 387.4
1470000 283.4
1480000 334.6
1490000 362.8
1500000 276.1
1510000 281.7
1520000 306.5
1530000 305.0
1540000 354.2
1550000 328.3
1560000 369.0
1570000 249.6
1580000 212.7
1590000 340.4
1600000 532.6
1610000 386.6
1620000 231.5
1630000 319.0
1640000 323.3
1650000 344.2
1660000 270.2
1670000 321.1
1680000 365.2
1690000 257.9
1700000 298.4
1710000 265.4
1720000 349.7
1730000 280.1
1740000 308.0
1750000 307.1
1760000 450.5
1770000 336.3
1780000 416.8
1790000 259.0
1800000 253.0
1810000 387.1
1820000 259.1
1830000 327.0
1840000 299.1
1850000 274.1
1860000 200.8
1870000 331.1
1880000 209.4
1890000 323.5
1900000 251.0
1910000 225.8
1920000 335.7
1930000 272.9
1940000 108.3
1950000 330.7
1960000 171.2
1970000 342.3
1980000 317.9
1990000 287.5
2000000 329.1
