10000 147.1
20000 51.3
30000 42.4
40000 161.1
50000 44.1
60000 76.2
70000 20.8
80000 135.3
90000 148.0
100000 109.0
110000 140.4
120000 62.0
130000 96.6
140000 86.5
150000 265.3
160000 79.8
170000 209.9
180000 177.1
190000 39.9
200000 150.7
210000 112.3
220000 208.7
230000 246.7
240000 178.4
250000 142.5
260000 115.0
270000 122.5
280000 101.3
290000 130.1
300000 71.9
310000 74.4
320000 65.7
330000 112.9
340000 122.9
350000 64.5
360000 54.2
370000 80.2
380000 95.5
390000 53.1
400000 80.8
410000 84.1
420000 16.5
430000 46.8
440000 97.6
450000 75.7
460000 31.6
470000 19.0
480000 87.0
490000 23.7
500000 78.5
510000 47.6
520000 59.8
530000 65.9
540000 63.8
550000 50.8
560000 92.1
570000 18.2
580000 69.9
590000 65.2
600000 61.3
610000 99.7
620000 99.2
630000 50.1
640000 58.5
650000 74.2
660000 102.9
670000 205.4
680000 88.2
690000 65.5
700000 20.1
710000 152.9
720000 66.1
730000 198.4
740000 80.0
750000 103.0
760000 58.9
770000 60.0
780000 30.7
790000 91.1
800000 141.7
810000 101.5
820000 14.2
830000 111.0
840000 169.5
850000 58.1
860000 99.8
870000 42.8
880000 20.8
890000 45.4
900000 33.0
910000 25.5
920000 62.4
930000 52.8
940000 74.8
950000 93.3
960000 11.8
970000 46.7
980000 51.0
990000 170.7
1000000 48.5
1010000 107.0
1020000 85.2
1030000 20.2
1040000 65.4
1050000 22.7
1060000 42.3
1070000 22.9
1080000 31.9
1090000 70.6
1100000 37.8
1110000 22.1
1120000 32.1
1130000 51.8
1140000 33.6
1150000 44.3
1160000 55.6
1170000 91.8
1180000 42.8
1190000 10.8
1200000 26.5
1210000 75.6
1220000 67.5
1230000 49.9
1240000 48.0
1250000 20.2
1260000 31.4
1270000 51.7
1280000 38.9
1290000 42.8
1300000 36.6
1310000 54.8
1320000 28.6
1330000 32.3
1340000 18.9
1350000 50.5
1360000 20.3
1370000 25.8
1380000 43.4
1390000 19.3
1400000 26.1
1410000 27.2
1420000 81.8
1430000 67.4
1440000 15.7
1450000 19.6
1460000 19.5
1470000 42.4
1480000 26.9
1490000 23.8
1500000 15.1
1510000 39.4
1520000 71.9
1530000 17.9
1540000 39.4
1550000 47.7
1560000 20.9
1570000 77.5
1580000 38.2
1590000 15.9
1600000 61.6
1610000 67.0
1620000 28.0
1630000 80.2
1640000 24.1
1650000 58.8
1660000 40.3
1670000 24.5
1680000 22.8
1690000 49.5
1700000 63.9
1710000 28.2
1720000 23.4
1730000 61.8
1740000 26.4
1750000 52.0
1760000 20.0
1770000 23.3
1780000 82.4
1790000 15.8
1800000 29.0
1810000 26.3
1820000 44.1
1830000 50.0
1840000 24.9
1850000 68.6
1860000 27.1
1870000 21.5
1880000 29.6
1890000 29.0
1900000 26.3
1910000 22.5
1920000 19.6
1930000 19.4
1940000 53.9
1950000 49.2
1960000 37.0
1970000 25.4
1980000 27.3
1990000 29.3
2000000 23.0
