10000 96.4
20000 61.5
30000 114.7
40000 17.2
50000 72.3
60000 118.7
70000 176.1
80000 89.5
90000 126.5
100000 32.2
110000 70.3
120000 89.7
130000 85.7
140000 96.2
150000 46.8
160000 71.7
170000 108.1
180000 59.4
190000 64.8
200000 105.5
210000 75.8
220000 50.7
230000 53.8
240000 22.7
250000 82.4
260000 31.6
270000 77.5
280000 100.9
290000 85.4
300000 112.2
310000 20.8
320000 183.8
330000 276.2
340000 99.0
350000 132.5
360000 112.0
370000 95.4
380000 110.3
390000 108.4
400000 137.5
410000 106.2
420000 89.1
430000 148.3
440000 233.2
450000 139.0
460000 87.8
470000 171.9
480000 203.1
490000 114.9
500000 95.0
510000 117.5
520000 111.7
530000 151.7
540000 186.3
550000 75.6
560000 172.3
570000 127.3
580000 332.9
590000 202.8
600000 113.1
610000 86.0
620000 133.6
630000 169.5
640000 67.1
650000 109.5
660000 113.2
670000 144.0
680000 83.5
690000 148.7
700000 126.3
710000 70.4
720000 54.6
730000 172.7
740000 96.1
750000 132.3
760000 87.6
770000 159.0
780000 85.4
790000 62.5
800000 113.3
810000 40.7
820000 82.5
830000 167.7
840000 71.1
850000 37.6
860000 76.5
870000 68.1
880000 188.9
890000 262.0
900000 100.6
910000 390.5
920000 189.0
930000 18.8
940000 46.3
950000 63.8
960000 126.7
970000 164.8
980000 72.3
990000 112.3
1000000 46.3
1010000 131.6
1020000 72.6
1030000 66.1
1040000 208.8
1050000 63.6
1060000 135.9
1070000 128.3
1080000 74.8
1090000 31.1
1100000 200.3
1110000 78.8
1120000 16.0
1130000 66.4
1140000 50.8
1150000 89.5
1160000 47.2
1170000 19.4
1180000 16.4
1190000 145.4
1200000 73.8
1210000 108.7
1220000 41.7
1230000 202.2
1240000 97.4
1250000 77.5
1260000 56.8
1270000 117.1
1280000 69.1
1290000 105.0
1300000 14.1
1310000 191.5
1320000 175.8
1330000 76.1
1340000 99.9
1350000 209.6
1360000 117.4
1370000 101.4
1380000 31.6
1390000 70.7
1400000 85.5
1410000 48.2
1420000 6.7
1430000 62.9
1440000 81.9
1450000 157.4
1460000 243.8
1470000 139.1
1480000 60.5
1490000 242.9
1500000 164.6
1510000 173.4
1520000 113.2
1530000 133.5
1540000 117.2
1550000 168.3
1560000 148.7
1570000 180.1
1580000 130.8
1590000 43.5
1600000 33.6
1610000 133.3
1620000 22.7
1630000 141.6
1640000 73.5
1650000 24.9
1660000 106.8
1670000 155.8
1680000 97.9
1690000 108.7
1700000 53.3
1710000 229.3
1720000 132.1
1730000 205.1
1740000 78.0
1750000 12.0
1760000 75.9
1770000 11.8
1780000 14.0
1790000 122.2
1800000 115.3
1810000 24.2
1820000 95.5
1830000 44.0
1840000 52.4
1850000 8.2
1860000 48.4
1870000 41.3
1880000 130.0
1890000 78.5
1900000 13.8
1910000 64.8
1920000 243.2
1930000 199.7
1940000 40.9
1950000 200.9
1960000 80.5
1970000 112.7
1980000 21.6
1990000 214.3
2000000 72.3
