10000 7.1
20000 87.7
30000 64.8
40000 81.4
50000 96.3
60000 246.6
70000 100.4
80000 49.9
90000 28.3
100000 238.8
110000 109.8
120000 50.7
130000 21.3
140000 78.3
150000 39.7
160000 52.2
170000 60.4
180000 129.2
190000 62.3
200000 70.3
210000 80.2
220000 46.5
230000 54.3
240000 65.0
250000 70.4
260000 53.4
270000 57.2
280000 120.9
290000 24.5
300000 114.7
310000 83.7
320000 61.3
330000 99.9
340000 83.3
350000 68.3
360000 155.2
370000 77.3
380000 28.6
390000 117.5
400000 37.1
410000 114.5
420000 116.5
430000 52.2
440000 55.6
450000 52.6
460000 28.3
470000 34.9
480000 27.5
490000 24.3
500000 102.1
510000 69.7
520000 197.7
530000 118.8
540000 104.9
550000 35.0
560000 61.1
570000 38.4
580000 67.8
590000 32.1
600000 29.8
610000 39.6
620000 82.5
630000 69.4
640000 30.4
650000 69.7
660000 30.7
670000 27.4
680000 79.9
690000 161.7
700000 73.6
710000 47.8
720000 122.2
730000 71.8
740000 65.1
750000 93.6
760000 51.5
770000 40.1
780000 56.3
790000 31.0
800000 42.2
810000 68.7
820000 35.7
830000 31.3
840000 92.7
850000 162.3
860000 152.3
870000 78.9
880000 76.6
890000 156.3
900000 96.2
910000 37.5
920000 30.2
930000 124.8
940000 74.1
950000 45.4
960000 68.3
970000 37.6
980000 29.7
990000 22.7
1000000 37.6
1010000 79.6
1020000 96.2
1030000 64.2
1040000 68.6
1050000 86.7
1060000 47.4
1070000 191.5
1080000 57.0
1090000 130.5
1100000 113.6
1110000 36.5
1120000 45.2
1130000 80.4
1140000 153.6
1150000 31.6
1160000 104.7
1170000 70.1
1180000 87.8
1190000 46.7
1200000 12.5
1210000 46.3
1220000 53.0
1230000 28.3
1240000 89.3
1250000 72.1
1260000 59.2
1270000 69.9
1280000 54.5
1290000 39.1
1300000 100.1
1310000 70.4
1320000 114.0
1330000 22.9
1340000 28.3
1350000 79.6
1360000 109.2
1370000 101.1
1380000 163.7
1390000 151.7
1400000 102.1
1410000 19.1
1420000 102.4
1430000 18.4
1440000 165.7
1450000 67.8
1460000 126.7
1470000 101.5
1480000 31.5
1490000 8.2
1500000 7.4
1510000 49.9
1520000 76.5
1530000 55.8
1540000 142.1
1550000 134.2
1560000 65.0
1570000 19.5
1580000 150.9
1590000 128.7
1600000 57.5
1610000 143.9
1620000 46.3
1630000 43.2
1640000 121.4
1650000 65.4
1660000 45.0
1670000 37.0
1680000 85.3
1690000 14.0
1700000 70.6
1710000 19.5
1720000 57.8
1730000 63.7
1740000 79.0
1750000 28.4
1760000 16.6
1770000 103.7
1780000 33.0
1790000 20.1
1800000 26.6
1810000 31.2
1820000 52.5
1830000 27.4
1840000 121.9
1850000 32.7
1860000 32.0
1870000 42.9
1880000 62.0
1890000 41.9
1900000 48.4
1910000 38.6
1920000 100.2
1930000 75.1
1940000 91.4
1950000 29.7
1960000 34.5
1970000 66.7
1980000 44.9
1990000 92.5
2000000 45.0
