10000 49.9
20000 69.1
30000 169.5
40000 104.9
50000 101.8
60000 96.3
70000 106.6
80000 121.0
90000 112.6
100000 148.8
110000 120.9
120000 136.6
130000 102.9
140000 114.3
150000 24.5
160000 50.5
170000 59.6
180000 49.1
190000 72.7
200000 69.3
210000 59.0
220000 65.1
230000 42.0
240000 101.1
250000 95.2
260000 53.7
270000 197.1
280000 49.8
290000 134.9
300000 154.2
310000 23.3
320000 42.8
330000 114.7
340000 73.7
350000 138.3
360000 169.1
370000 65.6
380000 131.0
390000 140.7
400000 123.9
410000 101.6
420000 75.8
430000 24.2
440000 137.0
450000 78.5
460000 97.4
470000 69.5
480000 99.5
490000 95.4
500000 26.7
510000 90.1
520000 65.0
530000 70.8
540000 36.5
550000 99.0
560000 37.1
570000 17.4
580000 92.6
590000 27.4
600000 50.9
610000 71.1
620000 51.3
630000 66.2
640000 37.3
650000 85.7
660000 55.3
670000 24.3
680000 35.3
690000 171.5
700000 91.6
710000 84.5
720000 51.4
730000 84.6
740000 64.2
750000 53.7
760000 22.4
770000 52.8
780000 26.7
790000 210.9
800000 76.6
810000 49.6
820000 62.4
830000 21.2
840000 72.5
850000 25.5
860000 34.2
870000 72.8
880000 54.6
890000 77.8
900000 75.2
910000 118.2
920000 22.1
930000 19.2
940000 102.1
950000 71.7
960000 56.1
970000 83.5
980000 66.8
990000 50.5
1000000 65.8
1010000 27.8
1020000 92.6
1030000 46.0
1040000 89.6
1050000 33.2
1060000 47.2
1070000 18.4
1080000 68.4
1090000 37.1
1100000 98.2
1110000 111.4
1120000 141.9
1130000 60.4
1140000 112.4
1150000 156.7
1160000 60.3
1170000 18.7
1180000 24.4
1190000 32.6
1200000 31.7
1210000 106.5
1220000 24.7
1230000 86.9
1240000 46.8
1250000 54.5
1260000 47.6
1270000 34.4
1280000 21.3
1290000 30.4
1300000 91.8
1310000 48.9
1320000 60.5
1330000 68.0
1340000 65.2
1350000 18.9
1360000 58.4
1370000 130.7
1380000 103.6
1390000 49.4
1400000 20.3
1410000 65.5
1420000 70.2
1430000 83.6
1440000 74.0
1450000 80.6
1460000 128.9
1470000 64.4
1480000 295.2
1490000 109.1
1500000 74.2
1510000 17.1
1520000 98.1
1530000 129.0
1540000 67.6
1550000 66.7
1560000 64.9
1570000 77.2
1580000 180.4
1590000 78.8
1600000 18.5
1610000 72.9
1620000 33.9
1630000 78.7
1640000 130.1
1650000 167.3
1660000 149.2
1670000 43.0
1680000 125.9
1690000 51.8
1700000 64.1
1710000 92.3
1720000 20.8
1730000 24.2
1740000 97.4
1750000 28.7
1760000 57.2
1770000 14.0
1780000 49.3
1790000 65.9
1800000 57.2
1810000 112.4
1820000 22.8
1830000 141.1
1840000 115.6
1850000 111.1
1860000 81.3
1870000 18.4
1880000 15.8
1890000 84.4
1900000 34.7
1910000 43.5
1920000 14.3
1930000 32.9
1940000 15.2
1950000 48.9
1960000 77.7
1970000 23.7
1980000 29.3
1990000 28.4
2000000 42.0
