10000 62.3
20000 87.2
30000 70.7
40000 100.4
50000 73.4
60000 126.3
70000 63.6
80000 71.1
90000 107.9
100000 47.4
110000 27.9
120000 60.0
130000 105.9
140000 103.9
150000 34.0
160000 41.8
170000 51.0
180000 48.7
190000 51.5
200000 76.2
210000 54.3
220000 31.2
230000 103.6
240000 91.5
250000 54.5
260000 71.7
270000 31.9
280000 97.0
290000 13.9
300000 112.4
310000 113.0
320000 84.7
330000 132.8
340000 95.0
350000 63.0
360000 76.1
370000 20.4
380000 13.9
390000 68.0
400000 41.9
410000 38.5
420000 29.9
430000 67.3
440000 18.9
450000 38.0
460000 53.2
470000 131.6
480000 21.5
490000 72.2
500000 100.8
510000 95.5
520000 147.4
530000 99.4
540000 53.6
550000 128.9
560000 192.8
570000 114.0
580000 150.3
590000 144.3
600000 122.3
610000 15.0
620000 135.2
630000 203.6
640000 129.9
650000 76.8
660000 202.7
670000 169.5
680000 68.7
690000 151.0
700000 54.5
710000 60.8
720000 45.9
730000 252.2
740000 197.7
750000 60.5
760000 129.0
770000 81.8
780000 190.3
790000 128.8
800000 120.0
810000 158.4
820000 110.0
830000 108.6
840000 91.0
850000 157.0
860000 40.7
870000 174.5
880000 141.8
890000 91.9
900000 135.1
910000 54.6
920000 113.3
930000 194.2
940000 151.9
950000 122.5
960000 77.1
970000 77.9
980000 63.0
990000 220.7
1000000 20.8
1010000 75.3
1020000 13.8
1030000 109.1
1040000 69.2
1050000 39.8
1060000 18.5
1070000 95.8
1080000 69.1
1090000 121.5
1100000 62.5
1110000 16.6
1120000 91.2
1130000 131.2
1140000 47.4
1150000 75.8
1160000 112.2
1170000 123.7
1180000 82.6
1190000 76.8
1200000 73.9
1210000 94.8
1220000 85.4
1230000 86.9
1240000 47.1
1250000 127.3
1260000 49.5
1270000 37.6
1280000 40.4
1290000 86.2
1300000 37.2
1310000 83.6
1320000 40.4
1330000 112.8
1340000 116.7
1350000 70.2
1360000 23.4
1370000 50.9
1380000 47.8
1390000 57.0
1400000 60.0
1410000 80.1
1420000 69.8
1430000 163.1
1440000 161.5
1450000 188.7
1460000 41.6
1470000 45.7
1480000 70.7
1490000 92.2
1500000 195.0
1510000 64.3
1520000 127.9
1530000 71.5
1540000 52.2
1550000 58.2
1560000 26.5
1570000 22.3
1580000 62.2
1590000 202.7
1600000 72.7
1610000 89.3
1620000 16.4
1630000 46.3
1640000 26.0
1650000 70.4
1660000 41.8
1670000 154.9
1680000 168.8
1690000 52.2
1700000 104.8
1710000 110.2
1720000 114.3
1730000 55.6
1740000 34.2
1750000 69.1
1760000 108.5
1770000 60.3
1780000 87.3
1790000 139.0
1800000 58.9
1810000 13.8
1820000 74.6
1830000 71.3
1840000 33.7
1850000 108.8
1860000 66.3
1870000 72.4
1880000 66.6
1890000 64.4
1900000 70.3
1910000 60.0
1920000 107.3
1930000 95.9
1940000 55.9
1950000 26.9
1960000 65.8
1970000 71.0
1980000 108.3
1990000 25.9
2000000 23.4
