10000 80.0
20000 29.7
30000 117.2
40000 67.1
50000 24.5
60000 162.2
70000 202.5
80000 62.4
90000 132.6
100000 82.6
110000 102.3
120000 40.4
130000 146.2
140000 81.0
150000 96.8
160000 192.2
170000 129.5
180000 51.5
190000 81.1
200000 92.5
210000 71.1
220000 89.4
230000 124.7
240000 88.5
250000 54.1
260000 115.4
270000 84.8
280000 33.1
290000 69.7
300000 42.2
310000 36.2
320000 129.0
330000 122.0
340000 108.6
350000 147.1
360000 133.5
370000 86.0
380000 46.8
390000 30.9
400000 55.6
410000 107.1
420000 60.7
430000 83.6
440000 96.6
450000 123.9
460000 94.6
470000 85.7
480000 65.8
490000 74.0
500000 130.5
510000 136.7
520000 99.5
530000 62.0
540000 121.3
550000 49.9
560000 107.8
570000 34.2
580000 191.6
590000 80.7
600000 127.7
610000 51.4
620000 69.2
630000 112.0
640000 135.9
650000 153.0
660000 108.8
670000 120.8
680000 60.6
690000 107.3
700000 140.2
710000 82.6
720000 116.7
730000 35.0
740000 51.0
750000 79.4
760000 106.5
770000 118.0
780000 165.9
790000 143.3
800000 97.9
810000 87.9
820000 27.8
830000 56.8
840000 81.4
850000 142.6
860000 80.7
870000 125.7
880000 111.7
890000 123.3
900000 121.7
910000 118.0
920000 111.8
930000 53.6
940000 125.2
950000 45.6
960000 104.0
970000 57.6
980000 67.5
990000 146.9
1000000 35.7
1010000 55.3
1020000 25.4
1030000 130.8
1040000 168.7
1050000 110.0
1060000 91.5
1070000 150.8
1080000 67.2
1090000 126.9
1100000 56.4
1110000 148.0
1120000 179.4
1130000 94.2
1140000 45.0
1150000 60.7
1160000 44.0
1170000 65.5
1180000 68.3
1190000 76.7
1200000 130.1
1210000 28.3
1220000 150.8
1230000 185.7
1240000 59.9
1250000 82.8
1260000 113.5
1270000 86.8
1280000 115.1
1290000 23.1
1300000 44.6
1310000 93.6
1320000 69.6
1330000 74.9
1340000 123.1
1350000 112.0
1360000 101.1
1370000 139.9
1380000 48.9
1390000 97.0
1400000 41.6
1410000 145.4
1420000 84.4
1430000 105.7
1440000 111.4
1450000 125.0
1460000 101.8
1470000 39.8
1480000 118.2
1490000 36.2
1500000 86.1
1510000 72.7
1520000 46.5
1530000 53.1
1540000 129.8
1550000 61.5
1560000 60.9
1570000 80.0
1580000 76.3
1590000 80.9
1600000 57.5
1610000 91.5
1620000 53.2
1630000 96.1
1640000 93.5
1650000 84.5
1660000 56.7
1670000 35.7
1680000 48.2
1690000 43.8
1700000 73.4
1710000 56.4
1720000 64.2
1730000 90.9
1740000 52.2
1750000 101.5
1760000 59.8
1770000 100.8
1780000 39.8
1790000 56.3
1800000 93.4
1810000 77.4
1820000 38.6
1830000 63.7
1840000 95.2
1850000 20.1
1860000 88.3
1870000 56.6
1880000 44.1
1890000 22.6
1900000 93.3
1910000 147.7
1920000 84.6
1930000 100.2
1940000 50.4
1950000 87.3
1960000 60.8
1970000 61.5
1980000 81.1
1990000 28.9
2000000 75.9
