10000 211.4
20000 295.5
30000 99.3
40000 3.4
50000 103.4
60000 59.1
70000 197.6
80000 99.8
90000 80.1
100000 0.7
110000 99.4
120000 199.2
130000 296.9
140000 85.3
150000 1.5
160000 184.0
170000 198.2
180000 133.1
190000 0.0
200000 100.0
210000 92.9
220000 99.5
230000 69.1
240000 47.7
250000 2.0
260000 111.4
270000 164.5
280000 196.1
290000 190.4
300000 0.0
310000 1.5
320000 198.6
330000 197.2
340000 197.4
350000 174.5
360000 195.2
370000 1.0
380000 78.9
390000 294.9
400000 0.0
410000 102.0
420000 0.0
430000 200.1
440000 294.5
450000 283.1
460000 87.2
470000 200.0
480000 292.9
490000 284.6
500000 93.2
510000 100.0
520000 99.5
530000 189.7
540000 178.1
550000 298.3
560000 101.4
570000 103.3
580000 199.9
590000 3.8
600000 107.2
610000 92.1
620000 199.1
630000 200.6
640000 100.0
650000 219.3
660000 98.8
670000 97.5
680000 197.0
690000 94.7
700000 0.1
710000 90.4
720000 196.0
730000 196.6
740000 102.9
750000 100.0
760000 195.5
770000 0.0
780000 0.0
790000 261.9
800000 96.7
810000 91.3
820000 104.5
830000 0.0
840000 299.1
850000 200.0
860000 300.0
870000 0.0
880000 193.4
890000 97.5
900000 100.0
910000 0.0
920000 102.1
930000 0.0
940000 198.2
950000 97.5
960000 100.7
970000 0.0
980000 0.0
990000 298.0
1000000 0.5
1010000 192.8
1020000 201.4
1030000 0.0
1040000 0.0
1050000 1.2
1060000 89.8
1070000 0.0
1080000 0.2
1090000 98.5
1100000 100.0
1110000 97.5
1120000 116.0
1130000 203.9
1140000 1.7
1150000 0.0
1160000 201.8
1170000 100.5
1180000 0.7
1190000 0.0
1200000 0.0
1210000 200.0
1220000 100.0
1230000 0.0
1240000 206.2
1250000 0.0
1260000 0.0
1270000 0.0
1280000 200.0
1290000 103.0
1300000 200.5
1310000 0.0
1320000 0.0
1330000 198.6
1340000 200.0
1350000 0.0
1360000 198.7
1370000 101.6
1380000 100.0
1390000 184.0
1400000 300.4
1410000 1.1
1420000 98.3
1430000 200.0
1440000 0.0
1450000 0.0
1460000 0.7
1470000 100.5
1480000 100.5
1490000 0.0
1500000 200.0
1510000 200.0
1520000 100.0
1530000 0.0
1540000 197.5
1550000 195.7
1560000 0.0
1570000 0.0
1580000 0.0
1590000 0.0
1600000 82.3
1610000 400.0
1620000 100.0
1630000 0.8
1640000 101.9
1650000 98.8
1660000 199.4
1670000 295.1
1680000 100.9
1690000 200.0
1700000 102.6
1710000 0.0
1720000 106.2
1730000 47.9
1740000 98.7
1750000 0.0
1760000 100.0
1770000 100.0
1780000 100.0
1790000 101.9
1800000 200.0
1810000 27.1
1820000 0.8
1830000 100.0
1840000 196.1
1850000 0.0
1860000 100.4
1870000 277.3
1880000 0.0
1890000 100.0
1900000 0.0
1910000 0.0
1920000 0.0
1930000 0.0
1940000 0.0
1950000 98.0
1960000 198.4
1970000 177.8
1980000 14.2
1990000 297.1
2000000 199.3
