10000 1.6
20000 0.0
30000 100.2
40000 98.5
50000 10.3
60000 7.9
70000 196.1
80000 307.9
90000 0.5
100000 100.0
110000 277.9
120000 200.2
130000 260.5
140000 300.4
150000 101.6
160000 174.6
170000 192.0
180000 4.4
190000 391.3
200000 103.6
210000 177.2
220000 293.7
230000 307.2
240000 182.5
250000 302.1
260000 86.0
270000 95.4
280000 0.0
290000 194.7
300000 98.6
310000 100.0
320000 1.6
330000 100.0
340000 290.7
350000 196.7
360000 97.7
370000 0.0
380000 199.7
390000 65.7
400000 97.5
410000 102.0
420000 1.3
430000 100.0
440000 295.4
450000 201.0
460000 0.0
470000 99.1
480000 0.0
490000 193.6
500000 195.6
510000 196.5
520000 197.1
530000 196.7
540000 284.9
550000 197.0
560000 196.4
570000 100.8
580000 20.7
590000 0.0
600000 0.0
610000 0.0
620000 97.9
630000 0.0
640000 0.0
650000 394.2
660000 101.3
670000 99.1
680000 100.0
690000 0.0
700000 0.0
710000 111.1
720000 197.7
730000 98.9
740000 191.8
750000 0.8
760000 0.0
770000 0.1
780000 198.3
790000 0.9
800000 100.0
810000 0.0
820000 102.3
830000 92.2
840000 2.3
850000 2.0
860000 94.7
870000 0.0
880000 92.6
890000 96.6
900000 100.0
910000 101.7
920000 0.2
930000 199.1
940000 100.4
950000 102.3
960000 8.3
970000 2.2
980000 200.0
990000 190.0
1000000 195.0
1010000 177.6
1020000 0.0
1030000 0.0
1040000 199.3
1050000 197.8
1060000 0.0
1070000 91.3
1080000 200.0
1090000 0.0
1100000 0.0
1110000 0.0
1120000 449.3
1130000 0.0
1140000 4.0
1150000 100.0
1160000 1.0
1170000 100.6
1180000 100.0
1190000 100.0
1200000 100.0
1210000 98.0
1220000 0.0
1230000 99.7
1240000 99.5
1250000 98.8
1260000 0.0
1270000 95.7
1280000 100.0
1290000 0.0
1300000 0.0
1310000 0.1
1320000 98.9
1330000 100.0
1340000 0.0
1350000 0.0
1360000 0.0
1370000 100.0
1380000 95.4
1390000 104.2
1400000 0.0
1410000 192.2
1420000 200.0
1430000 0.0
1440000 100.0
1450000 100.0
1460000 203.0
1470000 100.2
1480000 99.6
1490000 0.0
1500000 0.0
1510000 0.0
1520000 0.9
1530000 100.1
1540000 0.0
1550000 100.0
1560000 0.0
1570000 100.0
1580000 314.4
1590000 88.7
1600000 155.4
1610000 0.0
1620000 100.0
1630000 0.0
1640000 100.0
1650000 100.0
1660000 0.3
1670000 199.7
1680000 0.0
1690000 200.0
1700000 99.1
1710000 200.0
1720000 101.2
1730000 100.0
1740000 0.3
1750000 202.7
1760000 0.0
1770000 0.0
1780000 0.0
1790000 198.9
1800000 100.8
1810000 100.0
1820000 0.0
1830000 199.4
1840000 99.3
1850000 200.0
1860000 200.0
1870000 100.0
1880000 0.0
1890000 198.1
1900000 97.7
1910000 0.0
1920000 98.8
1930000 0.0
1940000 0.0
1950000 99.7
1960000 0.0
1970000 91.8
1980000 1.2
1990000 0.0
2000000 120.2
