10000 100.0
20000 100.0
30000 0.0
40000 57.9
50000 102.2
60000 75.7
70000 194.8
80000 103.0
90000 285.4
100000 0.0
110000 0.0
120000 100.5
130000 1.0
140000 104.0
150000 1.9
160000 101.2
170000 1.4
180000 190.1
190000 193.9
200000 199.5
210000 483.9
220000 397.3
230000 180.9
240000 194.3
250000 287.6
260000 96.6
270000 103.0
280000 138.8
290000 389.5
300000 91.8
310000 0.0
320000 291.4
330000 190.8
340000 97.4
350000 195.4
360000 2.2
370000 98.1
380000 100.0
390000 292.6
400000 277.6
410000 97.8
420000 107.0
430000 302.1
440000 295.1
450000 368.3
460000 191.4
470000 0.0
480000 189.6
490000 162.7
500000 97.4
510000 0.0
520000 288.8
530000 297.8
540000 100.0
550000 217.6
560000 196.7
570000 0.6
580000 105.3
590000 95.3
600000 0.8
610000 382.1
620000 388.7
630000 294.3
640000 103.2
650000 0.0
660000 188.1
670000 100.0
680000 277.2
690000 100.0
700000 200.0
710000 284.7
720000 100.0
730000 97.7
740000 100.0
750000 100.0
760000 197.6
770000 99.0
780000 109.4
790000 192.8
800000 100.0
810000 98.8
820000 98.3
830000 295.5
840000 0.4
850000 201.3
860000 99.3
870000 0.6
880000 196.8
890000 0.0
900000 0.5
910000 99.6
920000 99.5
930000 198.9
940000 288.1
950000 91.6
960000 6.7
970000 0.0
980000 194.2
990000 87.8
1000000 294.4
1010000 197.9
1020000 1.4
1030000 0.0
1040000 296.2
1050000 100.0
1060000 100.1
1070000 199.0
1080000 0.0
1090000 98.4
1100000 196.7
1110000 200.0
1120000 0.0
1130000 100.0
1140000 0.0
1150000 148.4
1160000 199.2
1170000 97.7
1180000 197.7
1190000 199.6
1200000 0.1
1210000 100.0
1220000 0.7
1230000 100.0
1240000 0.0
1250000 91.7
1260000 98.9
1270000 0.0
1280000 0.0
1290000 0.0
1300000 98.8
1310000 100.4
1320000 100.9
1330000 0.0
1340000 199.0
1350000 0.3
1360000 200.3
1370000 0.0
1380000 0.7
1390000 99.9
1400000 100.0
1410000 0.0
1420000 0.0
1430000 5.1
1440000 0.8
1450000 0.0
1460000 100.0
1470000 100.0
1480000 100.0
1490000 3.8
1500000 100.3
1510000 0.0
1520000 100.0
1530000 102.2
1540000 0.2
1550000 100.0
1560000 100.0
1570000 200.0
1580000 100.0
1590000 0.0
1600000 206.1
1610000 100.0
1620000 93.0
1630000 200.0
1640000 100.0
1650000 0.0
1660000 0.0
1670000 0.0
1680000 0.0
1690000 194.9
1700000 199.0
1710000 0.0
1720000 0.5
1730000 100.0
1740000 200.0
1750000 100.0
1760000 106.1
1770000 0.2
1780000 100.0
1790000 98.8
1800000 98.6
1810000 97.8
1820000 0.0
1830000 100.0
1840000 0.0
1850000 200.0
1860000 203.6
1870000 98.5
1880000 0.0
1890000 200.2
1900000 1.0
1910000 1.3
1920000 0.2
1930000 0.0
1940000 0.0
1950000 100.0
1960000 0.0
1970000 100.0
1980000 198.8
1990000 102.7
2000000 0.0
