10000 59.8
20000 1.3
30000 196.7
40000 0.0
50000 100.2
60000 89.0
70000 114.6
80000 93.6
90000 0.0
100000 327.8
110000 61.5
120000 99.1
130000 245.0
140000 182.5
150000 390.4
160000 195.5
170000 197.1
180000 196.7
190000 489.0
200000 209.2
210000 4.0
220000 385.8
230000 492.3
240000 311.2
250000 98.6
260000 196.8
270000 182.6
280000 96.6
290000 98.3
300000 287.2
310000 189.5
320000 192.7
330000 393.8
340000 0.0
350000 196.8
360000 97.7
370000 286.0
380000 100.2
390000 100.0
400000 1.7
410000 100.0
420000 1.2
430000 215.7
440000 199.0
450000 0.0
460000 235.8
470000 0.0
480000 0.5
490000 185.2
500000 100.0
510000 100.3
520000 0.6
530000 0.0
540000 172.6
550000 96.4
560000 74.9
570000 101.2
580000 135.2
590000 85.6
600000 200.0
610000 100.0
620000 0.0
630000 0.0
640000 1.2
650000 198.9
660000 0.0
670000 100.0
680000 91.8
690000 100.7
700000 0.0
710000 100.0
720000 100.0
730000 197.6
740000 295.8
750000 100.0
760000 100.0
770000 390.9
780000 0.0
790000 98.7
800000 199.5
810000 0.6
820000 174.2
830000 97.5
840000 98.9
850000 198.2
860000 199.7
870000 100.4
880000 188.8
890000 94.3
900000 64.5
910000 262.9
920000 0.7
930000 171.3
940000 99.9
950000 101.3
960000 1.1
970000 87.7
980000 99.6
990000 204.0
1000000 100.3
1010000 183.3
1020000 452.7
1030000 199.7
1040000 183.9
1050000 97.3
1060000 99.2
1070000 0.8
1080000 102.6
1090000 193.9
1100000 98.4
1110000 197.2
1120000 0.0
1130000 190.1
1140000 98.8
1150000 208.6
1160000 0.0
1170000 100.0
1180000 0.1
1190000 18.4
1200000 3.7
1210000 98.0
1220000 101.1
1230000 89.0
1240000 186.1
1250000 100.0
1260000 199.6
1270000 194.7
1280000 100.0
1290000 199.3
1300000 197.7
1310000 95.1
1320000 198.5
1330000 101.2
1340000 95.3
1350000 297.2
1360000 196.6
1370000 97.7
1380000 292.5
1390000 194.5
1400000 393.9
1410000 0.0
1420000 96.7
1430000 389.1
1440000 165.6
1450000 297.3
1460000 99.5
1470000 362.1
1480000 0.0
1490000 469.3
1500000 295.3
1510000 199.4
1520000 241.4
1530000 88.3
1540000 195.8
1550000 0.5
1560000 196.1
1570000 0.0
1580000 200.0
1590000 0.9
1600000 290.7
1610000 98.3
1620000 191.5
1630000 100.0
1640000 486.7
1650000 100.0
1660000 1.3
1670000 98.4
1680000 293.2
1690000 293.7
1700000 106.3
1710000 293.9
1720000 196.5
1730000 93.9
1740000 96.2
1750000 100.7
1760000 0.4
1770000 88.2
1780000 100.2
1790000 198.9
1800000 195.9
1810000 98.9
1820000 318.1
1830000 387.1
1840000 100.3
1850000 188.0
1860000 1.4
1870000 99.3
1880000 396.8
1890000 189.7
1900000 0.0
1910000 194.1
1920000 252.7
1930000 187.1
1940000 100.5
1950000 98.9
1960000 290.3
1970000 0.0
1980000 100.0
1990000 198.2
2000000 191.6
