10000 99.8
20000 2.5
30000 0.5
40000 102.1
50000 255.3
60000 100.3
70000 281.6
80000 96.9
90000 0.0
100000 301.1
110000 188.2
120000 100.0
130000 205.2
140000 287.8
150000 1.0
160000 93.7
170000 91.6
180000 162.5
190000 99.4
200000 319.8
210000 293.2
220000 99.3
230000 193.2
240000 0.5
250000 197.7
260000 100.0
270000 98.3
280000 299.0
290000 7.2
300000 169.2
310000 100.9
320000 100.3
330000 100.7
340000 5.0
350000 283.5
360000 98.5
370000 199.1
380000 0.4
390000 121.2
400000 101.3
410000 201.0
420000 188.4
430000 284.5
440000 294.9
450000 199.0
460000 298.0
470000 379.2
480000 285.6
490000 299.2
500000 11.5
510000 95.8
520000 87.0
530000 196.5
540000 0.0
550000 100.0
560000 364.8
570000 295.8
580000 97.6
590000 2.6
600000 100.0
610000 191.8
620000 100.5
630000 0.0
640000 188.4
650000 0.0
660000 100.0
670000 0.0
680000 296.7
690000 394.3
700000 0.0
710000 0.0
720000 98.9
730000 0.5
740000 93.1
750000 99.0
760000 198.4
770000 100.2
780000 191.8
790000 197.2
800000 291.0
810000 100.2
820000 191.8
830000 103.3
840000 0.0
850000 0.0
860000 199.3
870000 100.0
880000 200.8
890000 200.0
900000 196.3
910000 200.0
920000 68.7
930000 10.3
940000 0.0
950000 100.0
960000 101.4
970000 198.7
980000 284.1
990000 179.0
1000000 1.0
1010000 0.0
1020000 198.4
1030000 99.1
1040000 0.0
1050000 294.2
1060000 100.3
1070000 100.0
1080000 4.7
1090000 0.9
1100000 0.0
1110000 200.0
1120000 0.0
1130000 4.0
1140000 0.0
1150000 300.0
1160000 100.0
1170000 211.2
1180000 200.2
1190000 295.2
1200000 0.0
1210000 24.2
1220000 0.0
1230000 200.8
1240000 100.0
1250000 10.9
1260000 200.2
1270000 0.0
1280000 0.6
1290000 0.0
1300000 0.9
1310000 98.6
1320000 100.3
1330000 0.0
1340000 0.4
1350000 100.2
1360000 89.0
1370000 100.0
1380000 100.0
1390000 101.6
1400000 197.0
1410000 146.8
1420000 100.0
1430000 200.8
1440000 0.0
1450000 100.0
1460000 100.0
1470000 106.7
1480000 198.2
1490000 100.0
1500000 200.8
1510000 1.6
1520000 100.0
1530000 99.2
1540000 0.6
1550000 101.4
1560000 0.0
1570000 98.3
1580000 0.0
1590000 0.9
1600000 1.0
1610000 298.1
1620000 200.0
1630000 0.0
1640000 0.0
1650000 100.0
1660000 100.4
1670000 23.6
1680000 0.0
1690000 0.0
1700000 100.0
1710000 192.1
1720000 0.0
1730000 174.2
1740000 100.0
1750000 0.0
1760000 98.4
1770000 0.0
1780000 100.2
1790000 0.0
1800000 100.0
1810000 96.3
1820000 1.6
1830000 0.0
1840000 99.4
1850000 0.3
1860000 99.6
1870000 100.0
1880000 100.0
1890000 213.6
1900000 197.9
1910000 100.8
1920000 98.3
1930000 197.6
1940000 88.1
1950000 0.0
1960000 0.0
1970000 297.1
1980000 0.0
1990000 0.0
2000000 0.0
