10000 4.2
20000 0.0
30000 95.7
40000 0.2
50000 106.9
60000 3.9
70000 251.5
80000 131.0
90000 285.6
100000 194.2
110000 100.0
120000 191.2
130000 0.0
140000 101.2
150000 0.0
160000 99.4
170000 284.2
180000 105.0
190000 0.5
200000 294.6
210000 0.0
220000 100.0
230000 58.5
240000 83.0
250000 196.0
260000 198.2
270000 0.0
280000 2.5
290000 192.6
300000 100.3
310000 254.6
320000 265.2
330000 195.6
340000 98.6
350000 105.4
360000 211.4
370000 97.6
380000 193.2
390000 100.0
400000 198.2
410000 272.9
420000 0.0
430000 99.5
440000 100.7
450000 102.9
460000 4.7
470000 0.0
480000 0.0
490000 55.6
500000 0.8
510000 189.5
520000 11.0
530000 96.7
540000 198.0
550000 0.0
560000 3.5
570000 199.3
580000 0.3
590000 193.6
600000 95.5
610000 104.1
620000 102.5
630000 196.0
640000 238.6
650000 172.3
660000 297.7
670000 282.6
680000 67.8
690000 100.0
700000 117.8
710000 92.8
720000 101.7
730000 101.4
740000 293.4
750000 100.9
760000 100.0
770000 100.0
780000 2.2
790000 206.3
800000 99.4
810000 195.7
820000 152.5
830000 194.7
840000 199.3
850000 2.3
860000 0.0
870000 197.5
880000 97.8
890000 189.2
900000 103.9
910000 197.3
920000 199.4
930000 0.0
940000 0.0
950000 0.0
960000 0.0
970000 111.6
980000 100.0
990000 286.5
1000000 200.0
1010000 100.0
1020000 88.6
1030000 0.4
1040000 0.0
1050000 200.0
1060000 296.6
1070000 100.0
1080000 3.4
1090000 89.7
1100000 200.0
1110000 100.0
1120000 1.0
1130000 297.5
1140000 104.8
1150000 100.0
1160000 100.3
1170000 207.9
1180000 1.4
1190000 103.0
1200000 6.1
1210000 100.1
1220000 100.0
1230000 100.2
1240000 0.0
1250000 0.7
1260000 2.3
1270000 102.7
1280000 95.9
1290000 0.6
1300000 100.9
1310000 201.2
1320000 100.0
1330000 100.0
1340000 103.7
1350000 99.3
1360000 397.1
1370000 0.0
1380000 0.0
1390000 0.0
1400000 195.7
1410000 99.2
1420000 100.0
1430000 295.6
1440000 98.3
1450000 98.8
1460000 199.4
1470000 166.6
1480000 103.2
1490000 101.0
1500000 200.0
1510000 100.0
1520000 199.5
1530000 0.2
1540000 0.0
1550000 97.5
1560000 0.0
1570000 200.0
1580000 0.0
1590000 99.6
1600000 201.2
1610000 0.0
1620000 100.0
1630000 0.0
1640000 0.0
1650000 0.0
1660000 10.9
1670000 198.2
1680000 0.0
1690000 0.0
1700000 0.0
1710000 0.0
1720000 0.0
1730000 0.0
1740000 200.0
1750000 100.0
1760000 200.0
1770000 0.0
1780000 100.0
1790000 1.1
1800000 0.0
1810000 0.6
1820000 97.1
1830000 0.0
1840000 199.2
1850000 99.5
1860000 0.0
1870000 100.0
1880000 200.0
1890000 98.5
1900000 0.0
1910000 102.9
1920000 0.0
1930000 100.0
1940000 100.0
1950000 100.0
1960000 100.0
1970000 0.0
1980000 0.0
1990000 199.3
2000000 98.4
