10000 100.0
20000 85.5
30000 0.0
40000 0.0
50000 97.8
60000 97.0
70000 99.2
80000 214.0
90000 293.9
100000 131.2
110000 100.2
120000 108.5
130000 133.0
140000 108.1
150000 293.5
160000 2.9
170000 0.7
180000 196.0
190000 101.7
200000 97.4
210000 96.7
220000 226.0
230000 100.0
240000 97.8
250000 100.0
260000 200.6
270000 162.0
280000 0.7
290000 259.4
300000 297.0
310000 82.3
320000 1.8
330000 94.4
340000 197.6
350000 290.5
360000 97.7
370000 205.0
380000 0.0
390000 0.0
400000 196.2
410000 100.0
420000 3.2
430000 98.6
440000 297.8
450000 200.0
460000 200.5
470000 0.3
480000 12.1
490000 0.0
500000 0.0
510000 0.0
520000 0.0
530000 100.9
540000 100.0
550000 121.4
560000 106.4
570000 100.0
580000 200.0
590000 0.7
600000 0.4
610000 99.4
620000 194.7
630000 99.6
640000 101.4
650000 198.2
660000 0.0
670000 98.2
680000 0.0
690000 0.0
700000 200.0
710000 98.6
720000 100.0
730000 186.3
740000 95.7
750000 100.0
760000 199.2
770000 148.7
780000 100.0
790000 98.0
800000 98.8
810000 100.0
820000 103.0
830000 93.8
840000 200.0
850000 0.0
860000 86.1
870000 152.7
880000 200.0
890000 101.9
900000 111.2
910000 0.0
920000 0.3
930000 95.5
940000 100.0
950000 77.6
960000 0.0
970000 122.0
980000 97.2
990000 300.0
1000000 1.8
1010000 0.0
1020000 98.6
1030000 99.0
1040000 98.0
1050000 200.2
1060000 200.2
1070000 98.9
1080000 0.0
1090000 100.0
1100000 0.0
1110000 200.0
1120000 100.0
1130000 200.0
1140000 200.0
1150000 0.5
1160000 100.0
1170000 299.3
1180000 0.8
1190000 100.0
1200000 394.5
1210000 100.0
1220000 100.0
1230000 100.0
1240000 100.0
1250000 99.6
1260000 99.1
1270000 0.0
1280000 0.0
1290000 0.0
1300000 20.2
1310000 102.4
1320000 100.4
1330000 0.2
1340000 199.4
1350000 0.0
1360000 195.5
1370000 0.0
1380000 1.7
1390000 96.7
1400000 297.2
1410000 100.0
1420000 0.0
1430000 100.0
1440000 200.0
1450000 91.7
1460000 100.0
1470000 82.6
1480000 100.0
1490000 200.0
1500000 0.0
1510000 200.0
1520000 0.0
1530000 101.2
1540000 0.0
1550000 100.0
1560000 196.2
1570000 0.0
1580000 0.5
1590000 0.0
1600000 100.0
1610000 199.6
1620000 194.1
1630000 199.2
1640000 0.0
1650000 93.0
1660000 0.0
1670000 0.0
1680000 100.0
1690000 99.5
1700000 0.0
1710000 94.7
1720000 0.0
1730000 100.0
1740000 1.4
1750000 0.0
1760000 99.1
1770000 0.0
1780000 0.5
1790000 0.0
1800000 0.0
1810000 0.0
1820000 0.0
1830000 100.0
1840000 10.0
1850000 99.2
1860000 0.0
1870000 100.0
1880000 100.0
1890000 100.0
1900000 100.0
1910000 100.0
1920000 100.4
1930000 1.4
1940000 0.0
1950000 100.0
1960000 94.7
1970000 199.0
1980000 0.6
1990000 297.4
2000000 100.0
