10000 0.0
20000 198.4
30000 104.5
40000 262.5
50000 102.7
60000 91.8
70000 106.3
80000 120.5
90000 205.5
100000 298.5
110000 1.3
120000 197.9
130000 198.8
140000 197.8
150000 0.0
160000 196.4
170000 131.4
180000 2.1
190000 130.0
200000 196.4
210000 95.4
220000 353.1
230000 478.4
240000 108.6
250000 307.8
260000 208.0
270000 198.9
280000 296.7
290000 0.0
300000 196.0
310000 284.3
320000 96.7
330000 198.7
340000 193.3
350000 200.6
360000 295.4
370000 192.5
380000 0.0
390000 100.0
400000 369.2
410000 0.0
420000 100.3
430000 100.0
440000 0.0
450000 197.5
460000 101.4
470000 161.4
480000 1.1
490000 66.9
500000 210.7
510000 97.5
520000 195.9
530000 199.2
540000 99.0
550000 0.0
560000 100.3
570000 97.1
580000 98.9
590000 98.9
600000 187.5
610000 188.6
620000 0.0
630000 92.4
640000 100.3
650000 288.4
660000 0.0
670000 1.9
680000 100.0
690000 301.8
700000 0.0
710000 100.0
720000 393.1
730000 273.7
740000 0.0
750000 198.4
760000 196.5
770000 196.9
780000 95.4
790000 88.1
800000 495.5
810000 200.0
820000 3.7
830000 100.7
840000 389.0
850000 399.1
860000 91.4
870000 6.5
880000 100.0
890000 97.8
900000 311.8
910000 134.8
920000 5.2
930000 99.5
940000 194.0
950000 100.0
960000 86.9
970000 0.0
980000 200.0
990000 292.9
1000000 109.0
1010000 4.4
1020000 101.5
1030000 196.3
1040000 195.9
1050000 300.9
1060000 97.8
1070000 290.9
1080000 100.0
1090000 97.3
1100000 84.5
1110000 102.1
1120000 131.7
1130000 192.5
1140000 188.5
1150000 300.0
1160000 294.0
1170000 109.8
1180000 198.4
1190000 0.0
1200000 186.7
1210000 0.4
1220000 97.9
1230000 397.0
1240000 0.0
1250000 98.6
1260000 59.8
1270000 99.3
1280000 10.3
1290000 103.5
1300000 0.3
1310000 0.0
1320000 97.6
1330000 78.2
1340000 196.7
1350000 1.4
1360000 98.8
1370000 99.2
1380000 193.1
1390000 0.0
1400000 100.0
1410000 0.1
1420000 196.9
1430000 199.6
1440000 0.3
1450000 99.0
1460000 0.0
1470000 101.1
1480000 0.0
1490000 200.2
1500000 300.0
1510000 386.8
1520000 0.0
1530000 0.0
1540000 197.7
1550000 200.0
1560000 0.6
1570000 298.6
1580000 218.1
1590000 0.0
1600000 195.7
1610000 295.2
1620000 0.0
1630000 213.7
1640000 177.0
1650000 103.5
1660000 494.1
1670000 104.4
1680000 196.8
1690000 0.0
1700000 0.0
1710000 298.7
1720000 196.9
1730000 6.6
1740000 100.0
1750000 200.0
1760000 59.7
1770000 12.7
1780000 299.6
1790000 99.1
1800000 9.3
1810000 88.6
1820000 0.0
1830000 300.0
1840000 100.0
1850000 196.6
1860000 0.0
1870000 0.0
1880000 194.2
1890000 0.0
1900000 199.2
1910000 89.5
1920000 0.0
1930000 96.0
1940000 100.0
1950000 1.9
1960000 98.5
1970000 100.0
1980000 201.3
1990000 91.2
2000000 0.0
