10000 0.0
20000 2.4
30000 198.8
40000 0.4
50000 98.3
60000 0.0
70000 94.4
80000 0.0
90000 100.0
100000 0.0
110000 10.8
120000 104.7
130000 191.1
140000 0.4
150000 2.4
160000 153.2
170000 295.6
180000 96.2
190000 386.6
200000 197.8
210000 67.2
220000 100.0
230000 155.6
240000 97.4
250000 131.5
260000 0.0
270000 199.2
280000 101.6
290000 102.3
300000 100.0
310000 275.5
320000 3.0
330000 199.2
340000 197.7
350000 0.7
360000 298.4
370000 96.6
380000 102.2
390000 100.0
400000 100.9
410000 0.0
420000 100.0
430000 285.9
440000 100.5
450000 0.0
460000 195.3
470000 87.5
480000 0.0
490000 200.9
500000 100.5
510000 3.4
520000 200.6
530000 5.2
540000 1.1
550000 196.1
560000 0.0
570000 0.0
580000 200.0
590000 100.0
600000 0.2
610000 0.0
620000 98.9
630000 89.4
640000 0.6
650000 100.0
660000 101.7
670000 100.0
680000 100.3
690000 0.0
700000 0.0
710000 95.5
720000 194.5
730000 0.0
740000 0.0
750000 399.0
760000 184.0
770000 100.8
780000 198.4
790000 0.0
800000 96.7
810000 0.3
820000 199.2
830000 200.0
840000 100.0
850000 0.0
860000 100.0
870000 0.0
880000 239.1
890000 100.0
900000 100.0
910000 200.0
920000 0.0
930000 100.0
940000 0.0
950000 98.3
960000 0.0
970000 100.0
980000 204.2
990000 0.0
1000000 0.0
1010000 199.3
1020000 199.6
1030000 1.1
1040000 98.3
1050000 99.2
1060000 0.0
1070000 0.0
1080000 99.0
1090000 0.0
1100000 2.1
1110000 0.0
1120000 0.0
1130000 0.0
1140000 0.0
1150000 100.0
1160000 0.0
1170000 297.8
1180000 0.0
1190000 101.0
1200000 0.0
1210000 291.4
1220000 198.5
1230000 103.4
1240000 0.0
1250000 100.0
1260000 191.7
1270000 0.0
1280000 202.3
1290000 0.0
1300000 102.4
1310000 193.6
1320000 1.4
1330000 3.8
1340000 104.4
1350000 101.4
1360000 100.0
1370000 1.0
1380000 0.8
1390000 99.7
1400000 1.4
1410000 300.7
1420000 99.8
1430000 200.0
1440000 100.3
1450000 200.0
1460000 0.9
1470000 0.0
1480000 296.7
1490000 0.0
1500000 0.5
1510000 200.0
1520000 200.0
1530000 99.7
1540000 100.0
1550000 201.8
1560000 0.0
1570000 98.7
1580000 100.0
1590000 100.9
1600000 0.0
1610000 100.0
1620000 100.0
1630000 0.0
1640000 100.0
1650000 0.0
1660000 0.0
1670000 0.2
1680000 99.0
1690000 100.0
1700000 0.0
1710000 0.0
1720000 0.0
1730000 0.0
1740000 99.6
1750000 100.0
1760000 1.2
1770000 100.1
1780000 1.5
1790000 300.0
1800000 0.0
1810000 198.8
1820000 195.7
1830000 104.0
1840000 100.0
1850000 0.0
1860000 92.1
1870000 296.6
1880000 100.0
1890000 0.0
1900000 197.5
1910000 98.2
1920000 100.0
1930000 100.0
1940000 0.8
1950000 100.0
1960000 100.0
1970000 0.0
1980000 200.0
1990000 0.5
2000000 0.0
