10000 0.0
20000 98.8
30000 0.4
40000 9.9
50000 6.3
60000 287.9
70000 0.4
80000 81.3
90000 100.6
100000 100.0
110000 0.0
120000 407.5
130000 0.8
140000 100.0
150000 100.0
160000 100.0
170000 100.0
180000 0.0
190000 199.5
200000 49.0
210000 99.9
220000 200.0
230000 0.3
240000 0.8
250000 100.0
260000 102.8
270000 5.3
280000 0.4
290000 100.0
300000 99.9
310000 196.9
320000 203.9
330000 104.8
340000 5.7
350000 0.1
360000 368.2
370000 294.5
380000 170.5
390000 108.4
400000 0.5
410000 295.3
420000 100.5
430000 64.3
440000 195.8
450000 98.8
460000 200.0
470000 95.1
480000 199.2
490000 14.5
500000 195.2
510000 93.9
520000 0.7
530000 97.8
540000 0.4
550000 85.2
560000 202.5
570000 196.8
580000 100.3
590000 100.0
600000 199.4
610000 198.9
620000 100.0
630000 100.0
640000 100.0
650000 199.4
660000 100.0
670000 86.8
680000 99.6
690000 400.0
700000 0.2
710000 100.0
720000 98.9
730000 0.0
740000 0.0
750000 298.9
760000 100.0
770000 100.0
780000 189.6
790000 198.7
800000 99.1
810000 100.0
820000 100.0
830000 199.3
840000 96.9
850000 0.0
860000 1.3
870000 399.2
880000 0.0
890000 100.0
900000 0.0
910000 100.8
920000 100.0
930000 0.4
940000 193.0
950000 196.7
960000 0.0
970000 198.8
980000 101.8
990000 200.0
1000000 0.0
1010000 0.0
1020000 0.0
1030000 0.0
1040000 0.0
1050000 0.0
1060000 0.0
1070000 100.0
1080000 0.0
1090000 100.0
1100000 105.2
1110000 196.6
1120000 94.5
1130000 100.7
1140000 0.0
1150000 0.0
1160000 100.9
1170000 198.7
1180000 300.0
1190000 99.0
1200000 101.4
1210000 100.0
1220000 100.0
1230000 100.0
1240000 1.1
1250000 199.6
1260000 0.0
1270000 200.0
1280000 0.0
1290000 0.0
1300000 100.0
1310000 199.3
1320000 0.0
1330000 0.0
1340000 2.5
1350000 100.0
1360000 0.9
1370000 98.1
1380000 0.0
1390000 0.0
1400000 200.0
1410000 0.0
1420000 100.0
1430000 200.0
1440000 101.0
1450000 0.0
1460000 0.0
1470000 101.0
1480000 100.0
1490000 204.6
1500000 1.3
1510000 0.0
1520000 0.0
1530000 0.0
1540000 100.0
1550000 96.5
1560000 0.5
1570000 100.0
1580000 100.0
1590000 299.5
1600000 1.1
1610000 200.0
1620000 102.3
1630000 100.0
1640000 100.0
1650000 100.0
1660000 299.6
1670000 0.0
1680000 99.7
1690000 199.5
1700000 100.0
1710000 0.0
1720000 100.1
1730000 100.0
1740000 0.0
1750000 0.0
1760000 0.0
1770000 100.5
1780000 1.0
1790000 289.5
1800000 98.7
1810000 194.9
1820000 0.0
1830000 0.0
1840000 101.8
1850000 0.0
1860000 2.5
1870000 199.5
1880000 100.0
1890000 200.0
1900000 0.0
1910000 0.6
1920000 0.0
1930000 98.2
1940000 100.3
1950000 100.0
1960000 100.0
1970000 100.9
1980000 199.8
1990000 198.8
2000000 100.0
