5000 0.3
10000 0.6
15000 7.4
20000 1.8
25000 30.9
30000 2.2
35000 26.5
40000 27.7
45000 15.4
50000 4.9
55000 10.0
60000 5.3
65000 0.0
70000 14.8
75000 12.3
80000 26.7
85000 6.4
90000 29.6
95000 11.9
100000 5.9
105000 16.5
110000 4.0
115000 0.7
120000 0.2
125000 30.0
130000 4.2
135000 40.9
140000 51.7
145000 6.2
150000 2.6
155000 21.5
160000 18.4
165000 9.6
170000 1.7
175000 3.4
180000 28.8
185000 22.3
190000 28.4
195000 0.7
200000 34.8
205000 6.0
210000 16.5
215000 6.6
220000 72.3
225000 2.7
230000 56.3
235000 25.8
240000 30.9
245000 76.8
250000 2.1
255000 0.0
260000 45.4
265000 11.1
270000 24.1
275000 31.3
280000 23.6
285000 8.8
290000 0.1
295000 30.2
300000 32.5
305000 87.2
310000 26.6
315000 26.1
320000 33.8
325000 41.0
330000 4.3
335000 68.5
340000 39.0
345000 83.4
350000 35.3
355000 93.1
360000 31.4
365000 44.9
370000 88.8
375000 98.6
380000 134.4
385000 12.0
390000 39.6
395000 1.1
400000 58.1
405000 5.3
410000 0.0
415000 57.9
420000 39.4
425000 35.9
430000 73.5
435000 56.4
440000 93.1
445000 54.2
450000 6.7
455000 70.9
460000 15.5
465000 48.8
470000 33.4
475000 46.4
480000 28.2
485000 135.1
490000 67.5
495000 80.8
500000 37.4
505000 49.0
510000 6.0
515000 118.6
520000 0.0
525000 90.5
530000 67.3
535000 48.3
540000 118.4
545000 110.2
550000 30.5
555000 37.7
560000 0.0
565000 49.9
570000 81.9
575000 75.4
580000 134.3
585000 48.5
590000 81.5
595000 49.0
600000 40.7
605000 17.1
610000 32.4
615000 151.8
620000 59.4
625000 145.5
630000 33.5
635000 0.7
640000 42.5
645000 76.1
650000 133.4
655000 0.1
660000 97.5
665000 40.5
670000 94.7
675000 170.9
680000 0.0
685000 0.0
690000 40.0
695000 179.5
700000 38.1
705000 48.2
710000 129.9
715000 54.5
720000 51.3
725000 140.6
730000 2.5
735000 43.8
740000 103.2
745000 94.6
750000 6.6
755000 45.2
760000 86.3
765000 37.9
770000 12.4
775000 124.5
780000 79.9
785000 33.5
790000 128.5
795000 43.3
800000 91.5
805000 10.1
810000 67.6
815000 124.7
820000 84.2
825000 122.8
830000 114.3
835000 23.9
840000 37.2
845000 12.5
850000 69.0
855000 0.1
860000 34.0
865000 148.2
870000 52.0
875000 41.8
880000 0.4
885000 0.3
890000 44.4
895000 68.9
900000 211.7
905000 44.8
910000 48.4
915000 138.5
920000 141.6
925000 0.4
930000 56.7
935000 130.2
940000 99.9
945000 126.6
950000 50.1
955000 135.8
960000 134.8
965000 153.2
970000 59.6
975000 132.2
980000 104.0
985000 1.4
990000 0.1
995000 160.3
1000000 105.9
1005000 2.6
1010000 1.0
1015000 62.9
1020000 0.5
1025000 0.7
1030000 70.1
1035000 0.7
1040000 0.0
1045000 125.2
1050000 173.1
1055000 53.5
1060000 47.9
1065000 67.1
1070000 114.0
1075000 122.4
1080000 109.1
1085000 55.4
1090000 143.0
1095000 120.4
1100000 47.6
1105000 153.6
1110000 98.3
1115000 180.6
1120000 186.9
1125000 102.5
1130000 150.0
1135000 107.6
1140000 107.7
1145000 98.6
1150000 104.3
1155000 34.3
1160000 36.0
1165000 6.3
1170000 242.6
1175000 68.9
1180000 168.1
1185000 154.9
1190000 101.1
1195000 138.5
1200000 83.4
1205000 0.1
1210000 0.7
1215000 9.6
1220000 2.2
1225000 8.4
1230000 32.9
1235000 39.1
1240000 68.8
1245000 53.6
1250000 0.5
1255000 57.6
1260000 78.3
1265000 206.0
1270000 250.2
1275000 48.3
1280000 86.0
1285000 195.1
1290000 123.2
1295000 76.5
1300000 67.6
1305000 105.7
1310000 157.3
1315000 125.8
1320000 0.6
1325000 150.5
1330000 198.1
1335000 169.4
1340000 10.3
1345000 135.7
1350000 158.8
1355000 76.3
1360000 83.3
1365000 41.8
1370000 51.1
1375000 80.3
1380000 62.0
1385000 152.0
1390000 0.0
1395000 53.6
1400000 174.0
1405000 12.7
1410000 2.3
1415000 1.8
1420000 2.2
1425000 0.3
1430000 55.5
1435000 2.0
1440000 0.5
1445000 0.2
1450000 65.9
1455000 104.0
1460000 36.9
1465000 71.9
1470000 103.7
1475000 105.0
1480000 173.8
1485000 73.7
1490000 1.7
1495000 223.0
1500000 173.3
1505000 64.6
1510000 84.8
1515000 55.7
1520000 58.6
1525000 110.1
1530000 125.2
1535000 144.5
1540000 230.2
1545000 154.9
1550000 1.0
1555000 53.7
1560000 71.4
1565000 120.8
1570000 127.4
1575000 2.9
1580000 103.8
1585000 209.5
1590000 139.6
1595000 133.3
1600000 135.5
1605000 0.1
1610000 0.0
1615000 15.9
1620000 23.2
1625000 97.5
1630000 61.7
1635000 80.9
1640000 92.1
1645000 42.0
1650000 60.4
1655000 99.5
1660000 180.4
1665000 0.0
1670000 148.3
1675000 50.6
1680000 58.9
1685000 0.1
1690000 48.3
1695000 0.4
1700000 0.5
1705000 52.3
1710000 143.4
1715000 54.9
1720000 192.4
1725000 53.7
1730000 203.6
1735000 76.2
1740000 108.2
1745000 148.1
1750000 147.1
1755000 72.9
1760000 164.6
1765000 0.3
1770000 46.7
1775000 114.6
1780000 0.0
1785000 105.3
1790000 74.5
1795000 74.3
1800000 220.9
1805000 57.3
1810000 20.5
1815000 14.9
1820000 21.5
1825000 2.2
1830000 44.3
1835000 48.4
1840000 165.1
1845000 57.6
1850000 33.7
1855000 129.0
1860000 129.2
1865000 98.0
1870000 99.2
1875000 264.4
1880000 0.0
1885000 198.3
1890000 48.1
1895000 65.3
1900000 85.7
1905000 2.5
1910000 145.8
1915000 120.8
1920000 51.0
1925000 102.7
1930000 120.7
1935000 65.4
1940000 74.0
1945000 281.6
1950000 199.7
1955000 0.0
1960000 126.9
1965000 134.4
1970000 261.2
1975000 0.1
1980000 66.8
1985000 117.4
1990000 66.6
1995000 66.0
2000000 2.1
