5000 0.8
10000 4.0
15000 28.7
20000 21.3
25000 24.3
30000 10.6
35000 22.9
40000 37.9
45000 20.4
50000 56.4
55000 51.5
60000 31.9
65000 38.7
70000 13.1
75000 19.6
80000 15.7
85000 16.4
90000 12.0
95000 16.9
100000 11.3
105000 6.9
110000 32.3
115000 82.7
120000 12.4
125000 42.9
130000 92.0
135000 25.8
140000 29.3
145000 108.8
150000 6.3
155000 125.0
160000 151.1
165000 147.7
170000 77.2
175000 73.0
180000 46.6
185000 191.8
190000 42.7
195000 177.6
200000 92.8
205000 119.4
210000 57.5
215000 45.9
220000 0.1
225000 77.5
230000 73.5
235000 137.1
240000 35.5
245000 198.4
250000 36.6
255000 198.6
260000 77.6
265000 38.3
270000 242.8
275000 200.9
280000 103.6
285000 158.0
290000 183.1
295000 138.8
300000 76.7
305000 142.5
310000 94.0
315000 150.9
320000 262.9
325000 180.3
330000 304.4
335000 101.1
340000 147.2
345000 99.5
350000 94.7
355000 47.2
360000 145.8
365000 136.0
370000 175.9
375000 92.7
380000 228.6
385000 133.3
390000 78.3
395000 148.2
400000 103.6
405000 2.0
410000 172.0
415000 0.0
420000 76.5
425000 125.2
430000 99.3
435000 99.3
440000 79.7
445000 53.8
450000 91.3
455000 157.7
460000 174.1
465000 194.1
470000 166.1
475000 89.0
480000 148.4
485000 123.7
490000 53.9
495000 87.7
500000 98.7
505000 114.1
510000 174.6
515000 189.8
520000 198.5
525000 196.7
530000 156.2
535000 223.3
540000 110.0
545000 142.6
550000 200.4
555000 163.8
560000 146.6
565000 100.4
570000 192.3
575000 42.9
580000 213.7
585000 160.4
590000 219.8
595000 160.4
600000 212.4
605000 26.3
610000 67.1
615000 46.3
620000 0.4
625000 89.6
630000 66.4
635000 48.8
640000 126.7
645000 76.5
650000 49.3
655000 136.5
660000 90.0
665000 150.8
670000 46.2
675000 137.4
680000 137.8
685000 272.2
690000 130.8
695000 152.7
700000 104.2
705000 44.3
710000 123.5
715000 35.0
720000 249.7
725000 111.4
730000 44.1
735000 215.3
740000 185.9
745000 146.0
750000 131.8
755000 62.3
760000 186.9
765000 163.6
770000 110.6
775000 99.1
780000 263.8
785000 167.0
790000 49.1
795000 0.5
800000 152.7
805000 46.6
810000 0.5
815000 51.5
820000 87.3
825000 97.1
830000 285.0
835000 163.0
840000 125.2
845000 141.0
850000 142.0
855000 192.7
860000 181.5
865000 131.1
870000 118.1
875000 88.1
880000 99.0
885000 170.6
890000 155.6
895000 90.0
900000 92.4
905000 267.5
910000 163.2
915000 102.9
920000 120.4
925000 160.8
930000 211.4
935000 150.4
940000 106.9
945000 46.4
950000 153.5
955000 131.5
960000 260.6
965000 202.8
970000 160.4
975000 157.7
980000 85.1
985000 152.0
990000 58.4
995000 160.8
1000000 137.0
1005000 73.7
1010000 106.4
1015000 29.7
1020000 38.7
1025000 154.7
1030000 166.3
1035000 180.6
1040000 100.5
1045000 2.7
1050000 95.9
1055000 356.6
1060000 54.3
1065000 55.8
1070000 86.1
1075000 44.8
1080000 100.4
1085000 104.0
1090000 160.3
1095000 94.2
1100000 160.5
1105000 103.2
1110000 126.6
1115000 0.0
1120000 214.5
1125000 213.8
1130000 109.9
1135000 110.9
1140000 108.5
1145000 102.6
1150000 249.7
1155000 167.8
1160000 266.3
1165000 0.0
1170000 211.0
1175000 33.3
1180000 50.4
1185000 47.4
1190000 198.9
1195000 111.1
1200000 57.2
1205000 14.6
1210000 4.6
1215000 53.6
1220000 71.7
1225000 152.0
1230000 183.4
1235000 78.5
1240000 1.4
1245000 58.1
1250000 45.7
1255000 112.6
1260000 206.5
1265000 152.7
1270000 83.6
1275000 0.1
1280000 80.5
1285000 152.5
1290000 55.7
1295000 48.8
1300000 172.0
1305000 102.4
1310000 90.8
1315000 160.0
1320000 219.7
1325000 101.7
1330000 205.6
1335000 108.6
1340000 106.0
1345000 157.5
1350000 106.5
1355000 165.8
1360000 215.3
1365000 54.3
1370000 111.3
1375000 169.6
1380000 117.5
1385000 116.0
1390000 275.1
1395000 72.5
1400000 182.7
1405000 25.6
1410000 70.4
1415000 65.2
1420000 3.4
1425000 0.0
1430000 55.1
1435000 0.0
1440000 155.2
1445000 34.8
1450000 42.3
1455000 94.2
1460000 38.9
1465000 51.7
1470000 106.5
1475000 83.0
1480000 261.1
1485000 108.6
1490000 139.4
1495000 0.0
1500000 43.2
1505000 293.1
1510000 253.4
1515000 218.4
1520000 110.8
1525000 105.8
1530000 51.6
1535000 169.1
1540000 310.4
1545000 135.1
1550000 157.5
1555000 61.2
1560000 289.6
1565000 172.8
1570000 216.6
1575000 118.6
1580000 0.0
1585000 53.1
1590000 186.3
1595000 0.8
1600000 51.7
1605000 10.5
1610000 22.0
1615000 97.3
1620000 91.1
1625000 0.0
1630000 44.6
1635000 108.5
1640000 0.0
1645000 78.5
1650000 46.0
1655000 99.8
1660000 157.7
1665000 105.8
1670000 143.2
1675000 62.7
1680000 57.8
1685000 44.8
1690000 161.3
1695000 60.0
1700000 112.4
1705000 70.3
1710000 62.6
1715000 0.1
1720000 57.1
1725000 99.0
1730000 206.1
1735000 103.1
1740000 160.8
1745000 4.2
1750000 205.9
1755000 57.8
1760000 92.4
1765000 260.9
1770000 108.6
1775000 43.1
1780000 221.4
1785000 90.3
1790000 190.0
1795000 106.6
1800000 112.3
1805000 14.3
1810000 47.2
1815000 0.0
1820000 48.7
1825000 49.1
1830000 189.0
1835000 39.9
1840000 43.8
1845000 194.9
1850000 101.6
1855000 104.3
1860000 61.0
1865000 138.3
1870000 117.5
1875000 136.1
1880000 57.9
1885000 53.5
1890000 114.7
1895000 56.4
1900000 112.4
1905000 139.7
1910000 221.0
1915000 107.9
1920000 170.3
1925000 162.9
1930000 119.3
1935000 304.6
1940000 185.4
1945000 119.9
1950000 70.0
1955000 139.1
1960000 195.4
1965000 154.9
1970000 55.8
1975000 56.8
1980000 69.9
1985000 109.7
1990000 220.2
1995000 1.8
2000000 69.5
