5000 2.9
10000 1.3
15000 10.5
20000 4.0
25000 6.1
30000 1.3
35000 20.2
40000 16.8
45000 38.5
50000 50.2
55000 21.6
60000 53.3
65000 37.4
70000 41.5
75000 23.7
80000 25.9
85000 11.7
90000 58.3
95000 35.4
100000 26.7
105000 0.9
110000 33.6
115000 11.0
120000 91.6
125000 47.3
130000 40.8
135000 0.4
140000 0.2
145000 46.7
150000 4.4
155000 17.2
160000 0.2
165000 102.8
170000 50.5
175000 95.9
180000 0.0
185000 49.6
190000 116.2
195000 129.2
200000 144.5
205000 29.8
210000 5.8
215000 134.1
220000 115.4
225000 103.8
230000 97.4
235000 9.6
240000 0.2
245000 110.3
250000 164.6
255000 146.4
260000 140.5
265000 41.1
270000 45.9
275000 221.5
280000 40.8
285000 107.3
290000 81.7
295000 165.6
300000 149.4
305000 101.5
310000 97.1
315000 141.6
320000 58.7
325000 86.5
330000 68.1
335000 99.2
340000 189.8
345000 151.6
350000 114.4
355000 191.5
360000 204.6
365000 55.7
370000 206.8
375000 62.6
380000 110.2
385000 0.0
390000 83.2
395000 0.0
400000 46.3
405000 3.6
410000 31.3
415000 162.6
420000 139.9
425000 93.2
430000 149.3
435000 57.3
440000 97.9
445000 66.2
450000 35.8
455000 97.1
460000 132.8
465000 93.9
470000 89.4
475000 88.7
480000 146.1
485000 75.5
490000 99.6
495000 189.9
500000 184.5
505000 143.6
510000 77.8
515000 149.4
520000 177.5
525000 189.4
530000 47.4
535000 176.6
540000 68.7
545000 155.7
550000 138.0
555000 153.2
560000 169.0
565000 143.0
570000 50.7
575000 158.8
580000 259.3
585000 166.1
590000 172.3
595000 46.1
600000 108.5
605000 52.7
610000 74.9
615000 92.9
620000 114.0
625000 182.9
630000 143.0
635000 119.7
640000 140.4
645000 55.2
650000 91.1
655000 102.5
660000 1.8
665000 58.9
670000 0.0
675000 46.4
680000 124.9
685000 183.9
690000 48.9
695000 108.6
700000 193.0
705000 93.5
710000 156.6
715000 36.6
720000 155.1
725000 94.8
730000 49.0
735000 154.0
740000 40.1
745000 163.4
750000 56.2
755000 138.3
760000 15.5
765000 105.4
770000 42.6
775000 82.0
780000 246.1
785000 104.8
790000 192.9
795000 223.8
800000 108.7
805000 50.4
810000 50.3
815000 84.6
820000 99.0
825000 0.0
830000 111.2
835000 104.9
840000 174.1
845000 111.5
850000 40.7
855000 87.8
860000 57.0
865000 41.8
870000 103.3
875000 157.0
880000 105.3
885000 109.7
890000 59.8
895000 183.3
900000 53.6
905000 89.9
910000 206.7
915000 60.2
920000 51.5
925000 200.0
930000 93.9
935000 47.8
940000 106.9
945000 0.1
950000 146.5
955000 95.2
960000 149.2
965000 173.8
970000 98.7
975000 158.0
980000 58.4
985000 165.5
990000 138.9
995000 141.0
1000000 80.9
1005000 48.9
1010000 81.3
1015000 28.6
1020000 89.5
1025000 147.5
1030000 58.2
1035000 86.0
1040000 178.3
1045000 145.8
1050000 182.6
1055000 59.9
1060000 87.5
1065000 186.7
1070000 149.1
1075000 107.8
1080000 78.9
1085000 108.7
1090000 59.6
1095000 118.5
1100000 57.5
1105000 124.9
1110000 2.8
1115000 277.3
1120000 87.7
1125000 90.1
1130000 147.0
1135000 6.1
1140000 52.6
1145000 141.5
1150000 143.9
1155000 61.1
1160000 0.0
1165000 43.2
1170000 261.3
1175000 54.0
1180000 1.5
1185000 227.6
1190000 228.6
1195000 145.7
1200000 211.6
1205000 1.2
1210000 7.5
1215000 43.5
1220000 18.3
1225000 5.3
1230000 6.5
1235000 22.9
1240000 40.1
1245000 44.3
1250000 73.3
1255000 52.1
1260000 10.2
1265000 22.1
1270000 47.3
1275000 9.2
1280000 19.1
1285000 1.8
1290000 15.3
1295000 0.5
1300000 11.3
1305000 14.4
1310000 0.4
1315000 0.4
1320000 0.1
1325000 3.6
1330000 2.1
1335000 5.3
1340000 0.2
1345000 0.4
1350000 1.4
1355000 7.3
1360000 7.2
1365000 2.8
1370000 4.8
1375000 5.8
1380000 5.3
1385000 0.1
1390000 18.7
1395000 15.8
1400000 11.9
1405000 79.5
1410000 144.9
1415000 27.4
1420000 136.4
1425000 130.4
1430000 54.6
1435000 42.2
1440000 146.9
1445000 99.7
1450000 154.9
1455000 44.2
1460000 58.5
1465000 131.8
1470000 95.4
1475000 59.2
1480000 55.3
1485000 51.3
1490000 1.0
1495000 104.5
1500000 52.6
1505000 103.3
1510000 149.6
1515000 80.3
1520000 105.4
1525000 46.1
1530000 98.4
1535000 169.5
1540000 176.4
1545000 56.4
1550000 52.7
1555000 221.5
1560000 149.3
1565000 52.4
1570000 0.0
1575000 204.6
1580000 298.6
1585000 110.0
1590000 148.6
1595000 1.1
1600000 59.9
1605000 0.3
1610000 5.8
1615000 0.0
1620000 136.1
1625000 0.2
1630000 0.4
1635000 84.1
1640000 165.5
1645000 33.8
1650000 102.2
1655000 38.0
1660000 48.4
1665000 149.9
1670000 95.1
1675000 48.5
1680000 102.6
1685000 101.7
1690000 44.3
1695000 50.6
1700000 161.1
1705000 61.9
1710000 104.3
1715000 103.7
1720000 136.6
1725000 204.2
1730000 50.3
1735000 111.1
1740000 103.3
1745000 56.1
1750000 69.0
1755000 129.6
1760000 122.9
1765000 359.3
1770000 117.4
1775000 140.4
1780000 219.5
1785000 112.7
1790000 47.4
1795000 145.3
1800000 45.7
1805000 24.3
1810000 135.2
1815000 135.0
1820000 127.5
1825000 105.6
1830000 135.9
1835000 55.0
1840000 57.4
1845000 96.4
1850000 81.4
1855000 143.2
1860000 47.3
1865000 196.7
1870000 145.6
1875000 136.8
1880000 196.7
1885000 219.0
1890000 106.3
1895000 88.6
1900000 107.7
1905000 109.7
1910000 110.6
1915000 0.2
1920000 245.3
1925000 0.2
1930000 108.0
1935000 115.2
1940000 172.0
1945000 138.2
1950000 140.5
1955000 58.3
1960000 274.9
1965000 47.5
1970000 154.7
1975000 164.4
1980000 292.9
1985000 108.8
1990000 116.1
1995000 182.5
2000000 190.8
