5000 33.8
10000 7.5
15000 39.0
20000 24.9
25000 2.5
30000 14.5
35000 40.6
40000 55.1
45000 34.0
50000 14.6
55000 31.3
60000 9.0
65000 13.6
70000 19.7
75000 19.4
80000 60.1
85000 13.3
90000 11.9
95000 30.2
100000 25.4
105000 9.7
110000 91.9
115000 72.8
120000 40.0
125000 35.1
130000 19.7
135000 63.0
140000 75.7
145000 37.5
150000 75.9
155000 85.0
160000 89.2
165000 6.8
170000 112.5
175000 69.8
180000 65.3
185000 54.1
190000 0.2
195000 59.1
200000 159.5
205000 19.6
210000 44.6
215000 51.5
220000 99.0
225000 71.0
230000 103.8
235000 80.4
240000 127.6
245000 123.6
250000 120.7
255000 95.6
260000 64.6
265000 82.3
270000 54.8
275000 168.6
280000 65.9
285000 117.0
290000 33.2
295000 72.4
300000 104.8
305000 115.0
310000 66.0
315000 78.0
320000 39.3
325000 138.8
330000 107.2
335000 176.9
340000 45.0
345000 148.0
350000 69.0
355000 73.7
360000 158.0
365000 121.5
370000 100.0
375000 78.2
380000 59.5
385000 86.2
390000 239.9
395000 71.8
400000 126.6
405000 30.0
410000 84.9
415000 70.9
420000 177.4
425000 139.6
430000 40.8
435000 78.4
440000 135.5
445000 81.0
450000 78.7
455000 32.2
460000 150.6
465000 28.6
470000 33.2
475000 1.3
480000 133.4
485000 126.7
490000 27.0
495000 143.6
500000 157.6
505000 231.4
510000 136.8
515000 118.2
520000 132.1
525000 209.4
530000 124.9
535000 244.9
540000 134.6
545000 33.7
550000 140.5
555000 155.7
560000 182.8
565000 92.8
570000 192.9
575000 211.9
580000 184.3
585000 180.8
590000 250.6
595000 265.6
600000 130.6
605000 0.4
610000 30.8
615000 24.3
620000 130.1
625000 67.1
630000 88.2
635000 28.1
640000 133.5
645000 96.9
650000 87.6
655000 144.9
660000 311.2
665000 86.4
670000 86.2
675000 86.0
680000 146.7
685000 191.8
690000 320.5
695000 0.0
700000 34.7
705000 95.3
710000 138.2
715000 38.4
720000 175.7
725000 83.9
730000 128.0
735000 207.8
740000 137.3
745000 193.1
750000 172.8
755000 85.7
760000 172.3
765000 151.9
770000 70.1
775000 172.4
780000 198.6
785000 218.7
790000 96.5
795000 186.2
800000 73.9
805000 32.8
810000 5.8
815000 72.3
820000 38.3
825000 132.3
830000 136.8
835000 41.1
840000 172.0
845000 37.0
850000 229.1
855000 251.2
860000 146.9
865000 204.2
870000 98.3
875000 119.1
880000 133.5
885000 225.5
890000 197.2
895000 63.9
900000 253.9
905000 211.6
910000 114.3
915000 45.3
920000 203.0
925000 168.9
930000 68.5
935000 120.2
940000 92.2
945000 104.1
950000 211.5
955000 0.8
960000 149.0
965000 125.3
970000 275.0
975000 210.9
980000 152.7
985000 104.6
990000 234.4
995000 251.6
1000000 138.9
1005000 16.9
1010000 36.7
1015000 39.7
1020000 74.2
1025000 52.6
1030000 101.3
1035000 152.1
1040000 86.4
1045000 90.3
1050000 133.2
1055000 191.2
1060000 41.3
1065000 77.3
1070000 195.2
1075000 137.9
1080000 88.7
1085000 172.6
1090000 131.5
1095000 100.3
1100000 194.9
1105000 45.9
1110000 260.9
1115000 133.3
1120000 42.0
1125000 230.6
1130000 228.3
1135000 150.2
1140000 96.5
1145000 82.9
1150000 145.0
1155000 116.4
1160000 51.2
1165000 58.1
1170000 95.5
1175000 125.5
1180000 109.6
1185000 197.5
1190000 50.9
1195000 51.1
1200000 134.2
1205000 2.4
1210000 49.0
1215000 10.5
1220000 51.9
1225000 81.8
1230000 55.9
1235000 41.4
1240000 110.8
1245000 135.7
1250000 82.7
1255000 0.2
1260000 46.1
1265000 0.0
1270000 278.4
1275000 229.6
1280000 128.5
1285000 90.5
1290000 48.2
1295000 270.8
1300000 58.5
1305000 224.0
1310000 119.7
1315000 149.8
1320000 29.4
1325000 137.2
1330000 156.5
1335000 124.7
1340000 46.8
1345000 147.5
1350000 110.2
1355000 217.9
1360000 99.6
1365000 57.6
1370000 89.5
1375000 149.8
1380000 95.8
1385000 295.9
1390000 188.5
1395000 115.9
1400000 97.4
1405000 0.6
1410000 21.2
1415000 38.2
1420000 7.1
1425000 189.4
1430000 32.8
1435000 4.2
1440000 31.9
1445000 166.3
1450000 94.6
1455000 32.5
1460000 106.6
1465000 183.8
1470000 150.7
1475000 98.3
1480000 221.1
1485000 103.3
1490000 92.8
1495000 153.0
1500000 119.5
1505000 155.2
1510000 182.5
1515000 143.2
1520000 260.7
1525000 145.5
1530000 210.6
1535000 132.3
1540000 109.6
1545000 219.0
1550000 164.1
1555000 143.3
1560000 102.5
1565000 82.8
1570000 241.4
1575000 40.4
1580000 192.9
1585000 57.6
1590000 111.0
1595000 0.0
1600000 205.1
1605000 13.3
1610000 10.8
1615000 43.4
1620000 31.1
1625000 33.2
1630000 5.8
1635000 84.1
1640000 2.1
1645000 74.8
1650000 0.3
1655000 146.7
1660000 221.8
1665000 160.1
1670000 131.7
1675000 97.4
1680000 133.4
1685000 157.9
1690000 87.5
1695000 135.9
1700000 97.3
1705000 210.0
1710000 90.2
1715000 56.3
1720000 104.0
1725000 37.7
1730000 83.7
1735000 54.1
1740000 155.7
1745000 120.4
1750000 123.2
1755000 114.5
1760000 191.6
1765000 125.6
1770000 101.8
1775000 79.8
1780000 116.1
1785000 294.7
1790000 114.7
1795000 44.2
1800000 141.8
1805000 14.3
1810000 59.8
1815000 44.5
1820000 186.9
1825000 201.8
1830000 46.1
1835000 57.2
1840000 173.2
1845000 188.4
1850000 124.6
1855000 138.8
1860000 207.4
1865000 189.5
1870000 88.4
1875000 101.1
1880000 197.2
1885000 231.7
1890000 105.3
1895000 109.4
1900000 80.6
1905000 89.6
1910000 213.0
1915000 196.2
1920000 137.4
1925000 91.3
1930000 124.4
1935000 53.8
1940000 240.0
1945000 197.8
1950000 52.2
1955000 124.9
1960000 235.3
1965000 261.8
1970000 145.3
1975000 158.4
1980000 249.5
1985000 166.5
1990000 54.8
1995000 106.3
2000000 0.0
