5000 45.2
10000 0.0
15000 7.8
20000 8.7
25000 8.7
30000 4.7
35000 26.1
40000 20.4
45000 32.6
50000 10.8
55000 33.1
60000 13.9
65000 6.6
70000 46.5
75000 8.4
80000 52.7
85000 11.3
90000 13.0
95000 5.3
100000 61.0
105000 8.3
110000 23.1
115000 25.3
120000 64.2
125000 12.4
130000 36.8
135000 56.5
140000 74.8
145000 51.4
150000 36.4
155000 67.9
160000 64.7
165000 62.2
170000 0.5
175000 136.5
180000 193.2
185000 0.1
190000 133.4
195000 232.3
200000 175.3
205000 39.9
210000 0.4
215000 108.7
220000 103.6
225000 68.1
230000 179.2
235000 3.2
240000 90.1
245000 87.4
250000 168.8
255000 225.7
260000 31.4
265000 165.5
270000 320.8
275000 85.6
280000 39.1
285000 42.7
290000 212.4
295000 175.9
300000 107.9
305000 151.7
310000 180.0
315000 133.0
320000 165.8
325000 222.2
330000 155.5
335000 188.3
340000 125.0
345000 146.6
350000 223.1
355000 75.6
360000 153.4
365000 225.2
370000 181.7
375000 265.7
380000 130.4
385000 94.5
390000 97.8
395000 182.7
400000 156.7
405000 156.4
410000 77.0
415000 2.2
420000 107.0
425000 115.5
430000 89.8
435000 162.6
440000 172.4
445000 107.5
450000 226.6
455000 77.4
460000 92.7
465000 203.2
470000 171.8
475000 83.3
480000 118.2
485000 198.6
490000 262.2
495000 192.4
500000 37.4
505000 66.0
510000 185.3
515000 297.0
520000 232.0
525000 189.1
530000 94.6
535000 115.6
540000 105.9
545000 135.8
550000 196.8
555000 177.3
560000 99.0
565000 92.2
570000 171.6
575000 141.9
580000 194.6
585000 89.3
590000 145.0
595000 147.6
600000 189.0
605000 5.2
610000 119.9
615000 188.4
620000 190.4
625000 106.9
630000 186.9
635000 115.5
640000 155.0
645000 0.0
650000 91.5
655000 152.8
660000 143.5
665000 127.7
670000 196.2
675000 153.0
680000 121.2
685000 212.6
690000 159.5
695000 34.5
700000 194.2
705000 258.3
710000 232.5
715000 1.9
720000 151.4
725000 215.3
730000 195.4
735000 216.4
740000 194.2
745000 194.6
750000 197.3
755000 148.0
760000 287.7
765000 233.2
770000 140.7
775000 304.9
780000 183.3
785000 168.8
790000 221.4
795000 105.0
800000 191.5
805000 17.5
810000 90.2
815000 61.5
820000 198.4
825000 151.6
830000 43.0
835000 87.8
840000 67.6
845000 229.0
850000 61.7
855000 232.2
860000 186.3
865000 78.6
870000 114.8
875000 83.8
880000 3.8
885000 61.6
890000 237.2
895000 0.0
900000 162.7
905000 111.9
910000 56.0
915000 111.5
920000 135.8
925000 59.8
930000 145.6
935000 156.8
940000 160.4
945000 370.1
950000 198.8
955000 67.3
960000 380.4
965000 130.9
970000 220.2
975000 95.8
980000 166.8
985000 57.6
990000 142.2
995000 126.7
1000000 55.3
1005000 12.0
1010000 98.2
1015000 52.8
1020000 221.4
1025000 33.2
1030000 43.5
1035000 108.5
1040000 285.2
1045000 228.9
1050000 149.6
1055000 284.0
1060000 93.5
1065000 0.0
1070000 150.5
1075000 252.4
1080000 171.9
1085000 256.4
1090000 103.5
1095000 207.2
1100000 109.6
1105000 155.1
1110000 207.0
1115000 250.7
1120000 38.7
1125000 295.6
1130000 242.1
1135000 45.2
1140000 54.3
1145000 57.9
1150000 58.8
1155000 243.3
1160000 210.3
1165000 122.5
1170000 358.0
1175000 160.0
1180000 93.2
1185000 292.0
1190000 184.1
1195000 168.2
1200000 116.3
1205000 0.6
1210000 9.5
1215000 15.6
1220000 8.3
1225000 14.4
1230000 30.7
1235000 2.1
1240000 13.5
1245000 41.2
1250000 33.5
1255000 34.8
1260000 18.2
1265000 0.0
1270000 16.8
1275000 20.0
1280000 2.1
1285000 69.8
1290000 32.0
1295000 32.1
1300000 14.2
1305000 2.0
1310000 27.5
1315000 8.5
1320000 17.3
1325000 30.6
1330000 4.9
1335000 0.0
1340000 6.7
1345000 5.3
1350000 2.9
1355000 0.1
1360000 13.2
1365000 3.4
1370000 12.4
1375000 1.5
1380000 0.1
1385000 17.2
1390000 0.6
1395000 23.2
1400000 53.1
1405000 6.8
1410000 66.3
1415000 0.0
1420000 50.2
1425000 89.3
1430000 118.6
1435000 129.1
1440000 119.1
1445000 30.8
1450000 157.5
1455000 146.0
1460000 191.7
1465000 99.7
1470000 146.6
1475000 195.7
1480000 52.4
1485000 55.2
1490000 154.9
1495000 40.2
1500000 148.4
1505000 141.6
1510000 237.4
1515000 56.9
1520000 98.2
1525000 95.8
1530000 49.4
1535000 158.0
1540000 202.3
1545000 167.0
1550000 115.0
1555000 96.6
1560000 213.3
1565000 197.1
1570000 170.5
1575000 206.3
1580000 205.0
1585000 89.7
1590000 225.1
1595000 239.7
1600000 135.4
1605000 2.3
1610000 22.8
1615000 40.6
1620000 43.4
1625000 136.6
1630000 115.2
1635000 83.6
1640000 174.8
1645000 48.4
1650000 192.1
1655000 54.1
1660000 129.2
1665000 125.0
1670000 137.2
1675000 280.7
1680000 2.2
1685000 49.5
1690000 204.2
1695000 0.7
1700000 159.5
1705000 103.3
1710000 45.5
1715000 174.4
1720000 163.6
1725000 228.1
1730000 123.0
1735000 135.7
1740000 162.6
1745000 0.7
1750000 96.6
1755000 182.5
1760000 192.6
1765000 273.7
1770000 151.0
1775000 163.5
1780000 125.9
1785000 96.3
1790000 250.6
1795000 147.9
1800000 162.8
1805000 0.1
1810000 21.4
1815000 0.0
1820000 123.3
1825000 179.4
1830000 122.4
1835000 55.2
1840000 177.4
1845000 146.5
1850000 168.3
1855000 68.3
1860000 95.2
1865000 114.8
1870000 105.0
1875000 40.3
1880000 63.9
1885000 0.0
1890000 152.3
1895000 209.7
1900000 163.0
1905000 98.2
1910000 245.7
1915000 110.4
1920000 242.8
1925000 135.9
1930000 164.9
1935000 58.1
1940000 160.0
1945000 207.9
1950000 111.1
1955000 196.0
1960000 65.1
1965000 178.5
1970000 20.7
1975000 164.7
1980000 215.5
1985000 302.2
1990000 125.1
1995000 155.0
2000000 162.1
