5000 3.6
10000 1.3
15000 7.5
20000 7.4
25000 13.2
30000 0.8
35000 1.1
40000 1.2
45000 2.1
50000 1.5
55000 5.7
60000 0.6
65000 2.3
70000 0.5
75000 0.0
80000 0.7
85000 6.6
90000 0.8
95000 2.1
100000 3.0
105000 3.5
110000 20.6
115000 0.7
120000 4.4
125000 2.8
130000 9.1
135000 3.8
140000 0.6
145000 8.0
150000 0.6
155000 4.6
160000 20.8
165000 4.0
170000 0.0
175000 22.8
180000 3.5
185000 4.2
190000 12.5
195000 4.3
200000 0.6
205000 6.9
210000 5.1
215000 1.4
220000 0.6
225000 1.6
230000 8.7
235000 0.0
240000 0.4
245000 13.6
250000 0.9
255000 0.4
260000 5.3
265000 8.6
270000 3.1
275000 0.2
280000 10.4
285000 0.4
290000 4.2
295000 3.9
300000 4.6
305000 8.2
310000 0.1
315000 3.9
320000 20.2
325000 0.4
330000 29.6
335000 21.2
340000 1.8
345000 34.4
350000 9.2
355000 0.3
360000 0.1
365000 15.8
370000 0.3
375000 0.0
380000 4.6
385000 5.8
390000 36.2
395000 1.6
400000 7.8
405000 0.1
410000 1.7
415000 7.9
420000 1.9
425000 0.1
430000 2.5
435000 1.8
440000 14.1
445000 44.5
450000 46.3
455000 22.7
460000 1.5
465000 1.4
470000 5.1
475000 65.2
480000 2.6
485000 4.6
490000 18.4
495000 46.5
500000 0.6
505000 30.2
510000 18.4
515000 3.8
520000 15.2
525000 2.2
530000 0.0
535000 3.4
540000 0.5
545000 22.0
550000 0.4
555000 1.7
560000 0.7
565000 22.4
570000 51.3
575000 46.6
580000 49.5
585000 0.9
590000 32.2
595000 10.2
600000 1.1
605000 2.0
610000 2.5
615000 0.3
620000 0.5
625000 0.2
630000 0.4
635000 0.1
640000 1.9
645000 0.1
650000 0.0
655000 0.5
660000 12.4
665000 9.3
670000 9.2
675000 38.0
680000 56.1
685000 11.7
690000 0.2
695000 42.9
700000 39.0
705000 69.0
710000 20.8
715000 0.0
720000 0.0
725000 2.1
730000 48.9
735000 1.2
740000 45.0
745000 1.4
750000 14.5
755000 2.6
760000 55.4
765000 51.4
770000 4.4
775000 4.3
780000 95.4
785000 0.1
790000 43.4
795000 8.4
800000 9.3
805000 1.6
810000 0.0
815000 86.0
820000 42.9
825000 11.5
830000 68.8
835000 48.1
840000 0.1
845000 41.9
850000 13.6
855000 13.6
860000 58.4
865000 47.3
870000 2.0
875000 12.3
880000 0.2
885000 0.9
890000 0.0
895000 4.8
900000 17.4
905000 0.1
910000 3.8
915000 20.0
920000 0.1
925000 1.8
930000 0.0
935000 14.9
940000 23.9
945000 102.3
950000 30.7
955000 11.8
960000 15.2
965000 49.3
970000 18.0
975000 22.8
980000 3.4
985000 42.4
990000 0.7
995000 57.3
1000000 3.3
1005000 3.7
1010000 53.1
1015000 0.2
1020000 8.3
1025000 21.9
1030000 22.4
1035000 0.0
1040000 97.1
1045000 89.6
1050000 61.4
1055000 68.8
1060000 3.5
1065000 0.1
1070000 1.4
1075000 23.5
1080000 24.1
1085000 47.9
1090000 0.0
1095000 3.6
1100000 3.1
1105000 25.4
1110000 44.0
1115000 2.0
1120000 33.1
1125000 34.5
1130000 53.3
1135000 1.0
1140000 58.0
1145000 3.1
1150000 60.9
1155000 0.3
1160000 3.7
1165000 0.9
1170000 0.0
1175000 1.8
1180000 23.7
1185000 2.3
1190000 0.1
1195000 60.5
1200000 28.2
1205000 45.2
1210000 0.0
1215000 42.9
1220000 4.3
1225000 3.9
1230000 1.2
1235000 0.1
1240000 6.9
1245000 0.5
1250000 35.0
1255000 0.2
1260000 0.0
1265000 1.0
1270000 13.3
1275000 54.5
1280000 25.3
1285000 4.0
1290000 0.0
1295000 12.1
1300000 6.8
1305000 0.0
1310000 60.5
1315000 2.6
1320000 0.4
1325000 1.0
1330000 7.7
1335000 1.8
1340000 29.2
1345000 47.2
1350000 35.7
1355000 51.8
1360000 40.2
1365000 88.7
1370000 57.8
1375000 5.3
1380000 48.1
1385000 47.9
1390000 29.9
1395000 59.5
1400000 8.8
1405000 15.5
1410000 20.0
1415000 38.1
1420000 1.5
1425000 5.2
1430000 9.6
1435000 49.2
1440000 0.1
1445000 32.8
1450000 8.5
1455000 45.9
1460000 36.2
1465000 0.0
1470000 9.8
1475000 5.0
1480000 0.0
1485000 5.0
1490000 2.2
1495000 0.0
1500000 5.9
1505000 2.3
1510000 104.7
1515000 16.2
1520000 48.5
1525000 0.0
1530000 0.3
1535000 49.9
1540000 0.1
1545000 42.9
1550000 8.2
1555000 1.7
1560000 4.3
1565000 55.3
1570000 47.1
1575000 63.4
1580000 84.1
1585000 6.9
1590000 61.7
1595000 1.1
1600000 69.1
1605000 10.2
1610000 19.5
1615000 14.3
1620000 0.6
1625000 15.1
1630000 0.9
1635000 41.2
1640000 41.2
1645000 1.8
1650000 0.0
1655000 27.8
1660000 44.0
1665000 60.9
1670000 81.8
1675000 63.5
1680000 0.7
1685000 3.6
1690000 111.9
1695000 62.7
1700000 0.6
1705000 49.6
1710000 7.4
1715000 0.2
1720000 2.1
1725000 50.2
1730000 3.1
1735000 0.8
1740000 15.7
1745000 3.2
1750000 2.6
1755000 0.5
1760000 2.4
1765000 0.2
1770000 0.0
1775000 0.0
1780000 1.1
1785000 2.6
1790000 0.1
1795000 2.9
1800000 31.5
1805000 0.6
1810000 0.0
1815000 29.1
1820000 4.3
1825000 1.9
1830000 0.0
1835000 0.2
1840000 15.8
1845000 19.0
1850000 2.3
1855000 1.0
1860000 47.8
1865000 0.5
1870000 0.7
1875000 0.0
1880000 1.9
1885000 1.4
1890000 0.2
1895000 54.4
1900000 6.0
1905000 2.7
1910000 0.7
1915000 0.0
1920000 28.5
1925000 67.7
1930000 42.7
1935000 50.0
1940000 0.0
1945000 69.5
1950000 2.5
1955000 29.8
1960000 6.6
1965000 5.7
1970000 7.4
1975000 1.1
1980000 0.0
1985000 1.1
1990000 0.4
1995000 5.4
2000000 35.8
