5000 7.2
10000 3.9
15000 1.6
20000 15.0
25000 21.0
30000 4.3
35000 5.9
40000 42.9
45000 6.3
50000 5.6
55000 17.4
60000 4.8
65000 7.4
70000 59.6
75000 23.8
80000 16.5
85000 48.0
90000 5.7
95000 1.2
100000 0.1
105000 64.5
110000 13.7
115000 35.0
120000 0.6
125000 34.3
130000 25.0
135000 39.7
140000 1.8
145000 24.5
150000 12.1
155000 12.3
160000 39.3
165000 32.3
170000 0.4
175000 24.8
180000 5.2
185000 49.3
190000 1.0
195000 17.7
200000 70.7
205000 29.9
210000 18.0
215000 5.8
220000 22.1
225000 2.7
230000 19.6
235000 69.6
240000 43.9
245000 0.8
250000 75.5
255000 99.5
260000 51.4
265000 80.5
270000 58.2
275000 60.6
280000 125.4
285000 30.6
290000 33.3
295000 0.0
300000 49.6
305000 106.7
310000 31.9
315000 81.8
320000 114.1
325000 17.2
330000 112.8
335000 28.9
340000 72.0
345000 22.6
350000 138.6
355000 24.5
360000 48.1
365000 38.9
370000 36.4
375000 94.8
380000 70.5
385000 0.1
390000 152.2
395000 42.3
400000 152.0
405000 42.0
410000 81.3
415000 48.6
420000 37.7
425000 7.3
430000 85.5
435000 6.5
440000 38.5
445000 66.5
450000 0.0
455000 64.7
460000 75.6
465000 31.9
470000 39.7
475000 111.7
480000 26.9
485000 64.4
490000 37.5
495000 50.8
500000 58.1
505000 66.0
510000 124.8
515000 185.9
520000 79.1
525000 32.4
530000 40.4
535000 170.3
540000 77.5
545000 89.6
550000 96.1
555000 83.4
560000 116.7
565000 149.6
570000 68.5
575000 88.2
580000 57.7
585000 148.0
590000 1.0
595000 88.2
600000 177.5
605000 39.9
610000 89.9
615000 50.1
620000 78.7
625000 81.5
630000 45.9
635000 112.7
640000 0.0
645000 117.9
650000 126.1
655000 93.2
660000 98.4
665000 173.4
670000 118.9
675000 160.2
680000 92.8
685000 156.5
690000 43.9
695000 57.6
700000 131.2
705000 46.8
710000 2.4
715000 44.5
720000 198.5
725000 39.1
730000 186.4
735000 134.3
740000 151.6
745000 122.9
750000 127.1
755000 40.9
760000 33.0
765000 59.5
770000 92.5
775000 91.7
780000 108.8
785000 48.9
790000 40.6
795000 45.0
800000 140.5
805000 0.1
810000 78.5
815000 134.5
820000 70.0
825000 36.8
830000 1.3
835000 50.3
840000 29.0
845000 66.3
850000 114.4
855000 55.3
860000 88.7
865000 46.7
870000 76.8
875000 90.4
880000 52.0
885000 222.3
890000 79.1
895000 99.6
900000 54.4
905000 45.3
910000 0.0
915000 133.1
920000 142.0
925000 49.2
930000 5.4
935000 42.0
940000 139.5
945000 50.0
950000 42.6
955000 82.8
960000 128.8
965000 135.9
970000 205.0
975000 223.7
980000 99.3
985000 224.4
990000 108.5
995000 105.4
1000000 169.2
1005000 2.5
1010000 0.0
1015000 0.2
1020000 27.2
1025000 151.9
1030000 0.1
1035000 103.4
1040000 50.2
1045000 42.0
1050000 86.8
1055000 42.5
1060000 43.9
1065000 59.6
1070000 88.8
1075000 44.9
1080000 0.4
1085000 43.9
1090000 96.9
1095000 100.0
1100000 0.7
1105000 33.8
1110000 42.4
1115000 94.2
1120000 93.6
1125000 90.6
1130000 2.8
1135000 89.7
1140000 136.9
1145000 47.4
1150000 44.7
1155000 95.2
1160000 146.2
1165000 69.6
1170000 190.6
1175000 100.3
1180000 3.8
1185000 54.0
1190000 160.2
1195000 41.1
1200000 99.8
1205000 22.6
1210000 50.2
1215000 62.2
1220000 84.5
1225000 38.4
1230000 63.4
1235000 127.8
1240000 1.1
1245000 112.3
1250000 85.8
1255000 1.5
1260000 1.5
1265000 49.7
1270000 111.0
1275000 134.3
1280000 147.4
1285000 96.5
1290000 95.8
1295000 92.9
1300000 44.0
1305000 48.5
1310000 1.2
1315000 95.7
1320000 46.9
1325000 164.6
1330000 143.5
1335000 147.8
1340000 54.8
1345000 136.0
1350000 114.7
1355000 74.4
1360000 50.6
1365000 50.0
1370000 50.5
1375000 117.0
1380000 192.9
1385000 60.6
1390000 114.1
1395000 82.8
1400000 106.0
1405000 82.1
1410000 49.0
1415000 41.6
1420000 64.2
1425000 40.2
1430000 105.0
1435000 1.7
1440000 63.9
1445000 42.6
1450000 75.0
1455000 82.7
1460000 48.7
1465000 41.6
1470000 41.1
1475000 48.1
1480000 77.9
1485000 51.4
1490000 55.0
1495000 38.8
1500000 136.2
1505000 0.4
1510000 141.1
1515000 111.6
1520000 50.2
1525000 47.0
1530000 142.3
1535000 85.8
1540000 197.9
1545000 46.6
1550000 100.4
1555000 85.7
1560000 42.4
1565000 117.3
1570000 101.2
1575000 79.4
1580000 86.2
1585000 86.5
1590000 59.4
1595000 248.2
1600000 102.1
1605000 90.9
1610000 84.6
1615000 54.1
1620000 79.4
1625000 41.4
1630000 5.4
1635000 3.1
1640000 85.0
1645000 51.7
1650000 4.4
1655000 1.8
1660000 0.9
1665000 100.4
1670000 35.7
1675000 43.6
1680000 52.5
1685000 138.1
1690000 155.9
1695000 0.2
1700000 34.0
1705000 50.6
1710000 0.1
1715000 1.6
1720000 188.2
1725000 57.2
1730000 3.4
1735000 104.4
1740000 96.8
1745000 157.8
1750000 46.4
1755000 175.7
1760000 85.3
1765000 90.9
1770000 100.9
1775000 168.6
1780000 91.7
1785000 81.9
1790000 182.4
1795000 244.0
1800000 85.9
1805000 58.4
1810000 1.8
1815000 44.8
1820000 0.0
1825000 36.2
1830000 32.5
1835000 94.7
1840000 83.4
1845000 43.2
1850000 49.1
1855000 128.3
1860000 198.4
1865000 80.8
1870000 128.8
1875000 34.5
1880000 136.8
1885000 85.9
1890000 33.8
1895000 52.2
1900000 88.8
1905000 212.6
1910000 1.2
1915000 85.1
1920000 88.1
1925000 181.0
1930000 104.0
1935000 174.4
1940000 153.9
1945000 89.5
1950000 36.6
1955000 0.1
1960000 114.5
1965000 80.8
1970000 194.8
1975000 98.2
1980000 197.6
1985000 214.1
1990000 47.4
1995000 176.0
2000000 160.2
