5000 1.1
10000 0.3
15000 13.5
20000 4.2
25000 15.7
30000 64.3
35000 17.8
40000 32.8
45000 38.1
50000 85.5
55000 32.0
60000 51.4
65000 86.8
70000 60.4
75000 106.9
80000 191.5
85000 90.4
90000 41.0
95000 19.8
100000 0.7
105000 0.0
110000 0.5
115000 100.0
120000 85.0
125000 63.9
130000 114.1
135000 124.7
140000 79.6
145000 138.0
150000 8.8
155000 76.9
160000 127.7
165000 88.7
170000 134.0
175000 102.5
180000 147.4
185000 94.4
190000 101.3
195000 192.6
200000 248.2
205000 25.9
210000 101.7
215000 124.0
220000 152.7
225000 45.7
230000 42.5
235000 10.5
240000 127.1
245000 136.5
250000 114.4
255000 240.5
260000 180.2
265000 78.0
270000 52.0
275000 232.3
280000 131.7
285000 276.2
290000 168.9
295000 215.3
300000 197.9
305000 158.2
310000 134.7
315000 202.8
320000 187.4
325000 119.6
330000 127.2
335000 219.4
340000 191.5
345000 91.9
350000 276.2
355000 84.3
360000 238.1
365000 216.8
370000 288.9
375000 154.5
380000 147.8
385000 186.9
390000 153.8
395000 189.2
400000 353.1
405000 12.5
410000 5.1
415000 39.4
420000 68.7
425000 39.3
430000 231.4
435000 76.4
440000 102.8
445000 261.0
450000 111.8
455000 134.6
460000 54.5
465000 111.5
470000 116.6
475000 115.4
480000 118.2
485000 119.8
490000 155.1
495000 299.5
500000 177.8
505000 238.4
510000 136.7
515000 244.4
520000 272.9
525000 302.0
530000 84.4
535000 311.6
540000 229.8
545000 304.2
550000 200.0
555000 229.3
560000 162.2
565000 201.5
570000 231.1
575000 157.6
580000 202.4
585000 54.8
590000 158.4
595000 223.0
600000 139.7
605000 25.2
610000 111.6
615000 55.8
620000 153.4
625000 82.7
630000 97.3
635000 41.5
640000 117.4
645000 120.2
650000 167.4
655000 171.8
660000 68.2
665000 72.7
670000 54.5
675000 195.6
680000 174.3
685000 125.9
690000 253.9
695000 93.0
700000 67.7
705000 196.0
710000 133.0
715000 206.5
720000 103.4
725000 34.0
730000 117.5
735000 231.9
740000 147.5
745000 159.7
750000 57.1
755000 153.0
760000 201.5
765000 120.2
770000 253.9
775000 103.2
780000 242.0
785000 274.0
790000 93.7
795000 174.1
800000 105.3
805000 24.4
810000 35.4
815000 46.6
820000 37.4
825000 133.9
830000 51.8
835000 93.3
840000 217.1
845000 151.9
850000 80.1
855000 174.2
860000 46.6
865000 39.8
870000 56.5
875000 100.2
880000 111.7
885000 72.8
890000 58.0
895000 0.0
900000 67.2
905000 285.9
910000 182.1
915000 144.4
920000 57.7
925000 125.0
930000 164.3
935000 227.1
940000 282.4
945000 261.3
950000 186.3
955000 166.1
960000 123.6
965000 244.3
970000 139.4
975000 162.9
980000 67.7
985000 53.1
990000 0.0
995000 109.8
1000000 119.6
1005000 1.8
1010000 60.6
1015000 132.6
1020000 171.4
1025000 64.6
1030000 165.2
1035000 49.9
1040000 85.9
1045000 0.9
1050000 218.1
1055000 148.8
1060000 209.1
1065000 57.6
1070000 104.8
1075000 172.0
1080000 151.2
1085000 211.3
1090000 112.2
1095000 196.5
1100000 92.5
1105000 89.2
1110000 145.6
1115000 227.3
1120000 179.6
1125000 81.0
1130000 127.1
1135000 66.4
1140000 179.6
1145000 189.6
1150000 109.9
1155000 182.5
1160000 197.0
1165000 253.7
1170000 0.0
1175000 153.8
1180000 39.5
1185000 43.0
1190000 132.6
1195000 149.6
1200000 132.0
1205000 25.3
1210000 0.9
1215000 37.5
1220000 36.9
1225000 124.5
1230000 101.6
1235000 34.0
1240000 43.7
1245000 141.3
1250000 39.7
1255000 0.0
1260000 175.1
1265000 107.8
1270000 160.2
1275000 0.1
1280000 47.9
1285000 121.2
1290000 141.2
1295000 241.6
1300000 162.8
1305000 186.1
1310000 185.1
1315000 132.2
1320000 212.9
1325000 0.0
1330000 55.4
1335000 47.1
1340000 37.1
1345000 0.1
1350000 45.6
1355000 140.5
1360000 285.6
1365000 232.1
1370000 193.0
1375000 171.5
1380000 178.4
1385000 165.1
1390000 67.4
1395000 0.4
1400000 77.7
1405000 0.2
1410000 35.5
1415000 65.8
1420000 25.7
1425000 56.4
1430000 0.0
1435000 30.0
1440000 40.3
1445000 3.2
1450000 196.9
1455000 60.0
1460000 4.1
1465000 51.1
1470000 57.8
1475000 173.1
1480000 112.9
1485000 73.7
1490000 149.6
1495000 175.0
1500000 102.3
1505000 60.2
1510000 202.0
1515000 123.7
1520000 54.5
1525000 34.7
1530000 87.9
1535000 134.9
1540000 187.7
1545000 168.2
1550000 123.8
1555000 131.6
1560000 166.7
1565000 107.7
1570000 118.5
1575000 60.1
1580000 32.6
1585000 0.1
1590000 97.2
1595000 54.0
1600000 103.2
1605000 0.3
1610000 1.3
1615000 10.0
1620000 55.7
1625000 62.1
1630000 72.9
1635000 57.9
1640000 111.3
1645000 43.7
1650000 0.0
1655000 96.2
1660000 79.2
1665000 105.9
1670000 62.4
1675000 137.7
1680000 5.1
1685000 184.5
1690000 186.2
1695000 163.1
1700000 178.6
1705000 101.0
1710000 105.2
1715000 191.2
1720000 115.9
1725000 139.8
1730000 232.9
1735000 233.5
1740000 174.6
1745000 190.6
1750000 94.3
1755000 55.1
1760000 232.9
1765000 207.0
1770000 307.5
1775000 66.3
1780000 171.2
1785000 58.9
1790000 151.8
1795000 0.1
1800000 174.6
1805000 8.5
1810000 27.7
1815000 42.5
1820000 36.3
1825000 113.0
1830000 60.6
1835000 99.2
1840000 230.6
1845000 0.1
1850000 67.2
1855000 111.6
1860000 132.1
1865000 108.4
1870000 170.5
1875000 41.0
1880000 101.6
1885000 157.2
1890000 133.9
1895000 0.0
1900000 79.6
1905000 171.3
1910000 113.2
1915000 63.3
1920000 61.1
1925000 69.6
1930000 4.4
1935000 164.0
1940000 2.9
1945000 181.5
1950000 57.8
1955000 110.1
1960000 170.7
1965000 136.7
1970000 188.1
1975000 8.7
1980000 180.9
1985000 129.0
1990000 133.6
1995000 288.9
2000000 132.0
