5000 13.7
10000 11.1
15000 0.9
20000 8.9
25000 14.9
30000 3.6
35000 6.6
40000 10.6
45000 15.5
50000 22.5
55000 8.8
60000 26.8
65000 13.9
70000 10.5
75000 0.8
80000 2.6
85000 23.9
90000 5.3
95000 0.9
100000 6.4
105000 1.2
110000 0.1
115000 9.2
120000 0.0
125000 16.2
130000 16.3
135000 12.0
140000 26.0
145000 0.3
150000 0.1
155000 0.0
160000 3.9
165000 36.0
170000 10.2
175000 4.2
180000 5.4
185000 0.5
190000 6.2
195000 2.9
200000 1.1
205000 0.1
210000 39.2
215000 3.2
220000 4.9
225000 89.4
230000 22.9
235000 13.4
240000 49.6
245000 29.9
250000 82.6
255000 48.3
260000 116.7
265000 154.9
270000 142.7
275000 138.4
280000 9.4
285000 53.1
290000 29.2
295000 50.3
300000 41.8
305000 54.8
310000 4.9
315000 7.1
320000 162.9
325000 173.5
330000 125.9
335000 32.6
340000 62.0
345000 7.0
350000 33.3
355000 2.0
360000 42.0
365000 54.3
370000 33.4
375000 51.3
380000 4.2
385000 36.0
390000 97.3
395000 58.0
400000 5.3
405000 17.0
410000 56.6
415000 75.3
420000 102.5
425000 22.9
430000 67.8
435000 0.1
440000 22.1
445000 0.2
450000 80.5
455000 24.8
460000 96.8
465000 58.3
470000 97.5
475000 158.9
480000 57.9
485000 11.0
490000 134.0
495000 3.2
500000 0.0
505000 53.4
510000 1.1
515000 28.9
520000 8.3
525000 87.4
530000 2.0
535000 12.3
540000 129.2
545000 46.9
550000 37.9
555000 43.6
560000 44.6
565000 77.6
570000 39.3
575000 32.6
580000 41.9
585000 175.6
590000 42.1
595000 114.1
600000 136.4
605000 7.4
610000 61.4
615000 115.7
620000 27.5
625000 115.3
630000 0.1
635000 2.8
640000 41.2
645000 31.4
650000 100.1
655000 8.1
660000 105.6
665000 112.2
670000 68.7
675000 93.5
680000 0.1
685000 1.0
690000 51.6
695000 52.0
700000 96.3
705000 50.8
710000 0.4
715000 113.9
720000 30.9
725000 67.8
730000 44.1
735000 0.3
740000 1.6
745000 0.0
750000 117.4
755000 69.7
760000 78.8
765000 3.7
770000 39.4
775000 155.8
780000 105.3
785000 107.2
790000 0.0
795000 119.3
800000 141.2
805000 52.5
810000 114.4
815000 42.8
820000 31.5
825000 0.1
830000 80.6
835000 41.0
840000 48.8
845000 8.1
850000 50.5
855000 1.8
860000 2.2
865000 78.3
870000 51.9
875000 0.6
880000 62.8
885000 117.5
890000 38.1
895000 66.2
900000 38.2
905000 8.1
910000 103.0
915000 0.5
920000 25.8
925000 48.9
930000 29.7
935000 47.2
940000 125.2
945000 99.1
950000 26.0
955000 126.1
960000 42.0
965000 48.4
970000 159.4
975000 96.0
980000 0.5
985000 59.8
990000 44.8
995000 48.1
1000000 105.5
1005000 11.0
1010000 34.8
1015000 0.5
1020000 0.7
1025000 39.1
1030000 46.5
1035000 131.2
1040000 0.1
1045000 38.9
1050000 11.8
1055000 79.6
1060000 32.5
1065000 125.3
1070000 38.9
1075000 135.9
1080000 67.6
1085000 148.9
1090000 33.3
1095000 98.6
1100000 0.2
1105000 53.7
1110000 44.5
1115000 61.1
1120000 61.0
1125000 48.1
1130000 91.8
1135000 25.6
1140000 62.3
1145000 100.8
1150000 132.7
1155000 154.7
1160000 44.8
1165000 8.8
1170000 67.9
1175000 104.8
1180000 178.9
1185000 65.1
1190000 141.4
1195000 117.8
1200000 145.3
1205000 15.3
1210000 4.1
1215000 76.5
1220000 45.7
1225000 114.0
1230000 50.8
1235000 42.6
1240000 82.2
1245000 149.7
1250000 104.7
1255000 90.9
1260000 44.7
1265000 61.2
1270000 0.1
1275000 160.1
1280000 35.8
1285000 25.7
1290000 189.8
1295000 106.5
1300000 97.0
1305000 85.9
1310000 216.5
1315000 0.9
1320000 45.1
1325000 44.3
1330000 46.2
1335000 83.9
1340000 55.4
1345000 64.2
1350000 0.2
1355000 130.5
1360000 57.4
1365000 125.4
1370000 0.1
1375000 91.3
1380000 61.6
1385000 143.6
1390000 138.6
1395000 132.1
1400000 189.5
1405000 20.2
1410000 101.8
1415000 45.9
1420000 64.7
1425000 47.1
1430000 86.8
1435000 0.0
1440000 87.1
1445000 0.0
1450000 0.0
1455000 0.9
1460000 35.4
1465000 58.9
1470000 86.8
1475000 117.3
1480000 4.3
1485000 79.4
1490000 61.1
1495000 90.5
1500000 123.5
1505000 253.7
1510000 53.4
1515000 42.7
1520000 41.7
1525000 57.5
1530000 60.7
1535000 144.4
1540000 109.9
1545000 0.0
1550000 51.0
1555000 289.4
1560000 46.8
1565000 171.5
1570000 1.2
1575000 0.1
1580000 147.3
1585000 38.2
1590000 223.8
1595000 118.7
1600000 91.6
1605000 8.8
1610000 0.0
1615000 40.3
1620000 21.1
1625000 32.9
1630000 0.1
1635000 93.2
1640000 93.7
1645000 3.7
1650000 56.1
1655000 46.4
1660000 116.0
1665000 123.2
1670000 124.7
1675000 51.2
1680000 3.7
1685000 1.6
1690000 5.1
1695000 86.5
1700000 59.3
1705000 43.9
1710000 1.1
1715000 0.6
1720000 159.9
1725000 52.3
1730000 64.0
1735000 64.2
1740000 184.5
1745000 43.3
1750000 113.9
1755000 219.7
1760000 4.4
1765000 60.4
1770000 157.7
1775000 67.9
1780000 94.9
1785000 114.5
1790000 2.7
1795000 60.9
1800000 74.9
1805000 2.4
1810000 0.2
1815000 0.0
1820000 33.3
1825000 36.0
1830000 0.2
1835000 96.9
1840000 91.5
1845000 56.2
1850000 91.9
1855000 47.5
1860000 127.3
1865000 1.9
1870000 68.2
1875000 42.3
1880000 0.1
1885000 108.0
1890000 58.6
1895000 107.5
1900000 0.0
1905000 130.2
1910000 108.4
1915000 53.5
1920000 93.6
1925000 56.1
1930000 0.0
1935000 66.1
1940000 126.7
1945000 74.8
1950000 151.0
1955000 55.5
1960000 172.4
1965000 49.8
1970000 54.1
1975000 61.1
1980000 48.9
1985000 128.6
1990000 185.0
1995000 46.9
2000000 24.6
