5000 5.4
10000 3.1
15000 34.2
20000 29.8
25000 27.0
30000 16.5
35000 15.5
40000 52.9
45000 0.6
50000 18.5
55000 28.5
60000 14.2
65000 39.3
70000 41.6
75000 39.1
80000 0.5
85000 14.0
90000 1.5
95000 39.6
100000 39.7
105000 35.7
110000 27.1
115000 41.0
120000 94.5
125000 49.2
130000 72.4
135000 39.2
140000 26.2
145000 0.5
150000 1.1
155000 2.2
160000 85.2
165000 95.4
170000 41.2
175000 51.8
180000 33.2
185000 45.5
190000 95.8
195000 26.9
200000 88.7
205000 9.2
210000 1.2
215000 34.5
220000 62.5
225000 5.1
230000 62.7
235000 36.3
240000 55.2
245000 25.3
250000 127.1
255000 0.1
260000 105.4
265000 125.3
270000 70.4
275000 73.8
280000 118.0
285000 75.0
290000 53.3
295000 37.1
300000 76.8
305000 2.8
310000 59.4
315000 70.5
320000 96.5
325000 225.8
330000 80.9
335000 216.0
340000 199.2
345000 68.2
350000 74.4
355000 64.7
360000 140.3
365000 53.3
370000 181.1
375000 131.3
380000 116.7
385000 76.7
390000 193.2
395000 185.4
400000 142.6
405000 5.6
410000 111.0
415000 53.7
420000 62.5
425000 72.0
430000 105.1
435000 196.0
440000 146.3
445000 125.9
450000 242.5
455000 140.4
460000 58.6
465000 93.7
470000 206.1
475000 144.7
480000 77.9
485000 150.0
490000 77.0
495000 191.5
500000 277.5
505000 120.9
510000 213.2
515000 107.7
520000 125.4
525000 109.6
530000 121.9
535000 94.3
540000 72.8
545000 0.3
550000 94.4
555000 170.8
560000 33.8
565000 188.4
570000 107.7
575000 84.2
580000 63.6
585000 54.9
590000 42.8
595000 158.7
600000 136.8
605000 26.6
610000 0.0
615000 105.6
620000 78.3
625000 79.4
630000 94.8
635000 90.2
640000 53.5
645000 0.2
650000 165.6
655000 46.4
660000 127.8
665000 144.3
670000 140.2
675000 141.3
680000 40.0
685000 106.3
690000 217.1
695000 205.4
700000 94.5
705000 90.1
710000 197.1
715000 75.9
720000 173.8
725000 135.0
730000 85.7
735000 123.8
740000 87.8
745000 76.7
750000 127.2
755000 0.6
760000 236.5
765000 131.6
770000 201.5
775000 189.2
780000 95.7
785000 41.0
790000 191.0
795000 0.0
800000 125.6
805000 43.1
810000 0.3
815000 37.1
820000 125.9
825000 99.2
830000 98.8
835000 111.1
840000 44.4
845000 68.4
850000 112.6
855000 146.7
860000 145.2
865000 231.3
870000 0.0
875000 188.1
880000 2.5
885000 36.1
890000 0.1
895000 72.5
900000 91.2
905000 245.6
910000 26.4
915000 162.2
920000 86.1
925000 85.3
930000 118.2
935000 165.3
940000 99.2
945000 34.6
950000 191.1
955000 79.6
960000 146.4
965000 222.9
970000 211.3
975000 192.7
980000 81.5
985000 44.1
990000 172.4
995000 97.0
1000000 147.2
1005000 34.7
1010000 53.2
1015000 93.4
1020000 31.8
1025000 0.0
1030000 82.0
1035000 41.2
1040000 0.1
1045000 179.8
1050000 119.4
1055000 110.4
1060000 245.1
1065000 117.6
1070000 142.3
1075000 174.9
1080000 229.0
1085000 132.0
1090000 180.3
1095000 94.3
1100000 135.9
1105000 3.8
1110000 131.9
1115000 49.8
1120000 101.3
1125000 279.9
1130000 0.8
1135000 57.2
1140000 45.3
1145000 36.3
1150000 128.7
1155000 139.8
1160000 89.6
1165000 196.8
1170000 41.0
1175000 157.6
1180000 179.4
1185000 126.4
1190000 126.9
1195000 128.5
1200000 54.7
1205000 59.8
1210000 8.1
1215000 1.7
1220000 128.1
1225000 196.8
1230000 113.8
1235000 43.2
1240000 28.5
1245000 87.8
1250000 0.2
1255000 155.2
1260000 132.3
1265000 108.5
1270000 99.8
1275000 156.4
1280000 53.1
1285000 202.7
1290000 142.5
1295000 179.9
1300000 28.3
1305000 0.0
1310000 144.2
1315000 169.8
1320000 103.8
1325000 110.4
1330000 148.3
1335000 195.5
1340000 43.8
1345000 129.1
1350000 150.5
1355000 109.3
1360000 79.7
1365000 161.2
1370000 278.0
1375000 53.2
1380000 176.6
1385000 55.8
1390000 180.6
1395000 61.8
1400000 261.1
1405000 14.0
1410000 1.7
1415000 59.0
1420000 62.7
1425000 70.3
1430000 0.2
1435000 47.6
1440000 44.8
1445000 44.1
1450000 92.2
1455000 105.6
1460000 196.6
1465000 208.6
1470000 87.3
1475000 118.1
1480000 57.4
1485000 191.7
1490000 36.0
1495000 169.8
1500000 146.9
1505000 109.1
1510000 83.0
1515000 88.7
1520000 85.7
1525000 144.8
1530000 38.4
1535000 96.4
1540000 141.2
1545000 253.5
1550000 170.7
1555000 219.5
1560000 167.0
1565000 3.2
1570000 93.1
1575000 124.8
1580000 55.1
1585000 211.6
1590000 157.7
1595000 138.6
1600000 57.2
1605000 6.6
1610000 76.0
1615000 7.9
1620000 33.9
1625000 3.0
1630000 241.3
1635000 35.0
1640000 102.9
1645000 104.3
1650000 173.2
1655000 130.7
1660000 74.0
1665000 0.0
1670000 88.3
1675000 76.4
1680000 244.0
1685000 113.1
1690000 0.0
1695000 105.4
1700000 233.0
1705000 221.8
1710000 54.3
1715000 1.6
1720000 23.3
1725000 159.8
1730000 196.3
1735000 108.3
1740000 206.8
1745000 105.3
1750000 49.3
1755000 197.5
1760000 140.8
1765000 82.6
1770000 49.5
1775000 57.5
1780000 111.6
1785000 141.4
1790000 54.1
1795000 172.6
1800000 96.0
1805000 47.7
1810000 0.2
1815000 167.2
1820000 101.3
1825000 115.8
1830000 107.5
1835000 77.2
1840000 31.4
1845000 140.4
1850000 127.4
1855000 93.8
1860000 195.0
1865000 99.7
1870000 37.9
1875000 153.0
1880000 90.6
1885000 89.5
1890000 113.9
1895000 100.1
1900000 133.7
1905000 166.1
1910000 205.5
1915000 95.6
1920000 96.5
1925000 0.1
1930000 95.0
1935000 0.0
1940000 254.5
1945000 143.8
1950000 60.0
1955000 173.1
1960000 210.2
1965000 224.6
1970000 0.3
1975000 82.8
1980000 156.8
1985000 90.3
1990000 39.0
1995000 164.0
2000000 95.7
