5000 0.6
10000 0.7
15000 0.9
20000 1.0
25000 0.8
30000 0.8
35000 1.0
40000 0.7
45000 0.7
50000 0.7
55000 0.7
60000 0.7
65000 0.8
70000 0.8
75000 1.0
80000 0.8
85000 0.8
90000 1.0
95000 1.0
100000 0.8
105000 1.1
110000 1.3
115000 1.2
120000 1.2
125000 1.0
130000 1.1
135000 1.3
140000 1.3
145000 1.1
150000 0.9
155000 1.1
160000 1.3
165000 1.2
170000 0.6
175000 0.8
180000 0.9
185000 1.1
190000 1.4
195000 1.0
200000 1.3
205000 0.6
210000 1.0
215000 0.9
220000 0.8
225000 0.8
230000 0.8
235000 0.9
240000 0.6
245000 0.8
250000 0.8
255000 1.0
260000 1.2
265000 0.9
270000 0.9
275000 0.9
280000 1.2
285000 1.0
290000 1.0
295000 1.2
300000 1.4
305000 1.4
310000 1.3
315000 1.8
320000 1.2
325000 0.9
330000 1.2
335000 1.9
340000 1.3
345000 1.5
350000 1.5
355000 1.4
360000 1.4
365000 1.4
370000 1.5
375000 1.0
380000 1.2
385000 1.3
390000 1.3
395000 1.1
400000 2.0
405000 0.8
410000 0.8
415000 0.8
420000 1.0
425000 1.0
430000 1.2
435000 0.9
440000 1.2
445000 1.2
450000 0.8
455000 0.7
460000 0.8
465000 0.8
470000 0.9
475000 1.2
480000 1.3
485000 0.8
490000 1.1
495000 1.1
500000 1.3
505000 1.4
510000 1.2
515000 1.3
520000 2.3
525000 3.8
530000 1.7
535000 1.9
540000 9.5
545000 17.5
550000 23.3
555000 21.8
560000 18.7
565000 19.3
570000 40.4
575000 11.1
580000 31.2
585000 35.9
590000 51.4
595000 48.0
600000 51.0
605000 1.2
610000 0.7
615000 0.8
620000 1.2
625000 1.0
630000 1.1
635000 1.6
640000 1.0
645000 1.6
650000 1.5
655000 1.2
660000 1.8
665000 9.1
670000 41.1
675000 47.9
680000 49.3
685000 48.5
690000 54.9
695000 39.5
700000 31.5
705000 55.1
710000 53.3
715000 60.3
720000 60.6
725000 67.5
730000 70.4
735000 66.5
740000 81.8
745000 77.2
750000 75.0
755000 88.8
760000 91.3
765000 86.5
770000 99.8
775000 90.0
780000 91.5
785000 92.0
790000 92.6
795000 97.3
800000 101.2
805000 1.0
810000 0.6
815000 0.8
820000 0.6
825000 0.6
830000 0.5
835000 0.6
840000 1.3
845000 1.5
850000 1.1
855000 3.3
860000 3.4
865000 41.7
870000 78.0
875000 53.8
880000 69.3
885000 6.0
890000 2.3
895000 54.4
900000 66.2
905000 86.4
910000 84.4
915000 93.4
920000 96.6
925000 89.0
930000 94.3
935000 95.6
940000 93.6
945000 93.4
950000 82.7
955000 103.5
960000 98.4
965000 100.2
970000 101.5
975000 98.4
980000 104.7
985000 95.3
990000 92.4
995000 111.7
1000000 107.4
1005000 0.9
1010000 0.9
1015000 0.8
1020000 0.8
1025000 0.8
1030000 2.5
1035000 0.9
1040000 1.2
1045000 1.0
1050000 1.8
1055000 5.1
1060000 20.5
1065000 30.2
1070000 41.3
1075000 66.0
1080000 68.8
1085000 82.4
1090000 79.2
1095000 91.3
1100000 79.1
1105000 102.6
1110000 94.2
1115000 106.4
1120000 94.0
1125000 99.5
1130000 103.6
1135000 102.3
1140000 92.8
1145000 100.2
1150000 106.0
1155000 110.4
1160000 109.2
1165000 110.5
1170000 116.9
1175000 108.1
1180000 107.8
1185000 111.2
1190000 113.8
1195000 113.4
1200000 115.9
1205000 1.0
1210000 1.2
1215000 0.9
1220000 0.5
1225000 1.2
1230000 0.9
1235000 0.7
1240000 1.1
1245000 1.1
1250000 1.0
1255000 3.9
1260000 15.7
1265000 47.1
1270000 67.7
1275000 55.0
1280000 83.7
1285000 68.9
1290000 89.3
1295000 92.7
1300000 99.5
1305000 106.0
1310000 102.0
1315000 107.7
1320000 110.4
1325000 110.1
1330000 109.7
1335000 110.6
1340000 112.1
1345000 120.9
1350000 117.5
1355000 116.2
1360000 117.7
1365000 115.1
1370000 109.4
1375000 115.4
1380000 119.5
1385000 119.5
1390000 119.5
1395000 121.2
1400000 120.3
1405000 0.7
1410000 0.7
1415000 0.9
1420000 0.9
1425000 1.0
1430000 0.8
1435000 1.2
1440000 0.6
1445000 0.7
1450000 0.8
1455000 3.1
1460000 27.5
1465000 52.5
1470000 65.9
1475000 71.7
1480000 80.3
1485000 74.4
1490000 106.7
1495000 105.2
1500000 108.2
1505000 106.5
1510000 112.2
1515000 108.8
1520000 118.5
1525000 117.8
1530000 113.8
1535000 118.5
1540000 123.2
1545000 130.7
1550000 125.0
1555000 125.4
1560000 128.8
1565000 126.3
1570000 132.6
1575000 126.1
1580000 129.3
1585000 128.6
1590000 129.2
1595000 125.6
1600000 126.1
1605000 0.9
1610000 0.9
1615000 0.7
1620000 0.7
1625000 1.1
1630000 0.7
1635000 1.0
1640000 0.9
1645000 0.9
1650000 4.8
1655000 7.4
1660000 14.4
1665000 37.0
1670000 50.5
1675000 66.3
1680000 98.9
1685000 112.5
1690000 111.7
1695000 120.7
1700000 120.5
1705000 118.9
1710000 119.3
1715000 121.3
1720000 117.7
1725000 121.3
1730000 119.7
1735000 123.0
1740000 128.3
1745000 128.5
1750000 129.1
1755000 126.9
1760000 128.5
1765000 127.4
1770000 130.7
1775000 127.2
1780000 129.4
1785000 130.0
1790000 133.2
1795000 130.1
1800000 136.8
1805000 0.9
1810000 0.6
1815000 1.1
1820000 0.5
1825000 0.9
1830000 0.7
1835000 0.9
1840000 1.8
1845000 2.3
1850000 2.0
1855000 20.2
1860000 40.8
1865000 40.0
1870000 73.8
1875000 95.9
1880000 104.1
1885000 100.3
1890000 107.3
1895000 102.5
1900000 110.2
1905000 118.6
1910000 117.1
1915000 126.9
1920000 121.3
1925000 127.4
1930000 127.7
1935000 131.2
1940000 128.5
1945000 128.6
1950000 128.9
1955000 135.8
1960000 130.4
1965000 127.5
1970000 129.7
1975000 130.6
1980000 138.1
1985000 135.4
1990000 130.6
1995000 136.7
2000000 139.0
