5000 0.6
10000 0.7
15000 0.8
20000 1.0
25000 0.8
30000 0.4
35000 1.1
40000 0.8
45000 0.7
50000 0.8
55000 0.7
60000 0.7
65000 1.1
70000 0.7
75000 0.8
80000 1.0
85000 0.7
90000 1.0
95000 1.2
100000 1.1
105000 1.1
110000 0.8
115000 0.8
120000 1.4
125000 1.3
130000 1.2
135000 1.0
140000 1.5
145000 1.2
150000 1.4
155000 1.1
160000 1.3
165000 1.3
170000 1.1
175000 1.3
180000 0.9
185000 1.2
190000 1.4
195000 1.4
200000 1.3
205000 0.9
210000 0.7
215000 0.8
220000 1.0
225000 0.8
230000 0.8
235000 0.7
240000 1.0
245000 0.6
250000 0.8
255000 1.0
260000 0.8
265000 0.9
270000 1.4
275000 1.4
280000 1.4
285000 0.8
290000 1.2
295000 0.9
300000 1.4
305000 1.1
310000 1.3
315000 1.2
320000 1.1
325000 1.4
330000 1.3
335000 1.1
340000 1.7
345000 1.2
350000 1.4
355000 1.4
360000 1.3
365000 1.2
370000 1.2
375000 1.3
380000 1.4
385000 2.9
390000 3.8
395000 1.6
400000 6.2
405000 0.8
410000 1.0
415000 0.9
420000 0.9
425000 0.8
430000 0.9
435000 0.7
440000 0.5
445000 0.8
450000 1.1
455000 1.2
460000 0.8
465000 1.0
470000 2.3
475000 3.4
480000 9.0
485000 9.3
490000 1.9
495000 13.3
500000 25.4
505000 46.0
510000 49.2
515000 15.7
520000 44.1
525000 43.7
530000 47.6
535000 47.2
540000 72.0
545000 57.6
550000 68.8
555000 61.4
560000 67.2
565000 82.0
570000 76.6
575000 78.8
580000 84.1
585000 75.0
590000 87.7
595000 88.8
600000 87.3
605000 1.0
610000 1.2
615000 0.9
620000 0.6
625000 0.5
630000 0.6
635000 1.0
640000 1.0
645000 0.9
650000 1.2
655000 0.8
660000 4.1
665000 5.7
670000 15.9
675000 55.4
680000 71.3
685000 65.7
690000 77.9
695000 79.2
700000 86.4
705000 91.3
710000 90.4
715000 85.5
720000 81.6
725000 92.3
730000 89.4
735000 87.1
740000 105.7
745000 99.5
750000 90.5
755000 104.8
760000 96.9
765000 98.0
770000 108.5
775000 104.6
780000 94.6
785000 107.5
790000 111.5
795000 111.9
800000 111.5
805000 0.9
810000 0.7
815000 0.5
820000 0.8
825000 0.8
830000 1.2
835000 0.8
840000 2.7
845000 3.9
850000 12.7
855000 14.4
860000 30.2
865000 72.9
870000 63.0
875000 84.5
880000 87.3
885000 83.1
890000 83.7
895000 96.3
900000 94.6
905000 95.1
910000 101.9
915000 106.6
920000 93.0
925000 97.0
930000 110.9
935000 97.5
940000 99.6
945000 117.5
950000 112.8
955000 117.3
960000 118.1
965000 120.7
970000 123.2
975000 121.2
980000 122.2
985000 122.8
990000 120.3
995000 116.1
1000000 125.7
1005000 0.8
1010000 1.0
1015000 0.7
1020000 1.1
1025000 1.1
1030000 1.2
1035000 0.9
1040000 2.0
1045000 1.7
1050000 14.0
1055000 41.3
1060000 37.3
1065000 81.0
1070000 83.0
1075000 71.6
1080000 96.1
1085000 109.7
1090000 101.7
1095000 117.0
1100000 114.1
1105000 112.3
1110000 112.2
1115000 116.3
1120000 120.4
1125000 120.9
1130000 122.3
1135000 118.3
1140000 121.7
1145000 127.6
1150000 129.8
1155000 130.9
1160000 137.9
1165000 118.4
1170000 135.8
1175000 126.8
1180000 125.8
1185000 135.0
1190000 128.7
1195000 134.5
1200000 131.3
1205000 0.8
1210000 0.7
1215000 0.6
1220000 1.1
1225000 0.8
1230000 1.3
1235000 1.1
1240000 0.9
1245000 6.2
1250000 11.0
1255000 48.8
1260000 78.6
1265000 33.4
1270000 97.7
1275000 120.3
1280000 103.6
1285000 95.9
1290000 113.2
1295000 104.5
1300000 122.2
1305000 123.0
1310000 119.5
1315000 128.1
1320000 127.7
1325000 133.7
1330000 137.3
1335000 134.0
1340000 137.8
1345000 117.6
1350000 135.0
1355000 138.3
1360000 141.6
1365000 131.7
1370000 138.7
1375000 138.7
1380000 137.9
1385000 141.9
1390000 148.1
1395000 144.4
1400000 145.9
1405000 0.9
1410000 0.5
1415000 0.8
1420000 0.6
1425000 1.2
1430000 0.5
1435000 2.6
1440000 3.0
1445000 6.7
1450000 7.8
1455000 38.3
1460000 58.3
1465000 82.3
1470000 97.3
1475000 104.1
1480000 106.4
1485000 121.2
1490000 125.7
1495000 119.3
1500000 135.0
1505000 123.4
1510000 132.9
1515000 132.4
1520000 142.8
1525000 138.3
1530000 132.6
1535000 126.1
1540000 135.7
1545000 144.7
1550000 139.0
1555000 141.1
1560000 148.7
1565000 143.8
1570000 150.3
1575000 155.6
1580000 152.8
1585000 146.1
1590000 147.3
1595000 156.5
1600000 151.6
1605000 0.7
1610000 0.8
1615000 0.8
1620000 1.0
1625000 0.8
1630000 1.4
1635000 1.4
1640000 4.8
1645000 3.8
1650000 10.6
1655000 52.7
1660000 19.6
1665000 76.2
1670000 98.5
1675000 110.9
1680000 114.1
1685000 119.6
1690000 130.5
1695000 128.5
1700000 138.4
1705000 137.2
1710000 140.9
1715000 138.4
1720000 145.5
1725000 143.3
1730000 155.7
1735000 139.6
1740000 147.8
1745000 148.0
1750000 155.9
1755000 154.2
1760000 151.0
1765000 158.6
1770000 159.5
1775000 163.0
1780000 163.1
1785000 153.0
1790000 159.9
1795000 164.4
1800000 165.2
1805000 1.0
1810000 0.8
1815000 0.8
1820000 0.9
1825000 0.9
1830000 1.0
1835000 0.6
1840000 0.9
1845000 1.4
1850000 2.7
1855000 8.4
1860000 9.5
1865000 19.6
1870000 93.8
1875000 92.2
1880000 100.8
1885000 109.7
1890000 127.1
1895000 139.4
1900000 132.5
1905000 143.3
1910000 130.8
1915000 140.4
1920000 152.3
1925000 147.3
1930000 153.6
1935000 158.2
1940000 158.1
1945000 164.4
1950000 161.2
1955000 155.9
1960000 161.4
1965000 160.8
1970000 165.9
1975000 162.3
1980000 166.0
1985000 168.1
1990000 167.3
1995000 172.6
2000000 167.6
