5000 0.7
10000 0.7
15000 1.0
20000 0.9
25000 1.0
30000 0.6
35000 0.7
40000 0.7
45000 0.9
50000 0.8
55000 0.8
60000 0.6
65000 1.0
70000 1.1
75000 0.8
80000 0.9
85000 0.6
90000 0.9
95000 0.8
100000 1.0
105000 0.8
110000 1.3
115000 0.9
120000 1.2
125000 1.1
130000 1.3
135000 0.9
140000 1.4
145000 1.0
150000 1.9
155000 1.1
160000 3.4
165000 1.2
170000 1.3
175000 4.3
180000 3.8
185000 4.9
190000 13.8
195000 11.9
200000 16.8
205000 0.7
210000 0.9
215000 0.7
220000 1.0
225000 0.7
230000 0.7
235000 0.9
240000 0.9
245000 1.0
250000 0.9
255000 0.9
260000 0.8
265000 0.9
270000 0.9
275000 1.0
280000 1.2
285000 11.7
290000 7.0
295000 4.9
300000 7.8
305000 20.4
310000 18.7
315000 17.9
320000 25.2
325000 26.5
330000 36.6
335000 45.0
340000 49.9
345000 47.4
350000 46.8
355000 47.1
360000 28.3
365000 37.7
370000 57.0
375000 55.3
380000 65.7
385000 49.8
390000 43.5
395000 68.7
400000 68.0
405000 0.7
410000 1.1
415000 0.9
420000 0.6
425000 0.4
430000 0.7
435000 0.6
440000 1.1
445000 1.0
450000 0.8
455000 0.6
460000 1.3
465000 23.0
470000 41.7
475000 24.8
480000 27.1
485000 52.3
490000 51.5
495000 64.3
500000 54.8
505000 62.5
510000 58.2
515000 75.6
520000 72.1
525000 73.0
530000 73.0
535000 72.2
540000 72.6
545000 78.8
550000 75.2
555000 80.7
560000 87.9
565000 84.2
570000 78.9
575000 87.1
580000 90.4
585000 94.1
590000 93.6
595000 84.2
600000 103.2
605000 1.0
610000 0.8
615000 0.8
620000 0.7
625000 1.1
630000 1.1
635000 1.2
640000 1.0
645000 1.3
650000 1.1
655000 1.2
660000 2.7
665000 27.1
670000 24.9
675000 48.9
680000 62.8
685000 65.9
690000 71.3
695000 80.7
700000 74.9
705000 69.6
710000 90.7
715000 86.6
720000 95.2
725000 88.1
730000 95.0
735000 96.2
740000 98.7
745000 102.3
750000 104.9
755000 101.6
760000 105.9
765000 103.3
770000 99.5
775000 108.8
780000 111.4
785000 109.5
790000 110.7
795000 107.6
800000 117.2
805000 1.0
810000 1.2
815000 0.9
820000 1.0
825000 0.8
830000 1.0
835000 1.7
840000 1.0
845000 1.0
850000 2.4
855000 16.8
860000 32.8
865000 28.3
870000 65.3
875000 69.0
880000 71.3
885000 78.7
890000 93.1
895000 92.0
900000 92.3
905000 91.3
910000 101.4
915000 100.1
920000 99.2
925000 103.5
930000 109.6
935000 112.2
940000 111.7
945000 113.3
950000 112.2
955000 112.7
960000 113.9
965000 119.7
970000 118.8
975000 100.3
980000 110.6
985000 120.7
990000 119.1
995000 122.2
1000000 116.9
1005000 0.7
1010000 0.7
1015000 1.0
1020000 0.8
1025000 0.9
1030000 1.1
1035000 0.8
1040000 0.7
1045000 5.3
1050000 18.0
1055000 39.8
1060000 30.6
1065000 26.5
1070000 70.0
1075000 74.7
1080000 74.4
1085000 90.6
1090000 89.5
1095000 100.2
1100000 101.5
1105000 92.1
1110000 110.0
1115000 110.3
1120000 114.0
1125000 109.8
1130000 116.3
1135000 119.5
1140000 120.0
1145000 123.1
1150000 118.8
1155000 123.1
1160000 121.0
1165000 124.7
1170000 122.3
1175000 121.9
1180000 131.5
1185000 124.1
1190000 126.9
1195000 128.2
1200000 128.7
1205000 0.8
1210000 0.7
1215000 0.9
1220000 1.0
1225000 0.5
1230000 0.9
1235000 0.6
1240000 3.5
1245000 30.1
1250000 40.1
1255000 36.3
1260000 11.7
1265000 73.8
1270000 74.1
1275000 96.2
1280000 76.7
1285000 107.3
1290000 109.0
1295000 103.8
1300000 112.9
1305000 107.4
1310000 118.5
1315000 112.9
1320000 118.8
1325000 124.4
1330000 122.2
1335000 126.8
1340000 125.3
1345000 130.0
1350000 126.1
1355000 128.3
1360000 128.0
1365000 129.7
1370000 130.9
1375000 129.5
1380000 132.2
1385000 119.2
1390000 122.8
1395000 131.7
1400000 131.7
1405000 1.0
1410000 0.8
1415000 0.7
1420000 0.6
1425000 0.7
1430000 1.1
1435000 1.0
1440000 1.3
1445000 1.0
1450000 8.9
1455000 35.6
1460000 48.1
1465000 70.5
1470000 82.9
1475000 96.0
1480000 100.5
1485000 72.8
1490000 116.4
1495000 111.5
1500000 122.9
1505000 118.7
1510000 119.4
1515000 126.0
1520000 127.2
1525000 129.2
1530000 130.8
1535000 134.7
1540000 130.3
1545000 130.8
1550000 133.9
1555000 133.9
1560000 137.9
1565000 130.8
1570000 138.2
1575000 139.5
1580000 136.9
1585000 132.9
1590000 138.1
1595000 137.8
1600000 143.6
1605000 0.8
1610000 1.2
1615000 1.3
1620000 0.8
1625000 0.9
1630000 1.5
1635000 2.2
1640000 0.6
1645000 12.4
1650000 35.3
1655000 45.2
1660000 59.2
1665000 67.8
1670000 90.5
1675000 108.2
1680000 57.8
1685000 106.9
1690000 112.2
1695000 119.1
1700000 124.1
1705000 123.1
1710000 115.9
1715000 131.6
1720000 128.4
1725000 129.2
1730000 130.9
1735000 137.5
1740000 127.4
1745000 134.9
1750000 135.0
1755000 133.2
1760000 133.3
1765000 135.5
1770000 140.0
1775000 142.5
1780000 144.0
1785000 139.9
1790000 145.6
1795000 139.8
1800000 145.6
1805000 0.8
1810000 1.2
1815000 1.2
1820000 1.4
1825000 1.0
1830000 1.0
1835000 2.7
1840000 3.6
1845000 2.9
1850000 8.4
1855000 67.0
1860000 76.3
1865000 38.1
1870000 74.1
1875000 91.6
1880000 88.4
1885000 109.1
1890000 109.5
1895000 123.2
1900000 133.4
1905000 130.7
1910000 131.1
1915000 115.4
1920000 133.2
1925000 149.3
1930000 142.1
1935000 143.8
1940000 141.9
1945000 144.2
1950000 149.2
1955000 145.1
1960000 151.4
1965000 149.4
1970000 149.3
1975000 155.4
1980000 156.5
1985000 155.1
1990000 160.6
1995000 157.2
2000000 150.8
