5000 0.9
10000 0.6
15000 0.8
20000 0.8
25000 0.8
30000 1.0
35000 0.8
40000 0.8
45000 0.9
50000 1.0
55000 1.1
60000 1.1
65000 0.9
70000 0.7
75000 0.8
80000 0.8
85000 1.1
90000 1.0
95000 1.1
100000 1.1
105000 1.3
110000 1.1
115000 1.2
120000 1.0
125000 1.2
130000 1.1
135000 1.0
140000 1.4
145000 0.7
150000 1.0
155000 1.1
160000 1.2
165000 1.1
170000 0.7
175000 1.2
180000 1.3
185000 1.3
190000 1.6
195000 1.2
200000 1.6
205000 0.7
210000 0.8
215000 0.8
220000 0.7
225000 1.0
230000 0.9
235000 1.0
240000 0.7
245000 0.9
250000 0.9
255000 1.0
260000 1.1
265000 0.9
270000 0.9
275000 0.7
280000 1.0
285000 1.0
290000 2.3
295000 2.0
300000 2.3
305000 9.3
310000 6.0
315000 6.3
320000 38.3
325000 24.7
330000 49.6
335000 52.2
340000 61.5
345000 68.6
350000 72.3
355000 75.3
360000 75.4
365000 78.1
370000 85.9
375000 98.2
380000 65.2
385000 79.2
390000 91.3
395000 53.9
400000 93.6
405000 0.9
410000 0.6
415000 0.7
420000 1.0
425000 0.5
430000 1.3
435000 1.0
440000 1.0
445000 0.9
450000 1.2
455000 3.0
460000 8.6
465000 59.4
470000 75.5
475000 90.8
480000 95.0
485000 97.1
490000 99.7
495000 98.7
500000 112.4
505000 110.9
510000 109.2
515000 111.1
520000 119.2
525000 116.3
530000 114.7
535000 114.6
540000 113.4
545000 124.5
550000 125.1
555000 118.9
560000 121.0
565000 126.5
570000 126.7
575000 131.3
580000 133.9
585000 132.2
590000 128.0
595000 129.3
600000 133.3
605000 0.7
610000 1.1
615000 1.1
620000 0.9
625000 1.1
630000 0.8
635000 0.7
640000 1.6
645000 0.8
650000 3.3
655000 18.9
660000 69.4
665000 107.8
670000 90.2
675000 109.0
680000 104.7
685000 119.1
690000 108.0
695000 113.9
700000 126.9
705000 127.2
710000 126.8
715000 123.9
720000 131.9
725000 137.0
730000 137.4
735000 137.2
740000 139.4
745000 135.8
750000 139.1
755000 148.2
760000 144.9
765000 146.5
770000 135.5
775000 148.4
780000 147.1
785000 148.4
790000 145.1
795000 145.9
800000 145.7
805000 0.7
810000 0.9
815000 0.8
820000 0.9
825000 0.8
830000 0.8
835000 0.8
840000 1.1
845000 4.1
850000 18.8
855000 33.5
860000 83.5
865000 96.3
870000 116.9
875000 107.7
880000 129.3
885000 123.7
890000 123.1
895000 133.4
900000 133.8
905000 137.8
910000 129.1
915000 143.5
920000 147.5
925000 143.3
930000 146.4
935000 155.7
940000 148.6
945000 147.9
950000 157.1
955000 159.1
960000 148.3
965000 145.6
970000 143.5
975000 147.7
980000 157.1
985000 160.5
990000 153.4
995000 156.7
1000000 162.2
1005000 0.5
1010000 1.0
1015000 1.0
1020000 0.8
1025000 0.8
1030000 1.3
1035000 2.1
1040000 19.3
1045000 37.2
1050000 52.4
1055000 64.1
1060000 99.8
1065000 104.3
1070000 126.8
1075000 130.9
1080000 145.2
1085000 139.1
1090000 134.8
1095000 147.2
1100000 135.6
1105000 136.1
1110000 146.9
1115000 152.0
1120000 157.9
1125000 152.5
1130000 154.0
1135000 155.0
1140000 155.6
1145000 158.3
1150000 156.4
1155000 157.5
1160000 165.5
1165000 158.5
1170000 161.3
1175000 161.4
1180000 162.1
1185000 161.8
1190000 164.1
1195000 165.1
1200000 164.1
1205000 0.8
1210000 0.9
1215000 0.7
1220000 0.9
1225000 1.4
1230000 1.5
1235000 1.7
1240000 0.9
1245000 4.1
1250000 43.0
1255000 37.4
1260000 103.6
1265000 108.3
1270000 130.4
1275000 126.0
1280000 130.7
1285000 141.2
1290000 130.1
1295000 106.3
1300000 153.9
1305000 146.4
1310000 144.9
1315000 154.5
1320000 151.6
1325000 156.0
1330000 155.5
1335000 163.2
1340000 159.4
1345000 168.8
1350000 158.0
1355000 165.4
1360000 164.8
1365000 162.2
1370000 163.2
1375000 164.1
1380000 172.4
1385000 170.2
1390000 173.0
1395000 169.1
1400000 170.9
1405000 0.9
1410000 0.6
1415000 1.0
1420000 1.0
1425000 1.6
1430000 1.4
1435000 1.9
1440000 1.0
1445000 9.9
1450000 69.0
1455000 37.2
1460000 37.0
1465000 48.8
1470000 93.0
1475000 101.9
1480000 120.0
1485000 135.6
1490000 139.0
1495000 129.6
1500000 144.4
1505000 141.8
1510000 147.0
1515000 150.7
1520000 155.7
1525000 154.6
1530000 161.1
1535000 157.9
1540000 164.1
1545000 168.3
1550000 167.1
1555000 159.3
1560000 171.9
1565000 168.9
1570000 170.2
1575000 173.1
1580000 173.5
1585000 171.6
1590000 177.8
1595000 171.3
1600000 169.8
1605000 1.3
1610000 0.8
1615000 1.1
1620000 1.6
1625000 0.8
1630000 1.0
1635000 2.1
1640000 1.5
1645000 12.7
1650000 14.1
1655000 99.3
1660000 102.8
1665000 110.8
1670000 117.0
1675000 122.5
1680000 131.0
1685000 140.6
1690000 147.1
1695000 143.1
1700000 155.4
1705000 157.8
1710000 160.3
1715000 147.1
1720000 159.8
1725000 157.8
1730000 138.3
1735000 171.5
1740000 168.6
1745000 177.0
1750000 159.1
1755000 165.0
1760000 169.5
1765000 176.4
1770000 176.8
1775000 178.1
1780000 171.7
1785000 174.9
1790000 178.1
1795000 172.7
1800000 182.1
1805000 0.9
1810000 0.9
1815000 0.8
1820000 1.0
1825000 2.0
1830000 2.2
1835000 2.3
1840000 3.4
1845000 33.8
1850000 18.4
1855000 98.4
1860000 89.5
1865000 106.6
1870000 120.4
1875000 132.6
1880000 149.3
1885000 140.0
1890000 128.8
1895000 130.4
1900000 154.9
1905000 153.0
1910000 154.8
1915000 156.5
1920000 159.5
1925000 165.3
1930000 169.4
1935000 162.6
1940000 177.0
1945000 173.9
1950000 174.1
1955000 168.7
1960000 181.6
1965000 179.8
1970000 173.7
1975000 174.2
1980000 178.5
1985000 177.9
1990000 173.3
1995000 180.1
2000000 179.0
