5000 0.8
10000 0.9
15000 0.8
20000 0.8
25000 1.0
30000 0.6
35000 0.6
40000 0.5
45000 1.0
50000 0.5
55000 0.6
60000 0.6
65000 0.9
70000 0.8
75000 0.9
80000 1.2
85000 0.7
90000 0.8
95000 0.9
100000 0.6
105000 0.7
110000 1.1
115000 0.7
120000 1.0
125000 0.6
130000 1.1
135000 0.8
140000 1.1
145000 1.1
150000 0.8
155000 0.9
160000 1.3
165000 1.1
170000 1.0
175000 0.9
180000 1.3
185000 1.4
190000 1.4
195000 1.3
200000 1.7
205000 1.0
210000 1.0
215000 0.9
220000 0.6
225000 1.0
230000 0.8
235000 0.7
240000 1.1
245000 0.7
250000 1.1
255000 0.9
260000 0.9
265000 1.1
270000 0.9
275000 1.4
280000 0.9
285000 1.6
290000 1.2
295000 1.2
300000 1.4
305000 1.1
310000 1.3
315000 1.1
320000 1.4
325000 1.5
330000 1.5
335000 1.2
340000 1.1
345000 1.9
350000 1.7
355000 1.0
360000 1.3
365000 2.4
370000 3.9
375000 1.1
380000 1.2
385000 1.2
390000 1.2
395000 6.3
400000 4.1
405000 0.7
410000 0.7
415000 0.8
420000 0.7
425000 1.1
430000 1.1
435000 0.9
440000 1.0
445000 1.0
450000 0.9
455000 1.0
460000 0.7
465000 0.6
470000 1.1
475000 0.8
480000 1.5
485000 1.0
490000 1.5
495000 1.5
500000 5.6
505000 1.8
510000 1.7
515000 8.0
520000 5.3
525000 13.1
530000 18.8
535000 25.5
540000 25.9
545000 36.4
550000 47.0
555000 42.7
560000 44.3
565000 54.3
570000 51.6
575000 62.7
580000 56.2
585000 59.7
590000 62.7
595000 62.7
600000 66.7
605000 0.7
610000 1.0
615000 0.9
620000 0.7
625000 0.6
630000 1.1
635000 1.0
640000 1.4
645000 1.2
650000 1.0
655000 3.3
660000 1.0
665000 10.6
670000 27.5
675000 42.0
680000 47.7
685000 57.5
690000 66.6
695000 78.7
700000 61.0
705000 73.3
710000 71.4
715000 74.7
720000 79.7
725000 78.1
730000 89.3
735000 93.5
740000 89.9
745000 91.1
750000 92.3
755000 95.3
760000 96.6
765000 93.0
770000 95.8
775000 95.8
780000 73.9
785000 104.2
790000 96.3
795000 99.2
800000 104.2
805000 0.8
810000 0.8
815000 1.1
820000 0.7
825000 0.8
830000 1.2
835000 1.1
840000 0.8
845000 1.1
850000 1.9
855000 4.0
860000 11.7
865000 50.9
870000 69.5
875000 59.3
880000 72.1
885000 78.9
890000 84.5
895000 81.7
900000 97.8
905000 89.6
910000 93.4
915000 95.3
920000 109.5
925000 100.9
930000 100.1
935000 99.8
940000 106.6
945000 98.6
950000 100.6
955000 97.2
960000 106.8
965000 105.5
970000 113.8
975000 112.3
980000 106.8
985000 111.3
990000 116.3
995000 115.6
1000000 113.6
1005000 1.0
1010000 0.7
1015000 1.0
1020000 1.0
1025000 1.3
1030000 1.4
1035000 1.1
1040000 1.3
1045000 2.1
1050000 6.0
1055000 14.7
1060000 37.9
1065000 58.9
1070000 69.0
1075000 88.4
1080000 102.0
1085000 83.6
1090000 101.6
1095000 113.1
1100000 109.7
1105000 106.9
1110000 101.5
1115000 100.4
1120000 113.9
1125000 116.8
1130000 114.4
1135000 124.7
1140000 126.0
1145000 124.2
1150000 119.4
1155000 123.0
1160000 123.8
1165000 123.5
1170000 124.9
1175000 124.9
1180000 129.0
1185000 121.3
1190000 125.9
1195000 120.8
1200000 131.6
1205000 0.7
1210000 0.7
1215000 0.6
1220000 0.8
1225000 1.0
1230000 0.9
1235000 0.7
1240000 1.0
1245000 2.4
1250000 3.5
1255000 29.9
1260000 50.5
1265000 63.5
1270000 83.3
1275000 90.0
1280000 105.6
1285000 113.9
1290000 108.6
1295000 104.2
1300000 120.3
1305000 124.6
1310000 120.7
1315000 114.2
1320000 126.0
1325000 126.8
1330000 123.6
1335000 125.2
1340000 122.7
1345000 130.0
1350000 128.2
1355000 124.2
1360000 132.8
1365000 129.6
1370000 130.1
1375000 127.1
1380000 138.4
1385000 134.4
1390000 135.2
1395000 131.2
1400000 132.8
1405000 0.9
1410000 0.6
1415000 0.8
1420000 0.7
1425000 0.9
1430000 0.9
1435000 1.2
1440000 1.1
1445000 1.5
1450000 2.3
1455000 3.5
1460000 7.5
1465000 43.5
1470000 103.1
1475000 98.9
1480000 113.7
1485000 124.9
1490000 120.4
1495000 135.3
1500000 129.0
1505000 137.5
1510000 129.9
1515000 134.9
1520000 128.8
1525000 126.7
1530000 133.9
1535000 130.6
1540000 134.3
1545000 125.7
1550000 132.8
1555000 135.7
1560000 120.3
1565000 135.3
1570000 132.8
1575000 134.5
1580000 141.5
1585000 140.3
1590000 144.2
1595000 138.2
1600000 139.6
1605000 0.7
1610000 0.5
1615000 0.9
1620000 1.0
1625000 0.8
1630000 0.9
1635000 0.8
1640000 1.6
1645000 1.6
1650000 3.7
1655000 5.7
1660000 21.6
1665000 66.3
1670000 57.8
1675000 66.6
1680000 46.4
1685000 121.8
1690000 104.7
1695000 133.6
1700000 127.1
1705000 128.7
1710000 126.2
1715000 130.9
1720000 134.4
1725000 136.7
1730000 131.9
1735000 137.7
1740000 135.3
1745000 137.9
1750000 134.0
1755000 135.5
1760000 137.7
1765000 145.2
1770000 139.2
1775000 140.5
1780000 136.6
1785000 141.1
1790000 136.3
1795000 137.5
1800000 141.0
1805000 0.7
1810000 0.7
1815000 1.0
1820000 0.6
1825000 0.6
1830000 1.5
1835000 1.5
1840000 2.7
1845000 5.9
1850000 14.9
1855000 49.3
1860000 68.3
1865000 109.1
1870000 104.0
1875000 118.3
1880000 124.8
1885000 123.2
1890000 133.3
1895000 135.3
1900000 132.1
1905000 135.8
1910000 131.0
1915000 135.8
1920000 139.3
1925000 141.6
1930000 138.9
1935000 132.6
1940000 139.8
1945000 145.6
1950000 140.7
1955000 135.2
1960000 138.4
1965000 135.5
1970000 144.7
1975000 145.3
1980000 147.2
1985000 145.6
1990000 148.1
1995000 149.0
2000000 146.9
