5000 0.8
10000 0.9
15000 0.9
20000 0.5
25000 0.6
30000 1.0
35000 0.6
40000 0.7
45000 0.8
50000 1.0
55000 0.8
60000 1.1
65000 1.2
70000 0.6
75000 0.6
80000 0.9
85000 0.9
90000 0.9
95000 1.1
100000 1.0
105000 1.2
110000 1.2
115000 1.5
120000 1.2
125000 1.0
130000 1.2
135000 1.3
140000 0.8
145000 1.2
150000 1.3
155000 1.1
160000 1.1
165000 1.0
170000 1.2
175000 1.2
180000 1.1
185000 0.8
190000 1.2
195000 1.2
200000 0.8
205000 0.8
210000 0.8
215000 1.2
220000 0.7
225000 0.8
230000 0.8
235000 0.7
240000 0.9
245000 0.9
250000 0.8
255000 1.0
260000 1.0
265000 1.1
270000 0.8
275000 0.8
280000 1.2
285000 1.2
290000 1.2
295000 1.0
300000 1.3
305000 1.2
310000 1.2
315000 1.3
320000 1.2
325000 0.9
330000 1.0
335000 1.1
340000 1.2
345000 1.1
350000 1.0
355000 1.2
360000 1.4
365000 1.4
370000 1.3
375000 1.2
380000 1.4
385000 1.0
390000 1.2
395000 1.2
400000 1.4
405000 0.9
410000 0.8
415000 0.7
420000 0.5
425000 0.7
430000 0.8
435000 1.1
440000 0.9
445000 0.8
450000 0.6
455000 1.0
460000 1.2
465000 1.0
470000 1.0
475000 1.3
480000 1.2
485000 1.2
490000 1.2
495000 1.1
500000 1.9
505000 1.2
510000 1.2
515000 1.3
520000 1.4
525000 1.3
530000 1.3
535000 1.2
540000 1.6
545000 1.5
550000 1.3
555000 4.3
560000 1.9
565000 3.2
570000 1.4
575000 2.5
580000 14.2
585000 6.7
590000 18.5
595000 33.1
600000 8.6
605000 1.0
610000 0.9
615000 0.8
620000 0.8
625000 0.9
630000 0.8
635000 0.8
640000 0.6
645000 1.4
650000 1.0
655000 1.2
660000 0.9
665000 1.8
670000 2.5
675000 7.9
680000 29.0
685000 32.0
690000 10.5
695000 54.7
700000 53.9
705000 48.5
710000 37.8
715000 65.0
720000 46.6
725000 62.7
730000 41.6
735000 73.2
740000 68.1
745000 83.9
750000 82.5
755000 81.7
760000 87.4
765000 76.3
770000 81.4
775000 85.1
780000 84.8
785000 87.3
790000 94.1
795000 96.5
800000 101.1
805000 0.9
810000 0.8
815000 0.9
820000 0.9
825000 0.9
830000 0.7
835000 0.8
840000 0.8
845000 0.7
850000 0.6
855000 1.1
860000 1.6
865000 6.2
870000 32.5
875000 74.7
880000 52.1
885000 68.7
890000 85.8
895000 86.6
900000 94.3
905000 96.4
910000 93.6
915000 94.5
920000 108.0
925000 102.8
930000 103.0
935000 103.6
940000 93.2
945000 106.1
950000 104.5
955000 105.5
960000 110.6
965000 114.6
970000 108.6
975000 92.8
980000 112.9
985000 107.4
990000 109.7
995000 117.7
1000000 120.4
1005000 0.9
1010000 0.6
1015000 1.0
1020000 1.0
1025000 1.1
1030000 1.1
1035000 0.7
1040000 0.8
1045000 0.6
1050000 0.7
1055000 14.8
1060000 30.7
1065000 65.3
1070000 68.2
1075000 93.5
1080000 91.7
1085000 85.2
1090000 92.1
1095000 109.5
1100000 110.9
1105000 114.4
1110000 116.4
1115000 107.8
1120000 114.2
1125000 114.5
1130000 117.1
1135000 97.0
1140000 115.3
1145000 109.0
1150000 112.3
1155000 122.3
1160000 119.2
1165000 122.7
1170000 126.7
1175000 126.6
1180000 128.9
1185000 120.7
1190000 120.2
1195000 125.1
1200000 122.6
1205000 0.8
1210000 0.9
1215000 0.6
1220000 1.0
1225000 0.9
1230000 0.8
1235000 1.2
1240000 1.1
1245000 2.3
1250000 12.4
1255000 64.5
1260000 81.3
1265000 100.4
1270000 82.2
1275000 92.4
1280000 97.0
1285000 101.7
1290000 114.4
1295000 114.9
1300000 118.0
1305000 126.4
1310000 128.0
1315000 124.7
1320000 127.7
1325000 134.2
1330000 112.6
1335000 110.7
1340000 127.2
1345000 127.2
1350000 137.8
1355000 129.6
1360000 125.9
1365000 122.4
1370000 131.7
1375000 127.5
1380000 134.4
1385000 133.4
1390000 134.5
1395000 134.4
1400000 137.4
1405000 0.7
1410000 1.0
1415000 1.0
1420000 0.6
1425000 0.8
1430000 0.9
1435000 0.9
1440000 1.8
1445000 0.9
1450000 1.2
1455000 11.1
1460000 54.0
1465000 67.6
1470000 78.2
1475000 87.2
1480000 121.2
1485000 112.3
1490000 117.9
1495000 120.7
1500000 122.9
1505000 133.0
1510000 128.3
1515000 134.8
1520000 136.2
1525000 135.5
1530000 133.6
1535000 138.2
1540000 137.1
1545000 135.3
1550000 133.4
1555000 134.0
1560000 141.1
1565000 133.9
1570000 132.2
1575000 137.4
1580000 138.0
1585000 138.1
1590000 134.7
1595000 137.9
1600000 142.4
1605000 0.9
1610000 1.1
1615000 0.7
1620000 1.0
1625000 0.8
1630000 0.9
1635000 1.7
1640000 1.6
1645000 1.0
1650000 1.2
1655000 7.6
1660000 43.0
1665000 102.0
1670000 96.8
1675000 116.2
1680000 130.2
1685000 129.8
1690000 118.4
1695000 116.3
1700000 134.5
1705000 138.6
1710000 130.6
1715000 145.7
1720000 134.6
1725000 142.5
1730000 132.5
1735000 139.4
1740000 139.9
1745000 141.6
1750000 140.1
1755000 137.5
1760000 137.9
1765000 135.7
1770000 141.2
1775000 142.8
1780000 142.8
1785000 139.2
1790000 136.2
1795000 140.5
1800000 134.2
1805000 0.8
1810000 1.1
1815000 1.0
1820000 0.8
1825000 0.9
1830000 0.8
1835000 1.2
1840000 0.8
1845000 0.6
1850000 1.4
1855000 0.8
1860000 40.2
1865000 17.7
1870000 79.3
1875000 113.2
1880000 108.2
1885000 117.2
1890000 128.7
1895000 133.2
1900000 130.5
1905000 133.9
1910000 137.2
1915000 135.9
1920000 138.6
1925000 143.4
1930000 134.4
1935000 137.6
1940000 138.6
1945000 142.4
1950000 141.0
1955000 144.9
1960000 146.6
1965000 150.5
1970000 144.8
1975000 144.4
1980000 149.7
1985000 146.8
1990000 143.2
1995000 152.5
2000000 149.8
