5000 0.6
10000 1.0
15000 0.8
20000 0.9
25000 0.7
30000 0.8
35000 0.8
40000 0.8
45000 0.8
50000 0.8
55000 0.8
60000 1.2
65000 1.2
70000 1.2
75000 1.0
80000 1.2
85000 1.1
90000 1.1
95000 1.0
100000 1.0
105000 0.9
110000 1.1
115000 0.8
120000 1.2
125000 1.0
130000 1.3
135000 0.9
140000 1.1
145000 1.4
150000 1.5
155000 1.7
160000 1.1
165000 1.4
170000 1.2
175000 1.3
180000 1.2
185000 16.1
190000 26.0
195000 18.2
200000 51.9
205000 0.6
210000 1.0
215000 0.7
220000 0.8
225000 0.5
230000 0.5
235000 1.0
240000 1.0
245000 0.7
250000 0.5
255000 1.0
260000 1.6
265000 1.0
270000 2.5
275000 4.8
280000 3.9
285000 2.3
290000 29.1
295000 43.5
300000 41.2
305000 41.2
310000 76.1
315000 61.2
320000 84.5
325000 90.2
330000 64.3
335000 83.1
340000 80.3
345000 89.3
350000 98.3
355000 92.2
360000 98.9
365000 94.7
370000 95.6
375000 97.3
380000 99.6
385000 97.9
390000 95.9
395000 100.8
400000 101.8
405000 0.9
410000 0.7
415000 0.8
420000 1.3
425000 0.8
430000 0.9
435000 1.3
440000 0.8
445000 0.8
450000 0.9
455000 0.9
460000 19.8
465000 43.1
470000 78.1
475000 86.4
480000 84.6
485000 84.3
490000 95.3
495000 98.0
500000 110.4
505000 108.5
510000 91.4
515000 112.1
520000 93.9
525000 106.2
530000 104.0
535000 106.0
540000 116.8
545000 115.3
550000 111.6
555000 120.5
560000 115.7
565000 121.9
570000 122.8
575000 114.6
580000 128.2
585000 130.4
590000 130.8
595000 119.2
600000 122.9
605000 1.3
610000 0.7
615000 0.9
620000 0.8
625000 0.9
630000 1.0
635000 1.0
640000 0.8
645000 1.2
650000 0.9
655000 30.1
660000 62.7
665000 92.4
670000 101.3
675000 108.9
680000 101.6
685000 114.5
690000 111.4
695000 100.0
700000 118.6
705000 125.8
710000 122.1
715000 122.6
720000 128.9
725000 122.9
730000 130.8
735000 117.3
740000 132.8
745000 132.4
750000 136.5
755000 123.8
760000 133.6
765000 132.4
770000 141.6
775000 138.8
780000 134.5
785000 138.0
790000 135.5
795000 137.7
800000 144.4
805000 0.9
810000 0.8
815000 0.6
820000 0.7
825000 1.1
830000 0.6
835000 0.7
840000 1.2
845000 31.6
850000 41.3
855000 57.8
860000 96.6
865000 102.6
870000 97.7
875000 104.8
880000 116.8
885000 114.1
890000 123.3
895000 125.2
900000 124.7
905000 130.9
910000 135.0
915000 130.7
920000 137.0
925000 133.3
930000 139.1
935000 140.7
940000 141.8
945000 141.6
950000 150.3
955000 145.3
960000 144.5
965000 142.9
970000 145.6
975000 144.5
980000 152.3
985000 150.9
990000 152.4
995000 157.2
1000000 156.3
1005000 0.9
1010000 1.3
1015000 0.9
1020000 0.6
1025000 1.0
1030000 1.1
1035000 3.1
1040000 7.3
1045000 40.5
1050000 66.7
1055000 97.8
1060000 98.3
1065000 110.3
1070000 114.2
1075000 126.4
1080000 131.6
1085000 129.7
1090000 135.8
1095000 135.6
1100000 144.3
1105000 143.3
1110000 143.4
1115000 143.3
1120000 146.8
1125000 148.0
1130000 147.0
1135000 148.8
1140000 152.2
1145000 151.5
1150000 155.1
1155000 157.7
1160000 156.1
1165000 158.5
1170000 155.8
1175000 133.6
1180000 160.9
1185000 158.9
1190000 160.8
1195000 160.4
1200000 163.0
1205000 0.8
1210000 0.7
1215000 0.9
1220000 0.6
1225000 0.9
1230000 0.6
1235000 0.8
1240000 0.9
1245000 40.9
1250000 69.4
1255000 72.1
1260000 87.9
1265000 98.5
1270000 105.0
1275000 135.6
1280000 108.0
1285000 142.5
1290000 139.8
1295000 150.6
1300000 147.1
1305000 149.0
1310000 146.9
1315000 154.9
1320000 149.5
1325000 156.7
1330000 154.9
1335000 158.0
1340000 160.0
1345000 160.1
1350000 159.9
1355000 159.2
1360000 156.3
1365000 158.2
1370000 164.1
1375000 167.5
1380000 163.3
1385000 170.7
1390000 165.8
1395000 168.4
1400000 165.0
1405000 0.8
1410000 0.9
1415000 1.1
1420000 1.0
1425000 1.1
1430000 0.9
1435000 0.8
1440000 0.9
1445000 1.2
1450000 0.9
1455000 1.5
1460000 71.3
1465000 113.5
1470000 110.5
1475000 118.0
1480000 122.8
1485000 141.4
1490000 130.5
1495000 149.9
1500000 141.7
1505000 149.8
1510000 159.8
1515000 145.3
1520000 161.1
1525000 159.8
1530000 159.5
1535000 168.8
1540000 159.3
1545000 137.4
1550000 161.1
1555000 168.7
1560000 170.1
1565000 168.5
1570000 151.0
1575000 173.5
1580000 170.4
1585000 171.9
1590000 159.5
1595000 177.9
1600000 179.8
1605000 0.8
1610000 0.8
1615000 0.8
1620000 1.3
1625000 0.8
1630000 0.7
1635000 2.7
1640000 3.8
1645000 31.1
1650000 86.5
1655000 85.2
1660000 92.2
1665000 105.0
1670000 76.8
1675000 140.9
1680000 132.6
1685000 144.6
1690000 149.9
1695000 154.3
1700000 120.4
1705000 124.5
1710000 159.3
1715000 162.7
1720000 162.6
1725000 162.1
1730000 163.2
1735000 167.3
1740000 168.8
1745000 170.3
1750000 172.8
1755000 173.4
1760000 171.9
1765000 171.7
1770000 174.4
1775000 173.8
1780000 173.6
1785000 174.9
1790000 176.0
1795000 178.1
1800000 176.8
1805000 0.8
1810000 0.7
1815000 0.7
1820000 0.9
1825000 0.9
1830000 1.7
1835000 1.7
1840000 1.4
1845000 20.2
1850000 33.8
1855000 100.3
1860000 111.6
1865000 114.3
1870000 112.7
1875000 129.2
1880000 137.5
1885000 152.4
1890000 134.3
1895000 159.0
1900000 156.0
1905000 152.9
1910000 167.3
1915000 164.2
1920000 173.0
1925000 163.1
1930000 165.2
1935000 150.3
1940000 164.8
1945000 172.3
1950000 170.4
1955000 178.8
1960000 180.1
1965000 181.1
1970000 181.7
1975000 185.1
1980000 185.1
1985000 177.5
1990000 182.8
1995000 180.4
2000000 184.5
