5000 0.7
10000 1.2
15000 0.9
20000 0.5
25000 0.7
30000 0.7
35000 1.2
40000 0.6
45000 0.9
50000 0.9
55000 0.8
60000 1.1
65000 0.9
70000 1.1
75000 0.9
80000 0.8
85000 0.8
90000 1.1
95000 1.3
100000 1.3
105000 1.4
110000 1.1
115000 1.0
120000 1.0
125000 0.8
130000 4.6
135000 5.6
140000 1.6
145000 1.6
150000 3.5
155000 7.1
160000 7.6
165000 12.2
170000 8.4
175000 19.7
180000 16.8
185000 29.1
190000 34.6
195000 39.8
200000 40.0
205000 0.6
210000 0.9
215000 0.8
220000 1.0
225000 0.8
230000 1.1
235000 1.0
240000 0.6
245000 0.9
250000 0.7
255000 2.2
260000 1.7
265000 17.0
270000 22.8
275000 45.9
280000 29.0
285000 62.6
290000 62.1
295000 51.1
300000 54.7
305000 64.0
310000 69.1
315000 69.6
320000 56.1
325000 66.2
330000 74.7
335000 72.9
340000 62.0
345000 66.6
350000 68.7
355000 77.9
360000 83.5
365000 83.8
370000 14.8
375000 13.6
380000 85.4
385000 83.6
390000 85.8
395000 86.1
400000 88.8
405000 0.8
410000 1.1
415000 1.0
420000 0.8
425000 0.9
430000 1.0
435000 1.2
440000 1.1
445000 4.1
450000 7.2
455000 19.5
460000 25.1
465000 45.8
470000 48.6
475000 69.0
480000 69.1
485000 75.2
490000 88.9
495000 85.3
500000 87.2
505000 81.2
510000 93.8
515000 94.4
520000 95.2
525000 95.0
530000 98.6
535000 95.7
540000 90.7
545000 98.2
550000 100.1
555000 98.2
560000 102.0
565000 99.5
570000 107.1
575000 100.6
580000 103.2
585000 97.7
590000 106.6
595000 98.3
600000 103.5
605000 1.0
610000 0.7
615000 1.0
620000 0.5
625000 0.5
630000 0.8
635000 1.2
640000 0.9
645000 1.0
650000 2.5
655000 13.3
660000 58.4
665000 52.1
670000 75.4
675000 80.5
680000 74.4
685000 87.6
690000 95.0
695000 89.8
700000 96.7
705000 96.5
710000 104.4
715000 103.7
720000 109.4
725000 101.3
730000 104.2
735000 107.5
740000 107.8
745000 105.4
750000 105.2
755000 107.0
760000 103.9
765000 111.4
770000 109.7
775000 114.1
780000 118.8
785000 114.9
790000 114.9
795000 116.7
800000 114.9
805000 0.8
810000 1.0
815000 0.7
820000 1.0
825000 1.5
830000 1.1
835000 1.9
840000 3.5
845000 10.4
850000 12.0
855000 50.5
860000 55.8
865000 73.9
870000 78.3
875000 82.7
880000 88.3
885000 100.1
890000 99.9
895000 103.8
900000 102.3
905000 103.1
910000 104.6
915000 107.3
920000 114.9
925000 116.6
930000 114.6
935000 109.9
940000 113.3
945000 113.0
950000 121.6
955000 120.3
960000 116.3
965000 116.5
970000 117.1
975000 117.8
980000 128.1
985000 126.1
990000 118.9
995000 121.1
1000000 129.0
1005000 0.8
1010000 0.7
1015000 0.7
1020000 0.5
1025000 1.2
1030000 0.9
1035000 0.8
1040000 1.5
1045000 2.5
1050000 24.6
1055000 19.7
1060000 54.3
1065000 70.3
1070000 94.9
1075000 101.9
1080000 104.5
1085000 109.2
1090000 93.5
1095000 108.4
1100000 106.8
1105000 117.1
1110000 117.3
1115000 118.0
1120000 117.9
1125000 122.2
1130000 120.7
1135000 125.2
1140000 122.0
1145000 119.1
1150000 120.8
1155000 125.8
1160000 120.6
1165000 125.8
1170000 129.4
1175000 118.3
1180000 129.2
1185000 126.2
1190000 128.3
1195000 132.4
1200000 134.5
1205000 1.0
1210000 0.8
1215000 0.7
1220000 0.6
1225000 0.9
1230000 0.9
1235000 1.1
1240000 1.8
1245000 3.1
1250000 3.2
1255000 7.1
1260000 37.9
1265000 76.8
1270000 90.2
1275000 103.9
1280000 112.6
1285000 115.5
1290000 117.8
1295000 117.2
1300000 111.5
1305000 116.8
1310000 119.7
1315000 125.2
1320000 117.6
1325000 125.5
1330000 125.1
1335000 121.5
1340000 123.9
1345000 126.9
1350000 123.4
1355000 130.8
1360000 133.0
1365000 128.2
1370000 132.2
1375000 137.0
1380000 138.3
1385000 135.3
1390000 132.9
1395000 140.7
1400000 134.6
1405000 0.7
1410000 0.9
1415000 2.6
1420000 1.3
1425000 0.8
1430000 3.6
1435000 8.7
1440000 2.0
1445000 3.4
1450000 4.3
1455000 25.8
1460000 70.0
1465000 90.6
1470000 101.5
1475000 101.1
1480000 100.0
1485000 104.5
1490000 107.6
1495000 114.7
1500000 124.9
1505000 118.2
1510000 132.3
1515000 116.4
1520000 124.4
1525000 132.7
1530000 133.9
1535000 135.6
1540000 134.2
1545000 135.1
1550000 134.3
1555000 141.4
1560000 138.8
1565000 138.3
1570000 139.5
1575000 142.2
1580000 133.8
1585000 142.5
1590000 132.0
1595000 147.4
1600000 143.5
1605000 0.7
1610000 1.0
1615000 1.3
1620000 0.8
1625000 0.6
1630000 0.5
1635000 1.9
1640000 1.5
1645000 4.4
1650000 6.3
1655000 9.3
1660000 17.5
1665000 55.1
1670000 40.7
1675000 90.9
1680000 99.3
1685000 89.8
1690000 104.9
1695000 113.8
1700000 125.4
1705000 129.1
1710000 126.0
1715000 131.6
1720000 138.8
1725000 142.4
1730000 126.8
1735000 142.2
1740000 139.0
1745000 134.1
1750000 147.4
1755000 141.2
1760000 145.5
1765000 145.0
1770000 149.9
1775000 146.9
1780000 148.0
1785000 153.8
1790000 143.5
1795000 142.7
1800000 150.6
1805000 0.8
1810000 0.9
1815000 0.8
1820000 1.3
1825000 2.8
1830000 1.1
1835000 1.6
1840000 2.0
1845000 8.3
1850000 3.0
1855000 9.7
1860000 45.7
1865000 82.7
1870000 76.6
1875000 105.2
1880000 104.3
1885000 114.1
1890000 123.3
1895000 127.2
1900000 134.6
1905000 126.5
1910000 143.5
1915000 136.2
1920000 134.3
1925000 138.6
1930000 137.7
1935000 140.2
1940000 142.3
1945000 147.3
1950000 143.2
1955000 147.1
1960000 146.4
1965000 152.1
1970000 145.8
1975000 145.8
1980000 149.9
1985000 151.7
1990000 143.4
1995000 155.2
2000000 157.1
