5000 0.8
10000 0.7
15000 1.1
20000 0.7
25000 0.8
30000 0.9
35000 0.9
40000 0.9
45000 1.1
50000 0.5
55000 1.0
60000 1.1
65000 1.1
70000 0.6
75000 1.0
80000 0.7
85000 0.6
90000 0.9
95000 0.8
100000 0.7
105000 0.9
110000 0.9
115000 1.0
120000 0.9
125000 0.9
130000 1.1
135000 1.2
140000 1.1
145000 0.9
150000 1.3
155000 0.8
160000 1.2
165000 1.5
170000 0.9
175000 1.0
180000 0.9
185000 1.1
190000 1.3
195000 1.4
200000 1.3
205000 0.7
210000 1.0
215000 1.0
220000 0.5
225000 1.1
230000 1.2
235000 0.8
240000 0.9
245000 0.7
250000 0.9
255000 0.5
260000 0.7
265000 1.2
270000 0.5
275000 1.1
280000 0.9
285000 0.9
290000 1.4
295000 1.3
300000 1.1
305000 1.0
310000 1.2
315000 1.5
320000 1.1
325000 1.3
330000 1.5
335000 1.2
340000 1.5
345000 1.2
350000 1.3
355000 1.2
360000 1.3
365000 1.3
370000 1.3
375000 1.3
380000 1.0
385000 1.3
390000 2.0
395000 7.0
400000 2.8
405000 1.2
410000 1.2
415000 0.8
420000 1.3
425000 0.9
430000 0.7
435000 0.9
440000 1.3
445000 1.2
450000 1.0
455000 0.8
460000 1.1
465000 0.7
470000 1.5
475000 0.8
480000 1.7
485000 1.2
490000 6.4
495000 8.3
500000 12.8
505000 9.3
510000 22.6
515000 20.5
520000 23.9
525000 28.1
530000 40.9
535000 42.4
540000 47.1
545000 58.7
550000 55.8
555000 64.3
560000 63.5
565000 66.2
570000 74.1
575000 74.4
580000 82.6
585000 78.8
590000 57.4
595000 52.8
600000 60.6
605000 1.0
610000 0.8
615000 0.5
620000 1.0
625000 0.9
630000 0.7
635000 1.1
640000 0.8
645000 0.9
650000 0.9
655000 0.6
660000 2.2
665000 4.5
670000 5.9
675000 45.9
680000 68.2
685000 63.5
690000 68.3
695000 77.3
700000 88.1
705000 78.2
710000 76.1
715000 84.2
720000 88.6
725000 78.6
730000 87.4
735000 91.7
740000 90.3
745000 81.8
750000 89.5
755000 93.6
760000 88.4
765000 95.9
770000 96.5
775000 97.2
780000 86.2
785000 101.4
790000 103.0
795000 107.2
800000 106.5
805000 0.8
810000 1.0
815000 0.7
820000 0.8
825000 0.5
830000 0.9
835000 1.1
840000 1.1
845000 1.5
850000 2.9
855000 5.1
860000 1.2
865000 5.1
870000 2.4
875000 34.2
880000 69.5
885000 41.0
890000 84.2
895000 86.2
900000 80.1
905000 104.8
910000 100.0
915000 92.0
920000 94.6
925000 93.5
930000 99.6
935000 104.3
940000 99.1
945000 104.3
950000 113.5
955000 112.8
960000 111.0
965000 112.3
970000 97.2
975000 108.4
980000 114.2
985000 115.3
990000 119.6
995000 114.3
1000000 113.7
1005000 0.6
1010000 0.9
1015000 0.8
1020000 0.5
1025000 1.2
1030000 0.8
1035000 0.8
1040000 0.8
1045000 0.7
1050000 2.9
1055000 9.3
1060000 4.7
1065000 39.5
1070000 34.9
1075000 86.6
1080000 73.4
1085000 80.1
1090000 101.3
1095000 101.7
1100000 96.0
1105000 98.8
1110000 107.3
1115000 107.6
1120000 109.9
1125000 108.2
1130000 115.4
1135000 111.2
1140000 113.6
1145000 119.0
1150000 118.8
1155000 122.2
1160000 123.3
1165000 123.0
1170000 115.6
1175000 120.1
1180000 125.4
1185000 123.6
1190000 118.1
1195000 124.9
1200000 132.2
1205000 1.2
1210000 0.8
1215000 1.0
1220000 0.7
1225000 0.8
1230000 1.0
1235000 0.7
1240000 0.7
1245000 3.9
1250000 7.5
1255000 6.4
1260000 11.4
1265000 33.8
1270000 59.3
1275000 90.7
1280000 97.6
1285000 95.6
1290000 100.9
1295000 107.6
1300000 112.9
1305000 109.5
1310000 110.4
1315000 111.2
1320000 117.7
1325000 115.5
1330000 125.0
1335000 125.5
1340000 115.5
1345000 120.9
1350000 121.1
1355000 127.3
1360000 124.0
1365000 131.4
1370000 130.1
1375000 123.8
1380000 132.3
1385000 105.9
1390000 121.2
1395000 117.9
1400000 127.9
1405000 1.0
1410000 0.9
1415000 0.6
1420000 0.8
1425000 1.0
1430000 0.9
1435000 1.0
1440000 1.8
1445000 4.0
1450000 2.0
1455000 4.8
1460000 5.4
1465000 34.7
1470000 92.3
1475000 93.8
1480000 116.1
1485000 120.7
1490000 110.5
1495000 127.5
1500000 113.2
1505000 110.3
1510000 122.0
1515000 113.1
1520000 122.0
1525000 117.8
1530000 118.0
1535000 116.4
1540000 129.4
1545000 131.7
1550000 130.6
1555000 139.9
1560000 131.6
1565000 138.8
1570000 134.4
1575000 133.0
1580000 132.6
1585000 138.9
1590000 138.7
1595000 135.6
1600000 132.6
1605000 1.1
1610000 1.1
1615000 0.7
1620000 1.2
1625000 1.0
1630000 0.9
1635000 1.2
1640000 0.9
1645000 5.8
1650000 4.3
1655000 6.8
1660000 13.2
1665000 75.1
1670000 87.2
1675000 116.4
1680000 109.3
1685000 125.0
1690000 117.4
1695000 107.2
1700000 125.6
1705000 123.2
1710000 124.9
1715000 126.8
1720000 129.9
1725000 132.1
1730000 127.1
1735000 116.7
1740000 128.8
1745000 137.5
1750000 140.6
1755000 136.8
1760000 134.4
1765000 135.8
1770000 132.8
1775000 132.8
1780000 137.2
1785000 132.8
1790000 141.3
1795000 135.3
1800000 136.1
1805000 0.7
1810000 0.8
1815000 0.7
1820000 1.2
1825000 1.2
1830000 0.8
1835000 1.2
1840000 1.7
1845000 2.8
1850000 1.6
1855000 3.6
1860000 7.6
1865000 8.3
1870000 84.6
1875000 93.6
1880000 99.2
1885000 102.1
1890000 123.5
1895000 126.6
1900000 128.7
1905000 131.3
1910000 126.3
1915000 130.4
1920000 127.5
1925000 135.0
1930000 132.7
1935000 133.4
1940000 89.0
1945000 129.8
1950000 141.1
1955000 134.4
1960000 143.4
1965000 137.2
1970000 135.4
1975000 139.7
1980000 141.0
1985000 144.8
1990000 139.8
1995000 145.6
2000000 143.3
