5000 1.4
10000 0.9
15000 0.7
20000 1.2
25000 1.1
30000 0.4
35000 1.1
40000 1.0
45000 1.0
50000 0.7
55000 1.1
60000 0.6
65000 1.3
70000 0.9
75000 0.8
80000 0.9
85000 0.8
90000 1.2
95000 1.0
100000 0.9
105000 0.7
110000 1.2
115000 1.3
120000 1.0
125000 1.2
130000 1.0
135000 1.1
140000 0.8
145000 1.6
150000 1.0
155000 1.3
160000 0.9
165000 1.4
170000 1.4
175000 1.3
180000 1.2
185000 1.3
190000 1.3
195000 1.5
200000 1.5
205000 1.0
210000 1.0
215000 1.1
220000 1.3
225000 0.9
230000 1.0
235000 0.8
240000 0.9
245000 0.8
250000 0.3
255000 1.1
260000 0.8
265000 0.9
270000 0.6
275000 1.2
280000 1.0
285000 1.3
290000 1.1
295000 1.5
300000 1.3
305000 1.5
310000 0.9
315000 1.2
320000 1.6
325000 3.1
330000 2.2
335000 7.7
340000 1.1
345000 6.4
350000 12.3
355000 22.4
360000 19.8
365000 13.9
370000 28.1
375000 37.5
380000 39.7
385000 35.5
390000 28.3
395000 37.5
400000 23.5
405000 0.8
410000 0.9
415000 0.8
420000 1.2
425000 1.1
430000 0.7
435000 0.7
440000 0.7
445000 0.9
450000 1.2
455000 0.6
460000 2.5
465000 2.1
470000 14.1
475000 37.9
480000 35.0
485000 33.3
490000 52.0
495000 52.2
500000 50.2
505000 59.6
510000 70.1
515000 64.8
520000 63.3
525000 57.5
530000 66.9
535000 80.4
540000 80.7
545000 81.8
550000 78.3
555000 72.1
560000 83.7
565000 89.7
570000 86.2
575000 96.5
580000 94.7
585000 80.8
590000 75.7
595000 93.9
600000 92.4
605000 0.6
610000 0.9
615000 0.6
620000 0.9
625000 0.9
630000 0.5
635000 0.8
640000 1.2
645000 0.8
650000 0.8
655000 1.0
660000 1.5
665000 4.6
670000 11.5
675000 50.9
680000 58.0
685000 70.4
690000 68.4
695000 76.2
700000 89.8
705000 87.1
710000 86.4
715000 93.8
720000 97.2
725000 101.8
730000 95.8
735000 100.3
740000 92.8
745000 106.1
750000 101.5
755000 98.3
760000 105.1
765000 108.7
770000 97.6
775000 115.2
780000 114.2
785000 116.2
790000 104.4
795000 110.5
800000 115.7
805000 0.8
810000 0.6
815000 0.8
820000 0.6
825000 0.9
830000 0.8
835000 0.7
840000 0.7
845000 1.8
850000 1.5
855000 2.1
860000 23.0
865000 34.1
870000 60.1
875000 79.8
880000 62.4
885000 79.4
890000 78.4
895000 84.1
900000 92.3
905000 104.4
910000 102.4
915000 79.5
920000 97.2
925000 111.9
930000 109.4
935000 108.8
940000 109.7
945000 113.4
950000 112.0
955000 112.3
960000 113.5
965000 108.1
970000 105.7
975000 115.5
980000 112.7
985000 105.6
990000 113.5
995000 125.7
1000000 120.7
1005000 0.8
1010000 0.9
1015000 0.6
1020000 0.9
1025000 0.9
1030000 0.7
1035000 0.7
1040000 1.1
1045000 3.6
1050000 19.1
1055000 45.1
1060000 66.1
1065000 61.5
1070000 77.4
1075000 77.5
1080000 104.1
1085000 98.3
1090000 97.6
1095000 112.3
1100000 111.0
1105000 99.2
1110000 110.9
1115000 107.8
1120000 126.2
1125000 120.0
1130000 124.2
1135000 124.0
1140000 126.8
1145000 126.1
1150000 125.5
1155000 134.1
1160000 121.4
1165000 127.4
1170000 133.3
1175000 134.3
1180000 136.2
1185000 134.4
1190000 131.6
1195000 134.5
1200000 136.8
1205000 0.8
1210000 0.9
1215000 0.5
1220000 0.7
1225000 0.6
1230000 0.8
1235000 1.0
1240000 1.0
1245000 2.0
1250000 14.8
1255000 78.1
1260000 84.2
1265000 89.3
1270000 85.0
1275000 116.6
1280000 110.1
1285000 97.8
1290000 124.2
1295000 125.9
1300000 126.8
1305000 128.2
1310000 130.3
1315000 131.6
1320000 128.0
1325000 134.3
1330000 124.5
1335000 134.0
1340000 133.2
1345000 124.4
1350000 136.6
1355000 144.1
1360000 139.0
1365000 141.6
1370000 141.0
1375000 145.1
1380000 149.3
1385000 130.1
1390000 147.4
1395000 145.5
1400000 150.5
1405000 1.0
1410000 0.7
1415000 0.7
1420000 1.0
1425000 0.6
1430000 0.7
1435000 0.7
1440000 0.9
1445000 1.1
1450000 11.2
1455000 50.5
1460000 59.0
1465000 88.6
1470000 99.2
1475000 105.5
1480000 117.1
1485000 123.7
1490000 134.9
1495000 145.7
1500000 134.4
1505000 126.0
1510000 143.5
1515000 138.3
1520000 143.3
1525000 152.4
1530000 142.4
1535000 154.8
1540000 142.7
1545000 149.2
1550000 148.8
1555000 152.3
1560000 162.8
1565000 147.8
1570000 160.4
1575000 143.1
1580000 143.8
1585000 164.2
1590000 157.0
1595000 148.9
1600000 163.4
1605000 0.9
1610000 0.9
1615000 1.0
1620000 1.2
1625000 1.0
1630000 0.6
1635000 0.6
1640000 1.7
1645000 4.8
1650000 6.1
1655000 71.3
1660000 76.0
1665000 93.1
1670000 109.0
1675000 96.8
1680000 124.2
1685000 111.3
1690000 123.6
1695000 124.7
1700000 146.3
1705000 142.6
1710000 141.1
1715000 146.5
1720000 155.1
1725000 149.3
1730000 151.6
1735000 140.3
1740000 144.4
1745000 155.9
1750000 155.2
1755000 149.9
1760000 159.0
1765000 156.5
1770000 155.7
1775000 153.6
1780000 151.1
1785000 162.6
1790000 145.8
1795000 149.4
1800000 151.1
1805000 0.7
1810000 0.9
1815000 0.5
1820000 0.9
1825000 1.0
1830000 0.6
1835000 1.0
1840000 1.2
1845000 11.6
1850000 17.6
1855000 33.9
1860000 87.1
1865000 98.3
1870000 95.1
1875000 106.7
1880000 125.8
1885000 132.3
1890000 128.5
1895000 136.6
1900000 149.7
1905000 155.8
1910000 154.4
1915000 156.4
1920000 156.3
1925000 167.5
1930000 151.7
1935000 160.8
1940000 162.1
1945000 160.1
1950000 159.7
1955000 164.3
1960000 169.0
1965000 158.8
1970000 164.6
1975000 168.5
1980000 161.7
1985000 167.2
1990000 170.7
1995000 170.7
2000000 163.7
