5000 33.5
10000 0.8
15000 98.7
20000 96.3
25000 192.7
30000 144.1
35000 213.9
40000 293.6
45000 150.3
50000 329.2
55000 72.2
60000 41.4
65000 45.7
70000 62.2
75000 49.2
80000 38.4
85000 82.4
90000 147.4
95000 392.2
100000 533.1
105000 604.5
110000 600.3
115000 433.5
120000 675.9
125000 432.4
130000 687.0
135000 722.0
140000 735.0
145000 645.6
150000 691.2
155000 681.6
160000 783.2
165000 783.7
170000 800.1
175000 812.8
180000 834.0
185000 66.0
190000 809.7
195000 850.8
200000 856.4
205000 862.6
210000 859.8
215000 834.7
220000 755.7
225000 169.3
230000 873.2
235000 717.2
240000 858.4
245000 860.2
250000 828.7
255000 872.2
260000 863.7
265000 860.2
270000 872.6
275000 872.6
280000 869.8
285000 871.3
290000 881.1
295000 857.4
300000 873.7
305000 872.4
310000 883.4
315000 865.0
320000 877.6
325000 864.8
330000 844.2
335000 866.7
340000 853.1
345000 881.1
350000 883.3
355000 879.5
360000 879.2
365000 883.6
370000 878.8
375000 877.4
380000 874.5
385000 870.3
390000 888.1
395000 879.9
400000 887.5
405000 889.2
410000 821.9
415000 884.4
420000 889.9
425000 880.4
430000 880.2
435000 827.5
440000 889.6
445000 887.4
450000 878.4
455000 888.5
460000 893.5
465000 894.4
470000 842.6
475000 894.1
480000 894.6
485000 896.3
490000 898.4
495000 901.2
500000 887.3
505000 900.6
510000 900.6
515000 897.1
520000 900.6
525000 895.6
530000 898.4
535000 897.2
540000 899.9
545000 898.6
550000 894.4
555000 899.7
560000 898.0
565000 899.0
570000 900.2
575000 777.4
580000 901.1
585000 901.4
590000 900.5
595000 899.9
600000 900.2
605000 900.8
610000 886.2
615000 903.0
620000 898.3
625000 882.1
630000 896.1
635000 898.3
640000 901.4
645000 899.7
650000 894.4
655000 900.6
660000 902.9
665000 900.6
670000 903.5
675000 903.4
680000 903.9
685000 905.6
690000 904.0
695000 906.3
700000 900.8
705000 425.4
710000 907.7
715000 896.1
720000 904.8
725000 907.4
730000 904.0
735000 904.9
740000 872.7
745000 905.1
750000 893.6
755000 898.7
760000 906.4
765000 905.5
770000 905.2
775000 906.4
780000 904.1
785000 903.9
790000 902.6
795000 895.7
800000 901.5
805000 903.9
810000 902.8
815000 906.2
820000 908.4
825000 906.5
830000 903.6
835000 904.9
840000 905.6
845000 895.6
850000 904.5
855000 853.7
860000 908.2
865000 906.3
870000 908.2
875000 905.6
880000 906.4
885000 908.0
890000 906.4
895000 906.5
900000 908.3
905000 909.2
910000 909.9
915000 907.8
920000 909.1
925000 910.6
930000 910.4
935000 908.5
940000 905.7
945000 906.5
950000 909.7
955000 910.6
960000 911.7
965000 911.6
970000 911.7
975000 906.9
980000 908.8
985000 909.7
990000 909.1
995000 910.9
1000000 910.4
1005000 911.2
1010000 910.8
1015000 910.0
1020000 911.2
1025000 910.2
1030000 911.2
1035000 911.0
1040000 912.5
1045000 911.2
1050000 912.4
1055000 913.2
1060000 912.7
1065000 912.6
1070000 910.9
1075000 850.1
1080000 913.6
1085000 915.0
1090000 915.0
1095000 793.4
1100000 914.7
1105000 814.6
1110000 900.7
1115000 900.8
1120000 896.4
1125000 806.0
1130000 712.8
1135000 842.3
1140000 906.7
1145000 910.0
1150000 838.0
1155000 850.5
1160000 859.9
1165000 912.6
1170000 915.5
1175000 905.9
1180000 915.5
1185000 777.7
1190000 822.3
1195000 754.3
1200000 914.9
1205000 839.9
1210000 913.2
1215000 912.2
1220000 917.1
1225000 901.0
1230000 856.5
1235000 793.8
1240000 50.6
1245000 197.6
1250000 664.1
1255000 504.5
1260000 845.7
1265000 903.1
1270000 843.4
1275000 892.3
1280000 765.3
1285000 839.0
1290000 911.6
1295000 903.9
1300000 902.6
1305000 902.0
1310000 906.4
1315000 910.1
1320000 903.8
1325000 899.1
1330000 3.6
1335000 876.4
1340000 904.2
1345000 903.4
1350000 903.5
1355000 756.2
1360000 904.0
1365000 910.1
1370000 912.0
1375000 911.1
1380000 889.9
1385000 911.3
1390000 912.6
1395000 908.6
1400000 910.9
1405000 912.5
1410000 910.1
1415000 864.8
1420000 758.5
1425000 842.0
1430000 677.9
1435000 912.6
1440000 912.7
1445000 914.4
1450000 848.3
1455000 869.9
1460000 916.7
1465000 843.7
1470000 230.3
1475000 915.9
1480000 847.3
1485000 914.5
1490000 914.1
1495000 915.2
1500000 842.1
1505000 915.0
1510000 912.0
1515000 914.9
1520000 915.5
1525000 841.6
1530000 914.3
1535000 891.9
1540000 914.1
1545000 912.7
1550000 892.4
1555000 915.8
1560000 909.3
1565000 894.3
1570000 907.7
1575000 913.6
1580000 914.4
1585000 906.7
1590000 910.8
1595000 913.7
1600000 913.0
1605000 913.1
1610000 911.3
1615000 832.7
1620000 911.1
1625000 834.5
1630000 916.5
1635000 712.3
1640000 880.5
1645000 913.7
1650000 865.5
1655000 722.0
1660000 916.3
1665000 904.4
1670000 904.0
1675000 916.8
1680000 916.6
1685000 914.7
1690000 916.2
1695000 914.9
1700000 908.1
1705000 917.0
1710000 917.2
1715000 917.7
1720000 915.1
1725000 913.8
1730000 916.6
1735000 917.2
1740000 915.9
1745000 916.2
1750000 916.4
1755000 918.1
1760000 916.9
1765000 916.6
1770000 917.3
1775000 918.4
1780000 846.8
1785000 919.1
1790000 742.9
1795000 918.5
1800000 917.6
1805000 917.6
1810000 237.6
1815000 908.9
1820000 836.9
1825000 916.4
1830000 890.6
1835000 919.9
1840000 919.6
1845000 917.8
1850000 916.5
1855000 916.4
1860000 916.8
1865000 918.4
1870000 917.9
1875000 917.1
1880000 897.0
1885000 906.8
1890000 876.4
1895000 845.5
1900000 753.9
1905000 916.0
1910000 919.9
1915000 910.4
1920000 917.2
1925000 917.9
1930000 917.0
1935000 919.2
1940000 915.6
1945000 916.7
1950000 849.4
1955000 920.0
1960000 908.5
1965000 919.2
1970000 893.6
1975000 918.0
1980000 915.8
1985000 919.4
1990000 819.7
1995000 910.8
2000000 918.1
