5000 16.0
10000 1.6
15000 67.5
20000 102.4
25000 229.8
30000 209.8
35000 166.6
40000 252.6
45000 333.7
50000 307.8
55000 298.4
60000 456.3
65000 321.3
70000 355.2
75000 469.2
80000 519.1
85000 216.5
90000 543.8
95000 473.9
100000 653.7
105000 620.2
110000 688.0
115000 559.8
120000 660.3
125000 695.3
130000 717.4
135000 724.3
140000 726.6
145000 687.4
150000 762.3
155000 701.8
160000 759.0
165000 685.5
170000 757.3
175000 767.4
180000 652.1
185000 396.2
190000 778.2
195000 709.9
200000 801.5
205000 802.4
210000 496.3
215000 806.5
220000 781.5
225000 809.7
230000 692.0
235000 829.0
240000 794.7
245000 759.9
250000 758.3
255000 833.7
260000 789.2
265000 813.5
270000 748.9
275000 517.2
280000 282.6
285000 731.9
290000 800.5
295000 815.1
300000 851.7
305000 863.0
310000 841.2
315000 798.0
320000 860.5
325000 685.5
330000 869.2
335000 715.5
340000 834.1
345000 882.8
350000 864.0
355000 843.6
360000 867.4
365000 874.6
370000 129.4
375000 818.4
380000 880.3
385000 836.2
390000 844.5
395000 793.4
400000 880.9
405000 856.2
410000 890.6
415000 861.7
420000 832.5
425000 801.2
430000 884.6
435000 884.3
440000 887.8
445000 887.7
450000 888.0
455000 877.5
460000 883.9
465000 877.6
470000 883.0
475000 892.2
480000 887.9
485000 890.6
490000 886.3
495000 876.1
500000 881.3
505000 893.0
510000 891.9
515000 889.9
520000 897.1
525000 896.0
530000 888.4
535000 899.5
540000 898.6
545000 900.3
550000 899.4
555000 897.7
560000 897.6
565000 894.4
570000 898.9
575000 896.7
580000 888.5
585000 901.2
590000 898.4
595000 895.6
600000 902.2
605000 897.8
610000 901.2
615000 904.9
620000 904.2
625000 893.5
630000 903.4
635000 899.4
640000 901.4
645000 903.6
650000 904.8
655000 902.6
660000 903.9
665000 903.5
670000 902.5
675000 900.8
680000 904.6
685000 903.8
690000 903.0
695000 904.5
700000 905.3
705000 903.7
710000 905.9
715000 908.9
720000 898.2
725000 907.2
730000 908.4
735000 907.0
740000 908.1
745000 904.4
750000 900.6
755000 906.3
760000 903.8
765000 904.4
770000 907.4
775000 904.9
780000 903.9
785000 905.4
790000 905.5
795000 905.2
800000 907.2
805000 908.8
810000 906.9
815000 902.8
820000 906.7
825000 903.6
830000 905.1
835000 907.6
840000 907.5
845000 909.2
850000 907.5
855000 904.2
860000 903.5
865000 909.3
870000 909.0
875000 906.8
880000 904.8
885000 911.0
890000 910.8
895000 832.7
900000 910.2
905000 907.8
910000 909.5
915000 906.1
920000 908.2
925000 908.0
930000 912.3
935000 909.4
940000 909.5
945000 910.2
950000 908.4
955000 906.7
960000 907.5
965000 908.5
970000 909.3
975000 908.2
980000 908.3
985000 909.0
990000 909.5
995000 910.3
1000000 912.0
1005000 906.4
1010000 907.2
1015000 910.5
1020000 912.3
1025000 910.9
1030000 910.7
1035000 912.9
1040000 912.3
1045000 914.7
1050000 908.4
1055000 912.8
1060000 912.9
1065000 912.2
1070000 912.7
1075000 473.3
1080000 912.6
1085000 910.8
1090000 913.9
1095000 913.2
1100000 912.6
1105000 753.4
1110000 914.0
1115000 915.3
1120000 915.2
1125000 913.8
1130000 913.5
1135000 913.4
1140000 915.7
1145000 916.8
1150000 916.7
1155000 844.7
1160000 915.2
1165000 396.3
1170000 916.4
1175000 918.3
1180000 915.1
1185000 832.4
1190000 802.4
1195000 917.5
1200000 918.0
1205000 917.8
1210000 915.4
1215000 910.1
1220000 917.7
1225000 916.4
1230000 915.2
1235000 912.2
1240000 918.1
1245000 918.0
1250000 919.0
1255000 835.5
1260000 726.0
1265000 913.6
1270000 862.9
1275000 910.7
1280000 800.3
1285000 912.2
1290000 890.8
1295000 913.0
1300000 919.2
1305000 906.6
1310000 785.8
1315000 918.3
1320000 920.4
1325000 919.3
1330000 920.3
1335000 896.7
1340000 571.5
1345000 844.7
1350000 917.5
1355000 920.6
1360000 918.2
1365000 907.2
1370000 848.6
1375000 917.8
1380000 917.8
1385000 919.9
1390000 921.2
1395000 921.0
1400000 869.8
1405000 910.6
1410000 920.4
1415000 851.3
1420000 915.9
1425000 885.6
1430000 921.1
1435000 922.8
1440000 652.5
1445000 919.8
1450000 631.9
1455000 874.6
1460000 857.8
1465000 919.0
1470000 920.1
1475000 901.5
1480000 918.1
1485000 889.8
1490000 917.7
1495000 918.2
1500000 917.9
1505000 920.9
1510000 83.0
1515000 918.9
1520000 921.4
1525000 921.8
1530000 921.2
1535000 920.9
1540000 920.0
1545000 921.7
1550000 893.7
1555000 828.7
1560000 911.3
1565000 915.9
1570000 916.7
1575000 919.7
1580000 15.5
1585000 915.7
1590000 585.9
1595000 652.3
1600000 841.3
1605000 574.5
1610000 920.5
1615000 919.0
1620000 919.5
1625000 919.5
1630000 17.4
1635000 920.4
1640000 920.6
1645000 923.2
1650000 877.5
1655000 855.2
1660000 745.3
1665000 671.3
1670000 711.9
1675000 909.2
1680000 877.8
1685000 916.8
1690000 913.7
1695000 858.2
1700000 919.2
1705000 914.4
1710000 853.4
1715000 793.8
1720000 842.6
1725000 921.2
1730000 839.0
1735000 920.5
1740000 15.3
1745000 917.4
1750000 920.5
1755000 881.7
1760000 914.2
1765000 921.4
1770000 859.1
1775000 904.0
1780000 869.3
1785000 873.6
1790000 776.2
1795000 667.0
1800000 757.0
1805000 912.1
1810000 747.0
1815000 874.1
1820000 882.8
1825000 918.6
1830000 921.0
1835000 632.8
1840000 909.6
1845000 900.0
1850000 910.9
1855000 848.9
1860000 861.1
1865000 840.2
1870000 898.2
1875000 919.5
1880000 909.1
1885000 921.7
1890000 832.2
1895000 919.3
1900000 755.0
1905000 795.1
1910000 919.0
1915000 696.5
1920000 816.6
1925000 619.6
1930000 832.0
1935000 609.5
1940000 850.1
1945000 917.2
1950000 914.9
1955000 907.4
1960000 527.3
1965000 903.3
1970000 913.0
1975000 624.1
1980000 916.4
1985000 272.8
1990000 904.6
1995000 876.7
2000000 919.3
