5000 19.9
10000 1.9
15000 76.3
20000 41.5
25000 31.2
30000 76.6
35000 133.7
40000 129.1
45000 170.7
50000 153.9
55000 145.7
60000 309.3
65000 281.2
70000 250.5
75000 294.8
80000 399.4
85000 353.7
90000 231.8
95000 422.1
100000 392.2
105000 531.3
110000 524.9
115000 164.1
120000 574.8
125000 554.9
130000 405.4
135000 620.5
140000 636.4
145000 645.7
150000 613.3
155000 657.3
160000 677.3
165000 621.0
170000 655.6
175000 617.3
180000 710.7
185000 674.4
190000 641.5
195000 114.2
200000 716.1
205000 753.4
210000 739.1
215000 779.9
220000 704.5
225000 646.0
230000 742.0
235000 653.9
240000 796.2
245000 773.7
250000 809.7
255000 825.4
260000 152.5
265000 841.9
270000 830.2
275000 852.0
280000 753.4
285000 754.2
290000 843.7
295000 697.8
300000 768.6
305000 155.6
310000 740.9
315000 864.2
320000 870.8
325000 861.1
330000 875.5
335000 874.1
340000 867.6
345000 873.4
350000 876.0
355000 873.3
360000 872.2
365000 879.9
370000 419.8
375000 867.5
380000 871.5
385000 870.3
390000 879.6
395000 867.3
400000 874.6
405000 882.5
410000 888.8
415000 886.4
420000 874.2
425000 845.3
430000 842.5
435000 884.0
440000 885.0
445000 884.6
450000 881.9
455000 893.3
460000 54.8
465000 895.7
470000 892.6
475000 893.1
480000 895.0
485000 896.3
490000 888.8
495000 894.2
500000 895.0
505000 895.4
510000 894.3
515000 896.0
520000 894.3
525000 893.2
530000 893.1
535000 264.8
540000 893.9
545000 895.3
550000 897.7
555000 895.3
560000 896.5
565000 897.5
570000 899.8
575000 897.9
580000 847.2
585000 897.4
590000 898.5
595000 899.2
600000 897.4
605000 900.6
610000 896.3
615000 898.4
620000 899.7
625000 898.9
630000 897.5
635000 899.0
640000 900.9
645000 896.6
650000 901.7
655000 901.5
660000 903.2
665000 903.4
670000 902.4
675000 903.7
680000 899.3
685000 904.1
690000 903.9
695000 903.5
700000 900.5
705000 901.9
710000 903.1
715000 903.1
720000 903.9
725000 903.2
730000 905.3
735000 904.6
740000 906.9
745000 904.6
750000 904.5
755000 906.2
760000 903.8
765000 905.6
770000 905.3
775000 906.8
780000 906.1
785000 902.3
790000 906.2
795000 908.1
800000 909.3
805000 866.1
810000 905.4
815000 907.4
820000 906.1
825000 907.2
830000 905.7
835000 906.6
840000 908.8
845000 900.6
850000 910.2
855000 909.1
860000 903.3
865000 909.2
870000 907.5
875000 908.4
880000 905.7
885000 909.5
890000 904.4
895000 766.0
900000 910.2
905000 909.1
910000 832.3
915000 911.6
920000 894.3
925000 910.4
930000 912.2
935000 908.8
940000 908.1
945000 911.5
950000 913.0
955000 878.8
960000 868.9
965000 912.9
970000 903.3
975000 912.5
980000 911.0
985000 909.1
990000 908.2
995000 911.0
1000000 911.5
1005000 912.9
1010000 914.1
1015000 51.3
1020000 908.3
1025000 909.0
1030000 847.4
1035000 911.6
1040000 911.6
1045000 911.3
1050000 908.9
1055000 911.7
1060000 911.5
1065000 912.6
1070000 911.7
1075000 907.6
1080000 910.2
1085000 769.1
1090000 911.5
1095000 917.9
1100000 906.1
1105000 915.4
1110000 906.3
1115000 915.4
1120000 914.3
1125000 913.4
1130000 914.2
1135000 913.9
1140000 913.5
1145000 915.3
1150000 428.7
1155000 913.3
1160000 854.3
1165000 914.8
1170000 914.1
1175000 915.3
1180000 916.5
1185000 916.1
1190000 917.2
1195000 893.9
1200000 916.4
1205000 916.9
1210000 915.7
1215000 916.3
1220000 918.7
1225000 918.8
1230000 234.4
1235000 917.3
1240000 880.8
1245000 919.2
1250000 919.3
1255000 911.4
1260000 920.6
1265000 911.4
1270000 715.3
1275000 914.3
1280000 916.0
1285000 915.7
1290000 910.9
1295000 910.6
1300000 914.6
1305000 830.8
1310000 918.8
1315000 875.6
1320000 865.0
1325000 843.9
1330000 919.5
1335000 917.0
1340000 414.7
1345000 898.1
1350000 831.3
1355000 833.6
1360000 912.1
1365000 916.5
1370000 918.1
1375000 899.0
1380000 813.1
1385000 917.6
1390000 871.9
1395000 917.8
1400000 898.0
1405000 917.2
1410000 920.3
1415000 786.3
1420000 901.3
1425000 904.8
1430000 863.2
1435000 917.3
1440000 915.3
1445000 912.8
1450000 907.2
1455000 916.9
1460000 915.8
1465000 919.0
1470000 912.5
1475000 912.9
1480000 838.4
1485000 910.4
1490000 918.6
1495000 919.1
1500000 916.8
1505000 919.4
1510000 919.0
1515000 915.8
1520000 916.9
1525000 551.2
1530000 907.9
1535000 914.8
1540000 918.5
1545000 920.7
1550000 920.9
1555000 920.6
1560000 904.2
1565000 919.4
1570000 913.5
1575000 918.6
1580000 842.6
1585000 838.4
1590000 913.8
1595000 920.2
1600000 920.5
1605000 920.5
1610000 920.0
1615000 917.9
1620000 921.5
1625000 913.1
1630000 858.9
1635000 919.9
1640000 909.3
1645000 919.5
1650000 903.6
1655000 922.1
1660000 830.4
1665000 838.8
1670000 918.2
1675000 920.5
1680000 841.2
1685000 596.5
1690000 918.9
1695000 900.1
1700000 920.6
1705000 919.0
1710000 921.0
1715000 921.3
1720000 921.2
1725000 919.6
1730000 850.3
1735000 705.5
1740000 808.5
1745000 921.6
1750000 919.4
1755000 914.1
1760000 920.9
1765000 921.9
1770000 919.9
1775000 857.2
1780000 920.0
1785000 920.7
1790000 920.7
1795000 917.6
1800000 920.1
1805000 921.6
1810000 918.7
1815000 910.7
1820000 913.5
1825000 920.9
1830000 915.8
1835000 921.9
1840000 922.5
1845000 919.9
1850000 879.3
1855000 919.5
1860000 800.5
1865000 874.2
1870000 919.0
1875000 920.9
1880000 740.9
1885000 921.1
1890000 918.1
1895000 921.6
1900000 921.1
1905000 922.0
1910000 922.5
1915000 921.5
1920000 253.2
1925000 911.5
1930000 921.3
1935000 914.9
1940000 922.4
1945000 920.9
1950000 921.4
1955000 920.6
1960000 918.9
1965000 922.6
1970000 920.0
1975000 917.0
1980000 920.4
1985000 921.1
1990000 922.0
1995000 922.2
2000000 897.7
