5000 8.1
10000 2.7
15000 115.6
20000 85.1
25000 130.3
30000 156.7
35000 234.5
40000 168.2
45000 185.0
50000 187.1
55000 200.5
60000 303.0
65000 213.3
70000 319.2
75000 346.6
80000 316.6
85000 371.8
90000 296.5
95000 346.8
100000 423.9
105000 516.7
110000 479.0
115000 465.4
120000 615.7
125000 686.9
130000 605.3
135000 363.4
140000 723.1
145000 678.3
150000 674.5
155000 159.1
160000 745.1
165000 791.0
170000 787.2
175000 673.0
180000 822.0
185000 765.0
190000 735.8
195000 831.6
200000 755.8
205000 852.2
210000 608.4
215000 859.1
220000 860.6
225000 647.3
230000 782.3
235000 887.4
240000 872.3
245000 865.0
250000 877.3
255000 868.3
260000 877.4
265000 878.0
270000 884.3
275000 878.3
280000 887.8
285000 884.0
290000 885.0
295000 882.7
300000 876.8
305000 799.5
310000 772.0
315000 879.7
320000 889.9
325000 886.5
330000 892.1
335000 895.6
340000 893.7
345000 898.6
350000 895.9
355000 896.1
360000 902.4
365000 899.0
370000 897.6
375000 897.3
380000 895.0
385000 893.3
390000 898.3
395000 898.8
400000 902.4
405000 902.7
410000 901.5
415000 904.0
420000 903.2
425000 900.2
430000 899.8
435000 900.1
440000 906.8
445000 899.1
450000 901.9
455000 816.6
460000 899.4
465000 908.1
470000 907.4
475000 908.5
480000 908.8
485000 909.4
490000 900.4
495000 907.2
500000 905.5
505000 907.7
510000 906.4
515000 899.1
520000 902.9
525000 906.0
530000 908.5
535000 905.6
540000 907.8
545000 909.9
550000 909.0
555000 908.2
560000 909.3
565000 909.5
570000 907.9
575000 912.3
580000 911.7
585000 908.5
590000 909.9
595000 910.4
600000 911.7
605000 909.2
610000 914.6
615000 912.3
620000 911.0
625000 912.2
630000 911.7
635000 911.9
640000 911.9
645000 914.9
650000 907.3
655000 912.7
660000 913.1
665000 912.6
670000 914.7
675000 913.3
680000 913.9
685000 914.6
690000 901.0
695000 915.8
700000 914.3
705000 912.8
710000 914.5
715000 913.6
720000 900.2
725000 914.1
730000 916.4
735000 915.0
740000 914.7
745000 915.9
750000 914.5
755000 915.1
760000 914.8
765000 915.4
770000 916.2
775000 914.2
780000 915.6
785000 915.1
790000 913.8
795000 914.3
800000 916.0
805000 906.2
810000 913.6
815000 915.9
820000 913.8
825000 915.0
830000 914.1
835000 917.7
840000 916.4
845000 914.3
850000 915.9
855000 918.1
860000 916.7
865000 917.7
870000 917.4
875000 489.9
880000 913.3
885000 918.2
890000 916.2
895000 915.0
900000 916.9
905000 916.5
910000 916.2
915000 917.4
920000 915.3
925000 916.2
930000 915.2
935000 916.7
940000 916.6
945000 919.0
950000 912.5
955000 916.2
960000 917.5
965000 919.0
970000 917.0
975000 918.8
980000 878.8
985000 419.7
990000 918.0
995000 917.5
1000000 918.3
1005000 915.8
1010000 918.9
1015000 918.0
1020000 919.3
1025000 917.1
1030000 915.7
1035000 917.0
1040000 920.2
1045000 786.7
1050000 915.4
1055000 918.4
1060000 919.9
1065000 921.6
1070000 917.7
1075000 918.8
1080000 919.7
1085000 921.1
1090000 919.9
1095000 918.8
1100000 922.4
1105000 838.7
1110000 922.5
1115000 920.9
1120000 917.7
1125000 922.4
1130000 922.2
1135000 917.9
1140000 917.2
1145000 924.1
1150000 920.0
1155000 921.1
1160000 911.1
1165000 922.3
1170000 923.6
1175000 851.7
1180000 922.7
1185000 922.7
1190000 713.3
1195000 919.2
1200000 25.6
1205000 285.8
1210000 682.4
1215000 912.6
1220000 915.0
1225000 896.2
1230000 714.6
1235000 915.8
1240000 915.6
1245000 916.1
1250000 917.9
1255000 833.2
1260000 922.3
1265000 922.0
1270000 918.9
1275000 920.7
1280000 911.1
1285000 919.2
1290000 735.4
1295000 901.0
1300000 920.3
1305000 922.8
1310000 914.4
1315000 921.6
1320000 838.6
1325000 911.2
1330000 919.8
1335000 920.3
1340000 919.8
1345000 886.5
1350000 923.7
1355000 919.1
1360000 913.5
1365000 921.0
1370000 921.6
1375000 918.8
1380000 924.2
1385000 922.3
1390000 923.3
1395000 920.2
1400000 920.3
1405000 918.0
1410000 909.1
1415000 923.2
1420000 881.5
1425000 914.0
1430000 922.9
1435000 922.5
1440000 921.6
1445000 924.9
1450000 845.9
1455000 924.0
1460000 923.4
1465000 922.7
1470000 919.5
1475000 922.6
1480000 922.9
1485000 685.6
1490000 923.8
1495000 924.8
1500000 924.7
1505000 919.6
1510000 828.0
1515000 901.2
1520000 923.2
1525000 920.6
1530000 924.0
1535000 923.4
1540000 923.5
1545000 921.4
1550000 923.4
1555000 924.4
1560000 921.7
1565000 924.3
1570000 923.2
1575000 924.2
1580000 922.5
1585000 918.0
1590000 15.1
1595000 918.4
1600000 910.0
1605000 30.7
1610000 812.3
1615000 916.5
1620000 922.5
1625000 923.8
1630000 841.2
1635000 923.7
1640000 836.0
1645000 922.0
1650000 919.8
1655000 924.8
1660000 836.0
1665000 921.6
1670000 919.0
1675000 916.1
1680000 924.4
1685000 922.7
1690000 924.3
1695000 430.4
1700000 807.9
1705000 920.9
1710000 922.0
1715000 921.4
1720000 922.3
1725000 922.7
1730000 924.9
1735000 920.5
1740000 909.4
1745000 921.7
1750000 925.5
1755000 923.9
1760000 923.2
1765000 922.5
1770000 925.1
1775000 924.2
1780000 925.5
1785000 924.9
1790000 924.6
1795000 924.0
1800000 924.9
1805000 925.6
1810000 923.3
1815000 925.9
1820000 926.0
1825000 925.7
1830000 925.0
1835000 925.5
1840000 925.3
1845000 925.8
1850000 922.5
1855000 868.7
1860000 34.4
1865000 110.5
1870000 710.8
1875000 899.9
1880000 908.2
1885000 274.0
1890000 823.6
1895000 869.3
1900000 910.4
1905000 916.9
1910000 911.8
1915000 918.0
1920000 919.0
1925000 919.8
1930000 907.5
1935000 914.8
1940000 921.6
1945000 914.8
1950000 910.5
1955000 920.6
1960000 922.4
1965000 752.4
1970000 716.1
1975000 921.9
1980000 839.4
1985000 921.9
1990000 915.8
1995000 831.8
2000000 895.2
