5000 3.2
10000 0.4
15000 67.9
20000 107.4
25000 156.4
30000 142.0
35000 140.6
40000 156.5
45000 187.8
50000 187.2
55000 227.1
60000 203.6
65000 421.7
70000 301.9
75000 342.2
80000 464.7
85000 455.9
90000 399.8
95000 477.0
100000 580.0
105000 608.9
110000 614.2
115000 633.5
120000 621.2
125000 662.6
130000 670.5
135000 597.3
140000 695.7
145000 601.1
150000 722.3
155000 729.9
160000 698.9
165000 720.1
170000 733.8
175000 754.0
180000 757.9
185000 772.5
190000 788.2
195000 777.1
200000 744.5
205000 792.9
210000 794.1
215000 770.7
220000 787.5
225000 796.1
230000 810.9
235000 779.1
240000 821.1
245000 803.9
250000 797.6
255000 830.6
260000 816.1
265000 819.5
270000 791.7
275000 828.3
280000 859.6
285000 841.1
290000 852.5
295000 823.0
300000 849.4
305000 844.3
310000 853.7
315000 861.0
320000 858.8
325000 849.8
330000 853.0
335000 860.2
340000 865.1
345000 856.5
350000 845.4
355000 159.4
360000 866.3
365000 871.1
370000 861.4
375000 853.0
380000 864.0
385000 869.3
390000 879.5
395000 869.9
400000 440.7
405000 858.9
410000 851.3
415000 873.6
420000 884.5
425000 876.9
430000 888.7
435000 879.7
440000 882.3
445000 877.1
450000 886.0
455000 885.8
460000 862.4
465000 888.8
470000 58.2
475000 886.5
480000 880.6
485000 872.4
490000 884.1
495000 888.3
500000 779.2
505000 887.4
510000 875.3
515000 890.3
520000 889.9
525000 891.3
530000 893.7
535000 884.4
540000 890.1
545000 890.0
550000 891.0
555000 894.1
560000 890.5
565000 894.4
570000 891.2
575000 70.0
580000 885.0
585000 896.6
590000 895.9
595000 896.9
600000 895.9
605000 894.2
610000 897.3
615000 895.8
620000 890.9
625000 897.6
630000 898.2
635000 897.8
640000 825.5
645000 857.6
650000 897.7
655000 843.8
660000 900.1
665000 889.7
670000 899.4
675000 899.6
680000 898.5
685000 898.1
690000 832.4
695000 901.6
700000 900.5
705000 899.9
710000 901.2
715000 899.0
720000 895.1
725000 772.8
730000 902.8
735000 902.8
740000 904.1
745000 902.8
750000 899.5
755000 900.8
760000 900.3
765000 902.8
770000 903.9
775000 901.3
780000 901.4
785000 903.2
790000 902.0
795000 903.4
800000 903.3
805000 902.9
810000 903.4
815000 898.2
820000 904.5
825000 904.7
830000 903.7
835000 903.1
840000 903.0
845000 903.8
850000 905.0
855000 905.5
860000 904.2
865000 906.2
870000 901.9
875000 905.0
880000 901.8
885000 846.4
890000 842.5
895000 903.8
900000 895.3
905000 903.7
910000 905.2
915000 905.1
920000 905.9
925000 903.5
930000 904.2
935000 905.3
940000 904.3
945000 901.8
950000 905.1
955000 905.9
960000 907.1
965000 906.7
970000 905.5
975000 907.3
980000 908.8
985000 907.1
990000 905.0
995000 907.6
1000000 905.6
1005000 905.1
1010000 907.0
1015000 906.0
1020000 909.3
1025000 905.3
1030000 906.5
1035000 906.3
1040000 906.8
1045000 908.2
1050000 908.0
1055000 907.2
1060000 908.8
1065000 907.5
1070000 908.6
1075000 908.8
1080000 907.7
1085000 908.6
1090000 910.4
1095000 909.8
1100000 828.2
1105000 908.6
1110000 910.0
1115000 673.4
1120000 909.7
1125000 908.3
1130000 912.4
1135000 911.8
1140000 911.4
1145000 912.1
1150000 912.2
1155000 910.6
1160000 864.1
1165000 912.0
1170000 877.6
1175000 912.4
1180000 579.8
1185000 911.4
1190000 913.2
1195000 912.3
1200000 912.9
1205000 907.2
1210000 912.8
1215000 914.1
1220000 912.7
1225000 893.3
1230000 914.6
1235000 913.7
1240000 912.0
1245000 912.3
1250000 825.9
1255000 913.0
1260000 54.2
1265000 31.6
1270000 377.7
1275000 567.9
1280000 880.7
1285000 871.7
1290000 903.5
1295000 763.6
1300000 908.7
1305000 909.4
1310000 910.1
1315000 909.8
1320000 909.1
1325000 910.2
1330000 125.7
1335000 908.0
1340000 909.8
1345000 910.0
1350000 909.1
1355000 900.5
1360000 911.1
1365000 909.9
1370000 910.9
1375000 914.0
1380000 910.7
1385000 912.2
1390000 913.3
1395000 911.4
1400000 909.8
1405000 908.9
1410000 911.6
1415000 911.3
1420000 912.5
1425000 913.1
1430000 914.0
1435000 912.6
1440000 913.2
1445000 905.0
1450000 912.2
1455000 913.0
1460000 898.5
1465000 910.7
1470000 912.9
1475000 912.6
1480000 899.4
1485000 912.8
1490000 913.3
1495000 911.4
1500000 913.5
1505000 914.7
1510000 910.3
1515000 914.2
1520000 914.6
1525000 915.2
1530000 914.4
1535000 909.0
1540000 912.0
1545000 914.5
1550000 913.3
1555000 915.2
1560000 914.9
1565000 915.8
1570000 912.5
1575000 915.6
1580000 912.9
1585000 916.9
1590000 915.6
1595000 914.1
1600000 914.6
1605000 913.0
1610000 914.5
1615000 913.2
1620000 910.5
1625000 639.3
1630000 915.0
1635000 692.7
1640000 913.0
1645000 913.5
1650000 914.3
1655000 912.5
1660000 915.9
1665000 915.0
1670000 915.0
1675000 916.5
1680000 915.4
1685000 914.4
1690000 916.6
1695000 913.7
1700000 913.8
1705000 915.0
1710000 916.6
1715000 915.8
1720000 916.7
1725000 915.7
1730000 916.4
1735000 915.0
1740000 916.0
1745000 917.6
1750000 916.0
1755000 917.8
1760000 917.0
1765000 917.3
1770000 911.0
1775000 916.3
1780000 918.7
1785000 916.0
1790000 917.8
1795000 916.1
1800000 917.5
1805000 916.8
1810000 916.6
1815000 918.3
1820000 917.8
1825000 918.6
1830000 917.4
1835000 916.9
1840000 918.9
1845000 915.5
1850000 917.1
1855000 916.0
1860000 914.6
1865000 916.7
1870000 915.8
1875000 834.3
1880000 917.9
1885000 917.6
1890000 917.2
1895000 918.1
1900000 827.4
1905000 918.6
1910000 917.1
1915000 916.1
1920000 916.0
1925000 121.1
1930000 851.5
1935000 911.1
1940000 914.0
1945000 869.9
1950000 754.5
1955000 95.1
1960000 847.1
1965000 803.1
1970000 910.4
1975000 371.4
1980000 851.3
1985000 913.8
1990000 913.5
1995000 844.7
2000000 912.7
