5000 7.1
10000 0.9
15000 128.5
20000 145.0
25000 159.7
30000 181.8
35000 209.9
40000 205.6
45000 227.6
50000 271.6
55000 362.1
60000 312.1
65000 393.6
70000 398.5
75000 282.0
80000 465.1
85000 347.0
90000 452.0
95000 461.1
100000 576.5
105000 524.9
110000 553.2
115000 609.6
120000 523.8
125000 618.2
130000 638.1
135000 671.7
140000 688.7
145000 691.5
150000 262.7
155000 734.7
160000 349.4
165000 750.0
170000 749.4
175000 292.8
180000 701.7
185000 749.8
190000 743.8
195000 759.4
200000 774.7
205000 783.9
210000 781.3
215000 807.8
220000 794.2
225000 795.4
230000 815.4
235000 816.4
240000 832.3
245000 811.4
250000 137.6
255000 811.6
260000 828.2
265000 861.2
270000 820.5
275000 814.6
280000 851.6
285000 857.2
290000 866.9
295000 61.8
300000 872.6
305000 870.6
310000 866.7
315000 863.2
320000 859.5
325000 870.9
330000 888.4
335000 879.3
340000 884.6
345000 887.2
350000 878.7
355000 884.6
360000 876.2
365000 876.4
370000 883.4
375000 885.4
380000 883.0
385000 492.9
390000 890.4
395000 887.7
400000 69.1
405000 886.1
410000 35.3
415000 93.0
420000 717.7
425000 869.5
430000 855.5
435000 863.3
440000 874.1
445000 885.5
450000 886.7
455000 821.6
460000 892.7
465000 419.7
470000 880.8
475000 890.2
480000 820.1
485000 886.1
490000 802.7
495000 890.0
500000 888.9
505000 873.6
510000 886.9
515000 891.8
520000 894.3
525000 896.0
530000 894.9
535000 891.0
540000 895.1
545000 881.9
550000 897.6
555000 897.7
560000 898.8
565000 899.3
570000 900.2
575000 896.6
580000 898.1
585000 896.1
590000 900.5
595000 896.9
600000 895.4
605000 410.0
610000 898.0
615000 899.0
620000 893.8
625000 899.1
630000 900.3
635000 900.4
640000 798.9
645000 901.3
650000 897.0
655000 899.2
660000 902.1
665000 901.2
670000 899.6
675000 900.7
680000 899.5
685000 902.1
690000 901.2
695000 890.2
700000 902.9
705000 878.8
710000 899.6
715000 902.2
720000 902.2
725000 831.4
730000 903.3
735000 903.0
740000 841.7
745000 895.1
750000 894.5
755000 899.8
760000 825.2
765000 892.0
770000 901.4
775000 749.0
780000 853.1
785000 900.6
790000 903.2
795000 897.2
800000 895.6
805000 902.3
810000 901.8
815000 901.6
820000 902.5
825000 901.8
830000 904.5
835000 903.2
840000 899.5
845000 904.5
850000 907.4
855000 903.2
860000 901.7
865000 900.0
870000 904.6
875000 906.9
880000 903.8
885000 907.8
890000 902.5
895000 908.9
900000 904.5
905000 904.0
910000 904.9
915000 907.9
920000 906.9
925000 907.1
930000 910.6
935000 905.6
940000 906.6
945000 907.1
950000 908.6
955000 867.1
960000 679.9
965000 908.0
970000 906.5
975000 906.5
980000 908.3
985000 905.8
990000 900.0
995000 907.6
1000000 900.3
1005000 618.6
1010000 542.4
1015000 895.9
1020000 902.9
1025000 909.5
1030000 907.6
1035000 907.9
1040000 908.4
1045000 849.8
1050000 744.2
1055000 909.0
1060000 911.0
1065000 910.9
1070000 913.3
1075000 909.8
1080000 905.0
1085000 912.2
1090000 760.8
1095000 909.5
1100000 913.6
1105000 913.5
1110000 912.6
1115000 914.9
1120000 280.5
1125000 912.0
1130000 911.3
1135000 879.1
1140000 825.6
1145000 909.9
1150000 912.8
1155000 914.1
1160000 914.8
1165000 914.5
1170000 914.2
1175000 913.9
1180000 915.4
1185000 913.4
1190000 913.4
1195000 913.8
1200000 902.1
1205000 909.4
1210000 915.4
1215000 915.1
1220000 522.4
1225000 898.4
1230000 913.0
1235000 829.0
1240000 913.7
1245000 912.8
1250000 908.0
1255000 914.3
1260000 838.8
1265000 915.1
1270000 914.7
1275000 835.6
1280000 915.5
1285000 911.0
1290000 910.3
1295000 911.2
1300000 907.8
1305000 912.1
1310000 833.2
1315000 914.4
1320000 914.0
1325000 849.6
1330000 914.8
1335000 917.8
1340000 914.7
1345000 917.0
1350000 916.2
1355000 914.8
1360000 916.5
1365000 762.9
1370000 24.0
1375000 910.2
1380000 912.5
1385000 910.0
1390000 910.3
1395000 914.2
1400000 914.0
1405000 915.0
1410000 762.1
1415000 913.1
1420000 915.0
1425000 912.1
1430000 911.1
1435000 910.9
1440000 733.1
1445000 914.9
1450000 917.2
1455000 868.9
1460000 901.0
1465000 831.7
1470000 914.7
1475000 918.0
1480000 843.0
1485000 762.5
1490000 917.5
1495000 919.0
1500000 827.1
1505000 919.6
1510000 842.7
1515000 918.0
1520000 757.3
1525000 299.7
1530000 916.4
1535000 362.2
1540000 568.0
1545000 917.5
1550000 913.0
1555000 837.8
1560000 917.6
1565000 917.6
1570000 916.0
1575000 916.9
1580000 909.2
1585000 916.5
1590000 917.8
1595000 916.5
1600000 795.7
1605000 910.5
1610000 914.9
1615000 841.1
1620000 892.4
1625000 832.5
1630000 910.5
1635000 896.8
1640000 915.4
1645000 403.1
1650000 912.6
1655000 913.3
1660000 914.2
1665000 913.8
1670000 897.0
1675000 901.5
1680000 843.3
1685000 914.3
1690000 106.5
1695000 888.8
1700000 840.6
1705000 870.3
1710000 908.3
1715000 915.0
1720000 683.7
1725000 913.7
1730000 914.1
1735000 231.4
1740000 288.5
1745000 889.6
1750000 909.9
1755000 906.9
1760000 912.7
1765000 912.2
1770000 906.8
1775000 835.8
1780000 911.4
1785000 909.2
1790000 791.6
1795000 902.5
1800000 446.5
1805000 904.0
1810000 908.4
1815000 913.8
1820000 912.5
1825000 911.1
1830000 780.0
1835000 900.5
1840000 433.5
1845000 907.8
1850000 910.3
1855000 914.0
1860000 913.9
1865000 695.2
1870000 830.6
1875000 914.6
1880000 913.3
1885000 911.3
1890000 910.8
1895000 150.4
1900000 906.8
1905000 911.0
1910000 910.9
1915000 911.6
1920000 914.6
1925000 915.9
1930000 908.6
1935000 914.6
1940000 914.1
1945000 914.8
1950000 915.0
1955000 915.1
1960000 906.4
1965000 906.8
1970000 838.4
1975000 917.2
1980000 905.8
1985000 913.6
1990000 913.3
1995000 914.3
2000000 917.0
