5000 15.2
10000 0.5
15000 78.1
20000 115.4
25000 144.5
30000 221.1
35000 175.9
40000 155.7
45000 239.2
50000 160.0
55000 329.7
60000 400.3
65000 229.6
70000 231.0
75000 456.6
80000 355.0
85000 435.6
90000 525.9
95000 400.7
100000 536.7
105000 619.6
110000 629.1
115000 644.2
120000 664.3
125000 60.3
130000 635.6
135000 693.9
140000 707.1
145000 169.2
150000 714.7
155000 481.2
160000 20.7
165000 83.7
170000 40.2
175000 634.3
180000 723.2
185000 404.5
190000 735.2
195000 769.2
200000 770.1
205000 774.4
210000 771.0
215000 755.6
220000 575.4
225000 803.2
230000 823.4
235000 780.1
240000 818.4
245000 403.8
250000 668.3
255000 830.1
260000 837.6
265000 826.3
270000 821.1
275000 803.7
280000 239.7
285000 832.4
290000 35.3
295000 846.2
300000 804.0
305000 817.9
310000 829.6
315000 712.1
320000 849.1
325000 861.8
330000 861.7
335000 872.4
340000 872.3
345000 881.4
350000 890.2
355000 850.6
360000 877.6
365000 782.7
370000 878.6
375000 889.1
380000 877.6
385000 877.3
390000 887.7
395000 870.8
400000 47.5
405000 816.0
410000 881.0
415000 874.0
420000 881.2
425000 895.1
430000 895.0
435000 902.2
440000 889.2
445000 894.5
450000 888.3
455000 894.1
460000 889.5
465000 886.4
470000 892.0
475000 894.1
480000 891.5
485000 896.9
490000 893.6
495000 892.2
500000 808.1
505000 894.2
510000 897.1
515000 859.7
520000 902.0
525000 899.2
530000 900.4
535000 901.0
540000 902.9
545000 901.4
550000 878.8
555000 899.0
560000 896.1
565000 901.9
570000 548.8
575000 889.6
580000 882.2
585000 888.0
590000 859.5
595000 892.6
600000 903.6
605000 901.6
610000 820.3
615000 900.5
620000 901.3
625000 905.2
630000 906.6
635000 573.7
640000 902.6
645000 907.1
650000 905.7
655000 904.8
660000 907.5
665000 819.4
670000 908.8
675000 371.2
680000 907.2
685000 533.4
690000 908.3
695000 908.6
700000 906.9
705000 903.4
710000 909.9
715000 907.8
720000 642.4
725000 904.6
730000 909.0
735000 909.0
740000 902.7
745000 751.4
750000 905.3
755000 904.4
760000 906.3
765000 908.1
770000 908.3
775000 911.1
780000 902.6
785000 910.2
790000 457.7
795000 812.5
800000 908.3
805000 907.9
810000 912.0
815000 910.1
820000 910.7
825000 909.8
830000 910.7
835000 853.1
840000 911.0
845000 900.8
850000 909.2
855000 909.2
860000 904.7
865000 905.8
870000 910.0
875000 908.3
880000 903.6
885000 908.5
890000 907.3
895000 911.5
900000 906.7
905000 906.6
910000 901.1
915000 223.8
920000 910.4
925000 454.6
930000 905.9
935000 909.0
940000 905.5
945000 905.8
950000 908.6
955000 900.6
960000 828.4
965000 889.1
970000 910.4
975000 909.3
980000 911.5
985000 903.2
990000 908.5
995000 911.0
1000000 908.9
1005000 102.5
1010000 908.9
1015000 911.7
1020000 909.2
1025000 905.4
1030000 835.4
1035000 913.6
1040000 804.7
1045000 914.6
1050000 912.6
1055000 607.0
1060000 898.6
1065000 914.1
1070000 914.8
1075000 900.4
1080000 916.2
1085000 914.3
1090000 812.9
1095000 916.0
1100000 897.0
1105000 916.8
1110000 914.6
1115000 469.5
1120000 915.7
1125000 846.3
1130000 913.4
1135000 914.6
1140000 915.3
1145000 915.6
1150000 914.7
1155000 916.6
1160000 914.4
1165000 915.2
1170000 826.7
1175000 914.5
1180000 830.9
1185000 913.3
1190000 846.0
1195000 913.8
1200000 860.2
1205000 836.1
1210000 915.1
1215000 845.2
1220000 917.1
1225000 132.6
1230000 902.5
1235000 901.8
1240000 907.4
1245000 911.2
1250000 914.7
1255000 908.2
1260000 909.9
1265000 896.4
1270000 785.5
1275000 825.0
1280000 916.5
1285000 917.0
1290000 261.9
1295000 914.5
1300000 912.9
1305000 918.2
1310000 917.8
1315000 897.6
1320000 915.7
1325000 913.7
1330000 917.2
1335000 873.4
1340000 149.4
1345000 905.2
1350000 904.5
1355000 907.1
1360000 911.1
1365000 864.2
1370000 912.0
1375000 914.7
1380000 903.6
1385000 916.2
1390000 904.2
1395000 915.9
1400000 916.1
1405000 913.8
1410000 857.6
1415000 875.1
1420000 908.2
1425000 801.7
1430000 913.6
1435000 767.1
1440000 899.6
1445000 916.5
1450000 913.9
1455000 913.8
1460000 915.5
1465000 741.6
1470000 891.0
1475000 917.4
1480000 915.5
1485000 914.1
1490000 749.8
1495000 905.2
1500000 916.1
1505000 914.3
1510000 909.1
1515000 745.8
1520000 916.9
1525000 912.1
1530000 914.4
1535000 911.0
1540000 916.3
1545000 864.6
1550000 831.6
1555000 910.0
1560000 842.7
1565000 917.8
1570000 736.8
1575000 917.6
1580000 917.7
1585000 916.7
1590000 901.4
1595000 909.0
1600000 855.8
1605000 880.6
1610000 915.9
1615000 917.6
1620000 916.3
1625000 912.9
1630000 845.2
1635000 755.6
1640000 918.7
1645000 911.9
1650000 920.5
1655000 851.0
1660000 821.7
1665000 829.2
1670000 896.4
1675000 917.8
1680000 900.0
1685000 919.1
1690000 917.9
1695000 716.2
1700000 916.4
1705000 1.4
1710000 540.7
1715000 866.8
1720000 889.2
1725000 896.0
1730000 848.4
1735000 905.7
1740000 908.4
1745000 844.2
1750000 910.6
1755000 915.7
1760000 907.4
1765000 774.5
1770000 912.5
1775000 913.8
1780000 913.4
1785000 911.1
1790000 914.0
1795000 911.0
1800000 899.9
1805000 909.8
1810000 912.6
1815000 843.2
1820000 910.5
1825000 569.6
1830000 777.6
1835000 847.8
1840000 99.0
1845000 915.5
1850000 160.5
1855000 832.3
1860000 883.7
1865000 914.6
1870000 905.1
1875000 914.7
1880000 847.9
1885000 536.4
1890000 915.5
1895000 234.3
1900000 552.3
1905000 911.3
1910000 913.0
1915000 905.3
1920000 839.9
1925000 636.6
1930000 703.0
1935000 590.2
1940000 674.5
1945000 915.0
1950000 917.4
1955000 903.4
1960000 304.2
1965000 913.8
1970000 916.7
1975000 917.9
1980000 915.8
1985000 810.0
1990000 907.1
1995000 914.0
2000000 761.8
