5000 1.4
10000 0.1
15000 122.8
20000 183.1
25000 191.7
30000 296.2
35000 334.2
40000 294.6
45000 374.6
50000 367.1
55000 450.9
60000 451.0
65000 534.5
70000 353.8
75000 538.9
80000 627.2
85000 608.2
90000 386.0
95000 647.7
100000 647.7
105000 672.9
110000 694.5
115000 712.4
120000 529.1
125000 663.1
130000 750.2
135000 693.0
140000 707.2
145000 800.0
150000 773.8
155000 756.8
160000 783.7
165000 543.8
170000 204.4
175000 746.5
180000 834.2
185000 798.6
190000 468.8
195000 731.7
200000 624.8
205000 842.7
210000 862.0
215000 802.3
220000 825.2
225000 798.8
230000 837.1
235000 808.1
240000 865.6
245000 822.4
250000 859.1
255000 867.7
260000 727.2
265000 852.8
270000 863.8
275000 814.8
280000 834.3
285000 877.8
290000 737.5
295000 858.0
300000 702.9
305000 743.0
310000 752.4
315000 826.3
320000 690.4
325000 859.1
330000 885.4
335000 885.3
340000 868.5
345000 884.8
350000 808.8
355000 724.3
360000 892.5
365000 888.5
370000 893.4
375000 894.3
380000 888.7
385000 698.8
390000 851.4
395000 826.0
400000 779.7
405000 820.8
410000 900.7
415000 763.1
420000 857.8
425000 895.0
430000 895.7
435000 891.4
440000 893.0
445000 874.2
450000 795.4
455000 814.6
460000 846.0
465000 833.2
470000 832.7
475000 819.0
480000 683.6
485000 821.6
490000 892.6
495000 896.9
500000 893.9
505000 739.6
510000 746.3
515000 813.5
520000 897.1
525000 870.1
530000 899.8
535000 761.6
540000 896.8
545000 899.7
550000 904.2
555000 903.1
560000 881.2
565000 848.5
570000 698.0
575000 900.3
580000 888.6
585000 886.6
590000 894.2
595000 903.3
600000 830.6
605000 855.1
610000 899.3
615000 896.5
620000 903.0
625000 895.7
630000 897.9
635000 903.2
640000 898.6
645000 898.0
650000 895.0
655000 821.2
660000 677.7
665000 775.8
670000 904.6
675000 904.3
680000 855.2
685000 907.6
690000 908.9
695000 906.5
700000 907.0
705000 906.5
710000 904.7
715000 908.2
720000 909.9
725000 905.9
730000 908.8
735000 907.3
740000 794.4
745000 906.6
750000 903.8
755000 804.8
760000 895.1
765000 875.9
770000 907.2
775000 905.9
780000 906.6
785000 903.8
790000 895.7
795000 873.0
800000 907.3
805000 907.0
810000 905.4
815000 903.0
820000 909.2
825000 908.3
830000 907.9
835000 899.1
840000 909.0
845000 855.0
850000 906.2
855000 905.5
860000 903.1
865000 731.6
870000 906.6
875000 839.5
880000 909.2
885000 910.9
890000 841.8
895000 908.6
900000 906.0
905000 844.8
910000 908.6
915000 910.4
920000 908.0
925000 848.9
930000 910.4
935000 911.5
940000 910.9
945000 909.6
950000 909.6
955000 910.4
960000 910.6
965000 906.3
970000 910.0
975000 910.3
980000 909.9
985000 905.5
990000 912.1
995000 902.7
1000000 908.7
1005000 908.7
1010000 913.0
1015000 910.4
1020000 715.8
1025000 909.4
1030000 827.5
1035000 830.5
1040000 829.8
1045000 912.3
1050000 906.4
1055000 768.7
1060000 667.2
1065000 911.1
1070000 908.6
1075000 826.9
1080000 668.9
1085000 912.6
1090000 833.2
1095000 909.3
1100000 843.9
1105000 911.2
1110000 780.9
1115000 830.5
1120000 912.5
1125000 912.2
1130000 915.3
1135000 831.4
1140000 822.6
1145000 915.4
1150000 833.7
1155000 836.3
1160000 915.7
1165000 762.5
1170000 912.5
1175000 914.5
1180000 916.0
1185000 913.3
1190000 916.8
1195000 914.3
1200000 849.2
1205000 883.2
1210000 906.1
1215000 840.9
1220000 847.0
1225000 917.5
1230000 852.4
1235000 525.6
1240000 915.5
1245000 916.6
1250000 894.2
1255000 909.4
1260000 916.2
1265000 737.3
1270000 830.7
1275000 818.5
1280000 580.8
1285000 917.6
1290000 822.2
1295000 912.1
1300000 901.6
1305000 914.3
1310000 916.3
1315000 917.1
1320000 915.7
1325000 914.9
1330000 917.4
1335000 919.6
1340000 917.4
1345000 917.1
1350000 917.3
1355000 857.2
1360000 916.6
1365000 843.9
1370000 853.6
1375000 783.3
1380000 764.6
1385000 912.2
1390000 731.8
1395000 919.2
1400000 918.9
1405000 911.4
1410000 918.5
1415000 917.9
1420000 913.9
1425000 893.9
1430000 915.7
1435000 854.2
1440000 798.7
1445000 911.9
1450000 918.8
1455000 888.6
1460000 900.2
1465000 683.3
1470000 917.7
1475000 918.0
1480000 919.3
1485000 917.6
1490000 760.9
1495000 914.7
1500000 591.5
1505000 920.1
1510000 919.0
1515000 919.1
1520000 917.8
1525000 917.9
1530000 915.5
1535000 916.9
1540000 917.3
1545000 918.7
1550000 921.5
1555000 911.7
1560000 919.4
1565000 919.8
1570000 921.5
1575000 852.6
1580000 917.5
1585000 918.5
1590000 918.8
1595000 919.2
1600000 914.2
1605000 854.2
1610000 920.0
1615000 848.0
1620000 920.6
1625000 838.7
1630000 744.1
1635000 879.0
1640000 839.1
1645000 915.3
1650000 918.1
1655000 919.3
1660000 772.1
1665000 917.1
1670000 356.6
1675000 917.9
1680000 919.6
1685000 917.6
1690000 920.5
1695000 920.3
1700000 920.0
1705000 877.7
1710000 921.4
1715000 912.8
1720000 922.0
1725000 909.9
1730000 531.1
1735000 918.5
1740000 921.0
1745000 921.2
1750000 604.3
1755000 919.2
1760000 920.1
1765000 869.9
1770000 868.5
1775000 839.6
1780000 919.9
1785000 912.0
1790000 833.7
1795000 911.8
1800000 796.9
1805000 823.5
1810000 887.5
1815000 920.6
1820000 922.1
1825000 911.6
1830000 919.3
1835000 765.5
1840000 857.1
1845000 920.1
1850000 860.2
1855000 737.5
1860000 909.4
1865000 761.1
1870000 887.8
1875000 843.0
1880000 893.6
1885000 912.8
1890000 603.8
1895000 919.5
1900000 919.5
1905000 777.9
1910000 914.0
1915000 921.6
1920000 921.8
1925000 921.1
1930000 841.1
1935000 919.1
1940000 836.2
1945000 780.5
1950000 761.0
1955000 910.2
1960000 918.5
1965000 919.2
1970000 917.3
1975000 915.9
1980000 830.1
1985000 752.4
1990000 917.0
1995000 830.8
2000000 837.6
