5000 31.4
10000 1.5
15000 80.2
20000 85.2
25000 163.0
30000 146.1
35000 322.3
40000 317.8
45000 475.2
50000 504.0
55000 469.8
60000 574.0
65000 383.9
70000 530.5
75000 523.5
80000 57.0
85000 73.9
90000 47.6
95000 60.0
100000 64.0
105000 25.7
110000 41.6
115000 64.3
120000 93.7
125000 53.8
130000 74.4
135000 81.9
140000 64.2
145000 113.3
150000 90.4
155000 110.0
160000 85.1
165000 133.9
170000 171.9
175000 354.1
180000 468.2
185000 627.1
190000 577.5
195000 610.0
200000 548.8
205000 500.6
210000 631.2
215000 582.2
220000 618.3
225000 728.9
230000 696.8
235000 700.3
240000 548.4
245000 692.5
250000 743.2
255000 738.3
260000 758.0
265000 706.0
270000 769.0
275000 668.2
280000 724.9
285000 634.6
290000 792.6
295000 791.8
300000 816.7
305000 813.0
310000 814.5
315000 795.7
320000 808.1
325000 807.1
330000 820.8
335000 824.0
340000 814.2
345000 820.5
350000 830.4
355000 820.0
360000 771.3
365000 825.2
370000 816.3
375000 832.4
380000 839.1
385000 834.8
390000 837.1
395000 845.9
400000 853.8
405000 849.6
410000 833.6
415000 842.5
420000 832.5
425000 849.4
430000 795.7
435000 846.5
440000 842.0
445000 853.6
450000 775.8
455000 853.6
460000 856.0
465000 849.4
470000 852.6
475000 863.5
480000 852.8
485000 839.7
490000 819.2
495000 831.2
500000 843.8
505000 831.3
510000 865.5
515000 866.0
520000 836.2
525000 860.2
530000 839.5
535000 842.3
540000 750.6
545000 848.5
550000 792.1
555000 846.6
560000 839.0
565000 820.7
570000 710.6
575000 762.2
580000 855.9
585000 879.4
590000 771.2
595000 800.0
600000 874.7
605000 758.7
610000 690.5
615000 837.4
620000 877.5
625000 872.6
630000 877.1
635000 876.0
640000 886.0
645000 868.4
650000 883.5
655000 882.2
660000 864.1
665000 887.5
670000 885.8
675000 883.8
680000 877.7
685000 888.6
690000 888.1
695000 871.9
700000 837.0
705000 662.6
710000 886.7
715000 888.9
720000 891.7
725000 877.8
730000 888.2
735000 885.6
740000 885.8
745000 885.7
750000 890.7
755000 820.1
760000 878.9
765000 887.0
770000 887.5
775000 890.0
780000 887.7
785000 887.4
790000 886.8
795000 888.7
800000 887.8
805000 891.0
810000 890.2
815000 889.3
820000 889.4
825000 893.0
830000 890.1
835000 891.8
840000 890.3
845000 892.0
850000 892.3
855000 892.5
860000 892.1
865000 892.3
870000 890.0
875000 892.0
880000 893.1
885000 890.7
890000 890.4
895000 892.8
900000 892.4
905000 887.7
910000 891.3
915000 891.6
920000 892.4
925000 892.8
930000 892.2
935000 894.1
940000 894.6
945000 891.7
950000 893.4
955000 890.4
960000 893.1
965000 890.3
970000 893.8
975000 895.9
980000 893.0
985000 893.2
990000 891.1
995000 894.6
1000000 894.2
1005000 894.7
1010000 896.1
1015000 894.0
1020000 894.9
1025000 893.6
1030000 895.9
1035000 896.1
1040000 894.7
1045000 894.2
1050000 893.4
1055000 892.2
1060000 894.5
1065000 899.6
1070000 898.7
1075000 898.0
1080000 899.0
1085000 899.2
1090000 897.9
1095000 898.0
1100000 899.6
1105000 898.5
1110000 900.0
1115000 901.6
1120000 900.0
1125000 900.4
1130000 901.2
1135000 902.6
1140000 899.9
1145000 901.5
1150000 901.4
1155000 901.6
1160000 898.9
1165000 902.4
1170000 903.5
1175000 904.9
1180000 8.4
1185000 901.0
1190000 895.9
1195000 904.2
1200000 903.7
1205000 901.4
1210000 904.9
1215000 498.8
1220000 903.2
1225000 34.5
1230000 758.4
1235000 896.5
1240000 899.5
1245000 874.0
1250000 902.1
1255000 901.5
1260000 901.2
1265000 899.9
1270000 901.8
1275000 901.6
1280000 900.3
1285000 899.4
1290000 900.0
1295000 898.2
1300000 893.5
1305000 897.5
1310000 902.4
1315000 899.7
1320000 899.4
1325000 901.0
1330000 901.2
1335000 901.4
1340000 903.6
1345000 903.7
1350000 903.9
1355000 904.1
1360000 903.5
1365000 901.4
1370000 904.8
1375000 904.3
1380000 907.4
1385000 899.8
1390000 903.9
1395000 906.8
1400000 901.9
1405000 905.4
1410000 906.2
1415000 788.6
1420000 906.7
1425000 906.2
1430000 906.3
1435000 906.3
1440000 906.3
1445000 903.5
1450000 904.1
1455000 904.4
1460000 903.9
1465000 906.4
1470000 904.6
1475000 906.2
1480000 907.3
1485000 907.2
1490000 908.3
1495000 908.1
1500000 907.8
1505000 835.4
1510000 909.3
1515000 902.7
1520000 903.8
1525000 904.9
1530000 905.8
1535000 905.3
1540000 818.9
1545000 904.7
1550000 907.1
1555000 908.2
1560000 906.7
1565000 907.3
1570000 907.0
1575000 906.1
1580000 909.4
1585000 910.6
1590000 909.6
1595000 811.7
1600000 908.3
1605000 910.3
1610000 909.5
1615000 910.8
1620000 899.5
1625000 909.7
1630000 911.3
1635000 910.0
1640000 911.0
1645000 113.4
1650000 901.8
1655000 906.8
1660000 909.2
1665000 909.9
1670000 909.6
1675000 908.8
1680000 909.2
1685000 908.6
1690000 909.7
1695000 911.2
1700000 909.1
1705000 910.3
1710000 909.6
1715000 911.0
1720000 908.9
1725000 910.9
1730000 911.4
1735000 912.1
1740000 911.4
1745000 908.3
1750000 910.0
1755000 912.4
1760000 910.7
1765000 908.7
1770000 911.1
1775000 828.0
1780000 911.0
1785000 912.7
1790000 907.7
1795000 670.4
1800000 912.2
1805000 911.4
1810000 913.0
1815000 908.5
1820000 912.9
1825000 910.8
1830000 913.4
1835000 913.5
1840000 913.0
1845000 911.9
1850000 913.5
1855000 910.1
1860000 914.0
1865000 913.5
1870000 230.6
1875000 911.8
1880000 912.6
1885000 913.1
1890000 914.3
1895000 913.2
1900000 913.6
1905000 912.6
1910000 910.6
1915000 912.4
1920000 914.1
1925000 913.1
1930000 913.4
1935000 912.1
1940000 914.1
1945000 913.5
1950000 905.7
1955000 913.4
1960000 906.7
1965000 913.5
1970000 900.1
1975000 914.1
1980000 914.0
1985000 913.3
1990000 913.9
1995000 914.9
2000000 203.6
