5000 5.1
10000 1.8
15000 83.1
20000 130.8
25000 100.9
30000 204.4
35000 174.9
40000 303.7
45000 167.5
50000 277.2
55000 227.3
60000 293.8
65000 257.2
70000 139.6
75000 299.1
80000 321.1
85000 518.2
90000 331.2
95000 305.1
100000 612.3
105000 453.3
110000 68.8
115000 287.4
120000 714.4
125000 434.0
130000 188.0
135000 776.3
140000 785.6
145000 789.0
150000 705.9
155000 821.3
160000 786.3
165000 828.0
170000 830.0
175000 806.2
180000 797.8
185000 850.7
190000 861.1
195000 851.4
200000 864.7
205000 856.0
210000 872.9
215000 835.0
220000 872.6
225000 864.9
230000 813.9
235000 876.8
240000 872.4
245000 862.1
250000 889.3
255000 886.4
260000 881.9
265000 888.8
270000 729.6
275000 884.6
280000 890.3
285000 890.0
290000 784.4
295000 898.6
300000 899.3
305000 898.7
310000 888.1
315000 877.3
320000 890.4
325000 896.1
330000 894.2
335000 891.0
340000 837.1
345000 876.8
350000 292.4
355000 896.1
360000 899.8
365000 887.9
370000 897.0
375000 899.9
380000 899.5
385000 901.4
390000 653.8
395000 901.3
400000 901.9
405000 896.4
410000 900.5
415000 900.3
420000 902.4
425000 898.9
430000 904.8
435000 905.9
440000 903.1
445000 900.2
450000 901.7
455000 904.7
460000 899.2
465000 900.9
470000 897.4
475000 901.6
480000 900.9
485000 904.1
490000 908.5
495000 906.4
500000 908.9
505000 910.5
510000 907.6
515000 907.2
520000 906.8
525000 909.5
530000 901.1
535000 908.4
540000 908.4
545000 907.2
550000 907.6
555000 907.0
560000 908.9
565000 910.0
570000 909.8
575000 905.7
580000 908.4
585000 910.2
590000 910.8
595000 908.1
600000 906.5
605000 910.6
610000 904.6
615000 911.8
620000 910.4
625000 909.5
630000 910.7
635000 907.2
640000 909.5
645000 909.6
650000 907.3
655000 737.1
660000 904.7
665000 55.4
670000 902.0
675000 908.5
680000 907.1
685000 57.4
690000 911.8
695000 912.4
700000 908.7
705000 821.3
710000 818.0
715000 911.8
720000 904.6
725000 913.2
730000 830.9
735000 905.5
740000 910.7
745000 909.2
750000 908.2
755000 912.6
760000 913.5
765000 61.7
770000 909.3
775000 912.6
780000 913.2
785000 913.0
790000 912.3
795000 913.4
800000 915.5
805000 913.2
810000 915.8
815000 910.6
820000 912.8
825000 911.7
830000 911.9
835000 914.5
840000 905.7
845000 914.4
850000 914.1
855000 917.2
860000 916.9
865000 917.6
870000 914.4
875000 915.5
880000 914.7
885000 915.9
890000 916.1
895000 916.8
900000 915.8
905000 916.4
910000 914.3
915000 910.9
920000 915.7
925000 915.0
930000 913.9
935000 914.9
940000 912.5
945000 912.6
950000 914.5
955000 915.3
960000 914.9
965000 916.8
970000 915.5
975000 917.9
980000 915.6
985000 914.2
990000 916.1
995000 916.0
1000000 915.4
1005000 897.3
1010000 910.9
1015000 915.7
1020000 916.8
1025000 915.5
1030000 917.3
1035000 912.3
1040000 916.4
1045000 914.6
1050000 916.5
1055000 918.3
1060000 918.4
1065000 846.3
1070000 913.6
1075000 916.2
1080000 916.8
1085000 881.2
1090000 920.2
1095000 920.7
1100000 920.3
1105000 916.8
1110000 920.4
1115000 918.1
1120000 918.6
1125000 920.9
1130000 919.0
1135000 850.1
1140000 922.6
1145000 921.6
1150000 922.2
1155000 918.5
1160000 922.7
1165000 906.8
1170000 921.4
1175000 921.3
1180000 918.9
1185000 922.2
1190000 924.3
1195000 922.2
1200000 922.4
1205000 55.6
1210000 922.0
1215000 860.6
1220000 881.5
1225000 923.3
1230000 919.0
1235000 854.7
1240000 779.5
1245000 921.2
1250000 923.7
1255000 856.4
1260000 922.6
1265000 913.9
1270000 591.7
1275000 848.8
1280000 824.1
1285000 922.4
1290000 725.7
1295000 819.4
1300000 918.7
1305000 808.4
1310000 60.1
1315000 723.1
1320000 681.8
1325000 916.6
1330000 921.5
1335000 919.5
1340000 840.0
1345000 841.4
1350000 911.5
1355000 917.8
1360000 912.3
1365000 919.1
1370000 920.5
1375000 916.7
1380000 192.7
1385000 920.8
1390000 919.4
1395000 919.2
1400000 843.4
1405000 920.8
1410000 911.0
1415000 884.8
1420000 922.1
1425000 923.3
1430000 920.5
1435000 921.6
1440000 919.7
1445000 920.2
1450000 916.1
1455000 850.2
1460000 920.6
1465000 845.9
1470000 912.9
1475000 919.5
1480000 921.9
1485000 26.7
1490000 919.1
1495000 865.1
1500000 922.0
1505000 905.7
1510000 916.8
1515000 923.9
1520000 849.0
1525000 811.1
1530000 917.0
1535000 920.9
1540000 853.4
1545000 922.2
1550000 918.5
1555000 914.9
1560000 922.0
1565000 420.2
1570000 919.2
1575000 81.5
1580000 920.7
1585000 124.2
1590000 922.9
1595000 921.7
1600000 917.9
1605000 921.7
1610000 922.8
1615000 917.1
1620000 922.4
1625000 50.3
1630000 919.6
1635000 919.0
1640000 848.7
1645000 845.9
1650000 920.7
1655000 797.5
1660000 876.3
1665000 913.9
1670000 885.3
1675000 740.3
1680000 921.8
1685000 918.1
1690000 922.5
1695000 922.5
1700000 909.3
1705000 841.8
1710000 873.6
1715000 920.3
1720000 911.4
1725000 877.0
1730000 911.6
1735000 910.7
1740000 911.0
1745000 919.2
1750000 917.6
1755000 918.6
1760000 919.7
1765000 212.2
1770000 921.6
1775000 919.4
1780000 793.8
1785000 88.8
1790000 838.7
1795000 851.8
1800000 894.7
1805000 921.6
1810000 922.5
1815000 921.8
1820000 921.8
1825000 924.0
1830000 920.6
1835000 918.6
1840000 921.5
1845000 923.1
1850000 920.6
1855000 923.5
1860000 920.9
1865000 919.5
1870000 745.2
1875000 921.6
1880000 915.9
1885000 922.5
1890000 919.5
1895000 921.6
1900000 919.1
1905000 921.2
1910000 921.7
1915000 919.1
1920000 920.7
1925000 712.7
1930000 917.2
1935000 840.8
1940000 825.2
1945000 919.5
1950000 922.5
1955000 833.7
1960000 877.6
1965000 917.3
1970000 916.0
1975000 918.6
1980000 908.6
1985000 919.4
1990000 920.2
1995000 920.0
2000000 922.7
