5000 24.7
10000 237.4
15000 23.5
20000 59.1
25000 43.2
30000 58.8
35000 109.4
40000 13.2
45000 257.8
50000 59.7
55000 60.9
60000 111.7
65000 12.8
70000 129.4
75000 156.6
80000 12.8
85000 70.3
90000 134.4
95000 142.7
100000 63.2
105000 128.2
110000 204.3
115000 211.4
120000 186.6
125000 144.7
130000 244.3
135000 196.8
140000 208.6
145000 434.3
150000 244.6
155000 351.7
160000 243.9
165000 255.9
170000 284.8
175000 296.5
180000 283.4
185000 350.4
190000 293.1
195000 275.8
200000 280.3
205000 271.0
210000 267.2
215000 295.1
220000 302.5
225000 193.4
230000 168.0
235000 239.2
240000 87.5
245000 119.5
250000 109.2
255000 112.4
260000 85.3
265000 246.8
270000 243.2
275000 128.8
280000 215.0
285000 55.2
290000 169.5
295000 162.4
300000 113.8
305000 199.2
310000 157.6
315000 153.2
320000 102.7
325000 219.3
330000 259.7
335000 286.0
340000 268.0
345000 152.9
350000 316.9
355000 307.7
360000 324.1
365000 201.4
370000 305.1
375000 334.6
380000 340.8
385000 270.8
390000 256.1
395000 332.4
400000 339.4
405000 280.9
410000 343.5
415000 294.6
420000 311.5
425000 319.4
430000 280.0
435000 308.6
440000 319.2
445000 304.1
450000 318.0
455000 296.6
460000 322.1
465000 301.7
470000 340.6
475000 317.8
480000 279.6
485000 348.3
490000 285.3
495000 328.5
500000 321.3
505000 321.3
510000 280.3
515000 298.2
520000 307.0
525000 316.6
530000 378.2
535000 257.6
540000 291.6
545000 305.9
550000 324.4
555000 367.8
560000 299.7
565000 303.8
570000 337.7
575000 366.8
580000 341.9
585000 327.1
590000 320.2
595000 272.1
600000 275.7
605000 303.2
610000 288.5
615000 464.3
620000 290.2
625000 42.7
630000 171.6
635000 33.0
640000 10.7
645000 103.6
650000 8.7
655000 27.9
660000 37.1
665000 30.1
670000 12.7
675000 16.7
680000 46.8
685000 32.2
690000 30.7
695000 129.6
700000 87.5
705000 29.9
710000 27.4
715000 27.1
720000 30.4
725000 47.8
730000 64.7
735000 56.8
740000 141.8
745000 96.3
750000 41.3
755000 24.7
760000 138.3
765000 132.2
770000 79.7
775000 109.9
780000 14.0
785000 187.2
790000 28.4
795000 76.7
800000 38.1
805000 105.0
810000 46.4
815000 28.2
820000 65.5
825000 33.6
830000 123.4
835000 169.2
840000 195.0
845000 37.1
850000 98.3
855000 51.9
860000 17.5
865000 50.1
870000 225.6
875000 40.5
880000 176.3
885000 84.0
890000 249.8
895000 99.8
900000 92.3
905000 140.9
910000 16.1
915000 19.0
920000 48.5
925000 105.7
930000 71.8
935000 65.0
940000 18.5
945000 86.1
950000 111.5
955000 121.2
960000 13.6
965000 79.4
970000 147.2
975000 265.5
980000 103.1
985000 371.3
990000 103.8
995000 315.1
1000000 78.6
1005000 129.1
1010000 98.6
1015000 131.2
1020000 83.7
1025000 220.3
1030000 144.1
1035000 27.8
1040000 44.2
1045000 12.0
1050000 123.5
1055000 70.1
1060000 19.6
1065000 55.9
1070000 48.6
1075000 94.7
1080000 140.5
1085000 14.4
1090000 139.0
1095000 129.8
1100000 59.5
1105000 6.6
1110000 23.6
1115000 107.3
1120000 153.0
1125000 16.4
1130000 139.1
1135000 36.3
1140000 93.4
1145000 12.0
1150000 47.5
1155000 62.3
1160000 35.4
1165000 109.9
1170000 103.5
1175000 14.9
1180000 66.2
1185000 47.0
1190000 200.5
1195000 22.9
1200000 82.4
1205000 106.6
1210000 9.0
1215000 63.1
1220000 63.2
1225000 95.0
1230000 77.8
1235000 39.2
1240000 68.9
1245000 87.0
1250000 15.0
1255000 91.4
1260000 139.6
1265000 99.5
1270000 23.7
1275000 148.6
1280000 56.7
1285000 71.1
1290000 90.0
1295000 80.3
1300000 182.6
1305000 164.1
1310000 101.5
1315000 164.6
1320000 107.2
1325000 86.2
1330000 204.8
1335000 99.1
1340000 100.5
1345000 97.9
1350000 23.5
1355000 142.2
1360000 40.9
1365000 70.7
1370000 245.4
1375000 82.1
1380000 96.1
1385000 73.8
1390000 39.0
1395000 188.8
1400000 85.6
1405000 195.1
1410000 165.3
1415000 79.1
1420000 50.7
1425000 69.0
1430000 73.8
1435000 73.4
1440000 77.0
1445000 194.9
1450000 63.2
1455000 191.2
1460000 39.1
1465000 241.7
1470000 141.1
1475000 318.2
1480000 90.1
1485000 162.0
1490000 151.3
1495000 38.4
1500000 93.8
1505000 18.9
1510000 138.6
1515000 79.5
1520000 94.1
1525000 48.5
1530000 131.5
1535000 146.1
1540000 54.5
1545000 179.8
1550000 130.4
1555000 68.7
1560000 83.7
1565000 115.2
1570000 94.4
1575000 67.3
1580000 16.9
1585000 42.5
1590000 176.7
1595000 33.1
1600000 42.8
1605000 108.4
1610000 67.4
1615000 50.4
1620000 22.8
1625000 21.7
1630000 74.5
1635000 40.8
1640000 21.3
1645000 90.0
1650000 131.1
1655000 68.1
1660000 131.4
1665000 207.7
1670000 53.7
1675000 201.4
1680000 123.0
1685000 162.0
1690000 58.5
1695000 153.6
1700000 28.9
1705000 42.4
1710000 26.5
1715000 209.1
1720000 150.0
1725000 148.8
1730000 35.7
1735000 171.1
1740000 165.2
1745000 26.3
1750000 99.3
1755000 118.7
1760000 34.2
1765000 102.0
1770000 145.8
1775000 36.4
1780000 141.4
1785000 50.8
1790000 170.9
1795000 140.9
1800000 140.9
1805000 78.8
1810000 94.9
1815000 164.2
1820000 224.3
1825000 53.5
1830000 9.5
1835000 128.4
1840000 137.2
1845000 51.6
1850000 146.1
1855000 140.4
1860000 18.5
1865000 172.1
1870000 46.2
1875000 198.0
1880000 102.3
1885000 31.8
1890000 131.3
1895000 18.8
1900000 13.5
1905000 201.0
1910000 146.9
1915000 174.7
1920000 57.5
1925000 125.1
1930000 37.8
