5000 40.0
10000 123.7
15000 103.7
20000 87.3
25000 34.8
30000 144.2
35000 107.9
40000 158.0
45000 104.5
50000 7.2
55000 65.6
60000 55.5
65000 17.4
70000 81.1
75000 36.5
80000 26.4
85000 52.0
90000 114.8
95000 123.8
100000 118.5
105000 147.4
110000 239.8
115000 170.6
120000 169.0
125000 161.9
130000 161.3
135000 172.7
140000 196.1
145000 155.0
150000 163.8
155000 170.2
160000 170.9
165000 202.6
170000 215.9
175000 157.8
180000 135.3
185000 87.0
190000 218.9
195000 99.4
200000 113.4
205000 119.8
210000 122.5
215000 86.7
220000 105.2
225000 85.9
230000 119.0
235000 99.9
240000 126.0
245000 56.3
250000 94.9
255000 62.1
260000 46.1
265000 84.6
270000 106.3
275000 96.5
280000 45.1
285000 98.1
290000 177.4
295000 75.1
300000 66.6
305000 78.2
310000 72.5
315000 46.1
320000 133.6
325000 42.2
330000 58.8
335000 205.5
340000 66.6
345000 18.1
350000 21.2
355000 42.6
360000 68.2
365000 25.1
370000 74.7
375000 166.8
380000 165.5
385000 103.2
390000 70.1
395000 98.7
400000 106.7
405000 38.2
410000 78.7
415000 64.3
420000 113.3
425000 19.5
430000 129.2
435000 37.8
440000 83.0
445000 92.6
450000 59.5
455000 144.4
460000 167.3
465000 39.6
470000 30.9
475000 132.9
480000 57.1
485000 102.0
490000 95.3
495000 71.2
500000 99.3
505000 34.5
510000 53.1
515000 78.3
520000 177.3
525000 57.7
530000 14.8
535000 52.8
540000 23.2
545000 150.1
550000 184.8
555000 109.3
560000 58.0
565000 164.4
570000 156.8
575000 24.2
580000 107.5
585000 120.5
590000 213.0
595000 11.8
600000 23.5
605000 53.1
610000 30.8
615000 41.0
620000 58.3
625000 112.4
630000 132.4
635000 132.1
640000 135.5
645000 157.6
650000 157.4
655000 146.2
660000 157.7
665000 42.5
670000 106.7
675000 229.6
680000 182.4
685000 182.0
690000 224.7
695000 110.1
700000 172.0
705000 82.2
710000 69.4
715000 116.9
720000 62.3
725000 115.0
730000 81.2
735000 82.2
740000 111.0
745000 201.2
750000 208.5
755000 61.0
760000 37.4
765000 110.7
770000 108.5
775000 23.0
780000 83.2
785000 119.0
790000 154.4
795000 49.5
800000 211.8
805000 67.3
810000 153.8
815000 151.7
820000 160.0
825000 69.2
830000 114.7
835000 199.8
840000 151.6
845000 128.7
850000 104.1
855000 153.2
860000 33.1
865000 87.9
870000 161.0
875000 106.0
880000 63.7
885000 39.2
890000 198.9
895000 188.6
900000 24.6
905000 17.3
910000 66.3
915000 15.8
920000 103.3
925000 62.3
930000 68.1
935000 33.2
940000 28.3
945000 9.8
950000 25.4
955000 18.2
960000 11.7
965000 38.4
970000 29.4
975000 57.4
980000 36.2
985000 42.8
990000 31.8
995000 151.5
1000000 17.7
1005000 36.9
1010000 35.7
1015000 113.1
1020000 118.4
1025000 55.5
1030000 14.9
1035000 17.0
1040000 106.8
1045000 37.0
1050000 141.2
1055000 24.2
1060000 22.3
1065000 36.2
1070000 16.3
1075000 11.4
1080000 88.3
1085000 54.1
1090000 14.1
1095000 145.2
1100000 57.8
1105000 20.1
1110000 15.3
1115000 16.9
1120000 74.9
1125000 90.6
1130000 12.6
1135000 293.2
1140000 11.6
1145000 23.4
1150000 29.5
1155000 54.6
1160000 55.4
1165000 36.8
1170000 16.2
1175000 10.8
1180000 24.5
1185000 137.8
1190000 13.2
1195000 7.5
1200000 16.3
1205000 10.7
1210000 57.5
1215000 106.7
1220000 16.9
1225000 38.2
1230000 11.9
1235000 11.7
1240000 8.5
1245000 29.9
1250000 10.1
1255000 65.8
1260000 56.6
1265000 113.3
1270000 101.9
1275000 8.5
1280000 106.4
1285000 156.5
1290000 104.3
1295000 57.8
1300000 142.3
1305000 51.9
1310000 51.7
1315000 9.0
1320000 23.3
1325000 4.1
1330000 48.7
1335000 104.5
1340000 27.3
1345000 107.7
1350000 8.1
1355000 152.2
1360000 199.4
1365000 26.8
1370000 108.7
1375000 19.0
1380000 6.3
1385000 106.6
1390000 53.5
1395000 96.7
1400000 11.3
1405000 203.4
1410000 9.7
1415000 60.8
1420000 105.6
1425000 23.5
1430000 83.8
1435000 96.4
1440000 206.2
1445000 103.4
1450000 108.5
1455000 295.6
1460000 159.0
1465000 203.3
1470000 150.2
1475000 105.1
1480000 201.2
1485000 60.2
1490000 12.6
1495000 54.9
1500000 57.8
1505000 153.3
1510000 56.4
1515000 104.0
1520000 103.7
1525000 58.5
1530000 5.1
1535000 152.9
1540000 44.5
1545000 157.0
1550000 58.8
1555000 60.3
1560000 148.1
1565000 207.5
1570000 107.0
1575000 55.2
1580000 105.5
1585000 103.6
1590000 249.8
1595000 299.4
1600000 53.1
1605000 160.2
1610000 7.8
1615000 200.5
1620000 9.5
1625000 153.3
1630000 126.0
1635000 103.3
1640000 104.1
1645000 102.6
1650000 107.4
1655000 104.0
1660000 152.4
1665000 12.4
1670000 62.9
1675000 58.2
1680000 59.3
1685000 204.0
1690000 102.7
1695000 105.9
1700000 53.7
1705000 103.1
1710000 79.7
1715000 199.7
1720000 55.4
1725000 6.1
1730000 155.2
1735000 157.6
1740000 105.9
1745000 136.4
1750000 151.1
1755000 104.8
1760000 201.1
1765000 104.7
1770000 78.1
1775000 62.4
1780000 200.0
1785000 59.9
1790000 150.7
1795000 155.5
1800000 252.7
1805000 12.7
1810000 157.5
1815000 12.1
1820000 203.1
1825000 152.6
1830000 156.4
1835000 58.1
1840000 253.1
1845000 156.0
1850000 55.2
1855000 119.1
1860000 106.6
1865000 104.2
1870000 251.8
1875000 64.5
1880000 156.2
1885000 129.2
1890000 74.2
1895000 54.7
1900000 54.9
1905000 60.8
1910000 62.2
1915000 7.6
1920000 247.3
1925000 56.6
1930000 101.6
1935000 127.5
1940000 102.8
1945000 54.9
1950000 102.6
1955000 56.3
1960000 155.3
1965000 62.4
1970000 10.7
1975000 150.7
1980000 247.6
1985000 112.6
1990000 74.7
1995000 246.4
2000000 72.8
