5000 115.1
10000 161.3
15000 238.2
20000 153.5
25000 58.2
30000 107.0
35000 151.0
40000 57.9
45000 110.1
50000 57.2
55000 109.4
60000 243.7
65000 117.0
70000 110.0
75000 65.8
80000 105.3
85000 227.6
90000 202.4
95000 245.0
100000 237.9
105000 126.4
110000 149.0
115000 191.9
120000 205.0
125000 277.0
130000 247.8
135000 259.7
140000 220.9
145000 258.6
150000 286.9
155000 322.8
160000 313.4
165000 290.3
170000 291.6
175000 279.7
180000 289.6
185000 318.8
190000 291.0
195000 279.9
200000 292.8
205000 308.4
210000 300.6
215000 304.0
220000 310.7
225000 306.6
230000 313.4
235000 306.7
240000 308.8
245000 301.5
250000 302.9
255000 311.3
260000 230.8
265000 308.2
270000 241.8
275000 207.3
280000 128.8
285000 168.6
290000 172.1
295000 263.0
300000 121.5
305000 205.0
310000 122.4
315000 286.5
320000 157.9
325000 162.8
330000 160.4
335000 131.5
340000 153.8
345000 173.5
350000 121.3
355000 196.9
360000 150.5
365000 131.7
370000 158.4
375000 138.7
380000 262.8
385000 181.7
390000 202.0
395000 57.7
400000 90.5
405000 248.0
410000 145.6
415000 77.1
420000 130.4
425000 247.1
430000 295.3
435000 160.0
440000 295.4
445000 106.9
450000 216.8
455000 152.6
460000 244.4
465000 186.7
470000 208.6
475000 147.1
480000 299.6
485000 265.2
490000 134.8
495000 145.6
500000 212.3
505000 69.4
510000 120.7
515000 109.3
520000 88.1
525000 116.9
530000 86.7
535000 118.2
540000 127.8
545000 102.0
550000 281.3
555000 194.6
560000 170.8
565000 140.6
570000 128.5
575000 122.0
580000 165.1
585000 68.2
590000 258.4
595000 210.5
600000 65.9
605000 220.7
610000 210.9
615000 177.2
620000 174.7
625000 234.2
630000 188.7
635000 163.0
640000 172.7
645000 122.6
650000 173.1
655000 49.4
660000 65.7
665000 189.6
670000 143.1
675000 166.4
680000 98.3
685000 186.8
690000 127.4
695000 109.0
700000 235.4
705000 150.4
710000 248.4
715000 180.7
720000 274.6
725000 151.1
730000 107.0
735000 166.9
740000 252.3
745000 191.1
750000 112.6
755000 237.1
760000 323.6
765000 306.7
770000 186.3
775000 119.1
780000 229.4
785000 274.6
790000 168.7
795000 175.2
800000 92.4
805000 114.0
810000 136.7
815000 154.1
820000 258.3
825000 99.8
830000 136.7
835000 86.9
840000 189.5
845000 192.5
850000 120.1
855000 165.0
860000 129.7
865000 103.3
870000 180.5
875000 254.7
880000 168.2
885000 144.6
890000 61.1
895000 143.9
900000 112.0
905000 237.6
910000 295.5
915000 149.4
920000 79.4
925000 200.4
930000 159.9
935000 212.0
940000 161.4
945000 115.5
950000 103.2
955000 223.8
960000 204.1
965000 86.2
970000 85.1
975000 217.8
980000 239.7
985000 177.4
990000 223.2
995000 231.5
1000000 94.4
1005000 97.4
1010000 231.3
1015000 172.5
1020000 293.6
1025000 80.2
1030000 156.4
1035000 123.3
1040000 121.9
1045000 197.5
1050000 129.3
1055000 239.1
1060000 222.3
1065000 181.8
1070000 140.1
1075000 136.9
1080000 168.1
1085000 129.8
1090000 152.9
1095000 270.6
1100000 199.2
1105000 254.0
1110000 198.2
1115000 260.7
1120000 231.8
1125000 202.6
1130000 180.6
1135000 245.6
1140000 105.6
1145000 202.4
1150000 268.7
1155000 264.4
1160000 238.2
1165000 157.1
1170000 192.4
1175000 215.7
1180000 202.3
1185000 219.3
1190000 174.2
1195000 143.8
1200000 196.0
1205000 246.6
1210000 259.3
1215000 219.9
1220000 245.9
1225000 243.6
1230000 254.6
1235000 223.4
1240000 267.2
1245000 241.4
1250000 224.3
1255000 222.3
1260000 158.4
1265000 121.4
1270000 153.0
1275000 255.5
1280000 208.4
1285000 201.8
1290000 221.9
1295000 229.7
1300000 205.3
1305000 300.8
1310000 107.2
1315000 140.5
1320000 118.3
1325000 264.5
1330000 154.5
1335000 249.4
1340000 112.4
1345000 260.8
1350000 179.9
1355000 104.0
1360000 295.1
1365000 78.2
1370000 204.1
1375000 253.4
1380000 224.5
1385000 214.6
1390000 279.7
1395000 77.3
1400000 163.1
1405000 177.7
1410000 144.6
1415000 194.5
1420000 101.3
1425000 223.2
1430000 246.6
1435000 117.9
1440000 205.4
1445000 162.1
1450000 249.7
1455000 235.1
1460000 149.7
1465000 213.4
1470000 91.8
1475000 184.4
1480000 130.4
1485000 148.7
1490000 175.4
1495000 127.2
1500000 174.3
1505000 160.3
1510000 123.1
1515000 132.6
1520000 161.6
1525000 156.2
1530000 219.7
1535000 211.0
1540000 127.5
1545000 154.6
1550000 106.2
1555000 136.2
1560000 77.3
1565000 259.3
1570000 148.6
1575000 129.6
1580000 138.9
1585000 211.5
1590000 169.8
1595000 161.7
1600000 126.0
1605000 144.0
1610000 91.1
1615000 131.5
1620000 81.2
1625000 146.1
1630000 162.4
1635000 181.4
1640000 161.4
1645000 203.1
1650000 118.0
1655000 196.1
1660000 168.6
1665000 136.8
1670000 164.8
1675000 216.3
1680000 127.2
1685000 175.2
1690000 108.9
1695000 117.4
1700000 171.5
1705000 160.3
1710000 154.4
1715000 95.3
1720000 142.6
1725000 136.6
1730000 114.0
1735000 229.1
1740000 130.4
1745000 180.8
1750000 215.1
1755000 169.3
1760000 107.4
1765000 148.3
1770000 192.0
1775000 176.4
1780000 122.0
1785000 68.1
1790000 183.6
1795000 181.2
1800000 96.8
1805000 131.1
1810000 182.2
1815000 87.5
1820000 107.7
1825000 177.6
1830000 173.5
1835000 73.4
1840000 87.3
1845000 155.3
1850000 194.0
1855000 228.5
1860000 108.0
1865000 110.9
1870000 73.2
1875000 181.6
1880000 240.1
1885000 158.6
1890000 153.6
1895000 108.6
1900000 113.2
1905000 201.8
1910000 122.5
1915000 169.7
1920000 224.7
1925000 149.1
1930000 161.7
1935000 116.1
1940000 83.2
1945000 125.2
1950000 162.2
1955000 104.8
1960000 140.4
1965000 187.1
1970000 78.3
1975000 195.9
1980000 173.3
1985000 90.2
1990000 103.5
1995000 128.8
2000000 34.0
