5000 70.9
10000 9.9
15000 58.8
20000 102.2
25000 250.0
30000 155.0
35000 57.2
40000 154.2
45000 57.9
50000 111.2
55000 59.2
60000 211.9
65000 63.7
70000 61.3
75000 72.6
80000 41.9
85000 107.6
90000 213.4
95000 111.4
100000 16.9
105000 135.7
110000 8.2
115000 60.0
120000 34.2
125000 56.0
130000 183.5
135000 150.3
140000 139.4
145000 153.5
150000 158.7
155000 152.5
160000 171.2
165000 177.8
170000 157.4
175000 230.1
180000 180.8
185000 170.8
190000 196.0
195000 185.4
200000 198.7
205000 233.9
210000 262.6
215000 217.0
220000 339.9
225000 248.8
230000 260.8
235000 215.9
240000 242.8
245000 239.6
250000 286.5
255000 265.3
260000 272.3
265000 256.8
270000 283.4
275000 289.4
280000 226.2
285000 119.4
290000 286.7
295000 255.9
300000 175.0
305000 274.1
310000 268.8
315000 240.5
320000 217.7
325000 256.9
330000 242.3
335000 281.2
340000 310.6
345000 239.8
350000 236.8
355000 183.1
360000 39.9
365000 188.8
370000 120.9
375000 132.3
380000 145.2
385000 196.3
390000 184.3
395000 109.1
400000 157.7
405000 129.2
410000 195.6
415000 125.4
420000 202.6
425000 154.6
430000 217.8
435000 159.6
440000 169.2
445000 41.9
450000 108.1
455000 59.1
460000 79.2
465000 73.6
470000 289.3
475000 78.3
480000 86.5
485000 186.8
490000 133.6
495000 180.0
500000 69.7
505000 30.4
510000 44.5
515000 35.1
520000 42.7
525000 48.4
530000 95.0
535000 69.9
540000 85.7
545000 65.0
550000 27.6
555000 101.7
560000 28.9
565000 122.6
570000 26.4
575000 45.0
580000 70.9
585000 66.3
590000 85.8
595000 60.4
600000 147.0
605000 195.4
610000 55.8
615000 55.4
620000 65.6
625000 53.0
630000 107.2
635000 14.4
640000 129.3
645000 102.4
650000 18.7
655000 136.1
660000 7.2
665000 188.7
670000 134.8
675000 61.9
680000 145.1
685000 219.5
690000 91.4
695000 52.2
700000 21.9
705000 26.7
710000 41.7
715000 15.7
720000 89.2
725000 134.6
730000 49.8
735000 161.4
740000 71.3
745000 76.0
750000 75.9
755000 117.8
760000 75.3
765000 194.8
770000 112.3
775000 284.1
780000 210.0
785000 178.0
790000 223.5
795000 84.7
800000 193.3
805000 97.4
810000 198.6
815000 103.1
820000 210.7
825000 247.3
830000 334.9
835000 159.0
840000 184.3
845000 251.7
850000 178.7
855000 187.5
860000 190.8
865000 215.0
870000 223.7
875000 182.3
880000 399.1
885000 370.3
890000 136.0
895000 100.0
900000 203.2
905000 140.3
910000 96.3
915000 130.7
920000 44.0
925000 168.3
930000 300.3
935000 152.9
940000 258.6
945000 140.7
950000 151.1
955000 161.4
960000 262.3
965000 191.4
970000 220.7
975000 189.4
980000 130.2
985000 178.7
990000 135.7
995000 179.9
1000000 197.6
1005000 224.6
1010000 38.1
1015000 286.0
1020000 287.6
1025000 324.7
1030000 237.5
1035000 218.1
1040000 427.1
1045000 393.7
1050000 159.5
1055000 228.8
1060000 216.4
1065000 265.7
1070000 425.5
1075000 351.1
1080000 404.7
1085000 198.3
1090000 235.4
1095000 204.9
1100000 376.2
1105000 176.5
1110000 235.9
1115000 236.7
1120000 246.0
1125000 345.3
1130000 306.5
1135000 258.6
1140000 209.1
1145000 217.0
1150000 217.8
1155000 287.7
1160000 376.3
1165000 132.9
1170000 149.9
1175000 105.7
1180000 213.1
1185000 177.6
1190000 364.2
1195000 182.5
1200000 113.4
1205000 247.2
1210000 280.0
1215000 146.2
1220000 419.2
1225000 80.8
1230000 404.3
1235000 273.6
1240000 207.2
1245000 273.1
1250000 331.9
1255000 462.1
1260000 210.9
1265000 442.0
1270000 458.7
1275000 334.0
1280000 252.8
1285000 288.3
1290000 119.3
1295000 268.6
1300000 40.6
1305000 361.2
1310000 247.0
1315000 383.3
1320000 200.4
1325000 279.2
1330000 378.0
1335000 359.4
1340000 334.6
1345000 463.5
1350000 197.5
1355000 411.8
1360000 376.1
1365000 454.6
1370000 129.6
1375000 291.3
1380000 69.6
1385000 278.2
1390000 405.2
1395000 197.4
1400000 418.3
1405000 200.8
1410000 372.5
1415000 220.9
1420000 386.4
1425000 319.4
1430000 240.3
1435000 471.9
1440000 442.3
1445000 437.9
1450000 450.0
1455000 443.2
1460000 271.8
1465000 451.4
1470000 409.4
1475000 365.8
1480000 449.9
1485000 465.4
1490000 405.6
1495000 326.9
1500000 306.0
1505000 427.7
1510000 436.3
1515000 326.6
1520000 335.6
1525000 459.0
1530000 469.8
1535000 357.0
1540000 374.8
1545000 376.4
1550000 464.5
1555000 464.0
1560000 239.5
1565000 378.3
1570000 327.2
1575000 453.5
1580000 357.5
1585000 426.6
1590000 443.6
1595000 435.4
1600000 286.7
1605000 429.1
1610000 328.6
1615000 209.3
1620000 251.9
1625000 107.9
1630000 328.8
1635000 289.7
1640000 256.6
1645000 419.1
1650000 436.9
1655000 331.7
1660000 400.1
1665000 431.9
1670000 385.4
1675000 375.0
1680000 455.2
1685000 481.8
1690000 429.0
1695000 255.8
1700000 453.9
1705000 312.7
1710000 446.7
1715000 374.8
1720000 383.4
1725000 467.6
1730000 430.2
1735000 208.5
1740000 316.6
1745000 402.2
1750000 385.2
1755000 296.6
1760000 252.4
1765000 429.1
1770000 304.0
1775000 438.4
1780000 416.6
1785000 420.7
1790000 154.9
1795000 370.4
1800000 437.3
1805000 466.9
1810000 388.8
1815000 345.1
1820000 351.4
1825000 384.6
1830000 341.3
1835000 399.8
1840000 264.0
1845000 270.9
1850000 184.5
1855000 299.4
1860000 205.7
1865000 196.6
1870000 465.7
1875000 270.9
1880000 348.8
1885000 371.5
1890000 289.9
1895000 459.1
1900000 294.5
1905000 403.6
1910000 399.7
1915000 178.4
1920000 99.5
1925000 346.2
1930000 271.3
1935000 229.4
1940000 424.1
1945000 295.5
1950000 207.5
1955000 387.1
1960000 222.2
1965000 340.4
1970000 373.7
1975000 197.5
1980000 300.6
1985000 432.5
1990000 439.8
1995000 260.3
2000000 116.7
