5000 78.9
10000 154.6
15000 152.9
20000 108.3
25000 103.6
30000 54.8
35000 8.3
40000 76.1
45000 154.5
50000 60.6
55000 17.9
60000 28.7
65000 216.4
70000 22.7
75000 247.8
80000 43.5
85000 252.3
90000 129.5
95000 212.7
100000 142.2
105000 176.1
110000 170.7
115000 152.6
120000 170.1
125000 201.9
130000 193.4
135000 181.1
140000 188.8
145000 201.2
150000 206.9
155000 183.5
160000 177.3
165000 176.2
170000 165.8
175000 193.8
180000 169.9
185000 136.7
190000 117.4
195000 200.0
200000 215.3
205000 138.5
210000 140.3
215000 158.2
220000 172.4
225000 106.7
230000 132.4
235000 187.8
240000 86.5
245000 29.9
250000 172.0
255000 70.5
260000 40.3
265000 27.6
270000 180.5
275000 224.2
280000 263.3
285000 226.2
290000 78.0
295000 85.5
300000 35.8
305000 210.3
310000 193.8
315000 88.6
320000 50.8
325000 343.1
330000 142.9
335000 144.1
340000 204.8
345000 159.8
350000 146.8
355000 264.6
360000 102.3
365000 354.8
370000 247.5
375000 226.2
380000 286.1
385000 464.3
390000 290.8
395000 354.6
400000 406.2
405000 237.9
410000 374.5
415000 416.5
420000 377.8
425000 427.5
430000 407.9
435000 414.8
440000 384.2
445000 360.5
450000 447.1
455000 464.4
460000 453.0
465000 432.1
470000 288.8
475000 331.2
480000 361.9
485000 357.8
490000 464.7
495000 397.9
500000 427.6
505000 467.7
510000 453.4
515000 436.5
520000 452.1
525000 424.8
530000 470.1
535000 381.7
540000 440.6
545000 468.6
550000 461.3
555000 451.9
560000 457.0
565000 470.9
570000 388.2
575000 430.6
580000 430.6
585000 465.0
590000 473.2
595000 448.7
600000 442.5
605000 473.3
610000 469.9
615000 467.2
620000 445.7
625000 414.7
630000 479.3
635000 470.9
640000 463.1
645000 455.2
650000 463.3
655000 474.0
660000 465.2
665000 456.1
670000 468.2
675000 479.1
680000 456.9
685000 454.9
690000 434.9
695000 452.1
700000 455.8
705000 474.3
710000 480.7
715000 470.6
720000 452.2
725000 456.8
730000 392.5
735000 456.6
740000 466.5
745000 477.6
750000 426.1
755000 448.6
760000 293.3
765000 448.8
770000 430.7
775000 397.6
780000 466.6
785000 472.4
790000 472.0
795000 463.4
800000 440.3
805000 468.1
810000 387.7
815000 454.7
820000 451.5
825000 467.5
830000 469.4
835000 466.3
840000 445.8
845000 448.7
850000 474.8
855000 462.1
860000 443.9
865000 403.3
870000 442.0
875000 478.6
880000 457.1
885000 467.5
890000 456.8
895000 465.4
900000 448.4
905000 449.8
910000 459.0
915000 481.3
920000 461.0
925000 473.5
930000 387.3
935000 321.6
940000 399.8
945000 448.5
950000 461.7
955000 485.5
960000 441.7
965000 431.5
970000 454.2
975000 479.3
980000 443.5
985000 441.9
990000 420.3
995000 460.2
1000000 368.7
1005000 445.8
1010000 476.0
1015000 432.3
1020000 464.8
1025000 452.7
1030000 454.6
1035000 463.9
1040000 451.8
1045000 440.1
1050000 455.6
1055000 395.4
1060000 414.6
1065000 455.3
1070000 406.5
1075000 482.0
1080000 457.8
1085000 445.8
1090000 458.2
1095000 461.2
1100000 452.5
1105000 454.7
1110000 462.4
1115000 461.7
1120000 434.0
1125000 460.2
1130000 455.1
1135000 326.1
1140000 431.9
1145000 475.6
1150000 465.3
1155000 437.9
1160000 407.6
1165000 371.7
1170000 457.2
1175000 462.1
1180000 459.5
1185000 434.6
1190000 449.3
1195000 220.4
1200000 466.3
1205000 464.0
1210000 477.5
1215000 477.4
1220000 459.3
1225000 458.2
1230000 469.1
1235000 445.4
1240000 461.9
1245000 475.9
1250000 473.6
1255000 451.0
1260000 469.6
1265000 437.7
1270000 476.5
1275000 449.2
1280000 455.6
1285000 405.0
1290000 448.1
1295000 374.3
1300000 461.8
1305000 448.5
1310000 451.5
1315000 464.1
1320000 432.7
1325000 454.4
1330000 455.3
1335000 441.9
1340000 454.2
1345000 454.0
1350000 447.6
1355000 458.5
1360000 470.3
1365000 467.6
1370000 337.5
1375000 454.0
1380000 455.1
1385000 467.7
1390000 473.0
1395000 470.9
1400000 405.7
1405000 394.9
1410000 360.0
1415000 467.2
1420000 476.0
1425000 386.3
1430000 479.7
1435000 411.8
1440000 371.5
1445000 469.2
1450000 468.7
1455000 469.1
1460000 465.6
1465000 469.0
1470000 453.3
1475000 457.0
1480000 458.2
1485000 467.7
1490000 466.3
1495000 465.7
1500000 461.5
1505000 468.5
1510000 467.6
1515000 471.6
1520000 452.9
1525000 345.9
1530000 466.6
1535000 467.6
1540000 465.2
1545000 425.4
1550000 436.9
1555000 372.8
1560000 476.0
1565000 474.4
1570000 462.7
1575000 395.8
1580000 482.3
1585000 446.6
1590000 466.5
1595000 466.8
1600000 466.7
1605000 432.7
1610000 466.7
1615000 471.8
1620000 467.9
1625000 464.0
1630000 483.2
1635000 468.2
1640000 432.1
1645000 472.9
1650000 471.8
1655000 470.6
1660000 434.4
1665000 436.6
1670000 432.2
1675000 475.2
1680000 442.4
1685000 457.4
1690000 468.5
1695000 474.1
1700000 447.1
1705000 466.1
1710000 440.6
1715000 458.4
1720000 443.7
1725000 466.1
1730000 428.5
1735000 466.3
1740000 481.4
1745000 477.1
1750000 468.6
1755000 457.4
1760000 427.4
1765000 456.9
1770000 459.6
1775000 482.0
1780000 466.7
1785000 480.7
1790000 469.1
1795000 467.8
1800000 448.6
1805000 326.9
1810000 463.7
1815000 473.7
1820000 468.7
1825000 464.3
1830000 472.0
1835000 478.1
1840000 458.1
1845000 290.0
1850000 479.8
1855000 466.5
1860000 466.2
1865000 468.1
1870000 462.4
1875000 481.3
1880000 470.7
1885000 468.5
1890000 474.0
1895000 467.3
1900000 483.5
1905000 466.5
1910000 475.4
1915000 465.1
1920000 467.6
1925000 485.4
1930000 479.6
1935000 466.2
1940000 479.5
1945000 462.2
1950000 477.8
1955000 481.1
1960000 468.7
1965000 460.3
1970000 482.9
1975000 476.1
1980000 470.0
1985000 458.4
1990000 445.8
1995000 470.5
2000000 486.1
