5000 28.0
10000 197.2
15000 58.3
20000 13.8
25000 80.3
30000 9.0
35000 148.9
40000 105.0
45000 50.4
50000 57.9
55000 158.7
60000 99.4
65000 107.3
70000 21.0
75000 117.8
80000 151.1
85000 177.4
90000 136.8
95000 200.7
100000 206.5
105000 169.1
110000 167.0
115000 224.2
120000 199.5
125000 222.0
130000 192.1
135000 260.8
140000 264.7
145000 235.7
150000 193.1
155000 238.9
160000 186.2
165000 189.2
170000 16.2
175000 457.0
180000 231.9
185000 386.5
190000 190.8
195000 380.8
200000 473.9
205000 466.4
210000 483.3
215000 431.8
220000 295.2
225000 443.9
230000 407.7
235000 469.9
240000 345.5
245000 337.7
250000 197.1
255000 204.8
260000 390.2
265000 309.3
270000 267.2
275000 210.6
280000 382.5
285000 342.6
290000 384.8
295000 422.2
300000 210.2
305000 452.1
310000 348.8
315000 390.9
320000 291.4
325000 261.9
330000 471.8
335000 460.6
340000 434.5
345000 445.8
350000 442.6
355000 456.7
360000 312.2
365000 437.7
370000 408.9
375000 469.7
380000 470.7
385000 485.0
390000 429.9
395000 437.0
400000 358.3
405000 479.1
410000 481.8
415000 474.6
420000 452.4
425000 447.8
430000 414.3
435000 358.5
440000 454.6
445000 422.5
450000 478.8
455000 479.0
460000 472.9
465000 470.1
470000 458.2
475000 477.8
480000 431.0
485000 402.5
490000 482.9
495000 407.4
500000 463.7
505000 464.3
510000 468.7
515000 481.1
520000 482.5
525000 470.8
530000 483.6
535000 480.3
540000 473.6
545000 469.7
550000 456.7
555000 448.7
560000 476.6
565000 438.2
570000 460.1
575000 421.6
580000 469.8
585000 482.9
590000 477.3
595000 472.4
600000 479.2
605000 471.0
610000 403.4
615000 479.3
620000 478.4
625000 258.4
630000 463.3
635000 428.4
640000 269.4
645000 389.0
650000 259.0
655000 478.7
660000 274.9
665000 481.5
670000 453.9
675000 478.0
680000 478.4
685000 480.7
690000 476.6
695000 470.7
700000 463.2
705000 409.9
710000 481.4
715000 464.4
720000 327.3
725000 480.9
730000 448.7
735000 303.7
740000 355.9
745000 467.2
750000 338.5
755000 463.9
760000 369.3
765000 484.1
770000 487.4
775000 480.0
780000 479.7
785000 468.7
790000 481.5
795000 316.7
800000 250.4
805000 337.4
810000 477.4
815000 479.8
820000 472.3
825000 406.3
830000 477.4
835000 488.2
840000 394.5
845000 487.2
850000 453.4
855000 479.1
860000 455.8
865000 433.7
870000 439.8
875000 472.9
880000 481.7
885000 427.5
890000 423.6
895000 486.8
900000 483.0
905000 295.6
910000 487.3
915000 481.7
920000 485.4
925000 198.1
930000 285.7
935000 479.7
940000 486.6
945000 482.7
950000 487.7
955000 477.5
960000 481.8
965000 487.8
970000 476.2
975000 479.5
980000 474.6
985000 476.9
990000 481.2
995000 488.6
1000000 480.5
1005000 487.1
1010000 342.1
1015000 478.5
1020000 474.3
1025000 492.6
1030000 488.1
1035000 484.1
1040000 482.1
1045000 315.3
1050000 485.1
1055000 485.5
1060000 463.3
1065000 485.0
1070000 488.6
1075000 480.5
1080000 488.6
1085000 477.5
1090000 482.7
1095000 480.7
1100000 479.9
1105000 478.0
1110000 472.5
1115000 479.2
1120000 416.4
1125000 484.8
1130000 470.4
1135000 478.7
1140000 486.0
1145000 484.1
1150000 486.4
1155000 484.5
1160000 469.5
1165000 485.8
1170000 482.2
1175000 344.9
1180000 373.6
1185000 266.0
1190000 438.0
1195000 243.2
1200000 278.9
1205000 263.7
1210000 283.7
1215000 424.3
1220000 486.5
1225000 322.7
1230000 287.5
1235000 418.3
1240000 486.0
1245000 492.5
1250000 449.0
1255000 467.6
1260000 480.0
1265000 257.7
1270000 487.3
1275000 479.3
1280000 488.0
1285000 476.5
1290000 474.1
1295000 477.9
1300000 486.8
1305000 279.0
1310000 417.8
1315000 484.0
1320000 189.9
1325000 475.4
1330000 325.4
1335000 472.6
1340000 486.9
1345000 473.4
1350000 224.8
1355000 470.5
1360000 480.1
1365000 477.0
1370000 486.7
1375000 501.4
1380000 490.5
1385000 379.3
1390000 489.4
1395000 483.8
1400000 490.3
1405000 483.5
1410000 484.8
1415000 490.8
1420000 490.8
1425000 485.0
1430000 479.9
1435000 493.3
1440000 477.6
1445000 484.9
1450000 488.8
1455000 485.4
1460000 495.0
1465000 478.4
1470000 483.9
1475000 498.2
1480000 486.0
1485000 482.1
1490000 471.1
1495000 487.2
1500000 491.6
1505000 480.9
1510000 482.0
1515000 484.5
1520000 361.1
1525000 478.7
1530000 459.7
1535000 485.9
1540000 490.3
1545000 485.8
1550000 490.9
1555000 491.9
1560000 491.7
1565000 485.9
1570000 483.0
1575000 484.5
1580000 486.4
1585000 486.2
1590000 482.8
1595000 489.7
1600000 480.2
1605000 485.8
1610000 486.2
1615000 452.6
1620000 488.0
1625000 261.8
1630000 308.4
1635000 375.2
1640000 476.5
1645000 479.4
1650000 488.4
1655000 487.3
1660000 507.2
1665000 540.7
1670000 514.0
1675000 492.5
1680000 508.2
1685000 500.1
1690000 501.8
1695000 492.9
1700000 493.8
1705000 526.1
1710000 512.4
1715000 484.6
1720000 497.0
1725000 444.2
1730000 267.7
1735000 479.9
1740000 505.7
1745000 524.9
1750000 508.0
1755000 514.8
1760000 525.4
1765000 518.7
1770000 521.3
1775000 496.7
1780000 97.5
1785000 515.9
1790000 499.2
1795000 503.1
1800000 522.8
1805000 496.8
1810000 505.7
1815000 495.3
1820000 470.1
1825000 514.9
1830000 497.9
1835000 520.0
1840000 530.9
1845000 520.1
1850000 529.8
1855000 532.4
1860000 520.8
1865000 533.7
1870000 523.3
1875000 537.3
1880000 534.7
1885000 536.3
1890000 531.9
1895000 536.8
1900000 541.3
1905000 524.1
1910000 486.4
1915000 46.5
1920000 478.7
1925000 507.5
1930000 522.5
1935000 542.9
1940000 536.8
1945000 557.3
1950000 509.2
1955000 574.4
1960000 567.5
1965000 563.3
1970000 567.3
1975000 504.9
1980000 567.7
1985000 572.9
1990000 575.6
1995000 569.0
2000000 565.2
