5000 19.6
10000 70.7
15000 106.2
20000 10.7
25000 246.6
30000 177.9
35000 204.6
40000 199.7
45000 55.0
50000 156.2
55000 61.2
60000 90.4
65000 59.3
70000 107.4
75000 58.3
80000 100.1
85000 20.0
90000 163.7
95000 85.0
100000 81.9
105000 75.5
110000 88.0
115000 168.0
120000 295.4
125000 153.6
130000 176.3
135000 187.6
140000 191.0
145000 206.0
150000 272.6
155000 163.8
160000 191.6
165000 210.0
170000 197.4
175000 205.3
180000 251.7
185000 297.2
190000 253.5
195000 248.7
200000 261.1
205000 269.4
210000 256.9
215000 259.4
220000 269.8
225000 307.7
230000 273.5
235000 282.8
240000 270.2
245000 251.6
250000 292.7
255000 252.6
260000 268.3
265000 292.8
270000 269.3
275000 230.8
280000 268.8
285000 236.2
290000 53.2
295000 110.9
300000 100.0
305000 130.8
310000 100.0
315000 191.6
320000 42.1
325000 55.2
330000 100.5
335000 185.8
340000 132.5
345000 102.7
350000 63.1
355000 92.4
360000 93.4
365000 42.4
370000 120.7
375000 81.6
380000 60.1
385000 51.1
390000 217.1
395000 257.6
400000 31.8
405000 98.9
410000 21.9
415000 23.6
420000 37.6
425000 32.5
430000 229.5
435000 104.0
440000 61.7
445000 151.8
450000 166.0
455000 52.0
460000 53.8
465000 78.8
470000 44.7
475000 37.4
480000 102.9
485000 85.6
490000 108.2
495000 57.8
500000 53.8
505000 98.6
510000 59.8
515000 102.2
520000 103.6
525000 112.2
530000 105.8
535000 251.4
540000 79.0
545000 129.2
550000 135.8
555000 87.4
560000 141.4
565000 100.3
570000 87.0
575000 36.5
580000 87.7
585000 54.8
590000 41.3
595000 29.5
600000 6.4
605000 30.0
610000 31.8
615000 18.7
620000 105.6
625000 19.7
630000 63.0
635000 127.6
640000 68.6
645000 39.5
650000 64.0
655000 7.7
660000 112.7
665000 67.9
670000 124.4
675000 55.5
680000 92.3
685000 88.6
690000 119.5
695000 69.1
700000 42.7
705000 55.1
710000 44.3
715000 72.8
720000 216.2
725000 60.8
730000 79.2
735000 172.7
740000 71.1
745000 60.6
750000 128.2
755000 130.6
760000 252.8
765000 301.1
770000 68.5
775000 248.8
780000 192.3
785000 154.1
790000 83.2
795000 232.4
800000 220.7
805000 253.8
810000 249.7
815000 252.1
820000 261.2
825000 81.5
830000 212.7
835000 200.2
840000 235.4
845000 52.5
850000 311.9
855000 244.5
860000 265.4
865000 313.2
870000 228.0
875000 393.1
880000 245.8
885000 184.8
890000 117.8
895000 40.2
900000 142.7
905000 375.9
910000 249.9
915000 212.0
920000 183.2
925000 262.3
930000 448.2
935000 53.3
940000 286.9
945000 323.1
950000 127.4
955000 345.1
960000 414.0
965000 203.1
970000 136.6
975000 344.6
980000 51.7
985000 294.7
990000 264.3
995000 439.3
1000000 446.4
1005000 419.6
1010000 375.2
1015000 340.6
1020000 459.2
1025000 315.7
1030000 169.2
1035000 327.8
1040000 58.1
1045000 475.7
1050000 43.8
1055000 384.7
1060000 243.4
1065000 277.3
1070000 102.5
1075000 242.2
1080000 191.4
1085000 128.5
1090000 105.8
1095000 125.5
1100000 161.0
1105000 200.1
1110000 78.7
1115000 15.6
1120000 237.9
1125000 71.3
1130000 31.2
1135000 435.0
1140000 163.4
1145000 152.4
1150000 273.9
1155000 255.0
1160000 211.6
1165000 69.3
1170000 240.1
1175000 261.5
1180000 401.2
1185000 177.0
1190000 304.1
1195000 267.7
1200000 180.0
1205000 179.8
1210000 199.5
1215000 231.8
1220000 158.6
1225000 30.4
1230000 479.2
1235000 260.8
1240000 276.3
1245000 149.0
1250000 299.2
1255000 157.2
1260000 290.8
1265000 239.3
1270000 409.0
1275000 256.6
1280000 100.5
1285000 408.3
1290000 306.4
1295000 241.8
1300000 170.4
1305000 219.7
1310000 175.6
1315000 251.9
1320000 238.0
1325000 388.5
1330000 289.0
1335000 448.7
1340000 466.4
1345000 434.9
1350000 293.8
1355000 308.4
1360000 322.3
1365000 368.2
1370000 370.6
1375000 335.3
1380000 242.9
1385000 105.3
1390000 121.9
1395000 454.9
1400000 396.7
1405000 304.4
1410000 395.3
1415000 466.3
1420000 289.9
1425000 235.7
1430000 402.9
1435000 150.2
1440000 430.2
1445000 177.5
1450000 421.3
1455000 401.1
1460000 376.8
1465000 342.0
1470000 420.6
1475000 393.8
1480000 458.6
1485000 364.0
1490000 446.4
1495000 284.8
1500000 158.8
1505000 146.1
1510000 51.3
1515000 434.3
1520000 230.7
1525000 379.1
1530000 441.8
1535000 326.5
1540000 147.4
1545000 255.7
1550000 199.1
1555000 106.4
1560000 155.5
1565000 390.1
1570000 427.4
1575000 370.8
1580000 344.0
1585000 468.2
1590000 316.9
1595000 256.1
1600000 461.0
1605000 288.9
1610000 330.3
1615000 467.2
1620000 298.4
1625000 246.6
1630000 341.2
1635000 377.6
1640000 383.6
1645000 332.5
1650000 420.6
1655000 267.7
1660000 422.1
1665000 378.7
1670000 400.8
1675000 238.5
1680000 52.3
1685000 324.3
1690000 470.8
1695000 466.1
1700000 364.3
1705000 476.3
1710000 202.4
1715000 293.3
1720000 407.8
1725000 452.0
1730000 379.2
1735000 459.3
1740000 473.4
1745000 146.1
1750000 466.8
1755000 460.1
1760000 343.7
1765000 461.2
1770000 449.6
1775000 388.7
1780000 292.1
1785000 475.1
1790000 390.7
1795000 464.0
1800000 476.4
1805000 471.9
1810000 471.6
1815000 398.6
1820000 452.7
1825000 462.4
1830000 446.0
1835000 109.3
1840000 475.1
1845000 311.1
1850000 478.3
1855000 462.6
1860000 175.8
1865000 350.3
1870000 437.7
1875000 451.7
1880000 190.2
1885000 109.1
1890000 172.2
1895000 299.2
1900000 462.9
1905000 383.3
1910000 442.2
1915000 472.5
1920000 444.7
1925000 463.4
1930000 418.7
1935000 466.6
1940000 471.8
1945000 66.8
1950000 252.7
1955000 248.9
1960000 432.6
