5000 175.1
10000 158.9
15000 153.7
20000 109.1
25000 58.1
30000 204.3
35000 152.3
40000 103.9
45000 206.8
50000 105.1
55000 110.3
60000 112.7
65000 109.2
70000 112.2
75000 11.5
80000 111.0
85000 59.3
90000 152.9
95000 178.9
100000 101.0
105000 110.2
110000 105.4
115000 52.9
120000 102.9
125000 80.2
130000 9.0
135000 70.1
140000 103.5
145000 50.6
150000 30.7
155000 32.2
160000 45.3
165000 76.4
170000 79.8
175000 92.1
180000 152.0
185000 164.8
190000 192.2
195000 187.0
200000 183.7
205000 194.7
210000 201.2
215000 192.5
220000 197.3
225000 201.2
230000 213.9
235000 186.7
240000 178.0
245000 213.9
250000 233.3
255000 215.1
260000 242.1
265000 216.4
270000 242.4
275000 263.8
280000 170.1
285000 244.3
290000 172.0
295000 257.4
300000 192.3
305000 229.6
310000 258.6
315000 280.5
320000 238.2
325000 261.1
330000 242.0
335000 250.4
340000 216.8
345000 456.6
350000 403.2
355000 450.9
360000 44.3
365000 120.1
370000 51.0
375000 31.7
380000 60.9
385000 117.1
390000 60.7
395000 66.4
400000 26.6
405000 45.8
410000 27.9
415000 35.7
420000 67.5
425000 42.9
430000 24.3
435000 121.8
440000 53.7
445000 32.1
450000 128.2
455000 57.7
460000 35.6
465000 43.0
470000 26.9
475000 22.8
480000 31.5
485000 57.7
490000 40.7
495000 32.6
500000 20.7
505000 56.1
510000 30.2
515000 47.6
520000 113.1
525000 18.3
530000 58.3
535000 12.3
540000 64.4
545000 164.2
550000 49.0
555000 124.2
560000 196.0
565000 68.9
570000 40.7
575000 22.3
580000 63.1
585000 71.2
590000 63.0
595000 123.5
600000 41.1
605000 108.4
610000 73.4
615000 112.6
620000 31.4
625000 118.7
630000 137.3
635000 67.9
640000 66.3
645000 25.8
650000 108.0
655000 58.9
660000 10.3
665000 95.7
670000 131.7
675000 10.8
680000 76.9
685000 159.6
690000 149.0
695000 76.1
700000 92.5
705000 58.8
710000 197.5
715000 154.3
720000 122.5
725000 107.5
730000 65.4
735000 188.4
740000 249.2
745000 156.0
750000 203.6
755000 56.6
760000 207.7
765000 173.4
770000 166.3
775000 214.6
780000 60.8
785000 203.5
790000 292.4
795000 22.0
800000 14.4
805000 128.7
810000 221.5
815000 18.0
820000 61.0
825000 186.2
830000 196.2
835000 30.6
840000 109.9
845000 28.1
850000 57.0
855000 39.3
860000 98.0
865000 99.9
870000 80.4
875000 37.8
880000 82.6
885000 35.8
890000 17.8
895000 109.4
900000 133.2
905000 188.2
910000 22.0
915000 62.0
920000 112.4
925000 64.2
930000 23.6
935000 44.3
940000 113.7
945000 85.6
950000 49.4
955000 113.1
960000 36.9
965000 49.3
970000 10.2
975000 116.9
980000 133.8
985000 54.8
990000 111.9
995000 36.9
1000000 153.0
1005000 42.5
1010000 32.1
1015000 41.4
1020000 178.3
1025000 57.9
1030000 6.0
1035000 67.2
1040000 27.1
1045000 14.8
1050000 62.3
1055000 126.3
1060000 76.6
1065000 24.9
1070000 66.1
1075000 29.8
1080000 182.0
1085000 87.8
1090000 30.5
1095000 26.7
1100000 114.2
1105000 224.9
1110000 251.1
1115000 64.4
1120000 165.1
1125000 20.5
1130000 39.3
1135000 23.8
1140000 111.6
1145000 93.7
1150000 96.1
1155000 231.6
1160000 79.3
1165000 72.8
1170000 197.8
1175000 153.2
1180000 23.8
1185000 113.8
1190000 23.8
1195000 197.5
1200000 64.1
1205000 19.3
1210000 87.5
1215000 66.9
1220000 38.5
1225000 112.2
1230000 33.3
1235000 171.8
1240000 161.0
1245000 35.2
1250000 70.7
1255000 19.6
1260000 24.7
1265000 155.5
1270000 157.4
1275000 108.9
1280000 106.2
1285000 199.0
1290000 151.6
1295000 109.2
1300000 195.7
1305000 63.7
1310000 112.8
1315000 272.7
1320000 102.1
1325000 199.9
1330000 87.4
1335000 22.3
1340000 63.0
1345000 71.1
1350000 20.4
1355000 115.2
1360000 64.5
1365000 22.2
1370000 232.4
1375000 161.9
1380000 73.8
1385000 160.0
1390000 66.7
1395000 109.0
1400000 112.0
1405000 153.8
1410000 21.6
1415000 63.1
1420000 159.2
1425000 246.8
1430000 105.6
1435000 63.5
1440000 172.7
1445000 202.7
1450000 117.3
1455000 6.1
1460000 157.1
1465000 165.5
1470000 33.4
1475000 110.4
1480000 126.7
1485000 204.8
1490000 64.7
1495000 105.6
1500000 228.1
1505000 187.6
1510000 200.2
1515000 127.9
1520000 202.0
1525000 54.5
1530000 174.5
1535000 271.6
1540000 249.9
1545000 153.3
1550000 42.9
1555000 66.3
1560000 77.4
1565000 153.3
1570000 319.7
1575000 201.2
1580000 203.1
1585000 257.3
1590000 150.1
1595000 106.2
1600000 105.6
1605000 172.2
1610000 204.0
1615000 89.0
1620000 206.7
1625000 152.7
1630000 101.8
1635000 250.1
1640000 182.7
1645000 252.2
1650000 201.7
1655000 147.2
1660000 7.3
1665000 129.0
1670000 198.2
1675000 212.3
1680000 159.8
1685000 103.7
1690000 251.5
1695000 253.1
1700000 199.2
1705000 142.0
1710000 251.5
1715000 105.7
1720000 175.9
1725000 109.2
1730000 249.2
1735000 149.9
1740000 126.4
1745000 284.1
1750000 275.3
1755000 201.2
1760000 30.0
1765000 21.1
1770000 155.9
1775000 125.8
1780000 178.7
1785000 109.9
1790000 122.2
1795000 223.5
1800000 220.5
1805000 175.3
1810000 179.2
1815000 202.2
1820000 151.5
1825000 177.7
1830000 178.2
1835000 46.9
1840000 104.3
1845000 152.2
1850000 252.1
1855000 175.8
1860000 201.0
1865000 114.8
1870000 125.4
1875000 111.0
1880000 22.0
1885000 4.5
1890000 253.0
1895000 271.5
1900000 201.4
1905000 55.0
1910000 177.2
1915000 250.6
1920000 151.2
1925000 53.4
1930000 177.1
1935000 70.7
1940000 321.4
1945000 202.3
1950000 78.0
1955000 104.6
1960000 255.2
1965000 84.2
1970000 245.4
1975000 155.4
1980000 71.3
1985000 126.2
1990000 54.6
1995000 209.5
2000000 26.8
