5000 167.6
10000 162.7
15000 9.9
20000 57.2
25000 152.8
30000 56.5
35000 57.1
40000 10.6
45000 154.0
50000 12.0
55000 82.0
60000 67.0
65000 24.2
70000 162.1
75000 216.2
80000 101.3
85000 183.0
90000 192.6
95000 164.2
100000 195.8
105000 184.4
110000 199.9
115000 231.9
120000 218.7
125000 244.2
130000 242.3
135000 272.6
140000 262.3
145000 287.0
150000 281.5
155000 293.9
160000 300.8
165000 293.9
170000 282.4
175000 278.2
180000 289.5
185000 282.2
190000 273.2
195000 288.0
200000 301.6
205000 268.5
210000 307.1
215000 310.2
220000 300.1
225000 298.9
230000 303.4
235000 178.2
240000 301.5
245000 131.6
250000 304.0
255000 113.5
260000 247.2
265000 134.7
270000 286.3
275000 168.8
280000 223.2
285000 239.0
290000 251.4
295000 104.6
300000 128.3
305000 30.3
310000 114.5
315000 214.7
320000 203.0
325000 194.0
330000 294.0
335000 144.7
340000 240.8
345000 43.1
350000 173.3
355000 219.1
360000 78.2
365000 132.9
370000 166.4
375000 189.3
380000 198.1
385000 137.2
390000 155.9
395000 103.9
400000 94.7
405000 147.9
410000 142.6
415000 122.2
420000 139.2
425000 235.6
430000 110.2
435000 92.3
440000 87.7
445000 79.8
450000 80.9
455000 130.4
460000 212.9
465000 163.4
470000 95.7
475000 127.3
480000 79.3
485000 142.5
490000 103.1
495000 199.1
500000 88.8
505000 135.0
510000 112.6
515000 139.2
520000 123.2
525000 188.4
530000 85.8
535000 165.3
540000 116.1
545000 192.4
550000 75.9
555000 110.0
560000 106.9
565000 109.9
570000 60.6
575000 44.5
580000 123.3
585000 84.0
590000 176.7
595000 103.9
600000 72.1
605000 123.6
610000 46.8
615000 109.8
620000 112.2
625000 174.2
630000 91.1
635000 89.1
640000 143.4
645000 190.3
650000 179.6
655000 119.4
660000 164.4
665000 109.2
670000 118.3
675000 60.7
680000 31.4
685000 47.1
690000 135.8
695000 117.5
700000 195.8
705000 193.5
710000 141.2
715000 119.0
720000 96.3
725000 121.2
730000 111.0
735000 81.0
740000 101.3
745000 105.7
750000 140.0
755000 105.4
760000 102.3
765000 159.7
770000 147.2
775000 52.2
780000 87.7
785000 47.1
790000 65.7
795000 126.6
800000 98.1
805000 135.2
810000 44.2
815000 43.8
820000 14.2
825000 90.1
830000 81.7
835000 130.3
840000 128.8
845000 71.1
850000 42.4
855000 82.3
860000 126.7
865000 178.3
870000 193.6
875000 75.4
880000 144.0
885000 95.0
890000 87.9
895000 157.2
900000 56.1
905000 72.0
910000 90.3
915000 28.8
920000 30.5
925000 81.9
930000 77.2
935000 69.6
940000 111.1
945000 34.9
950000 138.6
955000 144.9
960000 141.4
965000 161.9
970000 70.6
975000 136.5
980000 46.7
985000 128.5
990000 160.6
995000 44.7
1000000 58.1
1005000 113.6
1010000 199.3
1015000 114.6
1020000 11.0
1025000 72.8
1030000 38.1
1035000 12.5
1040000 9.3
1045000 46.6
1050000 19.5
1055000 71.5
1060000 51.7
1065000 76.3
1070000 26.8
1075000 72.5
1080000 136.1
1085000 65.4
1090000 42.0
1095000 163.9
1100000 82.5
1105000 45.6
1110000 120.4
1115000 31.0
1120000 134.2
1125000 61.3
1130000 99.2
1135000 81.0
1140000 36.1
1145000 83.0
1150000 208.3
1155000 139.2
1160000 27.1
1165000 39.8
1170000 84.4
1175000 68.9
1180000 43.4
1185000 16.3
1190000 23.3
1195000 56.0
1200000 82.1
1205000 41.1
1210000 63.8
1215000 56.3
1220000 46.9
1225000 74.9
1230000 198.7
1235000 132.1
1240000 110.8
1245000 15.7
1250000 158.5
1255000 73.7
1260000 79.4
1265000 84.5
1270000 118.1
1275000 69.3
1280000 146.3
1285000 94.6
1290000 19.7
1295000 85.2
1300000 89.4
1305000 124.4
1310000 160.2
1315000 87.7
1320000 171.3
1325000 107.1
1330000 79.9
1335000 141.3
1340000 74.6
1345000 83.6
1350000 108.4
1355000 120.0
1360000 61.2
1365000 116.7
1370000 160.3
1375000 61.4
1380000 129.2
1385000 144.0
1390000 91.6
1395000 46.6
1400000 248.0
1405000 59.1
1410000 57.4
1415000 114.3
1420000 107.2
1425000 78.8
1430000 77.9
1435000 20.8
1440000 116.0
1445000 19.8
1450000 99.2
1455000 112.2
1460000 89.5
1465000 66.9
1470000 80.2
1475000 42.7
1480000 38.2
1485000 38.0
1490000 74.7
1495000 47.7
1500000 59.6
1505000 61.7
1510000 89.4
1515000 88.1
1520000 69.6
1525000 90.3
1530000 82.6
1535000 109.8
1540000 131.7
1545000 97.5
1550000 95.7
1555000 130.8
1560000 150.7
1565000 46.7
1570000 89.5
1575000 138.7
1580000 42.7
1585000 26.1
1590000 60.3
1595000 2.9
1600000 22.9
1605000 15.4
1610000 50.0
1615000 106.9
1620000 56.1
1625000 123.3
1630000 46.8
1635000 71.7
1640000 24.0
1645000 23.9
1650000 47.4
1655000 18.9
1660000 77.8
1665000 97.6
1670000 194.2
1675000 52.7
1680000 37.0
1685000 78.4
1690000 70.4
1695000 58.3
1700000 13.8
1705000 29.5
1710000 91.9
1715000 43.6
1720000 20.4
1725000 99.4
1730000 76.2
1735000 81.6
1740000 35.7
1745000 76.2
1750000 69.0
1755000 26.9
1760000 48.8
1765000 39.3
1770000 25.1
1775000 30.0
1780000 53.7
1785000 19.0
1790000 62.6
1795000 51.7
1800000 49.1
1805000 55.6
1810000 33.4
1815000 94.8
1820000 94.9
1825000 84.5
1830000 52.2
1835000 74.2
1840000 55.3
1845000 97.6
1850000 60.8
1855000 47.9
1860000 108.2
1865000 97.9
1870000 133.5
1875000 91.2
1880000 180.3
1885000 121.4
1890000 155.7
1895000 82.5
1900000 58.4
1905000 47.1
1910000 40.7
1915000 33.6
1920000 98.2
1925000 118.6
1930000 40.2
1935000 64.3
1940000 72.3
1945000 46.6
1950000 51.3
1955000 74.4
1960000 65.6
1965000 21.3
1970000 36.6
1975000 41.7
1980000 65.0
1985000 56.2
1990000 86.4
1995000 76.6
2000000 48.2
