5000 65.7
10000 124.8
15000 134.0
20000 135.0
25000 58.4
30000 61.8
35000 205.9
40000 154.0
45000 107.1
50000 105.2
55000 207.9
60000 82.3
65000 110.7
70000 62.6
75000 110.6
80000 122.4
85000 64.9
90000 115.6
95000 96.0
100000 135.6
105000 143.8
110000 138.7
115000 165.7
120000 154.2
125000 167.0
130000 175.4
135000 181.4
140000 178.8
145000 200.1
150000 292.1
155000 249.4
160000 236.3
165000 260.0
170000 293.2
175000 267.7
180000 241.8
185000 270.3
190000 278.7
195000 116.3
200000 289.8
205000 222.8
210000 181.9
215000 100.3
220000 180.0
225000 43.2
230000 117.9
235000 219.8
240000 120.2
245000 188.0
250000 233.8
255000 202.4
260000 123.8
265000 229.1
270000 191.8
275000 45.0
280000 79.3
285000 68.0
290000 62.6
295000 16.9
300000 7.1
305000 26.5
310000 10.3
315000 32.1
320000 37.4
325000 143.5
330000 231.3
335000 21.4
340000 89.3
345000 30.1
350000 63.9
355000 216.2
360000 14.0
365000 184.1
370000 106.5
375000 150.3
380000 60.3
385000 34.6
390000 73.0
395000 20.7
400000 150.2
405000 66.9
410000 16.6
415000 75.1
420000 17.9
425000 111.3
430000 45.8
435000 39.5
440000 103.9
445000 19.5
450000 85.4
455000 60.4
460000 167.4
465000 27.5
470000 76.8
475000 83.0
480000 74.7
485000 30.7
490000 78.2
495000 170.7
500000 136.0
505000 124.8
510000 192.6
515000 117.8
520000 168.1
525000 78.8
530000 86.6
535000 207.7
540000 68.0
545000 119.8
550000 200.1
555000 81.5
560000 52.3
565000 80.2
570000 188.7
575000 16.5
580000 40.9
585000 49.3
590000 60.0
595000 91.1
600000 54.9
605000 75.9
610000 19.7
615000 24.7
620000 57.0
625000 35.8
630000 41.6
635000 17.8
640000 195.2
645000 92.7
650000 36.1
655000 53.1
660000 48.5
665000 63.5
670000 141.2
675000 99.3
680000 11.8
685000 136.0
690000 65.0
695000 108.7
700000 154.0
705000 215.8
710000 63.9
715000 158.9
720000 107.2
725000 77.6
730000 64.1
735000 34.6
740000 55.8
745000 31.7
750000 156.3
755000 80.1
760000 221.6
765000 80.2
770000 285.5
775000 69.1
780000 32.0
785000 109.0
790000 200.7
795000 46.9
800000 165.4
805000 163.7
810000 73.2
815000 192.1
820000 199.7
825000 177.2
830000 162.6
835000 198.1
840000 37.8
845000 74.4
850000 129.7
855000 54.2
860000 27.9
865000 160.9
870000 114.2
875000 213.9
880000 117.1
885000 110.7
890000 176.0
895000 51.0
900000 17.2
905000 123.3
910000 76.0
915000 21.0
920000 167.4
925000 145.1
930000 89.5
935000 37.6
940000 260.7
945000 187.9
950000 224.2
955000 123.2
960000 158.8
965000 127.4
970000 72.8
975000 194.6
980000 292.2
985000 51.2
990000 36.1
995000 178.6
1000000 68.8
1005000 194.8
1010000 70.7
1015000 202.1
1020000 104.2
1025000 277.5
1030000 30.1
1035000 195.3
1040000 77.6
1045000 266.4
1050000 62.6
1055000 377.1
1060000 266.9
1065000 252.3
1070000 290.6
1075000 156.0
1080000 173.7
1085000 278.8
1090000 88.4
1095000 108.6
1100000 153.4
1105000 318.3
1110000 58.8
1115000 296.1
1120000 218.5
1125000 336.6
1130000 177.6
1135000 166.0
1140000 73.6
1145000 210.8
1150000 198.0
1155000 81.8
1160000 40.7
1165000 150.0
1170000 124.3
1175000 151.5
1180000 105.1
1185000 239.7
1190000 205.6
1195000 182.1
1200000 257.6
1205000 177.8
1210000 101.6
1215000 109.6
1220000 164.2
1225000 71.6
1230000 223.0
1235000 203.9
1240000 109.1
1245000 145.4
1250000 88.5
1255000 136.8
1260000 221.2
1265000 132.0
1270000 158.8
1275000 78.7
1280000 163.8
1285000 403.6
1290000 107.9
1295000 300.0
1300000 158.3
1305000 212.6
1310000 270.8
1315000 258.4
1320000 371.8
1325000 291.6
1330000 122.0
1335000 57.2
1340000 296.1
1345000 229.6
1350000 155.4
1355000 127.2
1360000 260.6
1365000 165.9
1370000 279.2
1375000 269.7
1380000 338.4
1385000 289.1
1390000 348.3
1395000 182.9
1400000 425.1
1405000 255.0
1410000 97.6
1415000 377.6
1420000 141.1
1425000 274.1
1430000 248.9
1435000 317.9
1440000 153.9
1445000 313.2
1450000 204.8
1455000 206.8
1460000 265.4
1465000 161.4
1470000 234.2
1475000 261.5
1480000 225.6
1485000 300.0
1490000 159.6
1495000 164.8
1500000 174.6
1505000 341.8
1510000 240.2
1515000 203.8
1520000 352.4
1525000 274.2
1530000 312.4
1535000 372.8
1540000 387.4
1545000 230.0
1550000 380.5
1555000 325.4
1560000 279.6
1565000 301.8
1570000 200.9
1575000 121.5
1580000 244.3
1585000 134.0
1590000 251.1
1595000 269.2
1600000 198.1
1605000 347.4
1610000 358.2
1615000 321.6
1620000 246.8
1625000 64.0
1630000 374.2
1635000 232.8
1640000 215.0
1645000 459.9
1650000 138.9
1655000 418.1
1660000 417.5
1665000 278.5
1670000 300.1
1675000 225.8
1680000 160.8
1685000 330.2
1690000 285.0
1695000 381.3
1700000 298.1
1705000 260.9
1710000 248.6
1715000 461.3
1720000 366.7
1725000 344.8
1730000 436.5
1735000 410.1
1740000 301.5
1745000 307.8
1750000 221.8
1755000 401.0
1760000 95.9
1765000 442.4
1770000 386.2
1775000 364.1
1780000 294.3
1785000 147.0
1790000 324.1
1795000 200.6
1800000 382.1
1805000 461.2
1810000 473.0
1815000 210.6
1820000 473.9
1825000 110.0
1830000 321.7
1835000 401.3
1840000 432.8
1845000 319.2
1850000 461.3
1855000 388.5
1860000 347.5
1865000 99.3
1870000 135.1
1875000 382.6
1880000 233.8
1885000 350.1
1890000 343.9
1895000 136.3
1900000 175.4
1905000 231.2
1910000 226.5
1915000 158.2
1920000 289.5
1925000 85.5
1930000 201.4
1935000 260.8
1940000 288.0
1945000 70.9
1950000 153.4
1955000 150.1
1960000 473.9
1965000 199.0
1970000 301.3
1975000 254.7
1980000 400.7
1985000 474.3
1990000 221.0
1995000 330.4
2000000 196.9
