5000 0.0
10000 0.0
15000 0.0
20000 0.0
25000 0.2
30000 1.1
35000 0.0
40000 0.0
45000 0.4
50000 0.1
55000 0.0
60000 0.5
65000 0.0
70000 0.0
75000 0.0
80000 0.0
85000 0.0
90000 0.0
95000 0.0
100000 0.0
105000 0.2
110000 0.0
115000 0.5
120000 0.1
125000 0.0
130000 2.4
135000 1.5
140000 0.0
145000 0.7
150000 0.7
155000 0.2
160000 0.0
165000 1.3
170000 0.0
175000 0.0
180000 0.1
185000 0.9
190000 0.8
195000 0.9
200000 0.0
205000 0.0
210000 1.4
215000 0.0
220000 1.4
225000 0.0
230000 1.0
235000 10.0
240000 0.7
245000 0.9
250000 4.3
255000 12.8
260000 28.8
265000 33.5
270000 6.4
275000 42.3
280000 9.9
285000 22.9
290000 61.1
295000 1.2
300000 52.7
305000 24.2
310000 32.8
315000 58.3
320000 33.6
325000 21.8
330000 11.4
335000 61.4
340000 35.7
345000 62.0
350000 24.7
355000 24.1
360000 47.7
365000 26.3
370000 37.3
375000 64.5
380000 39.7
385000 52.2
390000 61.5
395000 37.5
400000 69.0
405000 37.8
410000 40.2
415000 51.2
420000 39.5
425000 75.7
430000 25.9
435000 24.2
440000 41.7
445000 52.1
450000 39.5
455000 39.1
460000 78.4
465000 73.7
470000 52.9
475000 0.0
480000 55.1
485000 40.2
490000 41.6
495000 55.9
500000 68.0
505000 56.1
510000 27.7
515000 39.2
520000 55.3
525000 70.1
530000 14.1
535000 42.4
540000 73.1
545000 57.5
550000 57.1
555000 44.4
560000 28.1
565000 57.9
570000 51.4
575000 37.9
580000 74.4
585000 43.0
590000 30.3
595000 43.3
600000 79.1
605000 98.9
610000 67.5
615000 44.1
620000 45.0
625000 149.7
630000 93.6
635000 67.0
640000 48.4
645000 99.2
650000 55.8
655000 51.7
660000 61.5
665000 104.6
670000 105.1
675000 61.1
680000 67.4
685000 138.7
690000 77.5
695000 71.9
700000 126.3
705000 128.2
710000 40.4
715000 143.7
720000 145.9
725000 125.1
730000 77.0
735000 99.0
740000 103.0
745000 51.8
750000 100.0
755000 121.7
760000 121.3
765000 109.5
770000 155.4
775000 129.6
780000 27.4
785000 77.4
790000 103.3
795000 76.8
800000 132.4
805000 136.4
810000 133.5
815000 109.0
820000 82.0
825000 81.9
830000 156.3
835000 133.9
840000 131.2
845000 54.7
850000 164.1
855000 82.5
860000 165.9
865000 160.6
870000 54.2
875000 140.6
880000 85.5
885000 156.5
890000 144.1
895000 140.2
900000 142.0
905000 57.1
910000 175.4
915000 197.3
920000 111.3
925000 110.7
930000 130.1
935000 195.2
940000 149.5
945000 107.5
950000 113.6
955000 82.5
960000 138.6
965000 114.2
970000 142.8
975000 113.3
980000 164.0
985000 197.2
990000 113.6
995000 57.5
1000000 113.9
1005000 114.2
1010000 200.0
1015000 110.5
1020000 145.7
1025000 224.1
1030000 85.2
1035000 213.7
1040000 141.9
1045000 146.1
1050000 115.0
1055000 174.0
1060000 231.6
1065000 175.1
1070000 199.0
1075000 133.6
1080000 169.4
1085000 195.1
1090000 199.6
1095000 144.7
1100000 113.4
1105000 262.1
1110000 170.1
1115000 199.7
1120000 115.5
1125000 141.6
1130000 139.4
1135000 114.4
1140000 114.4
1145000 115.4
1150000 57.8
1155000 207.0
1160000 145.7
1165000 177.7
1170000 113.5
1175000 117.9
1180000 175.5
1185000 88.6
1190000 117.4
1195000 145.9
1200000 116.2
1205000 171.3
1210000 143.8
1215000 116.2
1220000 118.6
1225000 87.1
1230000 234.1
1235000 146.2
1240000 117.7
1245000 203.0
1250000 146.0
1255000 119.9
1260000 178.3
1265000 117.3
1270000 147.1
1275000 171.9
1280000 204.7
1285000 88.3
1290000 150.0
1295000 175.5
1300000 181.9
1305000 236.4
1310000 178.1
1315000 177.9
1320000 175.4
1325000 179.9
1330000 149.7
1335000 110.0
1340000 141.6
1345000 205.5
1350000 210.9
1355000 212.8
1360000 59.6
1365000 153.2
1370000 182.7
1375000 119.2
1380000 212.9
1385000 119.8
1390000 212.6
1395000 90.3
1400000 90.8
1405000 123.9
1410000 211.5
1415000 147.8
1420000 184.9
1425000 151.6
1430000 152.8
1435000 122.3
1440000 242.3
1445000 184.7
1450000 184.2
1455000 153.9
1460000 122.2
1465000 238.2
1470000 177.6
1475000 181.2
1480000 240.8
1485000 152.2
1490000 186.3
1495000 119.5
1500000 249.9
1505000 181.0
1510000 182.0
1515000 184.6
1520000 186.8
1525000 182.4
1530000 212.0
1535000 183.8
1540000 156.0
1545000 184.1
1550000 155.0
1555000 123.1
1560000 181.0
1565000 182.9
1570000 187.2
1575000 93.5
1580000 92.5
1585000 186.3
1590000 30.9
1595000 123.0
1600000 218.4
1605000 159.4
1610000 221.0
1615000 155.6
1620000 215.4
1625000 221.0
1630000 155.2
1635000 156.5
1640000 61.3
1645000 217.5
1650000 92.2
1655000 191.3
1660000 158.6
1665000 193.1
1670000 157.0
1675000 252.4
1680000 185.2
1685000 186.3
1690000 251.2
1695000 218.8
1700000 187.2
1705000 278.0
1710000 118.6
1715000 247.0
1720000 130.5
1725000 189.9
1730000 219.4
1735000 219.8
1740000 224.2
1745000 219.4
1750000 160.5
1755000 223.0
1760000 130.0
1765000 95.3
1770000 159.8
1775000 158.9
1780000 159.5
1785000 192.9
1790000 191.2
1795000 127.5
1800000 190.7
1805000 192.4
1810000 194.3
1815000 126.2
1820000 190.8
1825000 95.9
1830000 162.9
1835000 195.2
1840000 161.4
1845000 156.1
1850000 163.7
1855000 227.9
1860000 195.7
1865000 260.4
1870000 193.4
1875000 250.7
1880000 192.2
1885000 256.9
1890000 164.5
1895000 258.6
1900000 259.5
1905000 192.5
1910000 130.4
1915000 131.4
1920000 229.5
1925000 129.2
1930000 194.9
1935000 287.2
1940000 196.7
1945000 227.7
1950000 65.1
1955000 198.5
1960000 224.7
1965000 127.7
1970000 129.8
1975000 130.5
1980000 161.5
1985000 225.3
1990000 229.7
1995000 125.5
2000000 286.3
