5000 0.0
10000 0.0
15000 0.0
20000 0.0
25000 0.4
30000 0.0
35000 0.0
40000 0.0
45000 1.8
50000 0.0
55000 0.8
60000 0.0
65000 0.5
70000 0.3
75000 1.1
80000 0.1
85000 2.3
90000 0.0
95000 1.6
100000 0.0
105000 0.0
110000 0.3
115000 0.5
120000 0.1
125000 0.0
130000 2.3
135000 0.0
140000 2.3
145000 0.0
150000 1.0
155000 0.1
160000 1.4
165000 1.5
170000 19.7
175000 14.9
180000 9.7
185000 1.4
190000 3.3
195000 63.9
200000 36.0
205000 24.6
210000 41.8
215000 20.4
220000 24.2
225000 38.1
230000 38.3
235000 45.1
240000 40.8
245000 31.4
250000 60.8
255000 33.9
260000 60.5
265000 35.6
270000 38.2
275000 34.0
280000 25.3
285000 75.7
290000 61.2
295000 68.4
300000 51.2
305000 51.5
310000 68.8
315000 27.6
320000 68.3
325000 98.0
330000 101.0
335000 88.1
340000 83.3
345000 28.9
350000 42.4
355000 76.0
360000 81.9
365000 30.6
370000 107.7
375000 74.3
380000 44.4
385000 30.5
390000 121.8
395000 14.9
400000 73.9
405000 31.1
410000 60.8
415000 15.3
420000 108.5
425000 75.0
430000 49.7
435000 77.5
440000 106.6
445000 109.3
450000 95.3
455000 98.1
460000 48.1
465000 60.3
470000 82.0
475000 48.0
480000 72.5
485000 90.4
490000 65.3
495000 31.7
500000 49.6
505000 95.8
510000 81.8
515000 63.2
520000 96.1
525000 78.9
530000 79.4
535000 118.1
540000 98.3
545000 63.2
550000 113.8
555000 98.6
560000 99.6
565000 66.7
570000 49.7
575000 82.6
580000 33.9
585000 69.1
590000 84.8
595000 117.5
600000 13.9
605000 51.4
610000 68.1
615000 99.0
620000 103.9
625000 100.7
630000 50.2
635000 67.3
640000 33.6
645000 116.8
650000 122.0
655000 87.0
660000 121.9
665000 53.0
670000 70.6
675000 123.8
680000 83.9
685000 89.9
690000 33.5
695000 105.4
700000 69.2
705000 121.1
710000 125.3
715000 106.1
720000 72.4
725000 91.5
730000 99.6
735000 69.1
740000 72.2
745000 125.2
750000 127.0
755000 93.3
760000 90.6
765000 88.1
770000 168.9
775000 84.3
780000 106.6
785000 108.7
790000 113.2
795000 128.8
800000 109.5
805000 40.8
810000 70.1
815000 90.4
820000 109.5
825000 50.1
830000 105.0
835000 89.5
840000 90.9
845000 92.0
850000 111.2
855000 113.9
860000 54.9
865000 75.4
870000 76.9
875000 117.3
880000 98.1
885000 117.4
890000 96.3
895000 119.5
900000 58.0
905000 70.3
910000 118.3
915000 115.1
920000 129.9
925000 99.9
930000 120.5
935000 175.9
940000 116.6
945000 117.4
950000 101.0
955000 140.3
960000 98.4
965000 102.8
970000 82.8
975000 142.5
980000 160.9
985000 123.8
990000 61.0
995000 82.1
1000000 102.3
1005000 101.4
1010000 146.9
1015000 142.5
1020000 127.3
1025000 107.0
1030000 104.2
1035000 125.1
1040000 125.3
1045000 106.1
1050000 128.3
1055000 127.2
1060000 126.2
1065000 129.0
1070000 106.6
1075000 149.6
1080000 146.3
1085000 84.1
1090000 106.3
1095000 125.6
1100000 87.2
1105000 103.1
1110000 82.1
1115000 65.0
1120000 40.8
1125000 151.0
1130000 217.0
1135000 143.5
1140000 85.5
1145000 127.3
1150000 85.7
1155000 150.7
1160000 132.0
1165000 86.9
1170000 108.5
1175000 109.3
1180000 150.4
1185000 150.7
1190000 65.9
1195000 130.3
1200000 130.0
1205000 87.3
1210000 110.6
1215000 112.4
1220000 199.9
1225000 110.1
1230000 151.5
1235000 86.7
1240000 110.0
1245000 85.9
1250000 41.8
1255000 64.8
1260000 131.2
1265000 112.0
1270000 137.2
1275000 66.2
1280000 111.2
1285000 132.0
1290000 175.5
1295000 109.7
1300000 132.5
1305000 87.3
1310000 46.7
1315000 112.0
1320000 88.9
1325000 154.0
1330000 67.8
1335000 111.9
1340000 88.9
1345000 112.4
1350000 111.0
1355000 68.5
1360000 182.1
1365000 44.4
1370000 91.6
1375000 138.9
1380000 182.3
1385000 91.8
1390000 154.7
1395000 178.6
1400000 112.6
1405000 183.4
1410000 66.4
1415000 159.8
1420000 109.4
1425000 69.3
1430000 134.4
1435000 151.7
1440000 22.7
1445000 117.3
1450000 90.7
1455000 69.3
1460000 133.4
1465000 163.0
1470000 68.5
1475000 139.9
1480000 115.4
1485000 201.7
1490000 113.2
1495000 45.9
1500000 161.4
1505000 161.1
1510000 142.6
1515000 157.0
1520000 90.9
1525000 94.6
1530000 22.5
1535000 46.6
1540000 116.7
1545000 67.7
1550000 139.4
1555000 68.7
1560000 140.9
1565000 91.6
1570000 139.8
1575000 92.3
1580000 115.5
1585000 161.3
1590000 92.3
1595000 141.8
1600000 93.4
1605000 137.1
1610000 140.0
1615000 141.4
1620000 142.7
1625000 159.4
1630000 118.2
1635000 142.0
1640000 143.2
1645000 190.0
1650000 164.2
1655000 95.3
1660000 143.0
1665000 141.6
1670000 94.7
1675000 71.4
1680000 121.0
1685000 71.6
1690000 141.6
1695000 168.9
1700000 95.4
1705000 72.0
1710000 97.2
1715000 169.0
1720000 70.4
1725000 166.2
1730000 143.0
1735000 117.3
1740000 149.5
1745000 143.1
1750000 72.5
1755000 117.2
1760000 97.5
1765000 144.7
1770000 117.3
1775000 93.3
1780000 97.4
1785000 146.8
1790000 138.9
1795000 97.2
1800000 124.4
1805000 123.3
1810000 121.4
1815000 48.3
1820000 120.5
1825000 47.6
1830000 125.3
1835000 96.7
1840000 147.9
1845000 173.4
1850000 170.1
1855000 148.2
1860000 121.4
1865000 96.0
1870000 166.3
1875000 25.5
1880000 146.2
1885000 122.7
1890000 124.1
1895000 193.8
1900000 98.3
1905000 149.1
1910000 172.8
1915000 124.6
1920000 72.5
1925000 149.5
1930000 99.9
1935000 124.0
1940000 171.0
1945000 123.5
1950000 176.0
1955000 148.2
1960000 175.9
1965000 145.3
1970000 149.5
1975000 99.2
1980000 51.9
1985000 100.3
1990000 175.9
1995000 124.0
2000000 122.7
