5000 0.0
10000 0.0
15000 0.0
20000 0.0
25000 0.0
30000 0.0
35000 0.1
40000 0.4
45000 0.0
50000 0.0
55000 0.6
60000 0.0
65000 0.0
70000 0.1
75000 0.1
80000 0.0
85000 0.0
90000 0.0
95000 0.0
100000 0.8
105000 0.0
110000 0.7
115000 0.0
120000 0.3
125000 0.2
130000 0.2
135000 0.3
140000 0.0
145000 0.0
150000 2.7
155000 1.0
160000 0.0
165000 0.4
170000 29.7
175000 22.2
180000 22.0
185000 14.4
190000 34.9
195000 26.9
200000 6.1
205000 7.1
210000 8.1
215000 55.6
220000 52.5
225000 25.8
230000 52.6
235000 26.9
240000 19.1
245000 43.7
250000 36.5
255000 50.3
260000 16.2
265000 28.5
270000 19.6
275000 47.1
280000 26.5
285000 61.4
290000 57.9
295000 61.8
300000 74.6
305000 47.1
310000 49.6
315000 58.9
320000 40.0
325000 10.3
330000 58.8
335000 20.5
340000 20.2
345000 56.4
350000 51.3
355000 20.7
360000 82.6
365000 41.8
370000 69.7
375000 30.1
380000 39.0
385000 57.9
390000 50.4
395000 52.4
400000 31.4
405000 30.6
410000 20.8
415000 42.6
420000 63.7
425000 29.1
430000 9.3
435000 32.0
440000 61.6
445000 10.4
450000 41.5
455000 54.0
460000 65.6
465000 20.9
470000 53.4
475000 33.7
480000 43.5
485000 59.6
490000 30.9
495000 54.6
500000 31.7
505000 33.1
510000 31.9
515000 42.7
520000 41.3
525000 65.7
530000 32.4
535000 32.6
540000 65.2
545000 55.1
550000 54.9
555000 53.9
560000 33.8
565000 63.7
570000 77.2
575000 34.2
580000 88.2
585000 42.8
590000 79.0
595000 56.5
600000 76.4
605000 43.7
610000 74.4
615000 66.7
620000 22.7
625000 32.0
630000 55.9
635000 64.9
640000 75.2
645000 23.0
650000 54.9
655000 33.8
660000 44.4
665000 44.9
670000 89.0
675000 76.8
680000 56.4
685000 45.0
690000 68.5
695000 78.2
700000 34.8
705000 45.6
710000 69.7
715000 44.7
720000 79.5
725000 56.1
730000 34.7
735000 56.2
740000 22.7
745000 67.2
750000 81.3
755000 22.0
760000 68.3
765000 46.0
770000 70.2
775000 67.4
780000 46.2
785000 46.8
790000 46.6
795000 81.9
800000 68.9
805000 79.2
810000 59.8
815000 34.6
820000 44.9
825000 70.1
830000 58.3
835000 58.3
840000 58.5
845000 69.5
850000 82.0
855000 43.3
860000 35.4
865000 71.1
870000 56.7
875000 93.4
880000 47.5
885000 70.1
890000 56.4
895000 79.7
900000 35.4
905000 81.7
910000 82.7
915000 70.4
920000 69.5
925000 59.0
930000 58.4
935000 82.9
940000 57.0
945000 22.7
950000 82.9
955000 70.5
960000 11.4
965000 90.0
970000 79.8
975000 69.9
980000 68.3
985000 83.4
990000 46.4
995000 57.6
1000000 48.4
1005000 81.3
1010000 36.8
1015000 58.1
1020000 84.1
1025000 69.7
1030000 69.7
1035000 84.8
1040000 83.5
1045000 49.0
1050000 81.1
1055000 34.2
1060000 23.6
1065000 94.7
1070000 35.5
1075000 71.7
1080000 59.9
1085000 58.8
1090000 72.4
1095000 47.0
1100000 35.7
1105000 48.6
1110000 59.3
1115000 47.5
1120000 57.9
1125000 72.0
1130000 58.5
1135000 71.4
1140000 35.9
1145000 48.8
1150000 59.5
1155000 58.6
1160000 57.7
1165000 49.9
1170000 75.1
1175000 37.8
1180000 63.6
1185000 63.5
1190000 23.2
1195000 88.7
1200000 62.2
1205000 68.2
1210000 98.9
1215000 92.7
1220000 50.1
1225000 63.5
1230000 68.6
1235000 65.1
1240000 22.6
1245000 55.0
1250000 136.0
1255000 57.1
1260000 65.2
1265000 71.2
1270000 84.4
1275000 67.2
1280000 97.1
1285000 70.4
1290000 68.3
1295000 94.7
1300000 55.2
1305000 110.8
1310000 27.6
1315000 111.3
1320000 67.8
1325000 53.5
1330000 53.7
1335000 95.0
1340000 95.4
1345000 71.8
1350000 71.0
1355000 98.5
1360000 85.5
1365000 98.1
1370000 27.6
1375000 53.9
1380000 28.7
1385000 43.0
1390000 58.1
1395000 83.5
1400000 86.8
1405000 85.3
1410000 69.1
1415000 28.5
1420000 55.8
1425000 42.2
1430000 82.7
1435000 41.9
1440000 63.4
1445000 42.2
1450000 70.4
1455000 58.1
1460000 85.8
1465000 113.4
1470000 28.5
1475000 72.2
1480000 111.2
1485000 97.0
1490000 55.9
1495000 69.2
1500000 56.8
1505000 29.1
1510000 83.9
1515000 43.0
1520000 72.2
1525000 69.2
1530000 57.2
1535000 59.2
1540000 58.0
1545000 85.4
1550000 68.9
1555000 43.7
1560000 43.7
1565000 68.4
1570000 101.9
1575000 55.8
1580000 85.6
1585000 99.6
1590000 85.8
1595000 57.0
1600000 84.0
1605000 72.6
1610000 83.0
1615000 113.1
1620000 29.2
1625000 100.1
1630000 58.6
1635000 41.7
1640000 70.1
1645000 28.9
1650000 87.3
1655000 28.7
1660000 56.7
1665000 44.3
1670000 72.6
1675000 64.8
1680000 100.4
1685000 71.0
1690000 54.9
1695000 85.4
1700000 55.7
1705000 115.3
1710000 114.5
1715000 42.2
1720000 114.1
1725000 85.9
1730000 84.5
1735000 42.9
1740000 85.6
1745000 70.7
1750000 71.2
1755000 73.1
1760000 57.6
1765000 57.5
1770000 44.3
1775000 71.4
1780000 57.4
1785000 101.1
1790000 101.6
1795000 99.7
1800000 58.4
1805000 114.7
1810000 85.9
1815000 99.3
1820000 72.0
1825000 86.3
1830000 98.8
1835000 116.3
1840000 70.6
1845000 86.2
1850000 58.7
1855000 71.9
1860000 72.0
1865000 88.0
1870000 100.4
1875000 86.3
1880000 101.9
1885000 100.7
1890000 113.0
1895000 115.8
1900000 117.4
1905000 71.8
1910000 28.0
1915000 74.1
1920000 57.8
1925000 73.4
1930000 102.5
1935000 92.8
1940000 41.9
1945000 88.1
1950000 88.0
1955000 86.4
1960000 28.5
1965000 103.7
1970000 72.3
1975000 29.5
1980000 57.9
1985000 72.5
1990000 71.3
1995000 74.9
2000000 40.9
