5000 0.0
10000 0.3
15000 0.0
20000 0.0
25000 0.0
30000 0.1
35000 0.0
40000 0.0
45000 0.0
50000 0.0
55000 0.0
60000 0.0
65000 0.0
70000 0.0
75000 0.0
80000 0.0
85000 0.0
90000 2.0
95000 24.9
100000 13.8
105000 14.2
110000 22.8
115000 30.1
120000 10.7
125000 32.8
130000 50.6
135000 63.0
140000 94.9
145000 84.8
150000 56.3
155000 50.4
160000 89.0
165000 66.5
170000 77.7
175000 118.5
180000 114.3
185000 141.9
190000 118.0
195000 118.6
200000 124.6
205000 117.7
210000 175.4
215000 164.9
220000 173.3
225000 174.1
230000 196.2
235000 181.8
240000 195.0
245000 172.0
250000 174.2
255000 196.9
260000 199.4
265000 191.4
270000 201.3
275000 192.9
280000 197.2
285000 201.2
290000 188.7
295000 184.9
300000 199.4
305000 187.0
310000 203.9
315000 209.1
320000 207.7
325000 207.7
330000 203.7
335000 207.0
340000 207.8
345000 197.8
350000 215.2
355000 183.8
360000 216.4
365000 201.0
370000 216.1
375000 216.6
380000 215.8
385000 211.0
390000 211.1
395000 194.6
400000 213.7
405000 221.9
410000 168.3
415000 193.3
420000 223.8
425000 219.5
430000 213.6
435000 197.1
440000 224.0
445000 217.6
450000 220.2
455000 227.1
460000 199.7
465000 217.9
470000 224.1
475000 204.6
480000 223.9
485000 203.6
490000 227.5
495000 232.8
500000 233.3
505000 229.0
510000 227.0
515000 184.1
520000 159.4
525000 233.5
530000 214.0
535000 240.4
540000 231.8
545000 236.5
550000 237.1
555000 215.0
560000 231.8
565000 239.8
570000 227.3
575000 241.9
580000 235.1
585000 218.9
590000 240.3
595000 237.5
600000 189.7
605000 243.0
610000 241.5
615000 237.5
620000 216.9
625000 240.3
630000 238.2
635000 240.2
640000 250.7
645000 248.9
650000 241.4
655000 240.7
660000 249.0
665000 247.9
670000 247.4
675000 241.6
680000 246.9
685000 245.5
690000 248.4
695000 249.5
700000 221.5
705000 248.5
710000 245.1
715000 249.7
720000 250.3
725000 249.8
730000 251.5
735000 245.1
740000 242.2
745000 215.9
750000 218.2
755000 250.8
760000 238.3
765000 248.4
770000 243.9
775000 244.2
780000 249.1
785000 248.4
790000 256.3
795000 254.0
800000 248.3
805000 229.1
810000 245.8
815000 255.4
820000 253.8
825000 249.5
830000 226.6
835000 247.5
840000 257.8
845000 224.4
850000 258.2
855000 247.1
860000 222.3
865000 248.0
870000 255.7
875000 256.1
880000 251.3
885000 253.0
890000 257.1
895000 254.5
900000 253.5
905000 251.0
910000 259.5
915000 252.3
920000 255.0
925000 256.0
930000 251.0
935000 255.2
940000 259.1
945000 255.2
950000 232.0
955000 254.9
960000 251.1
965000 251.0
970000 255.5
975000 261.1
980000 256.4
985000 258.6
990000 257.8
995000 260.4
1000000 256.1
1005000 256.2
1010000 258.2
1015000 258.0
1020000 256.2
1025000 235.2
1030000 260.9
1035000 227.7
1040000 253.1
1045000 260.3
1050000 253.9
1055000 256.4
1060000 259.8
1065000 263.9
1070000 261.2
1075000 259.9
1080000 261.7
1085000 262.7
1090000 233.3
1095000 256.4
1100000 257.0
1105000 260.9
1110000 263.4
1115000 236.2
1120000 264.8
1125000 263.1
1130000 232.6
1135000 255.0
1140000 268.4
1145000 261.3
1150000 238.7
1155000 262.0
1160000 261.3
1165000 265.8
1170000 262.6
1175000 267.8
1180000 266.1
1185000 234.1
1190000 237.0
1195000 266.5
1200000 258.8
1205000 265.3
1210000 261.3
1215000 258.8
1220000 267.1
1225000 266.9
1230000 264.5
1235000 263.4
1240000 264.3
1245000 266.1
1250000 260.0
1255000 269.4
1260000 264.5
1265000 262.0
1270000 260.3
1275000 268.8
1280000 265.7
1285000 260.5
1290000 261.8
1295000 261.8
1300000 262.2
1305000 264.8
1310000 265.2
1315000 271.4
1320000 265.0
1325000 267.3
1330000 268.6
1335000 265.2
1340000 262.3
1345000 270.1
1350000 265.8
1355000 266.6
1360000 268.5
1365000 263.3
1370000 267.4
1375000 237.6
1380000 265.0
1385000 267.1
1390000 270.8
1395000 262.7
1400000 242.8
1405000 268.5
1410000 262.1
1415000 268.4
1420000 271.3
1425000 267.1
1430000 266.3
1435000 268.4
1440000 267.5
1445000 269.2
1450000 268.8
1455000 266.4
1460000 269.7
1465000 264.6
1470000 270.8
1475000 271.1
1480000 268.3
1485000 265.2
1490000 270.6
1495000 263.2
1500000 273.3
1505000 274.7
1510000 279.0
1515000 269.4
1520000 267.1
1525000 276.2
1530000 272.5
1535000 272.5
1540000 267.0
1545000 269.8
1550000 271.0
1555000 268.2
1560000 271.7
1565000 271.9
1570000 272.0
1575000 272.1
1580000 275.7
1585000 274.7
1590000 274.3
1595000 272.1
1600000 272.7
1605000 240.9
1610000 275.7
1615000 243.4
1620000 265.5
1625000 273.2
1630000 270.8
1635000 275.5
1640000 247.3
1645000 268.2
1650000 280.2
1655000 271.8
1660000 267.6
1665000 265.5
1670000 275.1
1675000 276.0
1680000 273.8
1685000 271.9
1690000 269.9
1695000 273.8
1700000 274.3
1705000 269.4
1710000 270.0
1715000 274.5
1720000 247.1
1725000 245.8
1730000 274.6
1735000 278.7
1740000 245.3
1745000 275.1
1750000 271.5
1755000 273.1
1760000 278.7
1765000 251.7
1770000 273.0
1775000 274.5
1780000 273.2
1785000 273.0
1790000 275.4
1795000 248.0
1800000 272.1
1805000 277.0
1810000 281.0
1815000 278.0
1820000 283.5
1825000 273.8
1830000 246.3
1835000 277.7
1840000 222.0
1845000 276.0
1850000 283.2
1855000 282.1
1860000 284.6
1865000 271.1
1870000 275.2
1875000 280.2
1880000 274.0
1885000 281.2
1890000 275.3
1895000 272.7
1900000 268.6
1905000 283.3
1910000 274.4
1915000 282.3
1920000 285.3
1925000 250.2
1930000 278.4
1935000 277.7
1940000 283.3
1945000 250.6
1950000 284.6
1955000 277.7
1960000 278.9
1965000 280.8
1970000 280.5
1975000 275.1
1980000 282.7
1985000 282.9
1990000 284.6
1995000 284.8
2000000 283.5
