5000 0.0
10000 0.0
15000 0.0
20000 0.0
25000 0.2
30000 0.1
35000 0.0
40000 0.0
45000 0.0
50000 0.6
55000 0.0
60000 0.0
65000 0.0
70000 0.0
75000 0.0
80000 0.0
85000 0.0
90000 0.0
95000 0.1
100000 0.0
105000 0.1
110000 0.0
115000 0.0
120000 11.6
125000 18.2
130000 14.5
135000 24.1
140000 29.3
145000 30.6
150000 29.3
155000 38.0
160000 35.0
165000 55.2
170000 28.3
175000 35.0
180000 72.8
185000 46.1
190000 29.0
195000 50.0
200000 64.1
205000 54.7
210000 41.7
215000 36.0
220000 95.7
225000 81.1
230000 110.1
235000 96.5
240000 96.4
245000 101.5
250000 115.4
255000 103.0
260000 101.9
265000 103.1
270000 109.8
275000 121.9
280000 126.6
285000 126.1
290000 126.0
295000 125.1
300000 146.0
305000 142.3
310000 131.7
315000 142.4
320000 133.7
325000 133.6
330000 128.5
335000 139.6
340000 139.2
345000 147.0
350000 130.7
355000 150.2
360000 156.4
365000 149.6
370000 139.1
375000 125.7
380000 150.4
385000 143.7
390000 157.7
395000 155.0
400000 166.0
405000 160.7
410000 162.8
415000 165.6
420000 170.0
425000 171.3
430000 169.2
435000 172.5
440000 162.2
445000 174.9
450000 176.1
455000 173.4
460000 162.1
465000 177.9
470000 177.8
475000 176.2
480000 181.8
485000 187.2
490000 185.1
495000 190.6
500000 187.3
505000 189.8
510000 153.0
515000 184.2
520000 180.0
525000 193.5
530000 190.5
535000 151.1
540000 191.9
545000 176.6
550000 173.6
555000 194.6
560000 193.0
565000 197.2
570000 158.4
575000 195.6
580000 200.6
585000 193.8
590000 201.3
595000 199.9
600000 198.4
605000 200.3
610000 201.3
615000 196.6
620000 205.8
625000 209.9
630000 207.7
635000 204.8
640000 209.2
645000 210.5
650000 203.3
655000 214.5
660000 217.9
665000 224.2
670000 230.9
675000 226.0
680000 223.6
685000 229.4
690000 207.3
695000 228.3
700000 224.8
705000 205.4
710000 226.6
715000 235.9
720000 232.2
725000 231.5
730000 234.2
735000 207.3
740000 231.2
745000 210.0
750000 233.2
755000 231.0
760000 243.5
765000 233.8
770000 239.9
775000 238.5
780000 235.4
785000 213.9
790000 234.1
795000 220.9
800000 245.0
805000 243.5
810000 242.4
815000 249.1
820000 241.1
825000 246.8
830000 244.7
835000 239.6
840000 231.0
845000 241.9
850000 234.2
855000 244.6
860000 243.3
865000 248.7
870000 248.9
875000 256.7
880000 255.4
885000 247.4
890000 251.9
895000 254.7
900000 248.4
905000 252.9
910000 247.5
915000 253.6
920000 251.5
925000 251.5
930000 257.3
935000 253.3
940000 250.1
945000 252.5
950000 253.7
955000 254.5
960000 254.5
965000 252.3
970000 257.9
975000 254.3
980000 231.8
985000 258.5
990000 256.7
995000 248.9
1000000 257.2
1005000 254.8
1010000 254.7
1015000 257.7
1020000 256.1
1025000 254.7
1030000 256.5
1035000 256.0
1040000 258.9
1045000 261.2
1050000 264.5
1055000 268.0
1060000 262.6
1065000 254.6
1070000 263.0
1075000 264.9
1080000 261.0
1085000 235.8
1090000 259.8
1095000 261.8
1100000 237.5
1105000 260.1
1110000 264.1
1115000 262.0
1120000 261.8
1125000 258.6
1130000 265.4
1135000 264.7
1140000 262.2
1145000 269.3
1150000 268.1
1155000 265.7
1160000 268.1
1165000 241.1
1170000 267.1
1175000 269.3
1180000 268.6
1185000 272.6
1190000 265.6
1195000 269.3
1200000 267.0
1205000 272.5
1210000 264.5
1215000 273.0
1220000 270.0
1225000 272.5
1230000 270.5
1235000 242.3
1240000 272.1
1245000 270.1
1250000 267.4
1255000 268.2
1260000 272.6
1265000 244.8
1270000 270.3
1275000 269.8
1280000 271.0
1285000 275.8
1290000 271.2
1295000 269.0
1300000 270.8
1305000 264.7
1310000 272.2
1315000 273.0
1320000 271.8
1325000 271.4
1330000 273.2
1335000 274.8
1340000 269.4
1345000 263.7
1350000 272.7
1355000 270.0
1360000 268.0
1365000 241.0
1370000 273.3
1375000 269.9
1380000 269.8
1385000 274.7
1390000 272.1
1395000 272.6
1400000 271.9
1405000 271.3
1410000 269.4
1415000 272.5
1420000 273.2
1425000 271.8
1430000 274.5
1435000 272.4
1440000 270.4
1445000 274.5
1450000 245.7
1455000 275.8
1460000 272.2
1465000 274.6
1470000 272.5
1475000 272.9
1480000 273.1
1485000 277.0
1490000 273.3
1495000 273.6
1500000 275.4
1505000 271.1
1510000 273.4
1515000 270.5
1520000 272.2
1525000 274.7
1530000 274.4
1535000 272.0
1540000 272.0
1545000 272.6
1550000 272.2
1555000 273.4
1560000 272.7
1565000 274.2
1570000 277.7
1575000 269.5
1580000 279.4
1585000 271.3
1590000 270.1
1595000 273.1
1600000 247.5
1605000 275.9
1610000 272.7
1615000 275.8
1620000 276.5
1625000 273.4
1630000 247.2
1635000 279.5
1640000 276.3
1645000 275.8
1650000 273.4
1655000 247.8
1660000 275.0
1665000 278.7
1670000 272.2
1675000 244.6
1680000 276.5
1685000 275.1
1690000 277.0
1695000 276.6
1700000 273.8
1705000 276.0
1710000 275.5
1715000 275.9
1720000 275.9
1725000 272.2
1730000 270.1
1735000 273.0
1740000 274.7
1745000 277.8
1750000 277.2
1755000 243.8
1760000 272.6
1765000 275.3
1770000 276.0
1775000 275.7
1780000 247.4
1785000 281.6
1790000 274.7
1795000 277.5
1800000 274.9
1805000 275.2
1810000 275.7
1815000 278.2
1820000 275.6
1825000 221.2
1830000 281.0
1835000 271.3
1840000 276.3
1845000 250.5
1850000 279.1
1855000 275.8
1860000 278.8
1865000 282.3
1870000 252.2
1875000 275.2
1880000 277.7
1885000 277.8
1890000 278.3
1895000 280.2
1900000 277.4
1905000 277.0
1910000 278.9
1915000 281.1
1920000 283.3
1925000 282.4
1930000 279.5
1935000 276.9
1940000 284.5
1945000 282.4
1950000 282.3
1955000 283.3
1960000 285.4
1965000 282.0
1970000 283.8
1975000 279.1
1980000 282.4
1985000 282.3
1990000 281.4
1995000 285.5
2000000 282.9
