5000 0.0
10000 0.0
15000 0.0
20000 0.0
25000 0.1
30000 0.0
35000 0.0
40000 0.0
45000 0.1
50000 0.0
55000 0.0
60000 0.0
65000 0.0
70000 0.0
75000 0.0
80000 0.0
85000 0.0
90000 0.0
95000 0.0
100000 0.0
105000 0.0
110000 0.0
115000 1.9
120000 1.0
125000 4.9
130000 0.6
135000 2.2
140000 3.0
145000 8.2
150000 8.9
155000 19.8
160000 3.0
165000 20.1
170000 19.5
175000 13.5
180000 24.2
185000 48.5
190000 43.9
195000 47.2
200000 51.6
205000 82.3
210000 79.3
215000 94.2
220000 73.9
225000 93.9
230000 81.4
235000 116.7
240000 106.6
245000 95.1
250000 109.3
255000 111.9
260000 102.1
265000 103.1
270000 119.9
275000 125.0
280000 136.4
285000 135.1
290000 122.4
295000 138.9
300000 115.7
305000 148.8
310000 150.1
315000 155.6
320000 132.9
325000 148.3
330000 159.6
335000 128.8
340000 160.6
345000 168.1
350000 175.9
355000 169.3
360000 178.8
365000 166.0
370000 172.9
375000 182.5
380000 192.5
385000 192.3
390000 200.8
395000 189.0
400000 202.0
405000 211.4
410000 190.8
415000 219.0
420000 191.9
425000 210.9
430000 217.6
435000 198.4
440000 221.2
445000 226.5
450000 226.1
455000 190.8
460000 228.6
465000 203.8
470000 227.6
475000 233.0
480000 226.1
485000 236.3
490000 230.4
495000 236.6
500000 236.4
505000 239.1
510000 240.9
515000 217.2
520000 243.1
525000 238.5
530000 239.6
535000 215.1
540000 242.6
545000 242.3
550000 238.8
555000 240.4
560000 241.6
565000 244.3
570000 245.3
575000 243.9
580000 217.1
585000 237.9
590000 244.8
595000 221.3
600000 249.1
605000 243.2
610000 253.1
615000 248.8
620000 251.5
625000 247.6
630000 222.2
635000 246.7
640000 254.0
645000 251.9
650000 244.1
655000 254.3
660000 244.1
665000 253.0
670000 254.8
675000 252.9
680000 247.9
685000 249.7
690000 228.4
695000 258.7
700000 227.9
705000 249.4
710000 258.0
715000 233.4
720000 260.8
725000 258.0
730000 259.6
735000 261.4
740000 258.0
745000 256.8
750000 250.8
755000 232.1
760000 260.6
765000 261.6
770000 259.6
775000 255.4
780000 268.8
785000 263.3
790000 264.2
795000 262.4
800000 258.2
805000 259.6
810000 262.3
815000 261.3
820000 258.4
825000 264.3
830000 239.3
835000 269.7
840000 262.9
845000 237.5
850000 263.6
855000 264.2
860000 267.2
865000 265.9
870000 268.2
875000 266.6
880000 266.8
885000 272.3
890000 271.0
895000 264.8
900000 268.4
905000 271.8
910000 266.4
915000 266.9
920000 267.8
925000 268.8
930000 274.2
935000 270.6
940000 271.1
945000 269.6
950000 268.4
955000 272.6
960000 272.9
965000 247.0
970000 273.1
975000 274.0
980000 271.1
985000 267.8
990000 272.0
995000 270.6
1000000 270.5
1005000 272.0
1010000 276.3
1015000 273.7
1020000 272.0
1025000 220.7
1030000 279.2
1035000 269.4
1040000 271.3
1045000 274.9
1050000 273.8
1055000 271.5
1060000 275.3
1065000 273.9
1070000 276.3
1075000 275.2
1080000 277.6
1085000 275.9
1090000 252.7
1095000 274.3
1100000 276.3
1105000 273.4
1110000 280.6
1115000 271.0
1120000 278.1
1125000 275.2
1130000 275.5
1135000 277.0
1140000 280.3
1145000 280.3
1150000 278.8
1155000 280.4
1160000 276.7
1165000 278.4
1170000 274.8
1175000 277.6
1180000 275.2
1185000 214.3
1190000 279.2
1195000 254.5
1200000 274.0
1205000 278.3
1210000 284.0
1215000 279.5
1220000 273.8
1225000 252.6
1230000 277.9
1235000 289.8
1240000 254.0
1245000 279.0
1250000 289.7
1255000 282.9
1260000 283.8
1265000 276.4
1270000 292.3
1275000 276.1
1280000 289.5
1285000 259.5
1290000 290.6
1295000 262.3
1300000 281.3
1305000 292.9
1310000 291.1
1315000 291.5
1320000 293.4
1325000 295.2
1330000 288.7
1335000 290.4
1340000 243.0
1345000 288.9
1350000 289.6
1355000 283.6
1360000 288.2
1365000 287.2
1370000 295.0
1375000 298.7
1380000 292.8
1385000 287.0
1390000 286.0
1395000 298.1
1400000 262.7
1405000 290.2
1410000 297.8
1415000 287.9
1420000 297.8
1425000 296.5
1430000 269.2
1435000 291.7
1440000 293.7
1445000 267.7
1450000 286.4
1455000 294.1
1460000 299.6
1465000 295.0
1470000 294.4
1475000 296.2
1480000 295.4
1485000 269.9
1490000 297.1
1495000 300.1
1500000 303.6
1505000 300.6
1510000 298.3
1515000 305.0
1520000 262.6
1525000 297.4
1530000 288.6
1535000 267.9
1540000 296.6
1545000 299.9
1550000 292.0
1555000 298.1
1560000 300.8
1565000 264.4
1570000 296.0
1575000 298.8
1580000 281.5
1585000 298.6
1590000 299.4
1595000 300.2
1600000 301.5
1605000 298.3
1610000 296.4
1615000 292.7
1620000 298.1
1625000 271.9
1630000 298.7
1635000 300.0
1640000 237.8
1645000 303.4
1650000 301.5
1655000 306.3
1660000 294.3
1665000 298.1
1670000 303.1
1675000 305.1
1680000 297.5
1685000 301.5
1690000 303.8
1695000 275.8
1700000 301.7
1705000 273.7
1710000 304.0
1715000 298.4
1720000 303.4
1725000 305.0
1730000 306.2
1735000 306.8
1740000 302.6
1745000 301.1
1750000 303.8
1755000 305.9
1760000 306.3
1765000 307.9
1770000 295.5
1775000 309.9
1780000 304.7
1785000 305.0
1790000 309.5
1795000 305.9
1800000 302.7
1805000 297.5
1810000 303.9
1815000 306.3
1820000 310.1
1825000 307.9
1830000 305.8
1835000 312.9
1840000 306.6
1845000 305.2
1850000 305.1
1855000 309.2
1860000 303.0
1865000 308.8
1870000 307.4
1875000 310.4
1880000 306.2
1885000 293.6
1890000 308.1
1895000 309.4
1900000 298.7
1905000 308.8
1910000 307.5
1915000 306.5
1920000 302.0
1925000 309.3
1930000 307.4
1935000 305.5
1940000 310.0
1945000 309.0
1950000 314.7
1955000 247.6
1960000 309.1
1965000 309.1
1970000 312.3
1975000 282.5
1980000 312.4
1985000 314.8
1990000 310.0
1995000 311.8
2000000 308.6
