5000 0.0
10000 0.0
15000 0.0
20000 0.0
25000 0.1
30000 0.0
35000 0.0
40000 0.9
45000 0.0
50000 0.1
55000 0.0
60000 0.0
65000 1.0
70000 0.0
75000 0.0
80000 0.0
85000 0.0
90000 0.0
95000 0.2
100000 0.0
105000 0.0
110000 0.0
115000 0.0
120000 0.0
125000 0.0
130000 0.0
135000 0.4
140000 0.0
145000 0.0
150000 0.8
155000 0.1
160000 0.9
165000 0.0
170000 0.6
175000 0.0
180000 0.7
185000 0.3
190000 0.0
195000 0.5
200000 0.1
205000 0.3
210000 0.2
215000 0.4
220000 0.0
225000 12.1
230000 1.8
235000 0.1
240000 0.0
245000 0.0
250000 0.0
255000 0.4
260000 0.1
265000 0.5
270000 0.1
275000 0.0
280000 0.0
285000 0.0
290000 0.3
295000 0.1
300000 0.1
305000 0.0
310000 0.0
315000 0.0
320000 0.0
325000 0.0
330000 0.0
335000 0.3
340000 0.0
345000 0.1
350000 0.0
355000 0.2
360000 0.0
365000 0.1
370000 0.3
375000 0.3
380000 0.4
385000 0.0
390000 0.0
395000 0.2
400000 1.4
405000 0.0
410000 0.0
415000 1.2
420000 0.0
425000 0.0
430000 0.0
435000 1.2
440000 1.0
445000 2.5
450000 1.4
455000 19.5
460000 11.3
465000 37.7
470000 36.9
475000 35.1
480000 38.0
485000 27.6
490000 20.8
495000 49.9
500000 39.8
505000 18.0
510000 33.5
515000 12.1
520000 41.8
525000 47.7
530000 41.8
535000 61.0
540000 37.8
545000 41.8
550000 84.3
555000 87.1
560000 38.5
565000 43.4
570000 50.8
575000 56.1
580000 42.2
585000 40.7
590000 65.4
595000 15.5
600000 75.2
605000 55.7
610000 43.1
615000 99.1
620000 72.0
625000 14.7
630000 40.0
635000 49.2
640000 6.7
645000 1.2
650000 0.1
655000 1.8
660000 25.9
665000 82.4
670000 43.0
675000 61.9
680000 74.4
685000 46.0
690000 48.0
695000 76.5
700000 45.9
705000 49.1
710000 63.6
715000 67.5
720000 101.6
725000 152.9
730000 61.3
735000 85.3
740000 83.7
745000 66.4
750000 85.7
755000 83.6
760000 68.0
765000 85.6
770000 63.1
775000 85.8
780000 84.7
785000 94.5
790000 52.1
795000 68.8
800000 86.4
805000 34.7
810000 52.7
815000 70.8
820000 72.0
825000 139.0
830000 51.3
835000 87.8
840000 103.3
845000 88.5
850000 35.0
855000 69.9
860000 70.9
865000 108.3
870000 74.3
875000 18.2
880000 74.1
885000 90.0
890000 53.5
895000 108.7
900000 53.6
905000 110.6
910000 92.9
915000 36.3
920000 91.0
925000 52.9
930000 72.8
935000 90.7
940000 133.6
945000 58.7
950000 93.4
955000 92.8
960000 63.9
965000 96.3
970000 135.1
975000 38.3
980000 129.6
985000 93.3
990000 94.3
995000 54.3
1000000 76.5
1005000 114.9
1010000 113.2
1015000 58.3
1020000 76.1
1025000 113.4
1030000 58.1
1035000 152.7
1040000 116.4
1045000 38.4
1050000 78.1
1055000 96.1
1060000 95.1
1065000 58.5
1070000 55.1
1075000 130.4
1080000 98.3
1085000 78.4
1090000 78.1
1095000 136.9
1100000 80.3
1105000 135.3
1110000 39.8
1115000 77.5
1120000 117.4
1125000 59.5
1130000 79.9
1135000 96.9
1140000 119.5
1145000 100.7
1150000 115.0
1155000 118.5
1160000 97.9
1165000 138.5
1170000 78.6
1175000 61.1
1180000 140.6
1185000 100.5
1190000 103.1
1195000 96.0
1200000 102.3
1205000 157.9
1210000 82.4
1215000 109.7
1220000 81.5
1225000 124.8
1230000 145.7
1235000 81.6
1240000 122.4
1245000 103.3
1250000 83.9
1255000 83.1
1260000 103.0
1265000 145.1
1270000 84.3
1275000 63.1
1280000 84.2
1285000 123.5
1290000 127.1
1295000 146.4
1300000 86.0
1305000 108.6
1310000 41.9
1315000 83.9
1320000 108.9
1325000 61.4
1330000 64.2
1335000 65.6
1340000 84.1
1345000 109.5
1350000 84.8
1355000 153.6
1360000 131.1
1365000 152.8
1370000 83.1
1375000 132.6
1380000 80.9
1385000 83.9
1390000 21.1
1395000 87.9
1400000 86.0
1405000 84.0
1410000 87.4
1415000 150.6
1420000 42.8
1425000 131.7
1430000 150.9
1435000 87.2
1440000 145.2
1445000 125.2
1450000 109.6
1455000 89.2
1460000 156.0
1465000 66.5
1470000 65.6
1475000 107.8
1480000 102.0
1485000 88.8
1490000 43.1
1495000 135.0
1500000 111.1
1505000 88.5
1510000 65.7
1515000 67.3
1520000 66.7
1525000 108.9
1530000 112.9
1535000 133.1
1540000 153.7
1545000 44.5
1550000 89.9
1555000 64.8
1560000 83.7
1565000 43.1
1570000 109.2
1575000 114.7
1580000 134.1
1585000 91.7
1590000 110.9
1595000 45.6
1600000 135.8
1605000 66.3
1610000 132.2
1615000 136.4
1620000 116.8
1625000 45.0
1630000 92.8
1635000 111.1
1640000 160.0
1645000 69.4
1650000 134.8
1655000 69.1
1660000 46.3
1665000 117.4
1670000 93.6
1675000 45.1
1680000 114.7
1685000 116.5
1690000 69.2
1695000 116.4
1700000 91.9
1705000 115.3
1710000 45.7
1715000 159.6
1720000 111.7
1725000 115.3
1730000 70.9
1735000 69.3
1740000 137.5
1745000 94.7
1750000 164.4
1755000 69.6
1760000 116.5
1765000 94.8
1770000 71.0
1775000 48.5
1780000 168.0
1785000 71.6
1790000 118.0
1795000 96.7
1800000 96.4
1805000 93.6
1810000 165.6
1815000 93.2
1820000 72.2
1825000 185.4
1830000 71.3
1835000 122.9
1840000 47.2
1845000 48.3
1850000 96.4
1855000 23.2
1860000 74.0
1865000 72.7
1870000 121.3
1875000 145.4
1880000 124.8
1885000 172.1
1890000 221.3
1895000 72.0
1900000 97.3
1905000 120.8
1910000 96.7
1915000 72.4
1920000 121.9
1925000 98.3
1930000 121.0
1935000 51.3
1940000 144.3
1945000 191.9
1950000 98.3
1955000 175.2
1960000 148.2
1965000 96.0
1970000 148.5
1975000 150.7
1980000 124.8
1985000 96.8
1990000 144.0
1995000 123.1
2000000 100.6
