5000 0.0
10000 0.3
15000 0.0
20000 0.1
25000 0.0
30000 0.3
35000 0.0
40000 0.0
45000 0.0
50000 0.0
55000 0.0
60000 0.0
65000 0.0
70000 0.0
75000 0.0
80000 0.0
85000 0.0
90000 0.8
95000 0.0
100000 0.0
105000 0.0
110000 0.0
115000 0.1
120000 0.2
125000 0.0
130000 0.0
135000 1.0
140000 0.1
145000 0.1
150000 0.0
155000 0.0
160000 0.8
165000 0.0
170000 0.4
175000 0.0
180000 0.0
185000 1.1
190000 0.3
195000 1.6
200000 0.5
205000 1.1
210000 2.8
215000 16.6
220000 6.7
225000 4.3
230000 2.7
235000 0.8
240000 11.2
245000 21.9
250000 47.3
255000 31.4
260000 15.9
265000 6.9
270000 50.8
275000 45.0
280000 20.3
285000 16.1
290000 63.6
295000 69.8
300000 35.7
305000 35.0
310000 37.6
315000 55.3
320000 35.7
325000 15.9
330000 94.0
335000 53.6
340000 69.1
345000 74.1
350000 108.1
355000 72.0
360000 143.4
365000 101.2
370000 39.6
375000 140.9
380000 74.3
385000 159.3
390000 79.6
395000 80.1
400000 102.8
405000 52.7
410000 82.2
415000 60.5
420000 40.7
425000 83.5
430000 84.4
435000 89.2
440000 67.9
445000 88.9
450000 133.9
455000 66.0
460000 22.8
465000 137.6
470000 156.1
475000 95.0
480000 138.0
485000 159.9
490000 67.0
495000 159.5
500000 69.3
505000 139.8
510000 91.1
515000 117.5
520000 118.3
525000 140.0
530000 116.5
535000 119.5
540000 120.8
545000 115.5
550000 165.5
555000 127.1
560000 118.1
565000 48.1
570000 166.2
575000 66.2
580000 121.2
585000 24.0
590000 141.5
595000 193.6
600000 168.6
605000 95.5
610000 68.6
615000 114.3
620000 119.4
625000 121.4
630000 124.8
635000 144.5
640000 48.2
645000 121.3
650000 70.7
655000 120.0
660000 120.1
665000 98.3
670000 74.2
675000 99.4
680000 145.5
685000 122.0
690000 125.3
695000 172.2
700000 48.2
705000 98.5
710000 146.9
715000 121.7
720000 98.6
725000 96.2
730000 74.2
735000 72.0
740000 176.1
745000 95.5
750000 97.1
755000 73.0
760000 120.9
765000 73.7
770000 115.8
775000 124.1
780000 124.3
785000 146.2
790000 142.4
795000 149.1
800000 123.8
805000 196.9
810000 101.7
815000 125.6
820000 24.4
825000 124.6
830000 99.7
835000 99.8
840000 147.8
845000 0.0
850000 99.3
855000 147.8
860000 124.2
865000 49.9
870000 124.4
875000 74.7
880000 127.4
885000 126.2
890000 99.8
895000 76.2
900000 123.4
905000 149.0
910000 75.7
915000 127.4
920000 149.8
925000 128.5
930000 173.8
935000 127.6
940000 51.3
945000 75.9
950000 49.4
955000 126.2
960000 178.0
965000 128.2
970000 77.8
975000 177.2
980000 152.5
985000 101.6
990000 125.0
995000 121.2
1000000 75.7
1005000 148.0
1010000 99.1
1015000 148.8
1020000 127.4
1025000 147.8
1030000 76.2
1035000 151.0
1040000 127.2
1045000 175.3
1050000 99.1
1055000 171.0
1060000 99.8
1065000 125.9
1070000 199.7
1075000 151.1
1080000 125.7
1085000 149.4
1090000 204.4
1095000 126.1
1100000 76.3
1105000 101.5
1110000 102.2
1115000 148.1
1120000 74.2
1125000 126.1
1130000 203.0
1135000 51.0
1140000 150.7
1145000 127.9
1150000 202.2
1155000 203.3
1160000 150.7
1165000 51.5
1170000 103.5
1175000 76.4
1180000 102.6
1185000 150.9
1190000 178.8
1195000 77.1
1200000 177.0
1205000 178.7
1210000 125.9
1215000 149.8
1220000 179.1
1225000 50.9
1230000 154.1
1235000 126.1
1240000 126.7
1245000 125.5
1250000 153.0
1255000 100.4
1260000 177.1
1265000 154.9
1270000 77.8
1275000 153.8
1280000 153.3
1285000 252.8
1290000 127.1
1295000 153.8
1300000 76.3
1305000 128.8
1310000 128.6
1315000 102.4
1320000 153.3
1325000 153.9
1330000 128.7
1335000 127.1
1340000 104.1
1345000 129.0
1350000 154.4
1355000 157.1
1360000 106.2
1365000 102.6
1370000 104.6
1375000 104.8
1380000 25.6
1385000 104.1
1390000 132.0
1395000 207.6
1400000 132.1
1405000 105.3
1410000 160.0
1415000 105.4
1420000 104.2
1425000 210.5
1430000 104.0
1435000 52.2
1440000 128.7
1445000 132.0
1450000 130.9
1455000 184.3
1460000 157.3
1465000 132.2
1470000 186.0
1475000 105.1
1480000 78.8
1485000 78.7
1490000 208.4
1495000 133.5
1500000 161.0
1505000 131.2
1510000 130.6
1515000 128.7
1520000 132.8
1525000 156.2
1530000 185.5
1535000 80.3
1540000 129.5
1545000 107.6
1550000 181.1
1555000 79.7
1560000 131.9
1565000 131.2
1570000 184.9
1575000 104.2
1580000 187.0
1585000 53.1
1590000 184.9
1595000 161.2
1600000 132.8
1605000 26.8
1610000 80.1
1615000 214.0
1620000 159.3
1625000 133.2
1630000 135.0
1635000 132.8
1640000 136.2
1645000 133.5
1650000 134.3
1655000 134.5
1660000 188.2
1665000 137.3
1670000 162.1
1675000 107.6
1680000 106.7
1685000 135.7
1690000 159.3
1695000 181.0
1700000 132.8
1705000 188.7
1710000 81.2
1715000 136.8
1720000 190.6
1725000 187.9
1730000 193.4
1735000 189.3
1740000 109.2
1745000 82.4
1750000 190.0
1755000 136.4
1760000 161.9
1765000 108.9
1770000 138.2
1775000 82.8
1780000 164.6
1785000 163.6
1790000 84.1
1795000 165.0
1800000 166.4
1805000 137.7
1810000 193.0
1815000 194.6
1820000 190.1
1825000 110.7
1830000 192.6
1835000 83.8
1840000 55.7
1845000 194.0
1850000 107.8
1855000 85.0
1860000 138.6
1865000 164.6
1870000 164.3
1875000 194.9
1880000 138.3
1885000 164.7
1890000 168.8
1895000 109.6
1900000 109.1
1905000 195.0
1910000 137.9
1915000 273.6
1920000 83.5
1925000 165.8
1930000 109.1
1935000 166.6
1940000 170.1
1945000 139.4
1950000 85.4
1955000 136.5
1960000 140.0
1965000 111.3
1970000 168.7
1975000 86.6
1980000 28.5
1985000 137.3
1990000 199.8
1995000 111.9
2000000 139.0
