5000 0.0
10000 0.0
15000 0.0
20000 0.0
25000 0.0
30000 0.3
35000 0.0
40000 0.0
45000 0.0
50000 0.0
55000 0.0
60000 0.0
65000 0.0
70000 0.0
75000 0.0
80000 0.0
85000 0.0
90000 0.0
95000 0.0
100000 0.0
105000 0.0
110000 0.0
115000 0.0
120000 0.0
125000 0.0
130000 0.0
135000 0.0
140000 0.0
145000 0.0
150000 0.0
155000 0.0
160000 0.0
165000 0.0
170000 0.0
175000 0.0
180000 0.0
185000 0.0
190000 0.2
195000 0.0
200000 0.1
205000 0.0
210000 0.0
215000 0.0
220000 0.0
225000 0.0
230000 0.0
235000 0.6
240000 1.2
245000 1.8
250000 1.4
255000 1.9
260000 1.2
265000 1.6
270000 0.8
275000 1.2
280000 0.0
285000 0.0
290000 2.5
295000 0.7
300000 1.4
305000 2.3
310000 1.6
315000 1.0
320000 3.0
325000 2.9
330000 0.0
335000 9.4
340000 13.7
345000 3.0
350000 21.2
355000 14.4
360000 16.9
365000 12.3
370000 3.4
375000 12.3
380000 17.6
385000 23.3
390000 21.1
395000 49.3
400000 8.9
405000 29.0
410000 53.5
415000 81.7
420000 63.0
425000 64.6
430000 24.4
435000 27.2
440000 39.1
445000 31.1
450000 46.4
455000 115.4
460000 94.1
465000 46.2
470000 59.9
475000 64.3
480000 52.1
485000 6.4
490000 86.4
495000 85.7
500000 35.3
505000 88.4
510000 49.0
515000 33.7
520000 142.6
525000 86.0
530000 55.4
535000 23.3
540000 106.4
545000 50.2
550000 48.7
555000 71.8
560000 145.4
565000 91.9
570000 76.7
575000 73.1
580000 128.2
585000 125.4
590000 55.6
595000 107.1
600000 72.8
605000 56.1
610000 132.2
615000 71.0
620000 129.2
625000 109.6
630000 56.1
635000 94.3
640000 37.2
645000 91.4
650000 56.1
655000 37.9
660000 76.7
665000 132.9
670000 37.7
675000 74.0
680000 98.3
685000 117.6
690000 58.1
695000 39.0
700000 20.0
705000 74.1
710000 20.1
715000 116.3
720000 39.7
725000 97.3
730000 99.3
735000 119.1
740000 142.8
745000 117.6
750000 76.7
755000 97.7
760000 98.9
765000 99.5
770000 157.7
775000 117.4
780000 58.0
785000 144.1
790000 118.6
795000 83.0
800000 120.1
805000 80.2
810000 59.6
815000 62.3
820000 80.4
825000 60.2
830000 99.4
835000 123.9
840000 121.3
845000 144.2
850000 101.5
855000 81.4
860000 60.5
865000 81.1
870000 102.9
875000 62.4
880000 61.7
885000 63.1
890000 125.7
895000 104.2
900000 101.2
905000 162.6
910000 42.9
915000 124.7
920000 84.5
925000 129.6
930000 21.5
935000 105.1
940000 125.2
945000 82.4
950000 103.8
955000 135.1
960000 79.3
965000 62.1
970000 59.9
975000 82.3
980000 61.5
985000 131.1
990000 108.0
995000 125.5
1000000 92.2
1005000 104.4
1010000 64.0
1015000 136.8
1020000 85.2
1025000 125.5
1030000 107.8
1035000 85.1
1040000 84.2
1045000 62.9
1050000 132.3
1055000 129.9
1060000 65.0
1065000 153.9
1070000 21.5
1075000 154.5
1080000 106.7
1085000 148.8
1090000 88.2
1095000 131.4
1100000 152.2
1105000 87.6
1110000 65.7
1115000 132.1
1120000 119.1
1125000 109.6
1130000 84.8
1135000 111.1
1140000 157.0
1145000 134.2
1150000 88.0
1155000 42.9
1160000 87.4
1165000 108.8
1170000 110.9
1175000 66.4
1180000 22.2
1185000 111.4
1190000 133.4
1195000 67.8
1200000 88.3
1205000 113.0
1210000 91.0
1215000 112.2
1220000 67.6
1225000 118.1
1230000 112.3
1235000 111.2
1240000 131.5
1245000 92.5
1250000 114.3
1255000 114.8
1260000 92.1
1265000 68.7
1270000 134.1
1275000 158.8
1280000 92.2
1285000 69.3
1290000 91.7
1295000 47.3
1300000 180.9
1305000 139.0
1310000 92.0
1315000 118.5
1320000 68.4
1325000 93.9
1330000 93.3
1335000 162.5
1340000 182.7
1345000 92.7
1350000 143.9
1355000 117.5
1360000 108.2
1365000 142.5
1370000 118.3
1375000 70.6
1380000 120.0
1385000 116.5
1390000 69.5
1395000 141.8
1400000 95.3
1405000 143.5
1410000 71.8
1415000 167.1
1420000 95.2
1425000 93.8
1430000 94.4
1435000 41.4
1440000 142.1
1445000 139.5
1450000 142.7
1455000 168.6
1460000 116.6
1465000 120.5
1470000 121.8
1475000 119.3
1480000 170.7
1485000 72.9
1490000 120.1
1495000 145.1
1500000 120.6
1505000 95.9
1510000 95.8
1515000 168.7
1520000 117.5
1525000 118.7
1530000 97.4
1535000 98.0
1540000 71.6
1545000 145.9
1550000 170.9
1555000 49.4
1560000 142.2
1565000 173.7
1570000 99.1
1575000 49.0
1580000 122.5
1585000 49.2
1590000 147.4
1595000 48.8
1600000 122.1
1605000 145.8
1610000 173.9
1615000 146.1
1620000 149.7
1625000 96.3
1630000 167.8
1635000 98.6
1640000 146.4
1645000 197.2
1650000 74.9
1655000 74.1
1660000 99.0
1665000 75.1
1670000 123.3
1675000 124.1
1680000 98.2
1685000 101.0
1690000 74.6
1695000 73.7
1700000 72.9
1705000 151.6
1710000 119.9
1715000 120.0
1720000 126.8
1725000 101.0
1730000 98.5
1735000 151.3
1740000 74.3
1745000 126.7
1750000 174.5
1755000 151.4
1760000 148.7
1765000 74.9
1770000 76.4
1775000 178.1
1780000 50.9
1785000 75.1
1790000 74.8
1795000 75.0
1800000 24.0
1805000 76.5
1810000 101.3
1815000 125.9
1820000 127.2
1825000 228.3
1830000 75.0
1835000 50.2
1840000 126.2
1845000 151.7
1850000 100.9
1855000 74.1
1860000 99.1
1865000 101.3
1870000 75.6
1875000 76.0
1880000 173.1
1885000 97.0
1890000 99.8
1895000 127.7
1900000 77.3
1905000 25.3
1910000 201.4
1915000 102.1
1920000 151.5
1925000 73.2
1930000 99.6
1935000 125.0
1940000 101.2
1945000 125.1
1950000 178.4
1955000 76.0
1960000 175.3
1965000 181.4
1970000 124.2
1975000 104.2
1980000 75.2
1985000 25.9
1990000 154.7
1995000 98.7
2000000 124.6
