5000 0.0
10000 0.0
15000 0.0
20000 0.0
25000 0.0
30000 0.0
35000 0.0
40000 0.0
45000 0.0
50000 0.1
55000 0.0
60000 0.0
65000 0.0
70000 1.0
75000 0.0
80000 0.4
85000 0.0
90000 1.0
95000 0.3
100000 0.6
105000 0.0
110000 0.5
115000 0.2
120000 0.4
125000 0.6
130000 0.6
135000 0.4
140000 0.4
145000 0.1
150000 0.8
155000 0.1
160000 0.3
165000 0.5
170000 0.0
175000 2.0
180000 1.6
185000 4.0
190000 20.8
195000 5.5
200000 13.1
205000 33.9
210000 24.1
215000 26.8
220000 39.0
225000 38.3
230000 41.5
235000 37.7
240000 44.7
245000 40.0
250000 22.8
255000 70.0
260000 65.8
265000 76.4
270000 57.4
275000 37.0
280000 60.1
285000 46.4
290000 49.0
295000 58.7
300000 32.9
305000 11.5
310000 50.3
315000 23.3
320000 61.2
325000 50.6
330000 52.4
335000 26.0
340000 48.5
345000 38.5
350000 63.5
355000 91.3
360000 63.8
365000 39.2
370000 67.3
375000 53.1
380000 53.0
385000 66.6
390000 83.2
395000 55.8
400000 98.8
405000 52.7
410000 53.6
415000 52.5
420000 80.4
425000 57.0
430000 27.8
435000 84.2
440000 71.0
445000 14.1
450000 85.8
455000 59.3
460000 28.2
465000 75.5
470000 82.3
475000 102.9
480000 103.9
485000 69.4
490000 29.5
495000 84.6
500000 90.7
505000 60.2
510000 13.3
515000 59.8
520000 47.1
525000 61.2
530000 120.4
535000 69.2
540000 74.8
545000 62.6
550000 45.6
555000 44.9
560000 74.2
565000 29.9
570000 57.3
575000 75.3
580000 77.1
585000 75.6
590000 61.8
595000 80.4
600000 111.7
605000 92.8
610000 61.8
615000 109.6
620000 69.0
625000 74.5
630000 107.2
635000 80.5
640000 80.7
645000 48.7
650000 48.1
655000 80.7
660000 49.8
665000 81.4
670000 96.9
675000 79.7
680000 111.6
685000 68.8
690000 68.4
695000 82.6
700000 63.9
705000 67.0
710000 92.8
715000 82.8
720000 88.2
725000 118.0
730000 84.9
735000 83.1
740000 104.1
745000 94.6
750000 73.0
755000 146.2
760000 96.2
765000 115.4
770000 124.9
775000 95.6
780000 110.3
785000 75.5
790000 113.8
795000 160.4
800000 163.6
805000 99.5
810000 136.7
815000 101.9
820000 139.5
825000 146.4
830000 121.9
835000 128.2
840000 83.3
845000 166.0
850000 128.5
855000 147.4
860000 103.5
865000 210.2
870000 187.1
875000 179.5
880000 211.7
885000 107.3
890000 213.6
895000 192.3
900000 199.8
905000 200.9
910000 225.5
915000 202.5
920000 230.0
925000 224.8
930000 202.8
935000 226.0
940000 236.8
945000 211.6
950000 239.2
955000 232.6
960000 252.4
965000 246.5
970000 221.0
975000 244.0
980000 246.8
985000 248.6
990000 245.2
995000 250.8
1000000 249.4
1005000 235.0
1010000 253.2
1015000 256.4
1020000 262.7
1025000 233.6
1030000 258.1
1035000 273.1
1040000 267.7
1045000 265.7
1050000 269.7
1055000 271.9
1060000 276.1
1065000 240.0
1070000 278.7
1075000 276.0
1080000 271.7
1085000 272.5
1090000 276.1
1095000 252.4
1100000 277.4
1105000 277.6
1110000 273.0
1115000 279.8
1120000 275.7
1125000 279.1
1130000 249.8
1135000 279.0
1140000 276.8
1145000 279.1
1150000 278.6
1155000 273.0
1160000 281.1
1165000 283.7
1170000 285.7
1175000 279.6
1180000 283.6
1185000 288.1
1190000 287.1
1195000 280.7
1200000 279.8
1205000 259.7
1210000 286.8
1215000 285.8
1220000 288.4
1225000 284.8
1230000 279.5
1235000 287.5
1240000 289.3
1245000 287.1
1250000 291.1
1255000 286.0
1260000 285.6
1265000 286.7
1270000 289.0
1275000 290.3
1280000 287.0
1285000 290.8
1290000 291.3
1295000 282.2
1300000 290.3
1305000 292.3
1310000 291.8
1315000 287.0
1320000 298.4
1325000 293.8
1330000 290.4
1335000 295.5
1340000 294.0
1345000 287.9
1350000 299.0
1355000 294.3
1360000 297.0
1365000 290.2
1370000 298.0
1375000 290.3
1380000 293.2
1385000 290.5
1390000 296.5
1395000 297.4
1400000 294.8
1405000 291.4
1410000 294.9
1415000 294.4
1420000 296.7
1425000 297.4
1430000 297.0
1435000 302.7
1440000 302.6
1445000 296.9
1450000 297.5
1455000 299.6
1460000 305.1
1465000 300.7
1470000 299.6
1475000 303.4
1480000 302.5
1485000 300.2
1490000 307.1
1495000 300.8
1500000 297.3
1505000 305.6
1510000 305.6
1515000 307.7
1520000 302.7
1525000 305.8
1530000 299.0
1535000 310.8
1540000 305.6
1545000 306.7
1550000 289.5
1555000 302.6
1560000 300.9
1565000 298.7
1570000 301.5
1575000 299.8
1580000 309.6
1585000 265.5
1590000 310.0
1595000 305.2
1600000 278.3
1605000 305.0
1610000 307.6
1615000 309.9
1620000 309.6
1625000 298.7
1630000 277.2
1635000 310.3
1640000 271.6
1645000 313.3
1650000 311.7
1655000 306.2
1660000 296.9
1665000 303.0
1670000 315.6
1675000 313.5
1680000 306.1
1685000 307.9
1690000 308.3
1695000 301.6
1700000 304.5
1705000 318.7
1710000 313.9
1715000 308.8
1720000 318.6
1725000 311.9
1730000 308.6
1735000 311.0
1740000 305.2
1745000 306.3
1750000 308.7
1755000 269.5
1760000 306.6
1765000 316.1
1770000 313.9
1775000 314.7
1780000 317.6
1785000 317.2
1790000 314.5
1795000 308.3
1800000 313.6
1805000 308.3
1810000 313.2
1815000 312.2
1820000 309.5
1825000 312.0
1830000 312.8
1835000 316.2
1840000 311.5
1845000 312.6
1850000 313.7
1855000 316.4
1860000 314.5
1865000 311.8
1870000 311.3
1875000 321.6
1880000 311.5
1885000 303.7
1890000 320.4
1895000 317.1
1900000 315.8
1905000 323.8
1910000 281.0
1915000 291.7
1920000 320.1
1925000 323.8
1930000 319.3
1935000 320.0
1940000 314.6
1945000 316.7
1950000 325.7
1955000 288.2
1960000 313.0
1965000 322.7
1970000 315.2
1975000 324.1
1980000 316.2
1985000 324.9
1990000 324.9
1995000 325.0
2000000 321.2
