20000 98.9
40000 188.8
60000 365.2
80000 327.9
100000 404.2
120000 341.9
140000 582.5
160000 668.5
180000 527.8
200000 567.9
220000 589.3
240000 388.8
260000 578.0
280000 389.1
300000 495.6
320000 579.8
340000 676.8
360000 307.0
380000 230.1
400000 665.1
420000 677.0
440000 690.3
460000 773.6
480000 295.4
500000 768.4
520000 488.1
540000 686.5
560000 881.3
580000 683.6
600000 746.4
620000 960.8
640000 777.3
660000 875.8
680000 611.9
700000 777.1
720000 710.6
740000 689.3
760000 686.4
780000 676.9
800000 968.1
820000 558.4
840000 682.1
860000 687.5
880000 868.9
900000 742.9
920000 973.2
940000 490.2
960000 940.9
980000 896.2
1000000 675.4
1020000 858.5
1040000 683.5
1060000 486.0
1080000 394.2
1100000 655.7
1120000 653.3
1140000 682.5
1160000 882.3
1180000 931.6
1200000 444.1
1220000 853.9
1240000 681.8
1260000 855.2
1280000 645.5
1300000 774.6
1320000 705.8
1340000 444.0
1360000 873.0
1380000 865.2
1400000 971.3
1420000 630.3
1440000 682.8
1460000 638.5
1480000 629.5
1500000 689.8
1520000 820.1
1540000 783.0
1560000 603.7
1580000 688.4
1600000 540.0
1620000 785.2
1640000 778.2
1660000 792.8
1680000 781.5
1700000 589.2
1720000 953.4
1740000 746.5
1760000 777.8
1780000 770.7
1800000 777.8
1820000 750.5
1840000 795.6
1860000 492.8
1880000 757.5
1900000 878.6
1920000 581.0
1940000 965.8
1960000 653.2
1980000 645.4
2000000 635.5
