20000 330.1
40000 389.6
60000 298.2
80000 194.9
100000 238.3
120000 301.2
140000 295.4
160000 537.1
180000 388.4
200000 139.9
220000 199.1
240000 358.4
260000 605.7
280000 321.3
300000 328.9
320000 610.7
340000 577.7
360000 488.4
380000 198.6
400000 279.5
420000 306.3
440000 284.8
460000 303.4
480000 339.3
500000 293.5
520000 384.0
540000 482.4
560000 296.3
580000 104.6
600000 255.7
620000 397.1
640000 204.6
660000 676.7
680000 479.3
700000 573.7
720000 494.6
740000 489.8
760000 590.4
780000 487.5
800000 512.2
820000 793.8
840000 100.2
860000 472.1
880000 292.6
900000 214.7
920000 479.8
940000 333.6
960000 294.1
980000 487.2
1000000 588.4
1020000 572.3
1040000 303.2
1060000 357.9
1080000 577.3
1100000 882.9
1120000 553.8
1140000 874.1
1160000 522.2
1180000 305.4
1200000 643.3
1220000 545.1
1240000 693.5
1260000 770.9
1280000 515.7
1300000 548.9
1320000 683.1
1340000 537.7
1360000 508.6
1380000 561.4
1400000 435.6
1420000 346.1
1440000 527.8
1460000 644.1
1480000 604.5
1500000 479.0
1520000 971.2
1540000 582.0
1560000 259.4
1580000 846.1
1600000 593.3
1620000 404.3
1640000 628.8
1660000 655.3
1680000 763.7
1700000 571.7
1720000 874.4
1740000 678.5
1760000 560.7
1780000 515.8
1800000 963.0
1820000 729.3
1840000 866.3
1860000 678.6
1880000 592.6
1900000 452.6
1920000 488.8
1940000 326.6
1960000 589.5
1980000 561.3
2000000 481.3
