20000 228.7
40000 98.8
60000 2.9
80000 6.4
100000 291.5
120000 213.1
140000 268.2
160000 489.7
180000 102.8
200000 339.8
220000 386.4
240000 372.0
260000 575.5
280000 389.9
300000 325.1
320000 396.6
340000 279.5
360000 427.1
380000 577.6
400000 587.9
420000 472.6
440000 422.9
460000 286.6
480000 438.7
500000 479.2
520000 482.8
540000 778.5
560000 489.9
580000 735.4
600000 572.1
620000 680.9
640000 522.4
660000 581.2
680000 769.9
700000 690.2
720000 592.8
740000 105.0
760000 404.2
780000 680.2
800000 679.7
820000 687.7
840000 471.7
860000 586.3
880000 327.4
900000 663.8
920000 391.6
940000 657.7
960000 343.4
980000 476.0
1000000 511.6
1020000 771.6
1040000 512.2
1060000 690.5
1080000 275.3
1100000 675.3
1120000 719.1
1140000 257.5
1160000 424.2
1180000 514.9
1200000 689.7
1220000 580.9
1240000 584.9
1260000 318.2
1280000 698.1
1300000 297.9
1320000 675.1
1340000 583.8
1360000 682.3
1380000 472.7
1400000 626.1
1420000 599.2
1440000 670.5
1460000 672.3
1480000 575.7
1500000 201.0
1520000 678.8
1540000 869.1
1560000 472.6
1580000 582.5
1600000 453.3
1620000 675.7
1640000 636.5
1660000 577.4
1680000 744.5
1700000 689.9
1720000 490.0
1740000 547.4
1760000 578.5
1780000 588.0
1800000 507.2
1820000 487.2
1840000 298.2
1860000 518.4
1880000 878.5
1900000 514.3
1920000 682.7
1940000 480.1
1960000 585.2
1980000 637.7
2000000 586.0
