20000 367.6
40000 416.6
60000 389.0
80000 197.3
100000 298.6
120000 299.4
140000 748.3
160000 585.3
180000 290.5
200000 289.1
220000 702.6
240000 589.2
260000 395.1
280000 501.5
300000 355.7
320000 295.6
340000 193.9
360000 93.9
380000 225.9
400000 182.1
420000 97.7
440000 127.1
460000 135.6
480000 120.6
500000 81.4
520000 33.1
540000 71.2
560000 112.8
580000 46.0
600000 46.7
620000 170.8
640000 127.6
660000 3.1
680000 36.9
700000 54.3
720000 30.5
740000 117.2
760000 106.4
780000 196.3
800000 102.6
820000 130.3
840000 392.1
860000 304.9
880000 195.5
900000 306.9
920000 206.1
940000 111.3
960000 6.8
980000 305.6
1000000 7.6
1020000 30.4
1040000 117.6
1060000 132.2
1080000 483.6
1100000 51.6
1120000 97.7
1140000 101.0
1160000 50.0
1180000 198.0
1200000 95.9
1220000 221.4
1240000 314.6
1260000 404.5
1280000 56.2
1300000 108.6
1320000 219.7
1340000 202.9
1360000 102.2
1380000 6.9
1400000 201.4
1420000 143.0
1440000 193.7
1460000 216.6
1480000 200.4
1500000 226.6
1520000 275.2
1540000 291.4
1560000 58.9
1580000 102.1
1600000 103.6
1620000 194.2
1640000 15.7
1660000 192.8
1680000 126.9
1700000 147.7
1720000 18.6
1740000 15.5
1760000 186.6
1780000 116.4
1800000 37.8
1820000 114.2
1840000 167.9
1860000 29.7
1880000 33.4
1900000 46.3
1920000 113.3
1940000 120.4
1960000 71.9
1980000 206.2
2000000 99.6
