20000 173.9
40000 83.4
60000 281.3
80000 348.9
100000 363.8
120000 301.2
140000 477.5
160000 342.4
180000 309.2
200000 270.3
220000 397.1
240000 319.3
260000 290.5
280000 319.1
300000 472.7
320000 201.5
340000 487.0
360000 290.5
380000 169.2
400000 493.2
420000 400.9
440000 662.5
460000 368.0
480000 488.3
500000 571.2
520000 474.0
540000 498.4
560000 242.9
580000 569.7
600000 319.2
620000 413.2
640000 304.8
660000 474.4
680000 299.7
700000 611.0
720000 388.6
740000 216.8
760000 195.1
780000 336.4
800000 147.4
820000 177.3
840000 489.1
860000 357.4
880000 228.8
900000 481.7
920000 408.9
940000 334.7
960000 481.2
980000 581.0
1000000 681.2
1020000 380.3
1040000 201.9
1060000 488.4
1080000 629.7
1100000 471.7
1120000 298.1
1140000 397.9
1160000 403.5
1180000 388.8
1200000 591.3
1220000 305.7
1240000 684.1
1260000 487.6
1280000 288.9
1300000 303.3
1320000 275.7
1340000 562.2
1360000 476.7
1380000 389.9
1400000 774.5
1420000 192.7
1440000 173.5
1460000 294.6
1480000 307.8
1500000 286.9
1520000 532.8
1540000 216.9
1560000 620.6
1580000 489.6
1600000 298.4
1620000 495.3
1640000 291.5
1660000 405.0
1680000 394.8
1700000 391.8
1720000 497.4
1740000 555.9
1760000 192.1
1780000 672.8
1800000 689.1
1820000 260.5
1840000 306.6
1860000 595.6
1880000 193.8
1900000 347.3
1920000 486.4
1940000 387.5
1960000 402.0
1980000 312.7
2000000 138.6
