20000 195.2
40000 115.1
60000 411.0
80000 411.5
100000 286.9
120000 198.5
140000 402.3
160000 585.6
180000 350.8
200000 573.5
220000 170.4
240000 211.2
260000 258.0
280000 258.3
300000 198.8
320000 207.0
340000 410.9
360000 390.0
380000 300.5
400000 290.8
420000 757.4
440000 671.1
460000 545.1
480000 664.9
500000 581.1
520000 485.1
540000 686.1
560000 711.9
580000 751.6
600000 580.0
620000 570.4
640000 433.1
660000 414.8
680000 302.2
700000 558.0
720000 381.0
740000 592.1
760000 401.3
780000 518.3
800000 558.6
820000 550.4
840000 318.2
860000 570.0
880000 644.1
900000 652.8
920000 579.3
940000 388.4
960000 316.4
980000 490.9
1000000 555.1
1020000 204.3
1040000 573.3
1060000 510.9
1080000 478.5
1100000 385.4
1120000 311.5
1140000 388.9
1160000 467.2
1180000 140.4
1200000 679.1
1220000 120.7
1240000 100.1
1260000 478.2
1280000 219.2
1300000 372.5
1320000 386.0
1340000 186.0
1360000 292.3
1380000 297.5
1400000 656.3
1420000 426.7
1440000 290.7
1460000 327.7
1480000 296.2
1500000 139.7
1520000 601.0
1540000 424.2
1560000 533.9
1580000 261.7
1600000 367.1
1620000 131.5
1640000 336.5
1660000 203.7
1680000 681.6
1700000 492.1
1720000 416.4
1740000 301.2
1760000 208.1
1780000 338.2
1800000 200.8
1820000 576.9
1840000 486.2
1860000 376.1
1880000 201.8
1900000 161.5
1920000 387.7
1940000 380.0
1960000 248.2
1980000 506.8
2000000 305.1
