20000 100.1
40000 27.3
60000 368.1
80000 328.8
100000 98.6
120000 311.1
140000 384.6
160000 279.6
180000 495.6
200000 146.1
220000 120.6
240000 292.2
260000 539.3
280000 305.0
300000 343.4
320000 353.7
340000 305.9
360000 109.9
380000 83.6
400000 347.3
420000 386.6
440000 454.7
460000 275.2
480000 322.1
500000 365.9
520000 354.1
540000 391.0
560000 213.3
580000 288.7
600000 296.6
620000 39.4
640000 380.1
660000 573.4
680000 25.2
700000 273.6
720000 319.8
740000 395.5
760000 382.6
780000 673.8
800000 852.6
820000 229.3
840000 318.3
860000 682.0
880000 832.7
900000 775.8
920000 759.0
940000 559.1
960000 627.7
980000 976.3
1000000 524.4
1020000 748.2
1040000 776.2
1060000 623.4
1080000 962.8
1100000 772.0
1120000 491.2
1140000 682.9
1160000 782.8
1180000 685.2
1200000 585.4
1220000 588.3
1240000 965.3
1260000 682.3
1280000 877.6
1300000 956.5
1320000 939.5
1340000 852.0
1360000 971.6
1380000 780.9
1400000 912.5
1420000 876.5
1440000 579.9
1460000 963.9
1480000 839.1
1500000 880.3
1520000 872.8
1540000 970.6
1560000 874.3
1580000 693.7
1600000 681.0
1620000 884.7
1640000 853.7
1660000 872.4
1680000 949.3
1700000 677.8
1720000 871.0
1740000 967.1
1760000 835.0
1780000 869.6
1800000 879.3
1820000 797.6
1840000 869.9
1860000 780.6
1880000 771.2
1900000 978.1
1920000 713.5
1940000 966.4
1960000 770.4
1980000 880.5
2000000 673.2
