20000 273.1
40000 198.8
60000 285.8
80000 307.2
100000 299.8
120000 466.9
140000 471.2
160000 476.6
180000 669.8
200000 677.7
220000 614.9
240000 481.6
260000 304.2
280000 304.2
300000 250.1
320000 559.6
340000 420.5
360000 561.4
380000 677.4
400000 679.5
420000 173.6
440000 216.9
460000 656.5
480000 338.2
500000 453.1
520000 400.3
540000 545.7
560000 250.7
580000 389.8
600000 514.5
620000 108.8
640000 520.3
660000 395.0
680000 394.9
700000 310.4
720000 504.5
740000 483.1
760000 432.1
780000 387.4
800000 670.2
820000 482.5
840000 586.1
860000 347.1
880000 577.7
900000 237.2
920000 11.3
940000 417.6
960000 320.9
980000 319.1
1000000 301.0
1020000 421.9
1040000 322.8
1060000 399.2
1080000 329.8
1100000 593.0
1120000 385.7
1140000 480.6
1160000 295.7
1180000 492.7
1200000 482.1
1220000 390.3
1240000 297.0
1260000 481.8
1280000 478.0
1300000 419.5
1320000 393.6
1340000 572.4
1360000 388.2
1380000 4.8
1400000 202.1
1420000 329.1
1440000 116.8
1460000 170.1
1480000 356.1
1500000 348.0
1520000 534.4
1540000 367.4
1560000 388.9
1580000 485.5
1600000 672.9
1620000 581.7
1640000 392.8
1660000 284.9
1680000 492.7
1700000 404.8
1720000 490.3
1740000 116.5
1760000 387.8
1780000 424.2
1800000 191.0
1820000 210.8
1840000 398.2
1860000 382.0
1880000 101.9
1900000 443.6
1920000 13.4
1940000 738.9
1960000 160.7
1980000 106.3
2000000 322.4
