20000 102.3
40000 292.4
60000 299.9
80000 198.6
100000 408.5
120000 577.7
140000 668.0
160000 549.0
180000 790.6
200000 778.2
220000 677.7
240000 940.9
260000 736.4
280000 654.2
300000 659.0
320000 656.4
340000 825.1
360000 790.6
380000 781.6
400000 751.5
420000 972.5
440000 959.1
460000 779.7
480000 975.9
500000 974.5
520000 957.5
540000 868.0
560000 967.3
580000 776.6
600000 871.5
620000 971.6
640000 827.1
660000 916.6
680000 874.9
700000 864.7
720000 786.9
740000 687.0
760000 879.0
780000 721.4
800000 964.5
820000 878.9
840000 875.2
860000 698.3
880000 718.5
900000 879.7
920000 791.4
940000 787.5
960000 962.5
980000 879.1
1000000 695.0
1020000 905.4
1040000 888.8
1060000 869.8
1080000 743.8
1100000 780.5
1120000 964.8
1140000 972.4
1160000 872.9
1180000 792.8
1200000 874.2
1220000 879.8
1240000 938.8
1260000 968.4
1280000 834.0
1300000 852.3
1320000 785.0
1340000 870.0
1360000 866.4
1380000 780.2
1400000 878.6
1420000 841.7
1440000 880.5
1460000 981.0
1480000 975.0
1500000 860.9
1520000 977.7
1540000 845.5
1560000 872.2
1580000 978.3
1600000 878.2
1620000 831.1
1640000 878.1
1660000 743.4
1680000 881.6
1700000 761.7
1720000 951.6
1740000 865.3
1760000 974.4
1780000 967.1
1800000 792.1
1820000 981.7
1840000 971.7
1860000 881.7
1880000 969.2
1900000 781.0
1920000 789.0
1940000 975.1
1960000 869.7
1980000 969.9
2000000 971.6
