20000 153.1
40000 293.5
60000 159.0
80000 251.2
100000 289.2
120000 386.4
140000 378.4
160000 525.4
180000 677.5
200000 235.0
220000 417.6
240000 479.8
260000 313.2
280000 719.2
300000 674.2
320000 863.6
340000 853.5
360000 668.6
380000 872.8
400000 629.1
420000 684.3
440000 489.0
460000 385.2
480000 695.1
500000 593.7
520000 569.4
540000 394.3
560000 781.9
580000 455.9
600000 881.1
620000 679.4
640000 649.8
660000 750.1
680000 706.1
700000 687.0
720000 680.1
740000 807.3
760000 449.3
780000 924.5
800000 681.9
820000 494.9
840000 770.7
860000 654.0
880000 648.6
900000 860.8
920000 860.6
940000 880.9
960000 646.0
980000 781.1
1000000 741.2
1020000 612.4
1040000 685.9
1060000 775.5
1080000 940.6
1100000 671.4
1120000 780.1
1140000 790.7
1160000 871.0
1180000 850.1
1200000 678.4
1220000 779.5
1240000 677.3
1260000 866.0
1280000 782.7
1300000 582.0
1320000 876.4
1340000 563.0
1360000 668.1
1380000 876.6
1400000 692.1
1420000 680.4
1440000 977.7
1460000 868.2
1480000 846.2
1500000 863.8
1520000 559.9
1540000 974.3
1560000 961.9
1580000 776.4
1600000 676.3
1620000 693.8
1640000 970.7
1660000 951.4
1680000 899.3
1700000 772.0
1720000 973.2
1740000 903.4
1760000 843.3
1780000 873.0
1800000 779.9
1820000 739.4
1840000 874.6
1860000 641.3
1880000 880.3
1900000 959.4
1920000 770.2
1940000 975.7
1960000 786.7
1980000 781.6
2000000 837.5
