5000 300.0
10000 200.0
15000 103.0
20000 1.5
25000 99.8
30000 225.6
35000 291.8
40000 290.6
45000 373.7
50000 390.0
55000 358.8
60000 261.2
65000 677.1
70000 648.9
75000 578.5
80000 664.9
85000 761.8
90000 659.9
95000 463.9
100000 571.1
105000 376.1
110000 660.9
115000 667.8
120000 753.3
125000 569.1
130000 654.1
135000 556.5
140000 747.6
145000 579.5
150000 737.2
155000 755.9
160000 863.7
165000 662.1
170000 664.5
175000 774.2
180000 650.1
185000 650.8
190000 388.5
195000 681.2
200000 751.4
205000 867.2
210000 835.1
215000 755.3
220000 479.6
225000 674.9
230000 951.7
235000 954.8
240000 775.8
245000 722.3
250000 937.4
255000 668.6
260000 904.9
265000 870.9
270000 771.0
275000 961.0
280000 982.0
285000 872.7
290000 877.1
295000 770.0
300000 945.6
305000 945.0
310000 859.6
315000 679.8
320000 862.3
325000 874.3
330000 590.1
335000 840.1
340000 965.3
345000 945.7
350000 847.5
355000 575.7
360000 975.6
365000 944.0
370000 956.9
375000 763.4
380000 765.6
385000 869.0
390000 969.6
395000 965.0
400000 868.1
405000 967.1
410000 783.6
415000 957.0
420000 784.7
425000 964.3
430000 975.9
435000 948.9
440000 963.5
445000 967.3
450000 915.6
455000 861.4
460000 969.6
465000 769.0
470000 681.6
475000 958.3
480000 957.0
485000 960.5
490000 863.4
495000 972.1
500000 975.2
505000 952.9
510000 874.9
515000 933.4
520000 860.8
525000 874.1
530000 944.5
535000 877.6
540000 959.2
545000 872.3
550000 860.4
555000 859.9
560000 872.6
565000 880.5
570000 950.7
575000 873.7
580000 859.1
585000 879.3
590000 859.2
595000 953.9
600000 764.9
605000 972.2
610000 972.6
615000 922.5
620000 979.6
625000 958.5
630000 959.1
635000 871.4
640000 976.8
645000 970.4
650000 973.8
655000 772.9
660000 874.0
665000 870.2
670000 879.2
675000 966.9
680000 938.7
685000 968.5
690000 968.1
695000 977.2
700000 977.1
705000 968.9
710000 957.3
715000 966.5
720000 952.8
725000 863.5
730000 777.0
735000 964.5
740000 872.8
745000 970.6
750000 683.2
755000 975.8
760000 964.5
765000 965.5
770000 959.1
775000 873.0
780000 968.0
785000 945.9
790000 941.8
795000 961.8
800000 879.5
805000 985.4
810000 965.4
815000 880.2
820000 978.1
825000 974.7
830000 971.4
835000 878.7
840000 981.9
845000 969.1
850000 876.7
855000 966.7
860000 779.9
865000 878.2
870000 963.5
875000 870.5
880000 968.5
885000 967.9
890000 967.2
895000 971.4
900000 975.0
905000 873.9
910000 967.7
915000 982.5
920000 883.3
925000 966.6
930000 975.8
935000 883.9
940000 966.7
945000 870.8
950000 972.9
955000 951.1
960000 963.4
965000 778.0
970000 959.4
975000 974.4
980000 968.2
985000 968.7
990000 969.5
995000 766.2
1000000 968.5
1005000 982.5
1010000 975.3
1015000 980.3
1020000 972.3
1025000 986.0
1030000 977.8
1035000 866.4
1040000 965.3
1045000 883.8
1050000 874.0
1055000 880.7
1060000 870.6
1065000 950.8
1070000 977.4
1075000 882.8
1080000 976.2
1085000 972.8
1090000 964.8
1095000 974.1
1100000 986.0
1105000 965.8
1110000 774.3
1115000 974.3
1120000 974.9
1125000 960.0
1130000 965.2
1135000 981.2
1140000 976.3
1145000 972.6
1150000 966.2
1155000 779.9
1160000 952.5
1165000 875.9
1170000 873.9
1175000 866.8
1180000 972.4
1185000 976.1
1190000 953.6
1195000 863.9
1200000 974.4
1205000 977.4
1210000 973.0
1215000 961.6
1220000 876.6
1225000 973.6
1230000 873.8
1235000 880.7
1240000 979.2
1245000 876.7
1250000 970.4
1255000 872.6
1260000 967.9
1265000 867.3
1270000 661.3
1275000 971.9
1280000 975.2
1285000 959.4
1290000 966.3
1295000 870.9
1300000 883.0
1305000 867.4
1310000 873.2
1315000 968.4
1320000 872.8
1325000 766.4
1330000 874.4
1335000 866.4
1340000 873.6
1345000 961.6
1350000 867.7
1355000 970.7
1360000 973.4
1365000 963.5
1370000 869.9
1375000 873.0
1380000 960.6
1385000 874.5
1390000 882.1
1395000 962.8
1400000 979.2
1405000 968.2
1410000 973.4
1415000 973.3
1420000 981.2
1425000 775.1
1430000 976.9
1435000 980.7
1440000 880.9
1445000 969.4
1450000 880.0
1455000 877.4
1460000 782.5
1465000 871.7
1470000 973.9
1475000 862.0
1480000 776.7
1485000 967.2
1490000 977.4
1495000 879.2
1500000 975.5
1505000 882.7
1510000 949.6
1515000 786.7
1520000 950.1
1525000 869.4
1530000 969.7
1535000 976.5
1540000 780.5
1545000 973.7
1550000 873.8
1555000 875.4
1560000 986.8
1565000 877.0
1570000 779.8
1575000 963.9
1580000 975.2
1585000 970.2
1590000 874.1
1595000 981.0
1600000 880.0
1605000 970.7
1610000 970.2
1615000 971.4
1620000 979.9
1625000 962.8
1630000 974.4
1635000 958.8
1640000 980.4
1645000 972.4
1650000 968.8
1655000 964.4
1660000 973.4
1665000 772.2
1670000 973.9
1675000 779.2
1680000 880.2
1685000 874.3
1690000 867.1
1695000 683.1
1700000 685.5
1705000 884.6
1710000 961.2
1715000 776.8
1720000 967.2
1725000 963.7
1730000 963.3
1735000 979.4
1740000 870.8
1745000 870.1
1750000 970.2
1755000 874.6
1760000 874.4
1765000 883.4
1770000 872.0
1775000 772.0
1780000 873.4
1785000 985.0
1790000 687.6
1795000 975.9
1800000 970.6
1805000 973.1
1810000 969.9
1815000 982.4
1820000 980.1
1825000 871.1
1830000 872.9
1835000 982.0
1840000 880.9
1845000 969.2
1850000 975.1
1855000 970.0
1860000 967.3
1865000 867.4
1870000 775.4
1875000 968.5
1880000 980.2
1885000 871.0
1890000 983.3
1895000 976.0
1900000 877.7
1905000 986.4
1910000 885.2
1915000 887.1
1920000 784.3
1925000 971.8
1930000 986.5
1935000 951.3
1940000 877.4
1945000 881.5
1950000 983.8
1955000 961.7
1960000 982.7
1965000 884.5
1970000 975.5
1975000 875.0
1980000 873.2
1985000 880.6
1990000 883.2
1995000 971.6
2000000 784.8
