5000 95.8
10000 0.0
15000 147.6
20000 401.2
25000 121.4
30000 264.1
35000 277.4
40000 325.3
45000 527.4
50000 410.0
55000 761.0
60000 640.0
65000 280.6
70000 867.6
75000 389.4
80000 671.5
85000 396.1
90000 190.5
95000 874.0
100000 485.9
105000 819.5
110000 735.7
115000 663.8
120000 616.4
125000 680.2
130000 777.0
135000 481.5
140000 757.4
145000 669.0
150000 748.9
155000 850.3
160000 860.7
165000 943.9
170000 668.0
175000 770.1
180000 573.5
185000 863.6
190000 911.0
195000 859.2
200000 677.9
205000 856.8
210000 685.3
215000 874.9
220000 961.3
225000 959.4
230000 668.1
235000 671.5
240000 850.0
245000 960.1
250000 773.2
255000 585.4
260000 966.5
265000 878.4
270000 967.1
275000 773.3
280000 677.8
285000 863.5
290000 965.4
295000 824.7
300000 958.4
305000 971.1
310000 964.6
315000 860.7
320000 956.2
325000 874.4
330000 870.7
335000 877.4
340000 777.8
345000 866.4
350000 953.1
355000 970.7
360000 971.6
365000 960.1
370000 971.1
375000 671.3
380000 952.6
385000 978.7
390000 763.2
395000 572.8
400000 668.4
405000 862.0
410000 868.4
415000 868.7
420000 975.9
425000 966.5
430000 878.3
435000 747.1
440000 773.4
445000 872.6
450000 865.0
455000 958.2
460000 869.1
465000 958.7
470000 869.2
475000 874.5
480000 976.1
485000 963.4
490000 980.4
495000 869.5
500000 970.2
505000 966.2
510000 966.0
515000 869.7
520000 863.4
525000 969.5
530000 970.0
535000 966.3
540000 967.6
545000 869.0
550000 960.4
555000 972.5
560000 877.4
565000 964.0
570000 874.9
575000 971.5
580000 966.1
585000 967.2
590000 875.4
595000 871.7
600000 969.9
605000 877.2
610000 873.2
615000 962.4
620000 973.5
625000 864.3
630000 780.0
635000 962.8
640000 960.3
645000 973.6
650000 964.0
655000 971.4
660000 956.8
665000 967.8
670000 953.1
675000 959.7
680000 876.0
685000 977.6
690000 970.7
695000 870.0
700000 968.7
705000 968.4
710000 974.0
715000 863.7
720000 978.3
725000 977.6
730000 977.8
735000 878.7
740000 975.8
745000 966.4
750000 964.5
755000 968.5
760000 877.7
765000 972.7
770000 959.6
775000 879.0
780000 970.4
785000 974.3
790000 785.2
795000 877.8
800000 970.4
805000 976.3
810000 973.2
815000 971.9
820000 972.5
825000 878.1
830000 874.5
835000 975.0
840000 964.2
845000 978.0
850000 976.7
855000 876.4
860000 973.3
865000 979.7
870000 873.0
875000 977.9
880000 968.3
885000 974.0
890000 872.9
895000 980.4
900000 957.7
905000 968.7
910000 869.8
915000 969.3
920000 858.8
925000 978.4
930000 978.9
935000 976.3
940000 872.8
945000 977.4
950000 977.3
955000 974.1
960000 871.1
965000 969.2
970000 872.5
975000 968.8
980000 966.4
985000 874.3
990000 958.9
995000 967.7
1000000 887.0
1005000 873.9
1010000 971.3
1015000 966.8
1020000 977.5
1025000 969.2
1030000 978.4
1035000 968.0
1040000 977.4
1045000 965.5
1050000 986.0
1055000 970.7
1060000 979.1
1065000 881.3
1070000 975.6
1075000 979.7
1080000 867.9
1085000 974.6
1090000 980.2
1095000 969.7
1100000 969.5
1105000 974.8
1110000 972.5
1115000 871.9
1120000 876.7
1125000 971.5
1130000 976.5
1135000 975.4
1140000 969.8
1145000 975.7
1150000 869.8
1155000 973.2
1160000 961.5
1165000 987.3
1170000 837.9
1175000 975.7
1180000 963.1
1185000 975.6
1190000 965.8
1195000 964.1
1200000 970.5
1205000 971.7
1210000 983.5
1215000 968.7
1220000 872.0
1225000 884.0
1230000 977.2
1235000 967.9
1240000 972.5
1245000 960.3
1250000 980.0
1255000 977.1
1260000 878.7
1265000 971.1
1270000 971.1
1275000 977.2
1280000 979.4
1285000 970.9
1290000 974.6
1295000 974.8
1300000 887.2
1305000 970.6
1310000 783.9
1315000 972.0
1320000 780.4
1325000 775.9
1330000 968.0
1335000 975.0
1340000 974.0
1345000 961.2
1350000 977.1
1355000 964.7
1360000 982.2
1365000 874.1
1370000 777.6
1375000 973.6
1380000 981.2
1385000 969.5
1390000 884.9
1395000 873.3
1400000 875.7
1405000 874.3
1410000 975.0
1415000 965.4
1420000 978.1
1425000 981.6
1430000 782.8
1435000 971.9
1440000 973.9
1445000 881.2
1450000 966.7
1455000 979.6
1460000 980.1
1465000 872.2
1470000 878.8
1475000 859.2
1480000 773.2
1485000 968.1
1490000 977.8
1495000 969.6
1500000 978.1
1505000 978.5
1510000 974.8
1515000 779.2
1520000 962.5
1525000 878.2
1530000 875.9
1535000 877.1
1540000 971.3
1545000 973.0
1550000 886.6
1555000 972.4
1560000 971.6
1565000 970.4
1570000 882.2
1575000 963.6
1580000 982.4
1585000 971.0
1590000 876.0
1595000 968.2
1600000 972.5
1605000 977.1
1610000 901.0
1615000 870.1
1620000 980.1
1625000 970.4
1630000 974.7
1635000 868.8
1640000 979.3
1645000 974.5
1650000 969.3
1655000 871.3
1660000 973.6
1665000 784.9
1670000 776.4
1675000 980.3
1680000 966.6
1685000 976.0
1690000 876.0
1695000 980.1
1700000 966.9
1705000 979.9
1710000 870.8
1715000 972.7
1720000 876.9
1725000 979.2
1730000 976.4
1735000 972.7
1740000 885.0
1745000 964.1
1750000 971.9
1755000 975.9
1760000 961.5
1765000 977.6
1770000 876.3
1775000 972.2
1780000 873.6
1785000 975.6
1790000 973.5
1795000 971.1
1800000 972.6
1805000 883.8
1810000 983.9
1815000 976.3
1820000 975.8
1825000 873.9
1830000 961.7
1835000 875.8
1840000 879.2
1845000 981.3
1850000 970.5
1855000 980.5
1860000 879.8
1865000 979.7
1870000 981.4
1875000 877.8
1880000 977.6
1885000 876.0
1890000 969.3
1895000 881.4
1900000 977.0
1905000 950.5
1910000 963.8
1915000 877.7
1920000 880.4
1925000 982.5
1930000 879.1
1935000 976.4
1940000 969.7
1945000 974.8
1950000 875.8
1955000 966.9
1960000 979.3
1965000 867.8
1970000 877.8
1975000 965.0
1980000 973.4
1985000 978.8
1990000 878.3
1995000 970.5
2000000 976.3
