5000 100.0
10000 100.0
15000 64.4
20000 223.4
25000 106.5
30000 285.7
35000 228.9
40000 198.7
45000 291.6
50000 67.8
55000 274.7
60000 194.4
65000 383.6
70000 584.3
75000 548.2
80000 453.7
85000 252.6
90000 594.2
95000 391.9
100000 675.7
105000 808.6
110000 678.6
115000 670.3
120000 574.5
125000 393.3
130000 651.1
135000 841.1
140000 571.7
145000 838.8
150000 755.8
155000 754.0
160000 767.2
165000 673.4
170000 755.5
175000 586.7
180000 867.8
185000 675.4
190000 852.1
195000 878.3
200000 776.4
205000 746.9
210000 870.4
215000 867.6
220000 758.5
225000 960.3
230000 949.1
235000 669.3
240000 863.0
245000 769.6
250000 940.6
255000 673.6
260000 950.5
265000 829.8
270000 969.6
275000 953.3
280000 843.1
285000 761.4
290000 673.7
295000 941.7
300000 865.2
305000 954.2
310000 772.3
315000 957.6
320000 767.3
325000 576.5
330000 948.0
335000 873.3
340000 971.9
345000 864.1
350000 775.8
355000 769.8
360000 773.6
365000 847.0
370000 968.4
375000 870.7
380000 874.6
385000 762.1
390000 965.3
395000 959.0
400000 867.2
405000 943.7
410000 962.9
415000 778.6
420000 945.0
425000 882.0
430000 879.4
435000 960.1
440000 872.1
445000 856.7
450000 957.3
455000 871.1
460000 868.8
465000 866.5
470000 963.9
475000 963.9
480000 876.3
485000 969.7
490000 876.7
495000 972.0
500000 878.7
505000 962.6
510000 862.5
515000 869.6
520000 969.4
525000 969.2
530000 777.0
535000 969.8
540000 952.2
545000 964.4
550000 871.0
555000 877.2
560000 959.9
565000 974.8
570000 972.7
575000 959.4
580000 928.9
585000 870.1
590000 979.5
595000 878.3
600000 965.5
605000 869.4
610000 974.9
615000 971.6
620000 862.2
625000 977.0
630000 963.4
635000 867.4
640000 862.5
645000 968.1
650000 966.6
655000 881.5
660000 683.4
665000 949.1
670000 970.6
675000 864.6
680000 972.0
685000 953.7
690000 971.1
695000 868.4
700000 967.3
705000 970.4
710000 965.8
715000 970.6
720000 938.6
725000 963.5
730000 978.7
735000 958.1
740000 962.6
745000 950.4
750000 969.8
755000 873.4
760000 870.7
765000 967.5
770000 869.9
775000 974.8
780000 964.8
785000 969.2
790000 937.1
795000 964.9
800000 983.7
805000 967.9
810000 964.4
815000 868.7
820000 878.6
825000 961.0
830000 960.8
835000 960.4
840000 958.9
845000 875.7
850000 977.3
855000 957.9
860000 772.3
865000 677.5
870000 974.4
875000 872.1
880000 970.8
885000 966.9
890000 876.4
895000 873.5
900000 970.9
905000 963.3
910000 676.9
915000 976.9
920000 864.3
925000 673.0
930000 879.0
935000 876.1
940000 768.3
945000 884.3
950000 875.6
955000 786.2
960000 873.7
965000 964.8
970000 782.3
975000 875.8
980000 655.1
985000 880.1
990000 878.7
995000 974.0
1000000 962.5
1005000 881.6
1010000 961.4
1015000 769.1
1020000 975.1
1025000 874.9
1030000 879.2
1035000 972.6
1040000 968.7
1045000 974.5
1050000 867.6
1055000 972.4
1060000 972.1
1065000 872.4
1070000 975.4
1075000 969.9
1080000 970.1
1085000 969.5
1090000 966.2
1095000 973.7
1100000 972.5
1105000 961.3
1110000 961.1
1115000 973.7
1120000 964.0
1125000 969.4
1130000 883.2
1135000 970.0
1140000 865.0
1145000 969.7
1150000 965.3
1155000 977.4
1160000 976.4
1165000 976.5
1170000 976.3
1175000 965.9
1180000 873.2
1185000 875.6
1190000 978.5
1195000 965.6
1200000 976.9
1205000 974.0
1210000 973.7
1215000 873.2
1220000 974.3
1225000 980.7
1230000 874.8
1235000 865.6
1240000 781.3
1245000 984.7
1250000 868.9
1255000 980.1
1260000 876.2
1265000 885.9
1270000 974.7
1275000 964.7
1280000 861.9
1285000 976.5
1290000 979.8
1295000 772.9
1300000 983.9
1305000 971.9
1310000 971.6
1315000 977.7
1320000 960.9
1325000 872.7
1330000 968.1
1335000 980.2
1340000 974.5
1345000 965.9
1350000 871.3
1355000 973.2
1360000 971.6
1365000 882.4
1370000 867.8
1375000 786.2
1380000 920.5
1385000 982.3
1390000 971.9
1395000 978.1
1400000 969.3
1405000 965.2
1410000 884.7
1415000 881.1
1420000 875.7
1425000 971.6
1430000 977.8
1435000 962.4
1440000 983.1
1445000 970.8
1450000 930.3
1455000 972.7
1460000 874.5
1465000 875.8
1470000 778.9
1475000 968.0
1480000 970.0
1485000 867.8
1490000 974.4
1495000 978.0
1500000 882.9
1505000 966.2
1510000 962.8
1515000 967.4
1520000 980.9
1525000 875.9
1530000 969.9
1535000 978.2
1540000 972.7
1545000 967.1
1550000 970.1
1555000 976.6
1560000 957.1
1565000 880.0
1570000 967.8
1575000 972.8
1580000 972.3
1585000 971.3
1590000 975.6
1595000 971.4
1600000 876.2
1605000 784.3
1610000 968.2
1615000 968.8
1620000 981.0
1625000 973.1
1630000 968.4
1635000 971.9
1640000 860.5
1645000 972.2
1650000 968.5
1655000 951.1
1660000 783.4
1665000 880.0
1670000 951.6
1675000 970.7
1680000 877.7
1685000 776.0
1690000 972.3
1695000 973.1
1700000 861.1
1705000 966.9
1710000 967.8
1715000 970.6
1720000 885.2
1725000 890.7
1730000 884.8
1735000 888.4
1740000 972.0
1745000 966.3
1750000 958.4
1755000 984.2
1760000 972.3
1765000 970.4
1770000 973.8
1775000 879.3
1780000 986.2
1785000 978.8
1790000 943.8
1795000 786.0
1800000 965.5
1805000 968.3
1810000 952.1
1815000 972.4
1820000 974.3
1825000 967.5
1830000 980.2
1835000 880.7
1840000 862.1
1845000 873.6
1850000 966.5
1855000 778.3
1860000 971.2
1865000 969.5
1870000 957.4
1875000 978.2
1880000 961.9
1885000 958.9
1890000 977.8
1895000 966.7
1900000 880.5
1905000 877.3
1910000 955.5
1915000 782.2
1920000 980.0
1925000 969.6
1930000 881.1
1935000 967.4
1940000 966.0
1945000 884.2
1950000 965.3
1955000 907.3
1960000 875.7
1965000 960.1
1970000 979.1
1975000 962.1
1980000 966.3
1985000 972.7
1990000 963.7
1995000 966.5
2000000 974.5
