5000 0.0
10000 0.0
15000 95.3
20000 0.0
25000 80.9
30000 82.7
35000 93.7
40000 236.2
45000 93.9
50000 273.7
55000 193.4
60000 88.3
65000 200.0
70000 122.8
75000 99.6
80000 100.0
85000 0.0
90000 98.8
95000 299.1
100000 200.0
105000 98.4
110000 100.0
115000 102.5
120000 200.6
125000 98.0
130000 99.7
135000 0.0
140000 184.3
145000 78.4
150000 298.6
155000 155.4
160000 1.2
165000 100.6
170000 116.4
175000 183.3
180000 95.9
185000 100.0
190000 98.0
195000 296.0
200000 101.2
205000 100.0
210000 76.4
215000 157.4
220000 0.9
225000 0.0
230000 183.2
235000 0.0
240000 100.0
245000 0.4
250000 100.0
255000 0.0
260000 0.0
265000 0.0
270000 0.0
275000 100.0
280000 0.0
285000 198.2
290000 114.5
295000 96.8
300000 298.6
305000 100.0
310000 0.0
315000 99.1
320000 195.6
325000 198.2
330000 193.1
335000 0.7
340000 0.0
345000 100.0
350000 288.3
355000 97.5
360000 198.4
365000 100.0
370000 97.3
375000 100.0
380000 100.0
385000 597.3
390000 0.0
395000 181.6
400000 196.9
405000 294.1
410000 0.5
415000 184.9
420000 195.4
425000 298.9
430000 179.3
435000 100.0
440000 98.5
445000 97.1
450000 99.3
455000 197.9
460000 0.0
465000 100.0
470000 0.3
475000 94.3
480000 0.1
485000 0.0
490000 0.0
495000 192.1
500000 100.1
505000 0.0
510000 4.2
515000 300.0
520000 99.3
525000 0.0
530000 0.3
535000 0.0
540000 200.0
545000 100.0
550000 100.0
555000 98.0
560000 0.0
565000 0.0
570000 0.0
575000 100.4
580000 0.0
585000 199.4
590000 0.1
595000 200.0
600000 0.0
605000 191.2
610000 100.0
615000 97.2
620000 0.0
625000 100.0
630000 100.5
635000 200.0
640000 100.0
645000 100.6
650000 103.8
655000 0.0
660000 100.0
665000 199.4
670000 0.0
675000 100.0
680000 100.0
685000 101.8
690000 99.1
695000 100.0
700000 199.5
705000 0.0
710000 100.0
715000 197.0
720000 196.4
725000 96.9
730000 0.0
735000 0.0
740000 99.4
745000 199.2
750000 192.1
755000 100.0
760000 98.5
765000 0.0
770000 198.8
775000 0.0
780000 100.0
785000 0.0
790000 103.8
795000 97.9
800000 0.0
805000 98.8
810000 0.0
815000 100.0
820000 195.6
825000 3.7
830000 100.0
835000 100.0
840000 100.0
845000 200.0
850000 197.8
855000 198.1
860000 0.0
865000 0.0
870000 100.0
875000 100.0
880000 97.5
885000 0.0
890000 198.3
895000 198.7
900000 0.1
905000 195.9
910000 195.3
915000 100.0
920000 200.0
925000 99.3
930000 99.1
935000 97.7
940000 0.5
945000 278.7
950000 0.0
955000 195.6
960000 196.7
965000 186.7
970000 199.3
975000 0.0
980000 196.1
985000 0.0
990000 392.3
995000 198.4
1000000 198.9
1005000 200.2
1010000 100.0
1015000 197.9
1020000 296.9
1025000 197.3
1030000 198.8
1035000 1.4
1040000 199.2
1045000 297.9
1050000 200.0
1055000 294.9
1060000 298.3
1065000 98.6
1070000 196.2
1075000 197.8
1080000 199.4
1085000 198.7
1090000 98.2
1095000 194.0
1100000 3.1
1105000 100.0
1110000 0.0
1115000 396.4
1120000 0.9
1125000 0.0
1130000 0.5
1135000 99.3
1140000 0.0
1145000 296.4
1150000 99.6
1155000 300.0
1160000 0.0
1165000 197.4
1170000 199.0
1175000 198.7
1180000 291.0
1185000 198.6
1190000 199.3
1195000 397.1
1200000 194.1
1205000 200.0
1210000 0.0
1215000 199.5
1220000 297.3
1225000 295.8
1230000 99.5
1235000 200.0
1240000 193.5
1245000 99.3
1250000 0.0
1255000 199.5
1260000 297.6
1265000 89.6
1270000 100.0
1275000 0.0
1280000 97.8
1285000 0.0
1290000 200.2
1295000 100.2
1300000 300.0
1305000 196.4
1310000 0.7
1315000 0.0
1320000 0.0
1325000 395.3
1330000 99.4
1335000 0.9
1340000 100.0
1345000 100.0
1350000 200.0
1355000 100.0
1360000 207.4
1365000 95.9
1370000 298.8
1375000 99.6
1380000 0.0
1385000 100.0
1390000 97.2
1395000 0.0
1400000 0.0
1405000 197.5
1410000 272.5
1415000 0.0
1420000 0.4
1425000 393.0
1430000 199.6
1435000 0.0
1440000 94.6
1445000 100.0
1450000 199.2
1455000 0.0
1460000 0.7
1465000 0.0
1470000 199.4
1475000 93.5
1480000 0.0
1485000 100.0
1490000 100.0
1495000 0.0
1500000 199.3
1505000 100.0
1510000 0.0
1515000 98.7
1520000 0.0
1525000 100.0
1530000 0.0
1535000 0.0
1540000 100.0
1545000 200.0
1550000 0.0
1555000 0.0
1560000 100.0
1565000 100.0
1570000 0.0
1575000 300.0
1580000 100.0
1585000 0.0
1590000 0.4
1595000 99.9
1600000 0.0
1605000 98.3
1610000 0.0
1615000 0.0
1620000 100.0
1625000 0.0
1630000 100.0
1635000 198.5
1640000 100.0
1645000 199.5
1650000 200.2
1655000 0.0
1660000 198.2
1665000 200.0
1670000 399.5
1675000 100.0
1680000 94.3
1685000 0.0
1690000 0.0
1695000 100.0
1700000 200.0
1705000 200.9
1710000 100.0
1715000 0.7
1720000 100.0
1725000 100.0
1730000 0.0
1735000 0.0
1740000 100.0
1745000 100.0
1750000 2.2
1755000 0.0
1760000 100.0
1765000 100.0
1770000 100.0
1775000 100.0
1780000 0.0
1785000 200.0
1790000 0.0
1795000 0.0
1800000 299.1
1805000 0.4
1810000 0.6
1815000 0.3
1820000 0.0
1825000 102.8
1830000 295.6
1835000 101.4
1840000 0.9
1845000 0.0
1850000 0.2
1855000 0.0
1860000 200.0
1865000 0.0
1870000 0.0
1875000 0.0
1880000 97.6
1885000 100.2
1890000 96.4
1895000 200.0
1900000 0.0
1905000 0.0
1910000 202.1
1915000 199.6
1920000 0.0
1925000 0.0
1930000 0.0
1935000 0.0
1940000 199.3
1945000 0.0
1950000 0.0
1955000 0.0
1960000 100.0
1965000 0.0
1970000 200.0
1975000 100.0
1980000 100.0
1985000 100.0
1990000 100.0
1995000 100.0
2000000 99.6
