5000 0.5
10000 100.0
15000 136.9
20000 245.4
25000 125.8
30000 205.4
35000 155.4
40000 89.5
45000 2.9
50000 172.8
55000 0.0
60000 196.9
65000 395.7
70000 214.0
75000 384.6
80000 99.0
85000 193.1
90000 196.8
95000 296.1
100000 390.3
105000 360.1
110000 100.8
115000 270.1
120000 197.2
125000 474.2
130000 287.6
135000 570.8
140000 869.0
145000 456.4
150000 567.4
155000 544.5
160000 387.3
165000 284.1
170000 173.4
175000 477.2
180000 554.1
185000 585.2
190000 744.0
195000 288.9
200000 379.9
205000 785.6
210000 671.5
215000 836.6
220000 292.1
225000 394.3
230000 652.8
235000 565.8
240000 774.2
245000 586.4
250000 851.6
255000 371.3
260000 748.5
265000 735.5
270000 665.6
275000 808.2
280000 849.6
285000 470.8
290000 587.7
295000 658.2
300000 669.5
305000 777.0
310000 525.3
315000 777.8
320000 668.3
325000 737.0
330000 878.4
335000 423.3
340000 972.8
345000 770.1
350000 866.0
355000 681.2
360000 676.0
365000 660.3
370000 480.3
375000 769.6
380000 671.1
385000 866.7
390000 703.3
395000 942.9
400000 776.2
405000 875.4
410000 776.0
415000 783.5
420000 844.7
425000 863.2
430000 970.3
435000 975.6
440000 869.8
445000 957.5
450000 772.5
455000 874.9
460000 874.5
465000 779.9
470000 971.3
475000 679.4
480000 879.8
485000 960.4
490000 861.0
495000 961.4
500000 877.7
505000 968.4
510000 772.8
515000 767.0
520000 966.4
525000 879.3
530000 962.5
535000 978.0
540000 964.3
545000 876.3
550000 679.4
555000 864.1
560000 774.8
565000 966.3
570000 767.9
575000 884.2
580000 579.3
585000 874.3
590000 882.3
595000 862.8
600000 970.6
605000 760.6
610000 956.7
615000 888.1
620000 764.2
625000 766.6
630000 684.0
635000 771.8
640000 683.8
645000 967.1
650000 677.7
655000 976.9
660000 868.0
665000 867.5
670000 676.7
675000 960.8
680000 971.3
685000 885.0
690000 871.2
695000 963.7
700000 878.7
705000 977.6
710000 786.1
715000 875.0
720000 953.2
725000 755.7
730000 955.7
735000 880.1
740000 874.4
745000 836.0
750000 893.9
755000 872.2
760000 964.1
765000 867.0
770000 853.3
775000 876.0
780000 956.6
785000 869.0
790000 955.8
795000 976.9
800000 971.8
805000 779.6
810000 968.4
815000 853.3
820000 969.1
825000 970.5
830000 767.5
835000 960.7
840000 960.0
845000 870.1
850000 865.4
855000 873.5
860000 968.0
865000 865.5
870000 967.3
875000 672.4
880000 949.7
885000 956.0
890000 971.1
895000 864.7
900000 969.3
905000 967.5
910000 970.1
915000 966.4
920000 964.7
925000 974.6
930000 964.4
935000 968.3
940000 779.0
945000 885.7
950000 965.0
955000 862.8
960000 972.9
965000 975.6
970000 885.5
975000 971.2
980000 963.5
985000 963.1
990000 966.1
995000 953.1
1000000 968.2
1005000 871.6
1010000 975.7
1015000 962.5
1020000 977.3
1025000 963.7
1030000 870.5
1035000 972.4
1040000 971.6
1045000 959.4
1050000 970.8
1055000 972.4
1060000 864.3
1065000 586.8
1070000 974.8
1075000 973.0
1080000 972.5
1085000 877.6
1090000 974.1
1095000 870.0
1100000 866.7
1105000 975.6
1110000 966.0
1115000 985.1
1120000 968.7
1125000 969.0
1130000 974.1
1135000 973.1
1140000 854.8
1145000 967.3
1150000 979.0
1155000 975.3
1160000 966.6
1165000 964.5
1170000 872.4
1175000 970.6
1180000 974.6
1185000 971.8
1190000 869.9
1195000 954.6
1200000 968.1
1205000 877.3
1210000 960.7
1215000 974.1
1220000 969.9
1225000 965.4
1230000 972.0
1235000 961.2
1240000 962.8
1245000 886.9
1250000 968.7
1255000 888.0
1260000 962.9
1265000 874.6
1270000 876.3
1275000 870.3
1280000 769.7
1285000 970.2
1290000 884.6
1295000 977.6
1300000 975.2
1305000 872.5
1310000 965.6
1315000 872.8
1320000 974.5
1325000 783.4
1330000 871.0
1335000 872.8
1340000 878.6
1345000 969.5
1350000 966.7
1355000 962.6
1360000 873.7
1365000 978.7
1370000 883.6
1375000 874.3
1380000 972.4
1385000 767.6
1390000 979.9
1395000 786.5
1400000 873.3
1405000 971.1
1410000 973.1
1415000 875.6
1420000 885.1
1425000 883.3
1430000 954.3
1435000 972.6
1440000 777.0
1445000 866.2
1450000 878.0
1455000 973.4
1460000 886.1
1465000 977.2
1470000 876.9
1475000 856.2
1480000 949.7
1485000 951.2
1490000 983.4
1495000 970.6
1500000 971.2
1505000 966.8
1510000 963.3
1515000 970.8
1520000 957.7
1525000 966.6
1530000 767.4
1535000 973.6
1540000 981.3
1545000 960.5
1550000 779.4
1555000 778.2
1560000 879.7
1565000 957.4
1570000 975.4
1575000 970.0
1580000 684.7
1585000 863.7
1590000 878.5
1595000 969.9
1600000 979.8
1605000 980.0
1610000 968.8
1615000 788.4
1620000 975.4
1625000 968.7
1630000 973.8
1635000 970.5
1640000 878.2
1645000 871.8
1650000 971.8
1655000 966.7
1660000 977.1
1665000 985.2
1670000 973.8
1675000 871.2
1680000 977.3
1685000 975.6
1690000 872.4
1695000 783.0
1700000 973.8
1705000 970.2
1710000 972.1
1715000 828.5
1720000 978.5
1725000 872.0
1730000 963.7
1735000 982.7
1740000 888.9
1745000 960.8
1750000 965.3
1755000 968.6
1760000 869.8
1765000 775.3
1770000 873.6
1775000 874.6
1780000 864.3
1785000 689.0
1790000 977.3
1795000 970.1
1800000 884.3
1805000 976.8
1810000 978.9
1815000 971.7
1820000 878.4
1825000 686.7
1830000 877.1
1835000 881.2
1840000 969.0
1845000 964.9
1850000 888.4
1855000 968.1
1860000 973.8
1865000 967.7
1870000 962.3
1875000 969.6
1880000 877.8
1885000 956.1
1890000 777.6
1895000 785.0
1900000 966.5
1905000 971.3
1910000 878.0
1915000 976.2
1920000 880.5
1925000 967.0
1930000 872.4
1935000 974.4
1940000 879.2
1945000 882.7
1950000 974.8
1955000 954.7
1960000 970.8
1965000 972.9
1970000 961.5
1975000 967.7
1980000 962.6
1985000 972.2
1990000 970.0
1995000 981.3
2000000 923.8
