5000 92.5
10000 0.0
15000 0.3
20000 73.2
25000 275.0
30000 218.8
35000 369.9
40000 343.3
45000 278.8
50000 259.3
55000 173.3
60000 361.4
65000 477.7
70000 294.3
75000 352.2
80000 380.0
85000 566.7
90000 444.3
95000 581.4
100000 561.8
105000 289.1
110000 665.8
115000 579.7
120000 666.9
125000 945.4
130000 775.9
135000 936.0
140000 762.9
145000 821.6
150000 650.5
155000 956.1
160000 951.7
165000 777.8
170000 654.3
175000 716.1
180000 811.7
185000 862.8
190000 660.2
195000 574.3
200000 853.0
205000 831.2
210000 626.8
215000 659.5
220000 663.2
225000 779.8
230000 749.5
235000 566.1
240000 773.3
245000 763.6
250000 379.2
255000 792.7
260000 779.1
265000 854.0
270000 867.6
275000 859.2
280000 667.6
285000 873.1
290000 945.5
295000 855.4
300000 764.5
305000 768.1
310000 964.4
315000 953.7
320000 966.5
325000 958.7
330000 966.0
335000 864.2
340000 961.4
345000 955.7
350000 865.8
355000 856.5
360000 867.6
365000 950.7
370000 843.5
375000 878.3
380000 765.0
385000 877.7
390000 957.1
395000 867.8
400000 854.4
405000 863.6
410000 870.4
415000 760.3
420000 950.8
425000 857.6
430000 862.6
435000 775.5
440000 964.8
445000 862.7
450000 968.5
455000 870.6
460000 874.4
465000 879.4
470000 946.9
475000 944.6
480000 969.8
485000 958.3
490000 856.6
495000 963.6
500000 882.9
505000 956.6
510000 853.7
515000 962.2
520000 873.1
525000 771.9
530000 870.6
535000 852.3
540000 975.6
545000 863.6
550000 748.1
555000 877.3
560000 960.5
565000 971.2
570000 973.6
575000 770.3
580000 967.8
585000 882.6
590000 964.3
595000 836.2
600000 859.2
605000 971.3
610000 971.2
615000 859.2
620000 952.7
625000 968.5
630000 958.0
635000 967.2
640000 955.7
645000 948.9
650000 881.3
655000 782.4
660000 971.9
665000 970.1
670000 967.8
675000 865.9
680000 956.6
685000 966.0
690000 961.4
695000 777.5
700000 978.8
705000 871.1
710000 871.6
715000 780.9
720000 868.6
725000 875.4
730000 970.8
735000 972.0
740000 981.3
745000 879.6
750000 956.8
755000 876.2
760000 981.4
765000 871.1
770000 963.5
775000 869.1
780000 956.8
785000 967.0
790000 778.6
795000 867.8
800000 968.7
805000 874.7
810000 975.2
815000 866.1
820000 961.7
825000 960.8
830000 973.3
835000 861.2
840000 962.3
845000 960.3
850000 861.0
855000 968.7
860000 882.0
865000 768.0
870000 872.4
875000 876.5
880000 974.2
885000 973.2
890000 968.0
895000 873.9
900000 961.2
905000 970.4
910000 970.2
915000 870.9
920000 975.6
925000 870.4
930000 971.9
935000 866.2
940000 956.5
945000 970.1
950000 974.9
955000 978.6
960000 972.1
965000 973.1
970000 772.5
975000 977.9
980000 783.0
985000 970.7
990000 974.4
995000 969.4
1000000 962.2
1005000 968.3
1010000 768.6
1015000 980.8
1020000 971.8
1025000 881.8
1030000 975.8
1035000 973.8
1040000 974.3
1045000 976.6
1050000 970.6
1055000 878.0
1060000 969.9
1065000 966.5
1070000 968.2
1075000 874.7
1080000 870.4
1085000 973.5
1090000 973.4
1095000 874.9
1100000 870.1
1105000 974.6
1110000 968.6
1115000 967.6
1120000 878.5
1125000 969.2
1130000 969.8
1135000 964.1
1140000 864.7
1145000 972.9
1150000 970.1
1155000 953.2
1160000 875.8
1165000 876.9
1170000 972.3
1175000 974.3
1180000 871.8
1185000 964.9
1190000 960.7
1195000 879.8
1200000 964.5
1205000 686.3
1210000 867.1
1215000 961.8
1220000 975.9
1225000 880.7
1230000 887.9
1235000 879.4
1240000 967.3
1245000 970.4
1250000 973.8
1255000 984.0
1260000 975.8
1265000 986.1
1270000 970.4
1275000 976.5
1280000 769.2
1285000 915.4
1290000 972.5
1295000 961.4
1300000 965.9
1305000 971.5
1310000 970.8
1315000 876.7
1320000 975.2
1325000 972.0
1330000 876.2
1335000 857.4
1340000 976.2
1345000 970.8
1350000 870.1
1355000 872.0
1360000 863.1
1365000 783.2
1370000 965.8
1375000 967.5
1380000 877.0
1385000 969.0
1390000 870.0
1395000 974.3
1400000 874.0
1405000 976.1
1410000 973.4
1415000 865.6
1420000 878.7
1425000 976.6
1430000 872.4
1435000 973.6
1440000 969.8
1445000 978.7
1450000 876.1
1455000 981.3
1460000 780.3
1465000 978.4
1470000 972.9
1475000 980.2
1480000 968.5
1485000 773.8
1490000 874.1
1495000 873.4
1500000 978.7
1505000 952.3
1510000 871.7
1515000 874.3
1520000 976.8
1525000 976.3
1530000 976.8
1535000 979.4
1540000 977.4
1545000 974.9
1550000 878.2
1555000 967.6
1560000 975.4
1565000 863.6
1570000 968.7
1575000 970.6
1580000 876.6
1585000 874.8
1590000 949.1
1595000 980.9
1600000 975.0
1605000 776.1
1610000 882.0
1615000 876.5
1620000 970.0
1625000 973.5
1630000 975.5
1635000 970.3
1640000 862.1
1645000 972.7
1650000 973.5
1655000 970.0
1660000 972.2
1665000 970.9
1670000 877.1
1675000 973.6
1680000 879.7
1685000 874.8
1690000 965.3
1695000 884.5
1700000 980.3
1705000 978.1
1710000 961.4
1715000 973.6
1720000 786.0
1725000 974.6
1730000 975.4
1735000 868.9
1740000 875.0
1745000 884.5
1750000 882.9
1755000 973.1
1760000 971.5
1765000 978.1
1770000 978.4
1775000 972.5
1780000 976.8
1785000 963.4
1790000 880.5
1795000 977.8
1800000 967.4
1805000 865.2
1810000 979.0
1815000 968.9
1820000 984.0
1825000 979.9
1830000 966.2
1835000 881.4
1840000 973.2
1845000 870.1
1850000 878.8
1855000 980.1
1860000 967.9
1865000 978.2
1870000 964.9
1875000 979.1
1880000 970.8
1885000 854.6
1890000 969.1
1895000 872.7
1900000 880.7
1905000 875.9
1910000 973.5
1915000 969.6
1920000 962.8
1925000 982.5
1930000 963.3
1935000 878.2
1940000 769.5
1945000 975.0
1950000 686.6
1955000 992.6
1960000 976.6
1965000 975.6
1970000 877.0
1975000 970.5
1980000 972.0
1985000 876.9
1990000 976.6
1995000 865.0
2000000 968.5
