5000 100.0
10000 44.8
15000 0.4
20000 75.0
25000 102.1
30000 213.8
35000 475.4
40000 448.7
45000 583.4
50000 410.0
55000 543.7
60000 813.3
65000 642.3
70000 663.7
75000 769.9
80000 523.8
85000 514.1
90000 623.4
95000 754.6
100000 273.0
105000 650.3
110000 769.3
115000 575.6
120000 772.6
125000 575.0
130000 872.9
135000 693.5
140000 859.3
145000 969.9
150000 859.3
155000 755.5
160000 682.1
165000 770.3
170000 855.8
175000 863.8
180000 682.0
185000 876.9
190000 575.4
195000 952.8
200000 877.9
205000 866.8
210000 681.8
215000 962.7
220000 860.0
225000 684.6
230000 773.0
235000 864.1
240000 784.4
245000 771.3
250000 966.4
255000 963.7
260000 859.4
265000 875.9
270000 968.0
275000 961.2
280000 965.9
285000 867.3
290000 873.7
295000 963.1
300000 868.0
305000 962.5
310000 873.9
315000 869.7
320000 961.6
325000 979.4
330000 861.6
335000 871.3
340000 762.8
345000 852.1
350000 874.1
355000 770.2
360000 960.6
365000 964.5
370000 782.8
375000 852.9
380000 962.3
385000 966.5
390000 866.9
395000 866.6
400000 950.1
405000 973.0
410000 963.5
415000 954.1
420000 869.8
425000 964.6
430000 970.2
435000 879.8
440000 984.6
445000 873.1
450000 974.1
455000 971.0
460000 949.5
465000 947.6
470000 875.7
475000 975.2
480000 960.2
485000 870.1
490000 871.4
495000 877.5
500000 969.1
505000 945.3
510000 965.8
515000 968.7
520000 963.5
525000 779.1
530000 975.2
535000 978.6
540000 975.3
545000 784.1
550000 966.6
555000 959.5
560000 967.1
565000 688.2
570000 969.1
575000 974.0
580000 868.8
585000 873.2
590000 956.8
595000 967.2
600000 869.3
605000 912.4
610000 860.8
615000 970.8
620000 965.4
625000 876.2
630000 968.4
635000 977.8
640000 963.0
645000 971.9
650000 956.6
655000 964.8
660000 965.9
665000 874.5
670000 974.3
675000 873.8
680000 961.3
685000 870.0
690000 966.5
695000 965.6
700000 977.5
705000 874.3
710000 862.2
715000 862.2
720000 984.0
725000 979.6
730000 784.3
735000 975.0
740000 960.1
745000 873.6
750000 870.2
755000 965.8
760000 874.0
765000 873.9
770000 872.3
775000 878.1
780000 977.5
785000 975.0
790000 974.6
795000 873.8
800000 877.3
805000 970.2
810000 968.9
815000 973.4
820000 967.3
825000 969.5
830000 975.1
835000 873.6
840000 960.4
845000 971.8
850000 879.4
855000 973.5
860000 970.5
865000 985.3
870000 977.5
875000 978.8
880000 874.2
885000 969.5
890000 962.0
895000 965.3
900000 976.4
905000 955.2
910000 972.1
915000 966.6
920000 970.1
925000 966.8
930000 958.8
935000 975.4
940000 886.2
945000 384.6
950000 878.5
955000 874.3
960000 985.3
965000 970.4
970000 867.5
975000 875.9
980000 869.2
985000 975.5
990000 969.0
995000 973.9
1000000 972.0
1005000 975.5
1010000 969.6
1015000 975.9
1020000 978.8
1025000 872.9
1030000 978.7
1035000 972.0
1040000 977.9
1045000 784.5
1050000 878.6
1055000 973.9
1060000 978.2
1065000 875.1
1070000 878.8
1075000 970.9
1080000 779.9
1085000 885.0
1090000 971.4
1095000 877.3
1100000 875.8
1105000 875.2
1110000 964.0
1115000 974.4
1120000 968.0
1125000 776.6
1130000 955.2
1135000 870.8
1140000 885.7
1145000 976.7
1150000 971.3
1155000 975.6
1160000 963.8
1165000 975.6
1170000 977.6
1175000 959.5
1180000 978.1
1185000 974.1
1190000 980.4
1195000 968.4
1200000 973.3
1205000 979.7
1210000 882.8
1215000 858.6
1220000 980.1
1225000 975.5
1230000 982.1
1235000 876.6
1240000 867.0
1245000 965.4
1250000 883.0
1255000 880.4
1260000 979.6
1265000 873.6
1270000 875.6
1275000 970.0
1280000 977.2
1285000 974.9
1290000 973.2
1295000 969.4
1300000 872.3
1305000 970.0
1310000 769.3
1315000 881.7
1320000 858.8
1325000 979.8
1330000 864.6
1335000 982.9
1340000 863.7
1345000 856.3
1350000 877.9
1355000 782.6
1360000 970.7
1365000 871.3
1370000 978.7
1375000 878.3
1380000 875.9
1385000 972.3
1390000 876.2
1395000 972.7
1400000 976.6
1405000 974.8
1410000 969.8
1415000 881.5
1420000 874.2
1425000 881.2
1430000 981.0
1435000 975.1
1440000 986.7
1445000 776.7
1450000 872.8
1455000 883.1
1460000 972.3
1465000 871.4
1470000 976.5
1475000 867.1
1480000 874.1
1485000 975.2
1490000 978.3
1495000 983.7
1500000 976.2
1505000 788.7
1510000 972.3
1515000 977.0
1520000 973.0
1525000 976.8
1530000 970.1
1535000 975.1
1540000 978.6
1545000 970.2
1550000 976.3
1555000 965.1
1560000 974.2
1565000 975.5
1570000 965.5
1575000 880.2
1580000 975.4
1585000 975.1
1590000 973.6
1595000 783.2
1600000 978.3
1605000 975.0
1610000 964.8
1615000 971.9
1620000 970.8
1625000 976.6
1630000 982.0
1635000 973.5
1640000 960.1
1645000 968.8
1650000 969.5
1655000 777.3
1660000 881.6
1665000 979.2
1670000 977.9
1675000 975.2
1680000 966.3
1685000 975.5
1690000 976.5
1695000 983.3
1700000 965.6
1705000 975.6
1710000 967.8
1715000 875.3
1720000 977.7
1725000 969.4
1730000 965.3
1735000 976.1
1740000 980.3
1745000 972.1
1750000 981.5
1755000 974.7
1760000 963.7
1765000 977.4
1770000 977.1
1775000 971.7
1780000 874.7
1785000 875.6
1790000 879.3
1795000 959.7
1800000 874.7
1805000 970.0
1810000 874.1
1815000 970.5
1820000 976.4
1825000 781.6
1830000 777.6
1835000 972.1
1840000 977.3
1845000 973.1
1850000 975.7
1855000 975.1
1860000 981.3
1865000 979.1
1870000 972.9
1875000 980.4
1880000 973.5
1885000 876.1
1890000 982.9
1895000 971.6
1900000 881.6
1905000 985.4
1910000 876.6
1915000 968.9
1920000 966.1
1925000 973.2
1930000 972.9
1935000 881.6
1940000 977.1
1945000 873.5
1950000 979.8
1955000 977.0
1960000 974.5
1965000 682.0
1970000 880.0
1975000 967.4
1980000 872.0
1985000 971.6
1990000 972.5
1995000 974.1
2000000 964.9
