5000 0.0
10000 100.0
15000 214.7
20000 245.9
25000 221.9
30000 194.6
35000 53.5
40000 94.7
45000 635.5
50000 292.6
55000 513.9
60000 331.0
65000 289.4
70000 553.3
75000 170.8
80000 586.8
85000 681.7
90000 391.4
95000 479.8
100000 480.5
105000 460.6
110000 674.7
115000 574.3
120000 591.6
125000 543.8
130000 385.3
135000 666.0
140000 862.3
145000 660.7
150000 482.7
155000 561.3
160000 477.6
165000 867.3
170000 471.5
175000 862.2
180000 670.7
185000 669.9
190000 557.2
195000 681.2
200000 783.2
205000 639.5
210000 667.0
215000 482.5
220000 481.5
225000 848.3
230000 745.1
235000 681.0
240000 467.0
245000 676.2
250000 876.9
255000 709.8
260000 761.9
265000 678.0
270000 856.0
275000 558.8
280000 618.9
285000 770.5
290000 965.4
295000 764.9
300000 851.6
305000 966.0
310000 481.1
315000 869.2
320000 963.0
325000 873.6
330000 966.4
335000 765.2
340000 947.7
345000 968.7
350000 852.7
355000 962.3
360000 873.3
365000 969.1
370000 660.4
375000 886.1
380000 660.7
385000 865.6
390000 871.5
395000 872.2
400000 879.3
405000 872.7
410000 669.0
415000 860.0
420000 883.2
425000 952.5
430000 962.5
435000 965.0
440000 873.9
445000 874.3
450000 830.5
455000 967.6
460000 950.8
465000 963.9
470000 956.6
475000 965.5
480000 855.8
485000 940.0
490000 768.9
495000 957.5
500000 878.6
505000 866.2
510000 953.9
515000 971.1
520000 881.4
525000 969.9
530000 783.9
535000 684.1
540000 877.1
545000 968.9
550000 967.9
555000 868.6
560000 962.6
565000 884.0
570000 971.6
575000 872.3
580000 973.4
585000 868.0
590000 866.4
595000 969.8
600000 878.8
605000 973.7
610000 963.5
615000 973.2
620000 972.9
625000 871.4
630000 874.0
635000 872.7
640000 966.1
645000 783.2
650000 959.6
655000 872.5
660000 965.6
665000 959.0
670000 869.4
675000 973.0
680000 962.7
685000 967.1
690000 776.0
695000 773.9
700000 873.6
705000 864.3
710000 960.0
715000 968.7
720000 967.1
725000 870.9
730000 870.7
735000 877.8
740000 960.1
745000 979.1
750000 975.8
755000 971.2
760000 974.7
765000 869.0
770000 957.0
775000 961.4
780000 883.2
785000 979.2
790000 867.6
795000 974.6
800000 965.1
805000 976.9
810000 873.1
815000 976.8
820000 972.3
825000 861.2
830000 976.1
835000 971.1
840000 880.8
845000 954.3
850000 868.2
855000 970.8
860000 878.6
865000 973.1
870000 974.6
875000 876.9
880000 965.9
885000 869.9
890000 774.2
895000 962.9
900000 957.3
905000 964.9
910000 958.2
915000 980.4
920000 963.7
925000 881.3
930000 954.5
935000 875.0
940000 952.7
945000 965.2
950000 875.5
955000 969.8
960000 963.8
965000 965.6
970000 954.0
975000 966.3
980000 878.8
985000 971.2
990000 778.1
995000 875.8
1000000 876.7
1005000 975.3
1010000 971.2
1015000 972.6
1020000 973.7
1025000 783.4
1030000 867.6
1035000 866.2
1040000 974.4
1045000 960.8
1050000 971.5
1055000 964.4
1060000 978.2
1065000 972.3
1070000 869.1
1075000 872.1
1080000 876.4
1085000 971.3
1090000 982.8
1095000 969.7
1100000 874.6
1105000 976.7
1110000 869.1
1115000 875.0
1120000 974.5
1125000 872.7
1130000 776.2
1135000 973.7
1140000 880.3
1145000 969.7
1150000 876.6
1155000 981.3
1160000 963.2
1165000 972.7
1170000 967.8
1175000 979.6
1180000 956.8
1185000 875.8
1190000 973.7
1195000 95.4
1200000 0.0
1205000 0.0
1210000 103.1
1215000 99.0
1220000 99.8
1225000 0.0
1230000 200.0
1235000 22.2
1240000 195.7
1245000 190.7
1250000 244.2
1255000 102.9
1260000 200.0
1265000 91.9
1270000 0.0
1275000 98.4
1280000 299.2
1285000 270.5
1290000 2.5
1295000 101.0
1300000 2.0
1305000 3.9
1310000 1.3
1315000 98.5
1320000 196.9
1325000 6.3
1330000 300.0
1335000 0.0
1340000 96.4
1345000 0.0
1350000 96.0
1355000 201.0
1360000 1.3
1365000 100.2
1370000 196.5
1375000 1.2
1380000 398.4
1385000 200.0
1390000 100.0
1395000 100.0
1400000 100.0
1405000 99.6
1410000 1.4
1415000 2.5
1420000 0.0
1425000 97.4
1430000 0.0
1435000 97.4
1440000 1.0
1445000 96.1
1450000 0.0
1455000 101.9
1460000 97.8
1465000 99.2
1470000 200.0
1475000 201.1
1480000 98.1
1485000 89.8
1490000 15.6
1495000 0.0
1500000 100.7
1505000 295.6
1510000 0.0
1515000 97.7
1520000 198.7
1525000 298.8
1530000 291.6
1535000 98.0
1540000 195.6
1545000 295.5
1550000 294.0
1555000 195.2
1560000 12.6
1565000 194.2
1570000 0.8
1575000 0.0
1580000 88.1
1585000 317.0
1590000 0.0
1595000 98.9
1600000 300.0
1605000 100.0
1610000 191.3
1615000 100.0
1620000 100.0
1625000 188.8
1630000 199.8
1635000 236.5
1640000 194.2
1645000 101.1
1650000 99.0
1655000 198.5
1660000 96.3
1665000 0.0
1670000 196.5
1675000 143.8
1680000 0.0
1685000 0.0
1690000 200.0
1695000 194.6
1700000 97.8
1705000 299.1
1710000 196.7
1715000 95.7
1720000 99.5
1725000 96.1
1730000 297.9
1735000 199.4
1740000 186.5
1745000 195.1
1750000 192.6
1755000 197.8
1760000 197.6
1765000 100.1
1770000 198.9
1775000 293.4
1780000 394.2
1785000 0.0
1790000 396.9
1795000 383.4
1800000 100.0
1805000 300.2
1810000 497.6
1815000 100.0
1820000 265.0
1825000 493.2
1830000 377.8
1835000 430.7
1840000 298.7
1845000 387.6
1850000 489.9
1855000 179.2
1860000 192.0
1865000 194.3
1870000 297.9
1875000 192.6
1880000 98.5
1885000 100.2
1890000 294.6
1895000 188.3
1900000 692.4
1905000 493.4
1910000 287.1
1915000 97.5
1920000 97.8
1925000 460.7
1930000 98.4
1935000 97.7
1940000 0.0
1945000 199.0
1950000 398.6
1955000 272.9
1960000 296.7
1965000 100.0
1970000 194.0
1975000 98.5
1980000 489.1
1985000 197.9
1990000 199.1
1995000 784.7
2000000 96.1
