5000 0.0
10000 0.0
15000 11.3
20000 139.5
25000 128.5
30000 196.0
35000 406.9
40000 126.3
45000 449.5
50000 361.2
55000 467.8
60000 471.6
65000 396.5
70000 469.6
75000 498.8
80000 657.7
85000 644.9
90000 769.1
95000 854.3
100000 677.1
105000 721.3
110000 430.7
115000 853.7
120000 860.2
125000 686.0
130000 671.4
135000 733.1
140000 676.0
145000 764.4
150000 958.1
155000 870.8
160000 667.8
165000 866.2
170000 767.0
175000 870.6
180000 771.1
185000 872.2
190000 874.6
195000 961.3
200000 973.9
205000 753.7
210000 870.6
215000 867.7
220000 968.7
225000 961.0
230000 877.5
235000 774.9
240000 767.2
245000 875.3
250000 863.0
255000 773.8
260000 868.6
265000 859.5
270000 860.4
275000 777.3
280000 862.3
285000 874.6
290000 872.5
295000 745.9
300000 973.5
305000 855.0
310000 963.7
315000 679.4
320000 867.9
325000 974.8
330000 877.4
335000 876.4
340000 784.3
345000 751.7
350000 585.7
355000 969.0
360000 962.2
365000 770.3
370000 962.2
375000 976.6
380000 869.3
385000 876.5
390000 773.9
395000 862.7
400000 772.5
405000 868.3
410000 868.7
415000 980.5
420000 849.9
425000 952.5
430000 974.5
435000 876.9
440000 961.4
445000 961.7
450000 967.4
455000 956.5
460000 676.3
465000 868.9
470000 970.4
475000 958.5
480000 965.8
485000 780.3
490000 966.3
495000 963.5
500000 969.7
505000 778.4
510000 974.6
515000 859.6
520000 873.5
525000 964.5
530000 950.7
535000 871.5
540000 865.4
545000 864.1
550000 877.1
555000 957.5
560000 963.7
565000 975.8
570000 963.8
575000 776.9
580000 958.5
585000 968.8
590000 959.3
595000 869.0
600000 863.3
605000 973.3
610000 968.9
615000 876.1
620000 848.4
625000 780.2
630000 878.1
635000 873.7
640000 973.2
645000 868.7
650000 977.6
655000 963.7
660000 877.0
665000 973.7
670000 969.2
675000 974.5
680000 969.4
685000 973.7
690000 869.3
695000 968.3
700000 874.4
705000 976.6
710000 939.3
715000 966.6
720000 973.9
725000 893.8
730000 878.2
735000 968.8
740000 687.4
745000 978.5
750000 945.2
755000 980.0
760000 975.3
765000 962.0
770000 958.1
775000 964.0
780000 891.5
785000 969.5
790000 827.1
795000 980.5
800000 956.0
805000 960.7
810000 984.4
815000 967.3
820000 964.1
825000 869.9
830000 975.7
835000 975.2
840000 976.3
845000 975.0
850000 932.5
855000 770.8
860000 868.0
865000 973.2
870000 781.1
875000 974.0
880000 970.1
885000 879.6
890000 977.3
895000 976.8
900000 970.4
905000 976.0
910000 780.5
915000 975.5
920000 972.4
925000 958.5
930000 970.8
935000 770.6
940000 956.2
945000 962.8
950000 971.8
955000 962.8
960000 973.9
965000 969.4
970000 963.0
975000 965.1
980000 970.6
985000 978.2
990000 974.9
995000 977.8
1000000 979.4
1005000 969.0
1010000 881.3
1015000 968.1
1020000 985.1
1025000 963.5
1030000 979.0
1035000 978.7
1040000 978.1
1045000 979.7
1050000 973.2
1055000 964.8
1060000 978.5
1065000 967.5
1070000 973.7
1075000 962.9
1080000 985.3
1085000 877.6
1090000 972.8
1095000 967.3
1100000 962.1
1105000 965.5
1110000 972.6
1115000 972.9
1120000 950.2
1125000 986.5
1130000 877.7
1135000 978.9
1140000 977.3
1145000 978.6
1150000 876.3
1155000 973.5
1160000 974.7
1165000 978.1
1170000 820.5
1175000 977.0
1180000 975.1
1185000 924.1
1190000 973.8
1195000 775.6
1200000 933.9
1205000 878.2
1210000 868.0
1215000 966.4
1220000 963.3
1225000 972.7
1230000 959.4
1235000 987.0
1240000 978.4
1245000 975.6
1250000 977.9
1255000 969.7
1260000 884.2
1265000 981.0
1270000 889.5
1275000 974.2
1280000 963.3
1285000 964.6
1290000 869.3
1295000 970.2
1300000 975.7
1305000 881.1
1310000 825.5
1315000 860.9
1320000 972.5
1325000 975.0
1330000 976.7
1335000 975.9
1340000 967.8
1345000 844.7
1350000 867.7
1355000 957.3
1360000 963.8
1365000 962.4
1370000 974.1
1375000 972.6
1380000 975.1
1385000 863.0
1390000 880.2
1395000 870.0
1400000 873.6
1405000 877.6
1410000 880.1
1415000 810.3
1420000 971.9
1425000 973.4
1430000 952.7
1435000 977.5
1440000 969.3
1445000 879.5
1450000 973.9
1455000 975.8
1460000 965.8
1465000 859.5
1470000 970.6
1475000 945.7
1480000 876.4
1485000 868.5
1490000 965.3
1495000 878.4
1500000 868.5
1505000 963.9
1510000 969.1
1515000 963.6
1520000 969.0
1525000 957.3
1530000 858.9
1535000 963.7
1540000 965.8
1545000 968.7
1550000 878.4
1555000 973.8
1560000 967.7
1565000 966.3
1570000 974.3
1575000 881.1
1580000 978.1
1585000 972.5
1590000 957.5
1595000 977.8
1600000 969.9
1605000 772.6
1610000 971.5
1615000 883.9
1620000 981.7
1625000 967.8
1630000 868.5
1635000 977.5
1640000 979.1
1645000 776.4
1650000 862.9
1655000 955.6
1660000 973.1
1665000 968.5
1670000 771.5
1675000 971.1
1680000 979.4
1685000 978.9
1690000 971.5
1695000 871.3
1700000 977.7
1705000 887.3
1710000 877.1
1715000 972.7
1720000 968.6
1725000 965.6
1730000 968.5
1735000 936.0
1740000 967.6
1745000 879.9
1750000 971.6
1755000 772.8
1760000 861.4
1765000 869.0
1770000 983.6
1775000 969.0
1780000 967.2
1785000 883.2
1790000 970.1
1795000 967.1
1800000 970.0
1805000 968.4
1810000 980.8
1815000 970.1
1820000 878.5
1825000 878.5
1830000 971.5
1835000 975.0
1840000 966.9
1845000 968.3
1850000 982.7
1855000 977.1
1860000 875.6
1865000 978.8
1870000 975.6
1875000 874.2
1880000 866.3
1885000 974.7
1890000 974.5
1895000 874.9
1900000 885.2
1905000 970.7
1910000 973.8
1915000 969.9
1920000 953.7
1925000 973.7
1930000 880.1
1935000 966.7
1940000 866.8
1945000 965.4
1950000 868.2
1955000 971.8
1960000 973.8
1965000 976.3
1970000 973.7
1975000 870.5
1980000 975.1
1985000 974.4
1990000 877.8
1995000 877.2
2000000 977.3
