5000 0.0
10000 0.0
15000 453.8
20000 57.5
25000 119.8
30000 239.2
35000 220.0
40000 357.1
45000 198.7
50000 451.7
55000 389.3
60000 541.7
65000 255.8
70000 182.3
75000 469.7
80000 360.7
85000 242.8
90000 567.7
95000 492.1
100000 653.3
105000 271.5
110000 288.1
115000 950.0
120000 668.2
125000 672.4
130000 663.8
135000 767.8
140000 578.2
145000 670.3
150000 754.8
155000 668.4
160000 772.9
165000 754.9
170000 489.1
175000 666.6
180000 581.3
185000 880.3
190000 761.9
195000 766.8
200000 867.9
205000 858.8
210000 763.2
215000 677.0
220000 972.5
225000 636.2
230000 819.1
235000 970.7
240000 772.4
245000 964.7
250000 859.4
255000 671.2
260000 877.9
265000 676.1
270000 953.6
275000 834.8
280000 768.8
285000 868.9
290000 771.6
295000 870.7
300000 855.1
305000 769.6
310000 945.3
315000 850.6
320000 972.0
325000 758.1
330000 977.7
335000 961.5
340000 856.0
345000 882.0
350000 969.6
355000 965.4
360000 772.2
365000 867.7
370000 761.1
375000 775.7
380000 864.9
385000 960.7
390000 952.4
395000 875.3
400000 865.1
405000 914.8
410000 868.6
415000 975.0
420000 867.0
425000 869.4
430000 971.6
435000 977.3
440000 852.7
445000 872.1
450000 854.1
455000 775.2
460000 959.2
465000 856.4
470000 869.9
475000 975.8
480000 947.7
485000 973.4
490000 778.5
495000 879.2
500000 973.2
505000 858.8
510000 871.2
515000 972.6
520000 956.1
525000 775.6
530000 960.2
535000 962.5
540000 955.9
545000 971.4
550000 972.7
555000 974.1
560000 964.5
565000 867.6
570000 874.2
575000 964.4
580000 872.9
585000 967.8
590000 976.0
595000 852.9
600000 964.0
605000 870.2
610000 967.1
615000 961.4
620000 866.5
625000 870.4
630000 873.9
635000 975.0
640000 953.9
645000 866.6
650000 877.3
655000 875.8
660000 959.5
665000 972.3
670000 873.2
675000 868.2
680000 968.8
685000 963.9
690000 779.7
695000 975.4
700000 879.9
705000 966.1
710000 976.9
715000 971.2
720000 969.3
725000 906.8
730000 968.1
735000 966.3
740000 866.8
745000 877.8
750000 864.0
755000 965.9
760000 872.2
765000 962.1
770000 864.2
775000 971.1
780000 972.8
785000 969.6
790000 974.0
795000 978.3
800000 964.9
805000 874.4
810000 979.6
815000 963.6
820000 966.0
825000 966.7
830000 973.6
835000 869.2
840000 969.8
845000 969.8
850000 974.8
855000 969.6
860000 969.9
865000 975.8
870000 967.8
875000 969.1
880000 954.8
885000 879.2
890000 976.0
895000 982.7
900000 971.7
905000 967.4
910000 964.4
915000 977.8
920000 873.8
925000 870.5
930000 943.2
935000 878.2
940000 975.0
945000 973.9
950000 963.7
955000 965.7
960000 866.8
965000 958.1
970000 875.4
975000 687.7
980000 967.0
985000 983.7
990000 972.9
995000 968.4
1000000 966.8
1005000 969.5
1010000 965.3
1015000 969.0
1020000 777.2
1025000 981.0
1030000 958.1
1035000 868.4
1040000 961.1
1045000 957.7
1050000 975.0
1055000 978.5
1060000 976.0
1065000 969.8
1070000 979.1
1075000 966.5
1080000 864.4
1085000 964.6
1090000 978.4
1095000 971.1
1100000 973.1
1105000 970.2
1110000 983.6
1115000 869.7
1120000 978.1
1125000 960.9
1130000 977.1
1135000 963.6
1140000 979.0
1145000 864.1
1150000 870.8
1155000 880.7
1160000 965.1
1165000 981.0
1170000 968.2
1175000 871.8
1180000 971.3
1185000 966.2
1190000 973.5
1195000 862.1
1200000 870.1
1205000 961.4
1210000 963.4
1215000 969.8
1220000 963.5
1225000 974.8
1230000 882.1
1235000 872.7
1240000 975.9
1245000 971.2
1250000 868.2
1255000 978.5
1260000 882.0
1265000 875.1
1270000 971.1
1275000 966.8
1280000 882.6
1285000 976.1
1290000 868.7
1295000 972.0
1300000 975.8
1305000 874.3
1310000 975.6
1315000 880.1
1320000 970.7
1325000 970.1
1330000 879.9
1335000 960.5
1340000 971.0
1345000 976.1
1350000 973.1
1355000 970.3
1360000 973.3
1365000 971.3
1370000 977.7
1375000 879.6
1380000 973.7
1385000 881.8
1390000 956.0
1395000 678.3
1400000 978.3
1405000 775.6
1410000 777.1
1415000 958.1
1420000 970.3
1425000 976.4
1430000 882.2
1435000 876.4
1440000 974.7
1445000 962.7
1450000 876.7
1455000 877.1
1460000 967.0
1465000 959.9
1470000 971.3
1475000 978.1
1480000 873.9
1485000 977.9
1490000 981.3
1495000 962.4
1500000 976.5
1505000 982.0
1510000 874.3
1515000 983.4
1520000 977.9
1525000 969.6
1530000 678.9
1535000 974.2
1540000 977.2
1545000 966.7
1550000 975.6
1555000 878.4
1560000 968.5
1565000 877.5
1570000 871.3
1575000 942.3
1580000 974.9
1585000 879.6
1590000 978.9
1595000 972.3
1600000 970.6
1605000 969.6
1610000 970.8
1615000 978.8
1620000 966.9
1625000 962.7
1630000 872.6
1635000 981.5
1640000 971.9
1645000 969.6
1650000 878.5
1655000 978.9
1660000 971.5
1665000 973.7
1670000 857.9
1675000 977.2
1680000 974.0
1685000 976.8
1690000 873.4
1695000 868.1
1700000 967.5
1705000 971.6
1710000 978.3
1715000 875.7
1720000 972.0
1725000 877.1
1730000 973.5
1735000 967.9
1740000 973.9
1745000 960.1
1750000 973.4
1755000 879.1
1760000 971.5
1765000 968.9
1770000 876.0
1775000 882.3
1780000 977.8
1785000 877.7
1790000 879.7
1795000 957.3
1800000 882.8
1805000 977.2
1810000 965.6
1815000 874.6
1820000 962.4
1825000 961.1
1830000 976.5
1835000 867.3
1840000 943.1
1845000 964.0
1850000 977.2
1855000 967.9
1860000 977.2
1865000 879.2
1870000 882.1
1875000 968.9
1880000 972.2
1885000 969.1
1890000 974.7
1895000 977.1
1900000 976.4
1905000 972.7
1910000 876.1
1915000 967.4
1920000 974.3
1925000 973.9
1930000 956.1
1935000 978.2
1940000 971.7
1945000 971.2
1950000 872.7
1955000 973.8
1960000 974.3
1965000 974.0
1970000 974.0
1975000 974.4
1980000 974.5
1985000 866.7
1990000 874.3
1995000 955.6
2000000 785.1
