10000 100.7
20000 136.6
30000 144.7
40000 169.6
50000 203.4
60000 538.0
70000 1000.0
80000 1000.0
90000 1000.0
100000 998.9
110000 993.0
120000 1000.0
130000 997.6
140000 997.3
150000 989.2
160000 968.5
170000 993.8
180000 997.0
190000 984.0
200000 996.1
210000 990.3
220000 983.8
230000 990.3
240000 997.1
250000 1000.0
260000 1000.0
270000 1000.0
280000 1000.0
290000 1000.0
300000 998.9
310000 1000.0
320000 1000.0
330000 1000.0
340000 1000.0
350000 1000.0
360000 1000.0
370000 1000.0
380000 1000.0
390000 1000.0
400000 997.5
410000 999.6
420000 1000.0
430000 1000.0
440000 1000.0
450000 1000.0
460000 1000.0
470000 1000.0
480000 825.6
490000 1000.0
500000 1000.0
