10000 28.2
20000 202.3
30000 170.5
40000 752.2
50000 1000.0
60000 1000.0
70000 1000.0
80000 1000.0
90000 911.4
100000 1000.0
110000 1000.0
120000 1000.0
130000 1000.0
140000 1000.0
150000 1000.0
160000 1000.0
170000 1000.0
180000 798.7
190000 1000.0
200000 1000.0
210000 1000.0
220000 1000.0
230000 1000.0
240000 1000.0
250000 1000.0
260000 999.3
270000 1000.0
280000 1000.0
290000 1000.0
300000 1000.0
310000 1000.0
320000 1000.0
330000 337.1
340000 1000.0
350000 946.0
360000 1000.0
370000 1000.0
380000 1000.0
390000 1000.0
400000 1000.0
410000 1000.0
420000 927.9
430000 1000.0
440000 1000.0
450000 1000.0
460000 1000.0
470000 1000.0
480000 96.3
490000 983.3
500000 1000.0
