10000 113.6
20000 249.5
30000 336.4
40000 172.1
50000 242.4
60000 1000.0
70000 1000.0
80000 1000.0
90000 1000.0
100000 1000.0
110000 1000.0
120000 1000.0
130000 1000.0
140000 1000.0
150000 1000.0
160000 1000.0
170000 1000.0
180000 1000.0
190000 1000.0
200000 1000.0
210000 1000.0
220000 951.2
230000 1000.0
240000 1000.0
250000 997.2
260000 1000.0
270000 1000.0
280000 1000.0
290000 899.2
300000 153.1
310000 1000.0
320000 1000.0
330000 1000.0
340000 1000.0
350000 1000.0
360000 1000.0
370000 1000.0
380000 1000.0
390000 1000.0
400000 1000.0
410000 1000.0
420000 1000.0
430000 1000.0
440000 1000.0
450000 993.3
460000 182.6
470000 989.2
480000 1000.0
490000 1000.0
500000 1000.0
