10000 223.6
20000 164.2
30000 165.2
40000 176.3
50000 317.8
60000 699.6
70000 665.8
80000 1000.0
90000 1000.0
100000 1000.0
110000 1000.0
120000 1000.0
130000 1000.0
140000 1000.0
150000 1000.0
160000 1000.0
170000 998.5
180000 1000.0
190000 1000.0
200000 1000.0
210000 1000.0
220000 1000.0
230000 998.5
240000 1000.0
250000 646.7
260000 1000.0
270000 1000.0
280000 1000.0
290000 1000.0
300000 1000.0
310000 1000.0
320000 1000.0
330000 1000.0
340000 1000.0
350000 1000.0
360000 182.1
370000 1000.0
380000 1000.0
390000 1000.0
400000 1000.0
410000 1000.0
420000 1000.0
430000 1000.0
440000 1000.0
450000 1000.0
460000 725.7
470000 1000.0
480000 1000.0
490000 1000.0
500000 843.3
