10000 97.2
20000 421.2
30000 469.4
40000 1000.0
50000 1000.0
60000 1000.0
70000 1000.0
80000 1000.0
90000 998.4
100000 998.9
110000 991.6
120000 998.7
130000 556.0
140000 371.9
150000 999.5
160000 1000.0
170000 1000.0
180000 1000.0
190000 1000.0
200000 1000.0
210000 1000.0
220000 1000.0
230000 1000.0
240000 1000.0
250000 1000.0
260000 991.0
270000 1000.0
280000 1000.0
290000 1000.0
300000 1000.0
310000 1000.0
320000 1000.0
330000 1000.0
340000 1000.0
350000 1000.0
360000 995.5
370000 1000.0
380000 828.4
390000 944.1
400000 1000.0
410000 999.4
420000 999.2
430000 1000.0
440000 1000.0
450000 1000.0
460000 1000.0
470000 980.4
480000 1000.0
490000 994.8
500000 1000.0
