10000 28.3
20000 251.8
30000 181.3
40000 962.9
50000 182.9
60000 573.6
70000 174.7
80000 914.7
90000 909.4
100000 1000.0
110000 1000.0
120000 1000.0
130000 1000.0
140000 1000.0
150000 1000.0
160000 1000.0
170000 1000.0
180000 1000.0
190000 1000.0
200000 1000.0
210000 1000.0
220000 1000.0
230000 1000.0
240000 1000.0
250000 1000.0
260000 1000.0
270000 1000.0
280000 1000.0
290000 1000.0
300000 1000.0
310000 999.0
320000 991.2
330000 910.6
340000 658.2
350000 1000.0
360000 1000.0
370000 1000.0
380000 1000.0
390000 1000.0
400000 998.9
410000 1000.0
420000 953.7
430000 986.8
440000 897.3
450000 1000.0
460000 911.8
470000 1000.0
480000 814.7
490000 1000.0
500000 1000.0
