10000 14.3
20000 186.4
30000 193.0
40000 229.6
50000 175.7
60000 1000.0
70000 1000.0
80000 1000.0
90000 1000.0
100000 1000.0
110000 1000.0
120000 1000.0
130000 1000.0
140000 1000.0
150000 1000.0
160000 1000.0
170000 1000.0
180000 1000.0
190000 1000.0
200000 1000.0
210000 1000.0
220000 1000.0
230000 1000.0
240000 1000.0
250000 1000.0
260000 986.5
270000 1000.0
280000 1000.0
290000 1000.0
300000 85.2
310000 995.5
320000 966.7
330000 1000.0
340000 1000.0
350000 1000.0
360000 1000.0
370000 1000.0
380000 1000.0
390000 1000.0
400000 1000.0
410000 1000.0
420000 1000.0
430000 1000.0
440000 1000.0
450000 1000.0
460000 1000.0
470000 1000.0
480000 1000.0
490000 1000.0
500000 1000.0
