10000 158.1
20000 197.7
30000 498.2
40000 1000.0
50000 1000.0
60000 1000.0
70000 995.6
80000 1000.0
90000 827.2
100000 691.1
110000 1000.0
120000 1000.0
130000 989.5
140000 1000.0
150000 983.7
160000 1000.0
170000 1000.0
180000 990.7
190000 910.9
200000 862.3
210000 931.0
220000 1000.0
230000 897.2
240000 1000.0
250000 1000.0
260000 1000.0
270000 1000.0
280000 986.2
290000 1000.0
300000 1000.0
310000 960.1
320000 754.9
330000 981.9
340000 1000.0
350000 1000.0
360000 1000.0
370000 1000.0
380000 1000.0
390000 999.9
400000 1000.0
410000 1000.0
420000 1000.0
430000 1000.0
440000 1000.0
450000 1000.0
460000 1000.0
470000 888.7
480000 1000.0
490000 1000.0
500000 1000.0
