10000 142.8
20000 172.9
30000 198.1
40000 745.7
50000 1000.0
60000 1000.0
70000 999.7
80000 997.5
90000 997.3
100000 1000.0
110000 1000.0
120000 1000.0
130000 1000.0
140000 1000.0
150000 983.6
160000 1000.0
170000 1000.0
180000 1000.0
190000 994.6
200000 1000.0
210000 1000.0
220000 1000.0
230000 1000.0
240000 1000.0
250000 1000.0
260000 1000.0
270000 1000.0
280000 996.5
290000 1000.0
300000 1000.0
310000 963.6
320000 423.4
330000 481.4
340000 1000.0
350000 1000.0
360000 1000.0
370000 1000.0
380000 1000.0
390000 1000.0
400000 1000.0
410000 1000.0
420000 1000.0
430000 1000.0
440000 1000.0
450000 1000.0
460000 1000.0
470000 1000.0
480000 1000.0
490000 1000.0
500000 1000.0
