5000 3.6
10000 4.2
15000 4.5
20000 4.9
25000 5.0
30000 5.0
35000 6.4
40000 4.0
45000 4.1
50000 3.0
55000 4.7
60000 4.9
65000 4.7
70000 3.7
75000 6.0
80000 4.8
85000 5.3
90000 7.9
95000 6.6
100000 5.2
105000 4.7
110000 7.6
115000 6.4
120000 10.4
125000 16.1
130000 91.7
135000 27.5
140000 85.8
145000 72.6
150000 135.1
155000 98.9
160000 61.0
165000 67.1
170000 122.9
175000 85.6
180000 108.2
185000 58.6
190000 124.0
195000 3.9
200000 28.7
205000 112.1
210000 18.1
215000 112.4
220000 57.0
225000 75.4
230000 80.5
235000 142.9
240000 29.4
245000 109.0
250000 94.6
255000 138.7
260000 152.6
265000 93.6
270000 17.6
275000 5.2
280000 4.8
285000 4.7
290000 3.9
295000 4.9
300000 5.6
305000 6.7
310000 5.7
315000 13.6
320000 4.3
325000 25.4
330000 11.0
335000 41.8
340000 4.6
345000 13.4
350000 5.3
355000 4.9
360000 3.8
365000 5.2
370000 8.7
375000 14.0
380000 35.5
385000 34.6
390000 7.9
395000 7.2
400000 5.2
405000 4.8
410000 15.0
415000 8.1
420000 5.3
425000 15.7
430000 50.3
435000 17.0
440000 5.6
445000 4.2
450000 4.0
455000 15.0
460000 3.8
465000 5.4
470000 10.8
475000 9.4
480000 5.5
485000 4.0
490000 4.6
495000 24.5
500000 4.7
505000 4.6
510000 14.2
515000 43.3
520000 6.1
525000 5.1
530000 57.5
535000 4.9
540000 11.8
545000 6.2
550000 5.2
555000 4.7
560000 33.0
565000 14.6
570000 5.6
575000 4.9
580000 78.7
585000 3.0
590000 10.0
595000 132.1
600000 6.1
605000 109.9
610000 135.1
615000 83.6
620000 110.1
625000 82.7
630000 5.7
635000 70.5
640000 9.8
645000 85.1
650000 30.8
655000 6.2
660000 4.1
665000 12.0
670000 172.4
675000 5.7
680000 23.1
685000 9.1
690000 197.7
695000 189.5
700000 139.0
705000 185.1
710000 138.9
715000 14.0
720000 6.5
725000 33.7
730000 230.2
735000 72.5
740000 20.6
745000 35.7
750000 14.7
755000 5.9
760000 255.0
765000 139.8
770000 20.4
775000 258.3
780000 245.3
785000 98.9
790000 83.6
795000 7.2
800000 228.0
805000 206.3
810000 192.7
815000 4.9
820000 49.7
825000 129.4
830000 48.6
835000 14.7
840000 236.2
845000 6.3
850000 248.5
855000 4.9
860000 134.2
865000 13.7
870000 6.2
875000 6.1
880000 220.5
885000 260.2
890000 245.4
895000 234.5
900000 4.7
905000 104.7
910000 288.1
915000 343.9
920000 5.1
925000 286.0
930000 370.0
935000 282.2
940000 238.1
945000 198.0
950000 295.6
955000 245.1
960000 364.6
965000 214.9
970000 370.7
975000 336.1
980000 289.4
985000 320.3
990000 173.8
995000 323.4
1000000 289.8
1005000 356.7
1010000 368.1
1015000 264.1
1020000 371.6
1025000 368.9
1030000 358.0
1035000 373.0
1040000 345.2
1045000 336.7
1050000 300.5
1055000 305.4
1060000 347.6
1065000 302.5
1070000 288.1
1075000 358.0
1080000 394.4
1085000 124.4
1090000 370.0
1095000 367.9
1100000 327.9
1105000 303.7
1110000 163.3
1115000 318.4
1120000 405.9
1125000 370.3
1130000 143.2
1135000 324.5
1140000 344.2
1145000 377.5
1150000 361.8
1155000 37.7
1160000 305.4
1165000 373.5
1170000 405.3
1175000 415.8
1180000 355.0
1185000 27.5
1190000 404.1
1195000 395.3
1200000 405.8
1205000 309.3
1210000 429.3
1215000 366.2
1220000 283.4
1225000 391.5
1230000 409.3
1235000 396.6
1240000 367.5
1245000 405.4
1250000 393.8
1255000 382.1
1260000 404.4
1265000 402.4
1270000 443.8
1275000 388.2
1280000 310.6
1285000 353.0
1290000 407.0
1295000 324.0
1300000 365.7
1305000 403.7
1310000 365.2
1315000 391.6
1320000 430.0
1325000 445.2
1330000 443.8
1335000 418.8
1340000 390.9
1345000 375.3
1350000 444.6
1355000 429.9
1360000 358.0
1365000 470.9
1370000 469.2
1375000 432.2
1380000 449.7
1385000 374.5
1390000 468.2
1395000 468.8
1400000 454.1
1405000 434.4
1410000 393.2
1415000 456.8
1420000 461.9
1425000 459.2
1430000 430.9
1435000 463.9
1440000 465.1
1445000 461.5
1450000 395.1
1455000 438.0
1460000 456.0
1465000 471.8
1470000 429.4
1475000 468.2
1480000 405.0
1485000 432.2
1490000 457.9
1495000 474.1
1500000 479.8
1505000 403.0
1510000 472.4
1515000 459.8
1520000 415.9
1525000 481.3
1530000 450.6
1535000 482.4
1540000 491.2
1545000 500.5
1550000 444.0
1555000 495.6
1560000 496.6
1565000 476.9
1570000 500.6
1575000 517.3
1580000 462.3
1585000 459.0
1590000 425.6
1595000 453.7
1600000 522.8
1605000 472.2
1610000 519.2
1615000 475.9
1620000 213.0
1625000 527.9
1630000 520.0
1635000 512.1
1640000 473.8
1645000 512.4
1650000 518.4
1655000 513.7
1660000 523.8
1665000 487.7
1670000 488.6
1675000 491.1
1680000 566.3
1685000 450.6
1690000 579.8
1695000 537.5
1700000 543.4
1705000 546.6
1710000 497.5
1715000 439.3
1720000 572.0
1725000 552.2
1730000 122.5
1735000 538.5
1740000 590.2
1745000 569.9
1750000 557.2
1755000 548.9
1760000 566.0
1765000 553.3
1770000 494.5
1775000 568.7
1780000 545.4
1785000 535.2
1790000 547.6
1795000 546.9
1800000 600.7
1805000 578.9
1810000 568.7
1815000 558.3
1820000 521.8
1825000 561.9
1830000 593.1
1835000 534.3
1840000 632.5
1845000 535.5
1850000 600.1
1855000 583.8
1860000 574.1
1865000 541.5
1870000 619.6
1875000 603.1
1880000 545.2
1885000 464.0
1890000 593.0
1895000 551.3
1900000 572.8
1905000 592.1
1910000 593.6
1915000 586.5
1920000 526.4
1925000 525.7
1930000 535.9
1935000 567.1
1940000 555.4
1945000 632.4
1950000 629.6
1955000 523.2
1960000 539.0
1965000 608.2
1970000 565.5
1975000 639.6
1980000 632.8
1985000 635.9
1990000 686.3
1995000 488.0
2000000 620.5
