5000 3.4
10000 5.4
15000 3.8
20000 4.8
25000 4.8
30000 2.4
35000 6.3
40000 5.4
45000 5.2
50000 5.1
55000 4.5
60000 4.2
65000 6.2
70000 5.5
75000 6.1
80000 6.2
85000 5.4
90000 5.5
95000 4.8
100000 5.0
105000 4.2
110000 3.4
115000 4.1
120000 8.0
125000 5.3
130000 6.0
135000 6.9
140000 6.6
145000 9.1
150000 14.4
155000 13.4
160000 12.6
165000 5.8
170000 21.9
175000 5.5
180000 71.6
185000 12.3
190000 19.5
195000 9.2
200000 26.6
205000 15.6
210000 83.6
215000 7.0
220000 38.5
225000 16.4
230000 7.4
235000 9.3
240000 5.3
245000 19.6
250000 88.2
255000 4.2
260000 4.3
265000 64.5
270000 44.2
275000 5.5
280000 47.4
285000 112.7
290000 4.1
295000 53.7
300000 55.2
305000 39.6
310000 96.3
315000 56.5
320000 92.4
325000 100.7
330000 10.9
335000 27.1
340000 56.8
345000 148.8
350000 35.1
355000 7.6
360000 109.7
365000 94.0
370000 49.4
375000 45.8
380000 13.5
385000 4.8
390000 4.7
395000 50.6
400000 3.5
405000 3.5
410000 5.0
415000 2.8
420000 3.8
425000 2.9
430000 114.5
435000 123.6
440000 4.6
445000 3.7
450000 3.6
455000 6.2
460000 6.1
465000 5.4
470000 4.1
475000 4.4
480000 5.0
485000 2.6
490000 4.9
495000 5.7
500000 5.4
505000 3.8
510000 5.8
515000 7.7
520000 5.8
525000 5.8
530000 3.4
535000 4.6
540000 5.4
545000 5.3
550000 7.5
555000 5.2
560000 4.9
565000 5.9
570000 5.0
575000 5.7
580000 8.6
585000 4.3
590000 11.2
595000 12.7
600000 22.4
605000 6.7
610000 26.2
615000 7.5
620000 22.3
625000 57.9
630000 13.6
635000 7.8
640000 21.8
645000 6.4
650000 48.0
655000 4.7
660000 22.1
665000 10.1
670000 20.1
675000 62.6
680000 21.9
685000 31.5
690000 37.5
695000 43.7
700000 10.0
705000 5.3
710000 3.2
715000 5.3
720000 2.5
725000 10.0
730000 2.6
735000 3.5
740000 5.4
745000 11.5
750000 5.1
755000 20.3
760000 48.4
765000 31.4
770000 30.6
775000 6.8
780000 32.1
785000 11.5
790000 21.6
795000 13.0
800000 24.7
805000 22.4
810000 46.8
815000 67.2
820000 17.0
825000 15.5
830000 5.8
835000 3.6
840000 4.6
845000 5.6
850000 4.6
855000 4.5
860000 8.1
865000 7.8
870000 16.8
875000 9.6
880000 11.3
885000 4.2
890000 5.7
895000 6.6
900000 3.7
905000 13.6
910000 4.7
915000 7.9
920000 3.9
925000 4.3
930000 6.9
935000 6.4
940000 5.4
945000 5.5
950000 17.7
955000 9.0
960000 9.6
965000 15.9
970000 3.2
975000 4.7
980000 4.9
985000 6.5
990000 5.3
995000 51.0
1000000 45.7
1005000 62.8
1010000 34.0
1015000 37.5
1020000 20.8
1025000 18.1
1030000 12.4
1035000 40.8
1040000 31.7
1045000 8.0
1050000 42.3
1055000 8.3
1060000 69.0
1065000 19.8
1070000 9.6
1075000 22.6
1080000 4.5
1085000 7.7
1090000 23.7
1095000 5.6
1100000 22.9
1105000 7.9
1110000 69.6
1115000 56.5
1120000 27.9
1125000 38.1
1130000 14.6
1135000 35.0
1140000 49.0
1145000 22.8
1150000 22.4
1155000 53.3
1160000 51.3
1165000 59.4
1170000 60.5
1175000 19.8
1180000 44.8
1185000 8.1
1190000 9.2
1195000 37.2
1200000 21.3
1205000 23.6
1210000 20.1
1215000 9.3
1220000 18.5
1225000 17.5
1230000 28.0
1235000 15.7
1240000 23.5
1245000 71.0
1250000 28.8
1255000 18.2
1260000 4.5
1265000 4.7
1270000 19.2
1275000 23.5
1280000 55.1
1285000 21.7
1290000 13.1
1295000 34.9
1300000 61.7
1305000 37.9
1310000 38.7
1315000 41.4
1320000 28.3
1325000 2.7
1330000 5.9
1335000 7.1
1340000 4.7
1345000 8.5
1350000 11.4
1355000 8.5
1360000 10.9
1365000 24.1
1370000 5.3
1375000 33.2
1380000 27.0
1385000 12.8
1390000 28.3
1395000 94.8
1400000 82.5
1405000 13.8
1410000 107.6
1415000 28.7
1420000 54.1
1425000 31.8
1430000 32.2
1435000 40.5
1440000 41.5
1445000 4.5
1450000 25.5
1455000 30.5
1460000 85.6
1465000 14.7
1470000 5.0
1475000 6.9
1480000 61.3
1485000 59.5
1490000 19.3
1495000 14.6
1500000 9.4
1505000 25.9
1510000 17.7
1515000 5.0
1520000 19.0
1525000 10.9
1530000 4.2
1535000 35.1
1540000 29.4
1545000 12.7
1550000 4.1
1555000 5.0
1560000 4.3
1565000 5.7
1570000 7.7
1575000 5.9
1580000 5.7
1585000 12.2
1590000 4.0
1595000 5.9
1600000 4.3
1605000 2.7
1610000 6.1
1615000 13.1
1620000 6.6
1625000 6.8
1630000 10.0
1635000 8.5
1640000 60.4
1645000 47.6
1650000 15.1
1655000 59.3
1660000 9.6
1665000 13.5
1670000 6.4
1675000 6.7
1680000 34.3
1685000 7.5
1690000 17.6
1695000 46.7
1700000 59.5
1705000 8.7
1710000 21.5
1715000 29.8
1720000 34.3
1725000 9.5
1730000 28.3
1735000 15.9
1740000 22.4
1745000 28.3
1750000 18.2
1755000 6.4
1760000 3.6
1765000 45.2
1770000 11.1
1775000 56.1
1780000 10.1
1785000 19.5
1790000 15.8
1795000 12.6
1800000 12.2
1805000 11.4
1810000 6.5
1815000 4.7
1820000 5.7
1825000 4.5
1830000 6.0
1835000 3.4
1840000 5.1
1845000 4.8
1850000 4.8
1855000 4.4
1860000 3.4
1865000 5.2
1870000 3.9
1875000 4.2
1880000 6.9
1885000 15.7
1890000 11.2
1895000 7.6
1900000 7.2
1905000 17.4
1910000 8.0
1915000 6.3
1920000 5.5
1925000 5.9
1930000 3.6
1935000 4.6
1940000 4.0
1945000 4.8
1950000 8.3
1955000 4.4
1960000 5.0
1965000 17.4
1970000 61.5
1975000 11.0
1980000 7.9
1985000 5.4
1990000 4.4
1995000 5.8
2000000 4.2
