5000 4.0
10000 5.9
15000 5.0
20000 5.3
25000 4.8
30000 3.8
35000 5.4
40000 4.2
45000 6.6
50000 4.5
55000 5.6
60000 4.3
65000 6.0
70000 6.0
75000 3.8
80000 7.1
85000 4.1
90000 6.5
95000 6.9
100000 6.4
105000 5.5
110000 7.4
115000 6.4
120000 6.8
125000 8.7
130000 8.0
135000 6.2
140000 43.7
145000 41.6
150000 82.7
155000 136.6
160000 102.3
165000 146.2
170000 23.0
175000 112.4
180000 4.2
185000 19.2
190000 177.1
195000 143.8
200000 161.6
205000 172.5
210000 191.8
215000 180.6
220000 65.6
225000 185.3
230000 195.1
235000 183.7
240000 89.4
245000 225.9
250000 209.9
255000 174.4
260000 183.3
265000 212.5
270000 218.7
275000 173.8
280000 236.7
285000 245.5
290000 253.8
295000 252.1
300000 195.8
305000 208.4
310000 259.2
315000 231.3
320000 218.9
325000 222.6
330000 241.8
335000 260.7
340000 222.2
345000 259.0
350000 5.5
355000 3.7
360000 7.2
365000 4.8
370000 4.7
375000 5.2
380000 5.0
385000 5.3
390000 144.4
395000 152.3
400000 87.1
405000 194.3
410000 82.1
415000 5.2
420000 25.9
425000 92.0
430000 160.9
435000 172.3
440000 117.0
445000 203.0
450000 3.9
455000 156.6
460000 49.6
465000 140.6
470000 5.8
475000 2.6
480000 5.8
485000 6.0
490000 6.6
495000 3.7
500000 11.6
505000 4.3
510000 19.2
515000 17.4
520000 7.0
525000 103.3
530000 24.2
535000 106.2
540000 12.3
545000 143.7
550000 105.1
555000 77.5
560000 195.3
565000 5.0
570000 22.4
575000 157.3
580000 56.0
585000 182.0
590000 183.1
595000 5.5
600000 5.9
605000 6.0
610000 5.3
615000 3.8
620000 12.7
625000 5.9
630000 7.5
635000 7.3
640000 4.4
645000 6.5
650000 4.9
655000 13.3
660000 32.3
665000 4.2
670000 53.0
675000 118.5
680000 4.5
685000 5.4
690000 22.7
695000 5.0
700000 6.8
705000 16.4
710000 5.9
715000 43.4
720000 6.4
725000 3.9
730000 7.8
735000 7.0
740000 50.0
745000 6.6
750000 2.5
755000 3.8
760000 8.1
765000 4.5
770000 3.1
775000 5.7
780000 2.6
785000 16.3
790000 7.9
795000 11.3
800000 6.3
805000 15.6
810000 45.1
815000 28.5
820000 4.6
825000 3.3
830000 6.2
835000 4.1
840000 6.7
845000 3.5
850000 6.7
855000 4.3
860000 3.3
865000 3.9
870000 4.1
875000 7.0
880000 2.9
885000 4.0
890000 6.9
895000 4.1
900000 4.0
905000 4.3
910000 3.7
915000 5.9
920000 7.7
925000 87.0
930000 76.1
935000 3.2
940000 12.2
945000 9.0
950000 23.2
955000 3.1
960000 3.1
965000 9.4
970000 7.3
975000 4.1
980000 3.6
985000 3.5
990000 6.0
995000 2.8
1000000 42.9
1005000 4.2
1010000 2.9
1015000 4.9
1020000 3.9
1025000 4.0
1030000 23.5
1035000 4.9
1040000 9.0
1045000 4.1
1050000 5.5
1055000 5.5
1060000 2.8
1065000 4.7
1070000 3.4
1075000 4.7
1080000 5.3
1085000 6.7
1090000 17.0
1095000 5.1
1100000 2.8
1105000 2.0
1110000 4.6
1115000 3.0
1120000 2.5
1125000 2.2
1130000 5.5
1135000 3.3
1140000 2.8
1145000 4.3
1150000 3.3
1155000 4.6
1160000 3.0
1165000 2.3
1170000 6.0
1175000 3.0
1180000 3.4
1185000 2.0
1190000 5.3
1195000 5.5
1200000 4.6
1205000 4.7
1210000 2.7
1215000 6.3
1220000 5.9
1225000 2.5
1230000 3.9
1235000 3.1
1240000 5.8
1245000 5.6
1250000 3.7
1255000 3.3
1260000 3.4
1265000 5.5
1270000 4.7
1275000 5.1
1280000 4.3
1285000 3.9
1290000 4.3
1295000 5.2
1300000 2.7
1305000 2.3
1310000 4.0
1315000 5.3
1320000 3.8
1325000 3.8
1330000 5.3
1335000 3.4
1340000 2.4
1345000 3.2
1350000 1.7
1355000 5.0
1360000 31.8
1365000 8.9
1370000 18.4
1375000 14.1
1380000 4.0
1385000 4.2
1390000 7.4
1395000 2.6
1400000 4.6
1405000 4.1
1410000 2.8
1415000 3.4
1420000 2.6
1425000 15.5
1430000 4.0
1435000 6.8
1440000 4.0
1445000 4.3
1450000 14.7
1455000 1.9
1460000 14.5
1465000 6.8
1470000 13.7
1475000 8.7
1480000 3.1
1485000 2.0
1490000 17.1
1495000 25.0
1500000 6.1
1505000 6.1
1510000 4.3
1515000 5.0
1520000 2.6
1525000 3.0
1530000 4.4
1535000 4.7
1540000 3.2
1545000 5.2
1550000 4.4
1555000 3.5
1560000 4.4
1565000 4.3
1570000 2.7
1575000 4.1
1580000 3.3
1585000 2.8
1590000 3.0
1595000 3.0
1600000 3.9
1605000 2.9
1610000 4.4
1615000 4.3
1620000 4.7
1625000 3.7
1630000 4.5
1635000 2.8
1640000 3.4
1645000 1.8
1650000 4.1
1655000 3.8
1660000 3.6
1665000 4.4
1670000 3.9
1675000 3.1
1680000 4.7
1685000 5.0
1690000 2.9
1695000 3.1
1700000 5.8
1705000 5.3
1710000 3.2
1715000 4.1
1720000 4.7
1725000 3.5
1730000 2.2
1735000 5.0
1740000 6.6
1745000 3.9
1750000 7.0
1755000 5.0
1760000 5.0
1765000 5.5
1770000 3.4
1775000 4.5
1780000 6.1
1785000 2.4
1790000 5.6
1795000 4.0
1800000 3.8
1805000 4.2
1810000 5.5
1815000 4.4
1820000 5.0
1825000 4.0
1830000 4.7
1835000 4.9
1840000 3.5
1845000 3.6
1850000 5.9
1855000 3.0
1860000 3.1
1865000 5.6
1870000 2.7
1875000 4.5
1880000 3.6
1885000 4.4
1890000 2.9
1895000 3.7
1900000 3.4
1905000 4.5
1910000 4.4
1915000 4.0
1920000 4.7
1925000 3.4
1930000 9.0
1935000 5.7
1940000 3.7
1945000 3.6
1950000 5.6
1955000 4.5
1960000 4.3
1965000 4.1
1970000 3.9
1975000 5.3
1980000 3.4
1985000 5.4
1990000 2.8
1995000 3.7
2000000 2.6
