5000 4.9
10000 4.4
15000 4.3
20000 4.7
25000 4.0
30000 4.4
35000 4.4
40000 5.3
45000 6.3
50000 5.4
55000 6.2
60000 4.7
65000 6.3
70000 6.1
75000 5.2
80000 6.0
85000 6.5
90000 6.3
95000 7.5
100000 7.2
105000 8.5
110000 26.5
115000 37.2
120000 153.7
125000 27.2
130000 174.3
135000 29.3
140000 112.3
145000 139.8
150000 197.5
155000 153.4
160000 133.4
165000 24.2
170000 153.6
175000 157.8
180000 194.1
185000 142.4
190000 199.6
195000 4.7
200000 6.0
205000 4.8
210000 5.3
215000 6.1
220000 8.4
225000 5.0
230000 4.4
235000 5.4
240000 144.1
245000 4.7
250000 183.1
255000 27.1
260000 5.4
265000 4.9
270000 284.5
275000 5.6
280000 283.0
285000 180.5
290000 170.2
295000 320.5
300000 5.8
305000 3.3
310000 15.3
315000 241.3
320000 311.5
325000 285.5
330000 316.2
335000 347.4
340000 316.6
345000 334.7
350000 377.5
355000 359.4
360000 379.3
365000 371.0
370000 400.3
375000 372.3
380000 403.2
385000 362.6
390000 407.9
395000 366.5
400000 380.6
405000 374.1
410000 415.4
415000 356.6
420000 375.5
425000 371.7
430000 78.5
435000 166.9
440000 338.6
445000 267.1
450000 424.9
455000 295.4
460000 443.7
465000 441.1
470000 445.0
475000 408.9
480000 438.8
485000 460.2
490000 362.6
495000 418.3
500000 452.3
505000 485.4
510000 476.9
515000 474.4
520000 380.6
525000 293.1
530000 468.0
535000 430.7
540000 4.1
545000 436.1
550000 465.9
555000 505.3
560000 498.2
565000 525.0
570000 514.0
575000 36.6
580000 503.4
585000 497.3
590000 537.7
595000 486.2
600000 6.2
605000 441.7
610000 495.6
615000 6.8
620000 365.0
625000 521.4
630000 517.4
635000 459.8
640000 533.0
645000 529.4
650000 537.3
655000 549.9
660000 541.2
665000 557.5
670000 551.6
675000 581.1
680000 537.5
685000 588.9
690000 296.9
695000 558.1
700000 438.4
705000 593.5
710000 584.9
715000 563.4
720000 636.7
725000 618.9
730000 595.9
735000 415.4
740000 468.0
745000 668.2
750000 581.1
755000 560.1
760000 580.4
765000 608.1
770000 590.1
775000 608.1
780000 545.3
785000 608.9
790000 597.4
795000 605.9
800000 576.0
805000 630.5
810000 579.3
815000 598.5
820000 631.5
825000 596.3
830000 590.2
835000 612.5
840000 6.7
845000 600.0
850000 607.3
855000 146.3
860000 457.7
865000 549.1
870000 596.5
875000 597.1
880000 29.8
885000 616.3
890000 642.5
895000 647.8
900000 637.5
905000 46.6
910000 647.4
915000 628.2
920000 687.0
925000 645.5
930000 688.5
935000 648.3
940000 637.3
945000 654.7
950000 661.3
955000 645.7
960000 603.9
965000 726.5
970000 677.3
975000 665.6
980000 627.0
985000 447.1
990000 690.2
995000 716.3
1000000 682.3
1005000 707.2
1010000 553.2
1015000 700.0
1020000 472.7
1025000 717.8
1030000 709.5
1035000 756.3
1040000 735.4
1045000 723.7
1050000 670.9
1055000 772.1
1060000 667.9
1065000 729.5
1070000 13.8
1075000 7.4
1080000 632.6
1085000 742.6
1090000 5.5
1095000 781.1
1100000 775.8
1105000 732.7
1110000 800.9
1115000 674.5
1120000 756.9
1125000 750.3
1130000 734.0
1135000 775.7
1140000 742.9
1145000 758.6
1150000 796.9
1155000 781.1
1160000 753.5
1165000 731.7
1170000 568.1
1175000 4.6
1180000 18.1
1185000 712.5
1190000 813.8
1195000 687.2
1200000 784.7
1205000 780.3
1210000 755.2
1215000 740.7
1220000 782.6
1225000 756.8
1230000 738.3
1235000 741.4
1240000 4.1
1245000 730.5
1250000 773.9
1255000 774.3
1260000 767.4
1265000 821.6
1270000 769.6
1275000 4.0
1280000 5.5
1285000 760.4
1290000 734.8
1295000 762.7
1300000 709.4
1305000 728.9
1310000 772.4
1315000 761.3
1320000 793.0
1325000 736.7
1330000 749.4
1335000 784.1
1340000 833.6
1345000 840.7
1350000 791.1
1355000 775.4
1360000 815.8
1365000 16.8
1370000 799.4
1375000 768.5
1380000 778.6
1385000 797.0
1390000 789.2
1395000 816.7
1400000 677.0
1405000 797.4
1410000 796.9
1415000 805.4
1420000 793.7
1425000 810.7
1430000 806.4
1435000 802.1
1440000 698.8
1445000 226.5
1450000 749.9
1455000 7.0
1460000 323.3
1465000 694.8
1470000 804.7
1475000 13.4
1480000 781.0
1485000 5.8
1490000 5.4
1495000 637.4
1500000 722.5
1505000 813.1
1510000 672.3
1515000 799.6
1520000 693.6
1525000 794.9
1530000 806.6
1535000 783.3
1540000 794.7
1545000 771.3
1550000 818.1
1555000 813.4
1560000 805.6
1565000 7.2
1570000 802.0
1575000 655.4
1580000 807.8
1585000 788.9
1590000 827.5
1595000 844.6
1600000 827.9
1605000 747.3
1610000 800.7
1615000 798.1
1620000 4.4
1625000 679.0
1630000 719.0
1635000 684.5
1640000 773.2
1645000 761.6
1650000 6.1
1655000 808.8
1660000 820.9
1665000 809.2
1670000 739.8
1675000 782.5
1680000 818.8
1685000 822.0
1690000 806.4
1695000 780.7
1700000 812.7
1705000 594.3
1710000 816.8
1715000 808.1
1720000 833.3
1725000 844.4
1730000 841.0
1735000 815.7
1740000 713.5
1745000 840.2
1750000 830.1
1755000 86.8
1760000 832.6
1765000 841.4
1770000 664.0
1775000 823.7
1780000 819.3
1785000 838.6
1790000 830.9
1795000 833.3
1800000 839.1
1805000 850.8
1810000 6.0
1815000 773.3
1820000 835.7
1825000 820.0
1830000 709.8
1835000 831.9
1840000 751.2
1845000 802.7
1850000 817.2
1855000 809.8
1860000 816.8
1865000 852.9
1870000 715.7
1875000 835.3
1880000 821.1
1885000 746.0
1890000 853.9
1895000 833.4
1900000 824.6
1905000 765.8
1910000 835.1
1915000 753.4
1920000 852.4
1925000 804.5
1930000 825.7
1935000 804.9
1940000 654.2
1945000 829.8
1950000 850.3
1955000 6.6
1960000 803.6
1965000 844.6
1970000 833.0
1975000 851.9
1980000 841.5
1985000 208.7
1990000 853.5
1995000 869.3
2000000 858.8
