5000 4.2
10000 5.8
15000 4.3
20000 3.7
25000 5.4
30000 3.5
35000 3.4
40000 3.0
45000 7.1
50000 3.9
55000 3.9
60000 4.5
65000 5.7
70000 5.3
75000 5.6
80000 6.7
85000 4.4
90000 6.2
95000 6.6
100000 5.8
105000 6.1
110000 7.2
115000 8.0
120000 8.5
125000 3.7
130000 8.3
135000 7.3
140000 7.7
145000 5.5
150000 6.1
155000 7.3
160000 11.2
165000 11.0
170000 30.8
175000 12.8
180000 34.3
185000 18.2
190000 25.7
195000 21.2
200000 19.8
205000 19.0
210000 27.6
215000 15.5
220000 14.9
225000 25.7
230000 28.1
235000 48.8
240000 21.0
245000 21.6
250000 26.0
255000 27.0
260000 14.1
265000 55.3
270000 33.4
275000 52.0
280000 13.5
285000 4.8
290000 25.6
295000 62.9
300000 48.3
305000 32.8
310000 30.4
315000 38.5
320000 45.1
325000 27.4
330000 34.5
335000 6.0
340000 2.3
345000 4.0
350000 7.8
355000 3.8
360000 6.5
365000 4.4
370000 6.8
375000 2.7
380000 3.9
385000 3.6
390000 4.8
395000 3.8
400000 4.4
405000 2.8
410000 3.5
415000 6.8
420000 3.5
425000 5.3
430000 3.7
435000 6.8
440000 4.5
445000 6.1
450000 4.0
455000 3.6
460000 6.5
465000 4.1
470000 6.5
475000 3.4
480000 6.3
485000 3.8
490000 3.3
495000 6.4
500000 4.4
505000 5.0
510000 2.9
515000 2.5
520000 4.5
525000 4.4
530000 4.7
535000 3.7
540000 5.4
545000 5.4
550000 3.1
555000 3.3
560000 4.2
565000 5.3
570000 5.1
575000 7.2
580000 4.5
585000 3.1
590000 4.9
595000 4.2
600000 2.6
605000 5.1
610000 5.1
615000 5.4
620000 5.5
625000 2.8
630000 4.5
635000 5.1
640000 6.2
645000 3.7
650000 4.1
655000 5.5
660000 3.8
665000 4.5
670000 4.4
675000 5.3
680000 5.6
685000 3.2
690000 4.0
695000 4.6
700000 4.8
705000 3.6
710000 3.6
715000 4.5
720000 4.4
725000 4.5
730000 3.7
735000 5.0
740000 4.5
745000 6.2
750000 4.0
755000 4.4
760000 4.0
765000 3.9
770000 6.1
775000 5.1
780000 4.1
785000 5.6
790000 5.2
795000 4.8
800000 5.6
805000 3.7
810000 3.4
815000 5.4
820000 3.2
825000 5.8
830000 5.1
835000 4.4
840000 6.0
845000 4.6
850000 3.6
855000 2.9
860000 4.2
865000 5.8
870000 4.9
875000 4.5
880000 3.2
885000 3.9
890000 4.1
895000 3.8
900000 4.4
905000 4.2
910000 5.2
915000 4.5
920000 4.3
925000 2.7
930000 5.3
935000 3.9
940000 5.8
945000 6.7
950000 5.1
955000 5.4
960000 6.9
965000 5.8
970000 5.0
975000 5.4
980000 5.7
985000 4.8
990000 3.6
995000 6.1
1000000 7.4
1005000 5.9
1010000 5.5
1015000 6.9
1020000 6.6
1025000 6.8
1030000 8.1
1035000 5.6
1040000 3.6
1045000 3.9
1050000 5.1
1055000 5.3
1060000 4.3
1065000 6.2
1070000 5.1
1075000 4.4
1080000 5.4
1085000 4.9
1090000 5.6
1095000 7.5
1100000 5.8
1105000 3.9
1110000 4.9
1115000 3.6
1120000 7.0
1125000 4.7
1130000 5.0
1135000 4.4
1140000 3.3
1145000 4.4
1150000 3.3
1155000 5.3
1160000 5.2
1165000 6.2
1170000 5.1
1175000 6.0
1180000 8.5
1185000 3.0
1190000 4.7
1195000 5.8
1200000 4.6
1205000 5.1
1210000 4.8
1215000 3.4
1220000 5.0
1225000 4.6
1230000 5.8
1235000 5.5
1240000 5.3
1245000 4.3
1250000 6.1
1255000 4.7
1260000 6.0
1265000 2.9
1270000 4.2
1275000 4.1
1280000 3.4
1285000 5.8
1290000 4.6
1295000 4.9
1300000 3.9
1305000 3.6
1310000 2.6
1315000 4.8
1320000 4.9
1325000 4.4
1330000 5.5
1335000 5.2
1340000 4.8
1345000 8.0
1350000 5.6
1355000 4.1
1360000 5.9
1365000 3.0
1370000 3.0
1375000 6.6
1380000 6.7
1385000 3.9
1390000 4.1
1395000 3.9
1400000 4.9
1405000 3.2
1410000 2.7
1415000 4.5
1420000 3.4
1425000 3.6
1430000 3.8
1435000 4.2
1440000 3.7
1445000 4.4
1450000 3.9
1455000 5.4
1460000 4.0
1465000 4.7
1470000 5.8
1475000 3.8
1480000 5.4
1485000 4.4
1490000 7.0
1495000 5.4
1500000 4.5
1505000 3.3
1510000 2.8
1515000 4.1
1520000 5.1
1525000 6.1
1530000 4.6
1535000 4.5
1540000 4.1
1545000 4.0
1550000 4.0
1555000 4.1
1560000 4.1
1565000 3.3
1570000 2.9
1575000 3.3
1580000 6.7
1585000 5.2
1590000 6.4
1595000 6.3
1600000 3.6
1605000 3.4
1610000 2.2
1615000 5.1
1620000 4.6
1625000 2.8
1630000 5.0
1635000 3.9
1640000 4.5
1645000 4.4
1650000 4.3
1655000 6.5
1660000 4.3
1665000 3.4
1670000 4.8
1675000 4.8
1680000 4.3
1685000 4.9
1690000 5.7
1695000 5.3
1700000 4.7
1705000 5.2
1710000 4.3
1715000 4.4
1720000 5.5
1725000 6.7
1730000 4.1
1735000 4.9
1740000 4.2
1745000 5.0
1750000 4.0
1755000 3.5
1760000 3.8
1765000 4.4
1770000 7.6
1775000 3.0
1780000 5.2
1785000 6.1
1790000 4.0
1795000 6.2
1800000 4.6
1805000 4.3
1810000 3.6
1815000 5.0
1820000 3.3
1825000 2.8
1830000 5.9
1835000 4.2
1840000 3.6
1845000 3.3
1850000 4.2
1855000 3.9
1860000 5.4
1865000 5.9
1870000 4.4
1875000 2.2
1880000 4.4
1885000 5.0
1890000 4.9
1895000 4.4
1900000 5.5
1905000 5.2
1910000 3.4
1915000 5.6
1920000 2.5
1925000 5.4
1930000 3.2
1935000 5.0
1940000 5.1
1945000 4.4
1950000 5.6
1955000 5.0
1960000 3.1
1965000 6.0
1970000 4.3
1975000 4.7
1980000 4.8
1985000 4.2
1990000 8.3
1995000 2.7
2000000 4.0
