5000 4.5
10000 5.3
15000 4.4
20000 3.2
25000 3.5
30000 5.9
35000 3.8
40000 4.5
45000 3.8
50000 6.3
55000 5.4
60000 6.7
65000 6.9
70000 3.6
75000 4.6
80000 6.2
85000 6.0
90000 6.4
95000 6.2
100000 3.9
105000 6.5
110000 5.1
115000 10.9
120000 5.7
125000 24.4
130000 8.2
135000 6.3
140000 4.7
145000 90.1
150000 13.1
155000 33.7
160000 31.7
165000 5.6
170000 46.6
175000 25.3
180000 134.1
185000 11.7
190000 260.8
195000 19.2
200000 89.7
205000 30.2
210000 128.9
215000 120.7
220000 126.5
225000 108.5
230000 55.1
235000 30.3
240000 3.7
245000 270.6
250000 91.0
255000 6.6
260000 143.9
265000 199.6
270000 6.3
275000 26.4
280000 4.4
285000 42.3
290000 105.5
295000 117.5
300000 6.0
305000 4.5
310000 8.6
315000 6.9
320000 42.7
325000 174.5
330000 220.6
335000 170.7
340000 3.6
345000 196.2
350000 6.8
355000 178.0
360000 183.4
365000 230.4
370000 15.5
375000 5.9
380000 8.5
385000 28.0
390000 25.9
395000 3.5
400000 6.4
405000 47.2
410000 5.5
415000 8.8
420000 3.9
425000 5.0
430000 37.0
435000 6.1
440000 4.0
445000 5.6
450000 4.1
455000 12.1
460000 4.8
465000 4.8
470000 5.0
475000 18.4
480000 4.0
485000 4.6
490000 5.9
495000 11.1
500000 5.0
505000 7.7
510000 21.2
515000 77.2
520000 4.8
525000 11.6
530000 10.7
535000 73.9
540000 5.4
545000 42.7
550000 5.6
555000 18.9
560000 11.7
565000 5.1
570000 5.7
575000 12.4
580000 88.8
585000 38.9
590000 147.8
595000 6.1
600000 5.8
605000 90.0
610000 139.8
615000 9.2
620000 104.0
625000 24.4
630000 7.9
635000 4.9
640000 8.5
645000 12.8
650000 176.2
655000 81.3
660000 26.1
665000 10.0
670000 5.6
675000 50.9
680000 5.8
685000 5.1
690000 4.6
695000 6.1
700000 4.2
705000 4.5
710000 12.7
715000 5.1
720000 25.8
725000 3.5
730000 25.8
735000 4.7
740000 5.0
745000 6.3
750000 9.0
755000 27.4
760000 10.4
765000 30.2
770000 3.9
775000 8.6
780000 5.2
785000 3.7
790000 6.9
795000 4.8
800000 7.0
805000 5.3
810000 3.0
815000 4.6
820000 4.5
825000 6.2
830000 4.8
835000 4.4
840000 11.8
845000 6.3
850000 3.7
855000 6.1
860000 5.4
865000 4.3
870000 23.5
875000 100.2
880000 187.4
885000 15.1
890000 42.7
895000 5.8
900000 4.4
905000 10.5
910000 4.8
915000 6.6
920000 3.8
925000 4.5
930000 4.1
935000 4.0
940000 3.8
945000 4.8
950000 5.6
955000 3.9
960000 3.7
965000 3.7
970000 4.2
975000 7.8
980000 4.6
985000 3.8
990000 2.8
995000 2.4
1000000 6.1
1005000 6.6
1010000 3.5
1015000 6.6
1020000 5.1
1025000 6.1
1030000 7.4
1035000 5.1
1040000 5.4
1045000 4.6
1050000 5.2
1055000 5.0
1060000 4.0
1065000 6.1
1070000 8.1
1075000 9.8
1080000 5.5
1085000 5.6
1090000 7.2
1095000 5.5
1100000 4.9
1105000 4.4
1110000 105.9
1115000 105.7
1120000 46.9
1125000 5.6
1130000 41.9
1135000 8.9
1140000 4.5
1145000 16.4
1150000 4.0
1155000 15.4
1160000 93.2
1165000 41.0
1170000 43.8
1175000 52.9
1180000 68.8
1185000 184.6
1190000 145.6
1195000 38.0
1200000 160.6
1205000 109.3
1210000 5.7
1215000 222.1
1220000 248.2
1225000 232.0
1230000 158.5
1235000 189.8
1240000 171.1
1245000 4.3
1250000 165.0
1255000 174.5
1260000 230.6
1265000 145.2
1270000 263.7
1275000 87.4
1280000 225.9
1285000 243.5
1290000 69.7
1295000 201.3
1300000 194.3
1305000 242.4
1310000 145.9
1315000 235.7
1320000 157.8
1325000 224.6
1330000 113.5
1335000 177.2
1340000 7.3
1345000 21.6
1350000 101.4
1355000 190.5
1360000 6.2
1365000 4.0
1370000 196.3
1375000 152.9
1380000 47.5
1385000 214.5
1390000 260.3
1395000 305.8
1400000 314.0
1405000 216.1
1410000 230.2
1415000 251.1
1420000 226.2
1425000 176.6
1430000 225.8
1435000 202.7
1440000 185.1
1445000 170.1
1450000 247.2
1455000 196.8
1460000 271.3
1465000 245.4
1470000 230.9
1475000 277.5
1480000 243.2
1485000 225.5
1490000 245.3
1495000 268.7
1500000 233.5
1505000 208.4
1510000 241.8
1515000 267.3
1520000 245.2
1525000 116.3
1530000 275.1
1535000 157.3
1540000 218.4
1545000 262.5
1550000 261.2
1555000 284.9
1560000 239.7
1565000 6.1
1570000 17.8
1575000 194.7
1580000 303.3
1585000 193.9
1590000 196.3
1595000 323.3
1600000 295.6
1605000 216.0
1610000 326.0
1615000 307.2
1620000 264.2
1625000 257.1
1630000 287.3
1635000 291.5
1640000 319.9
1645000 255.8
1650000 272.1
1655000 5.3
1660000 264.5
1665000 6.2
1670000 329.3
1675000 259.2
1680000 223.3
1685000 269.8
1690000 254.7
1695000 251.8
1700000 282.2
1705000 202.5
1710000 299.1
1715000 298.8
1720000 303.9
1725000 209.5
1730000 284.3
1735000 306.4
1740000 225.4
1745000 263.1
1750000 183.6
1755000 268.1
1760000 225.8
1765000 306.4
1770000 232.8
1775000 194.2
1780000 325.6
1785000 299.7
1790000 284.0
1795000 332.0
1800000 343.3
1805000 301.5
1810000 288.7
1815000 267.4
1820000 269.0
1825000 252.0
1830000 233.6
1835000 303.8
1840000 316.0
1845000 306.6
1850000 221.6
1855000 5.8
1860000 183.9
1865000 325.8
1870000 335.0
1875000 348.3
1880000 309.3
1885000 252.8
1890000 219.7
1895000 271.0
1900000 319.8
1905000 260.7
1910000 260.0
1915000 350.7
1920000 317.0
1925000 290.8
1930000 352.9
1935000 310.9
1940000 313.9
1945000 4.7
1950000 279.4
1955000 303.8
1960000 293.5
1965000 313.4
1970000 287.9
1975000 268.4
1980000 344.7
1985000 319.2
1990000 316.9
1995000 314.4
2000000 263.5
