5000 3.4
10000 6.3
15000 4.8
20000 5.0
25000 3.8
30000 4.2
35000 4.3
40000 5.8
45000 4.2
50000 3.4
55000 3.1
60000 7.1
65000 6.2
70000 5.5
75000 5.0
80000 6.5
85000 6.7
90000 5.7
95000 5.4
100000 59.1
105000 29.3
110000 121.0
115000 4.6
120000 61.6
125000 93.6
130000 45.6
135000 158.6
140000 170.3
145000 114.4
150000 163.7
155000 6.3
160000 5.5
165000 59.6
170000 19.8
175000 7.6
180000 79.4
185000 29.1
190000 165.0
195000 37.5
200000 40.5
205000 204.6
210000 114.0
215000 34.8
220000 39.0
225000 11.7
230000 59.5
235000 14.6
240000 6.1
245000 26.7
250000 98.4
255000 7.3
260000 86.4
265000 15.2
270000 4.3
275000 39.1
280000 169.2
285000 3.0
290000 4.4
295000 68.5
300000 44.5
305000 28.0
310000 115.9
315000 6.5
320000 29.6
325000 6.3
330000 142.0
335000 23.2
340000 5.0
345000 6.1
350000 4.6
355000 6.1
360000 5.3
365000 5.6
370000 4.3
375000 5.1
380000 3.7
385000 4.4
390000 4.9
395000 6.6
400000 4.5
405000 6.8
410000 4.8
415000 4.1
420000 7.3
425000 5.0
430000 6.1
435000 4.7
440000 2.6
445000 3.9
450000 5.4
455000 4.3
460000 7.0
465000 5.7
470000 4.1
475000 4.2
480000 4.1
485000 3.5
490000 4.2
495000 4.5
500000 3.3
505000 4.1
510000 5.1
515000 5.3
520000 5.1
525000 32.8
530000 18.1
535000 6.0
540000 6.8
545000 5.5
550000 3.9
555000 6.7
560000 4.5
565000 4.4
570000 16.2
575000 5.0
580000 4.3
585000 53.2
590000 11.8
595000 11.1
600000 4.4
605000 7.3
610000 47.8
615000 6.2
620000 5.1
625000 5.9
630000 8.2
635000 9.1
640000 3.2
645000 35.7
650000 6.6
655000 7.5
660000 19.2
665000 4.8
670000 15.1
675000 4.3
680000 6.0
685000 5.5
690000 5.3
695000 5.5
700000 5.1
705000 4.6
710000 5.5
715000 5.8
720000 5.4
725000 5.5
730000 4.8
735000 9.3
740000 5.2
745000 4.4
750000 4.1
755000 4.7
760000 6.3
765000 3.7
770000 2.5
775000 3.6
780000 4.5
785000 5.5
790000 5.4
795000 3.9
800000 4.6
805000 4.3
810000 5.3
815000 3.5
820000 5.1
825000 7.1
830000 4.1
835000 3.3
840000 6.3
845000 4.3
850000 4.8
855000 3.6
860000 5.3
865000 8.3
870000 4.1
875000 3.9
880000 6.3
885000 5.1
890000 6.4
895000 5.3
900000 3.9
905000 4.6
910000 5.2
915000 6.0
920000 4.9
925000 3.0
930000 3.5
935000 4.2
940000 5.2
945000 4.2
950000 3.4
955000 6.0
960000 4.2
965000 6.3
970000 4.5
975000 5.4
980000 6.7
985000 6.9
990000 3.8
995000 4.3
1000000 4.6
1005000 5.3
1010000 6.4
1015000 3.6
1020000 4.2
1025000 4.7
1030000 5.5
1035000 2.9
1040000 4.4
1045000 7.1
1050000 4.0
1055000 3.6
1060000 4.3
1065000 4.2
1070000 5.1
1075000 3.4
1080000 5.6
1085000 3.4
1090000 5.3
1095000 3.8
1100000 4.4
1105000 4.2
1110000 7.0
1115000 3.2
1120000 3.2
1125000 5.3
1130000 3.9
1135000 4.8
1140000 3.8
1145000 3.4
1150000 3.1
1155000 4.9
1160000 4.3
1165000 4.1
1170000 4.2
1175000 3.2
1180000 4.7
1185000 4.6
1190000 2.4
1195000 4.1
1200000 5.2
1205000 3.4
1210000 4.6
1215000 4.4
1220000 4.5
1225000 4.8
1230000 4.5
1235000 4.3
1240000 6.2
1245000 4.6
1250000 2.0
1255000 3.3
1260000 5.8
1265000 5.1
1270000 4.3
1275000 3.1
1280000 4.2
1285000 3.9
1290000 4.9
1295000 5.8
1300000 4.3
1305000 3.7
1310000 4.0
1315000 3.2
1320000 3.4
1325000 3.7
1330000 3.9
1335000 5.4
1340000 6.0
1345000 3.9
1350000 5.6
1355000 4.7
1360000 3.9
1365000 5.7
1370000 6.5
1375000 3.1
1380000 3.2
1385000 4.8
1390000 2.7
1395000 4.3
1400000 2.9
1405000 3.4
1410000 3.1
1415000 5.7
1420000 4.1
1425000 5.3
1430000 5.2
1435000 4.4
1440000 6.5
1445000 6.5
1450000 4.3
1455000 6.3
1460000 5.4
1465000 6.9
1470000 4.4
1475000 5.5
1480000 2.4
1485000 3.9
1490000 4.6
1495000 5.7
1500000 3.0
1505000 3.7
1510000 6.0
1515000 4.2
1520000 3.7
1525000 4.3
1530000 3.0
1535000 5.0
1540000 3.9
1545000 4.9
1550000 4.8
1555000 4.8
1560000 3.8
1565000 5.6
1570000 4.6
1575000 6.8
1580000 4.0
1585000 5.9
1590000 5.0
1595000 2.9
1600000 4.9
1605000 5.3
1610000 4.1
1615000 4.9
1620000 8.0
1625000 5.1
1630000 2.7
1635000 3.4
1640000 5.9
1645000 4.1
1650000 4.2
1655000 4.3
1660000 5.6
1665000 4.8
1670000 6.8
1675000 4.0
1680000 3.6
1685000 3.4
1690000 3.9
1695000 3.8
1700000 3.1
1705000 5.1
1710000 5.3
1715000 3.1
1720000 5.8
1725000 5.3
1730000 6.3
1735000 5.3
1740000 5.7
1745000 3.8
1750000 3.9
1755000 5.0
1760000 5.4
1765000 4.3
1770000 5.5
1775000 4.6
1780000 5.4
1785000 4.7
1790000 4.1
1795000 3.8
1800000 5.5
1805000 5.2
1810000 3.0
1815000 5.2
1820000 5.5
1825000 5.6
1830000 4.4
1835000 3.5
1840000 5.0
1845000 6.5
1850000 3.9
1855000 5.4
1860000 5.3
1865000 3.7
1870000 5.8
1875000 5.8
1880000 5.9
1885000 5.2
1890000 5.7
1895000 5.1
1900000 2.9
1905000 3.8
1910000 3.9
1915000 4.1
1920000 6.7
1925000 5.3
1930000 5.0
1935000 4.3
1940000 4.1
1945000 3.5
1950000 4.4
1955000 4.3
1960000 3.3
1965000 5.0
1970000 5.1
1975000 4.4
1980000 5.5
1985000 4.7
