5000 4.2
10000 7.6
15000 5.3
20000 3.1
25000 3.9
30000 4.1
35000 6.1
40000 4.9
45000 5.0
50000 5.0
55000 4.9
60000 7.6
65000 4.0
70000 6.4
75000 4.6
80000 5.7
85000 5.8
90000 6.6
95000 7.4
100000 8.5
105000 4.4
110000 6.8
115000 5.9
120000 4.9
125000 30.9
130000 4.9
135000 3.4
140000 6.4
145000 7.8
150000 15.4
155000 34.8
160000 5.3
165000 79.4
170000 6.1
175000 57.3
180000 52.6
185000 5.9
190000 7.5
195000 57.8
200000 12.4
205000 38.1
210000 48.4
215000 4.6
220000 65.4
225000 39.5
230000 41.7
235000 101.6
240000 84.7
245000 70.2
250000 95.5
255000 7.3
260000 102.0
265000 73.1
270000 111.4
275000 104.3
280000 4.1
285000 5.7
290000 64.6
295000 65.7
300000 99.0
305000 95.8
310000 106.6
315000 100.1
320000 89.3
325000 25.5
330000 71.8
335000 104.1
340000 4.5
345000 3.7
350000 5.5
355000 2.4
360000 10.0
365000 6.1
370000 15.8
375000 41.4
380000 4.6
385000 8.3
390000 3.7
395000 6.8
400000 3.3
405000 6.0
410000 5.8
415000 7.5
420000 5.4
425000 4.3
430000 18.4
435000 4.5
440000 5.5
445000 6.1
450000 7.9
455000 4.9
460000 1.5
465000 4.3
470000 5.6
475000 5.7
480000 42.6
485000 4.7
490000 4.9
495000 9.5
500000 4.9
505000 5.6
510000 79.3
515000 6.7
520000 7.0
525000 3.0
530000 3.9
535000 82.4
540000 17.0
545000 69.6
550000 60.1
555000 4.5
560000 24.0
565000 5.3
570000 56.1
575000 10.0
580000 31.0
585000 5.1
590000 5.4
595000 7.0
600000 40.5
605000 3.2
610000 5.2
615000 6.5
620000 4.6
625000 36.5
630000 8.7
635000 9.4
640000 19.1
645000 16.2
650000 5.1
655000 30.1
660000 102.3
665000 6.1
670000 29.9
675000 62.1
680000 22.9
685000 44.7
690000 14.9
695000 130.7
700000 109.8
705000 134.8
710000 3.7
715000 38.8
720000 148.0
725000 112.4
730000 134.5
735000 56.2
740000 134.9
745000 165.6
750000 57.3
755000 174.9
760000 167.5
765000 153.4
770000 173.2
775000 185.5
780000 134.7
785000 214.1
790000 219.6
795000 201.1
800000 191.0
805000 177.1
810000 156.7
815000 210.7
820000 167.0
825000 197.2
830000 209.3
835000 181.6
840000 229.1
845000 188.8
850000 207.6
855000 205.0
860000 225.0
865000 236.5
870000 265.4
875000 251.7
880000 258.5
885000 191.4
890000 284.4
895000 234.4
900000 209.1
905000 246.2
910000 138.2
915000 249.4
920000 244.6
925000 289.2
930000 245.3
935000 272.4
940000 264.7
945000 305.1
950000 75.0
955000 165.9
960000 258.5
965000 250.3
970000 259.6
975000 303.5
980000 221.8
985000 230.9
990000 227.4
995000 197.2
1000000 254.2
1005000 217.8
1010000 182.9
1015000 127.6
1020000 198.2
1025000 216.3
1030000 221.4
1035000 264.2
1040000 37.7
1045000 268.6
1050000 271.9
1055000 298.2
1060000 280.1
1065000 219.5
1070000 274.6
1075000 198.8
1080000 52.4
1085000 280.5
1090000 6.4
1095000 233.8
1100000 211.6
1105000 274.6
1110000 238.1
1115000 199.5
1120000 295.4
1125000 283.8
1130000 3.7
1135000 218.6
1140000 132.6
1145000 284.3
1150000 153.5
1155000 327.6
1160000 309.4
1165000 239.9
1170000 311.0
1175000 285.6
1180000 273.1
1185000 246.8
1190000 282.7
1195000 264.8
1200000 308.2
1205000 290.6
1210000 287.9
1215000 258.8
1220000 310.9
1225000 393.4
1230000 282.5
1235000 372.8
1240000 256.0
1245000 315.0
1250000 305.3
1255000 321.3
1260000 326.1
1265000 315.2
1270000 329.6
1275000 372.3
1280000 202.3
1285000 359.3
1290000 296.7
1295000 287.6
1300000 372.0
1305000 324.9
1310000 362.9
1315000 339.8
1320000 247.0
1325000 384.4
1330000 351.9
1335000 320.3
1340000 346.9
1345000 321.0
1350000 322.5
1355000 340.2
1360000 350.0
1365000 363.9
1370000 377.6
1375000 279.5
1380000 381.5
1385000 353.2
1390000 307.3
1395000 390.1
1400000 282.0
1405000 350.9
1410000 421.0
1415000 365.6
1420000 354.2
1425000 366.3
1430000 373.4
1435000 445.4
1440000 438.2
1445000 409.2
1450000 430.7
1455000 418.2
1460000 425.8
1465000 206.7
1470000 452.4
1475000 384.0
1480000 521.0
1485000 517.5
1490000 519.4
1495000 439.3
1500000 464.0
1505000 464.1
1510000 435.4
1515000 648.0
1520000 554.2
1525000 457.1
1530000 506.1
1535000 427.7
1540000 449.6
1545000 509.0
1550000 494.5
1555000 463.2
1560000 372.8
1565000 406.2
1570000 431.2
1575000 428.1
1580000 375.6
1585000 456.3
1590000 465.6
1595000 447.5
1600000 524.5
1605000 552.6
1610000 419.2
1615000 417.3
1620000 488.2
1625000 511.2
1630000 430.0
1635000 583.8
1640000 428.5
1645000 430.6
1650000 434.9
1655000 463.5
1660000 463.2
1665000 480.6
1670000 434.5
1675000 431.0
1680000 422.2
1685000 471.2
1690000 474.1
1695000 469.4
1700000 594.1
1705000 452.6
1710000 368.7
1715000 480.5
1720000 514.8
1725000 520.0
1730000 474.2
1735000 615.8
1740000 462.2
1745000 615.3
1750000 439.2
1755000 521.0
1760000 513.5
1765000 536.1
1770000 535.2
1775000 510.5
1780000 606.1
1785000 673.2
1790000 531.0
1795000 557.2
1800000 543.3
1805000 492.2
1810000 520.2
1815000 538.2
1820000 527.2
1825000 381.6
1830000 477.1
1835000 512.6
1840000 686.9
1845000 514.3
1850000 494.8
1855000 532.5
1860000 544.0
1865000 534.3
1870000 497.8
1875000 484.6
1880000 498.1
1885000 680.6
1890000 617.5
1895000 507.8
1900000 681.4
1905000 609.2
1910000 426.7
1915000 513.5
1920000 518.1
1925000 491.3
1930000 627.9
1935000 477.2
1940000 577.6
1945000 677.2
1950000 506.4
1955000 628.9
1960000 544.0
1965000 610.9
1970000 522.9
1975000 536.0
1980000 576.5
1985000 541.3
1990000 561.4
1995000 575.1
2000000 528.9
