5000 4.6
10000 4.5
15000 6.1
20000 3.7
25000 4.9
30000 4.8
35000 6.0
40000 4.9
45000 6.5
50000 3.2
55000 5.4
60000 6.4
65000 5.8
70000 4.8
75000 6.3
80000 4.1
85000 4.4
90000 6.4
95000 3.0
100000 5.6
105000 5.7
110000 6.4
115000 6.7
120000 7.1
125000 6.1
130000 5.7
135000 6.9
140000 3.8
145000 6.4
150000 6.6
155000 5.2
160000 5.2
165000 9.3
170000 6.2
175000 7.5
180000 7.9
185000 3.9
190000 10.0
195000 13.1
200000 4.2
205000 10.7
210000 4.8
215000 4.5
220000 4.8
225000 5.2
230000 16.3
235000 6.7
240000 97.4
245000 63.5
250000 77.7
255000 120.4
260000 114.3
265000 67.9
270000 103.2
275000 76.4
280000 20.0
285000 22.6
290000 109.9
295000 141.5
300000 99.8
305000 120.2
310000 106.4
315000 4.8
320000 2.6
325000 2.9
330000 3.1
335000 4.4
340000 4.3
345000 144.9
350000 185.8
355000 233.4
360000 198.2
365000 238.0
370000 237.7
375000 6.9
380000 271.5
385000 286.9
390000 273.0
395000 51.2
400000 229.7
405000 305.8
410000 7.8
415000 245.2
420000 315.8
425000 163.3
430000 342.4
435000 300.2
440000 355.1
445000 358.2
450000 274.9
455000 322.4
460000 392.2
465000 322.4
470000 302.9
475000 334.4
480000 5.6
485000 350.6
490000 353.2
495000 370.1
500000 370.8
505000 318.6
510000 393.8
515000 394.8
520000 412.2
525000 373.6
530000 411.1
535000 415.9
540000 353.1
545000 413.1
550000 398.3
555000 403.1
560000 268.5
565000 389.6
570000 471.6
575000 3.7
580000 439.9
585000 464.0
590000 465.0
595000 443.9
600000 458.1
605000 448.8
610000 11.7
615000 42.6
620000 496.7
625000 538.3
630000 551.3
635000 540.7
640000 490.4
645000 493.2
650000 591.4
655000 490.9
660000 592.0
665000 601.5
670000 564.4
675000 143.7
680000 656.7
685000 674.7
690000 736.7
695000 734.2
700000 691.5
705000 3.9
710000 721.1
715000 765.0
720000 751.6
725000 771.6
730000 468.0
735000 765.1
740000 784.1
745000 748.4
750000 6.0
755000 809.8
760000 775.4
765000 806.0
770000 773.9
775000 28.0
780000 824.3
785000 5.6
790000 791.2
795000 753.4
800000 776.2
805000 824.6
810000 832.5
815000 837.0
820000 836.0
825000 844.3
830000 711.6
835000 3.6
840000 813.5
845000 832.8
850000 827.4
855000 511.9
860000 661.6
865000 594.6
870000 825.5
875000 817.4
880000 866.5
885000 840.7
890000 816.1
895000 859.5
900000 846.8
905000 826.1
910000 843.6
915000 817.4
920000 860.8
925000 509.7
930000 675.3
935000 853.0
940000 775.6
945000 863.0
950000 852.4
955000 854.2
960000 846.1
965000 835.9
970000 842.8
975000 502.6
980000 846.2
985000 838.2
990000 640.1
995000 826.9
1000000 809.4
1005000 733.7
1010000 854.0
1015000 822.8
1020000 867.3
1025000 759.4
1030000 821.5
1035000 694.2
1040000 701.7
1045000 741.7
1050000 885.4
1055000 862.2
1060000 851.8
1065000 831.6
1070000 779.2
1075000 832.8
1080000 859.5
1085000 731.5
1090000 588.2
1095000 837.9
1100000 829.6
1105000 791.2
1110000 802.5
1115000 789.8
1120000 845.1
1125000 885.1
1130000 820.9
1135000 849.1
1140000 815.2
1145000 823.4
1150000 775.1
1155000 829.9
1160000 835.2
1165000 853.9
1170000 793.9
1175000 891.1
1180000 892.2
1185000 180.2
1190000 871.3
1195000 897.9
1200000 894.7
1205000 874.1
1210000 898.3
1215000 899.6
1220000 902.3
1225000 879.7
1230000 893.0
1235000 879.3
1240000 887.2
1245000 780.4
1250000 690.8
1255000 848.1
1260000 890.8
1265000 6.1
1270000 882.9
1275000 878.6
1280000 561.6
1285000 891.5
1290000 883.5
1295000 891.5
1300000 858.8
1305000 887.6
1310000 703.3
1315000 847.2
1320000 880.3
1325000 847.3
1330000 878.3
1335000 883.2
1340000 895.0
1345000 18.8
1350000 601.8
1355000 881.1
1360000 884.9
1365000 884.1
1370000 854.0
1375000 858.8
1380000 882.6
1385000 849.1
1390000 892.4
1395000 863.9
1400000 732.6
1405000 834.4
1410000 889.1
1415000 875.0
1420000 878.1
1425000 5.4
1430000 817.5
1435000 905.7
1440000 68.6
1445000 864.6
1450000 823.9
1455000 873.3
1460000 796.3
1465000 605.1
1470000 852.5
1475000 766.1
1480000 789.2
1485000 420.8
1490000 373.5
1495000 421.3
1500000 872.9
1505000 698.2
1510000 846.6
1515000 816.2
1520000 874.6
1525000 105.4
1530000 838.6
1535000 265.2
1540000 853.7
1545000 805.0
1550000 827.6
1555000 537.0
1560000 835.3
1565000 466.5
1570000 836.9
1575000 859.7
1580000 826.7
1585000 831.6
1590000 890.0
1595000 868.5
1600000 848.1
1605000 644.4
1610000 735.2
1615000 276.7
1620000 858.3
1625000 618.8
1630000 815.6
1635000 835.7
1640000 835.7
1645000 851.7
1650000 311.5
1655000 838.7
1660000 799.2
1665000 411.1
1670000 716.8
1675000 815.9
1680000 881.3
1685000 828.7
1690000 5.4
1695000 872.3
1700000 329.2
1705000 828.3
1710000 853.9
1715000 804.6
1720000 585.8
1725000 758.6
1730000 757.4
1735000 722.1
1740000 825.2
1745000 837.3
1750000 662.7
1755000 867.0
1760000 851.2
1765000 478.4
1770000 817.2
1775000 791.7
1780000 850.4
1785000 662.0
1790000 823.0
1795000 773.7
1800000 845.0
1805000 504.0
1810000 6.3
1815000 481.1
1820000 813.6
1825000 826.4
1830000 835.6
1835000 768.1
1840000 679.0
1845000 862.2
1850000 822.2
1855000 867.3
1860000 725.6
1865000 834.7
1870000 527.2
1875000 818.9
1880000 866.8
1885000 859.0
1890000 757.0
1895000 814.0
1900000 518.4
1905000 870.9
1910000 810.0
1915000 831.4
1920000 863.8
1925000 785.0
1930000 891.1
1935000 762.4
1940000 768.5
1945000 737.7
1950000 784.5
1955000 828.4
1960000 473.5
1965000 531.7
1970000 825.9
1975000 858.9
1980000 855.7
1985000 859.5
1990000 863.9
1995000 737.1
2000000 8.4
