5000 7.6
10000 4.0
15000 3.8
20000 6.7
25000 6.3
30000 2.4
35000 7.5
40000 3.8
45000 4.0
50000 4.8
55000 6.3
60000 4.8
65000 6.0
70000 5.6
75000 5.8
80000 5.2
85000 5.8
90000 8.1
95000 8.8
100000 6.3
105000 4.6
110000 7.2
115000 8.2
120000 7.7
125000 3.1
130000 6.0
135000 6.3
140000 3.4
145000 13.1
150000 6.6
155000 9.2
160000 5.1
165000 10.0
170000 7.0
175000 13.0
180000 4.4
185000 3.6
190000 9.7
195000 8.6
200000 43.1
205000 7.9
210000 131.6
215000 30.9
220000 8.6
225000 7.9
230000 4.7
235000 8.6
240000 10.9
245000 69.0
250000 72.5
255000 7.3
260000 185.7
265000 194.3
270000 94.5
275000 161.1
280000 4.3
285000 6.0
290000 2.8
295000 6.9
300000 4.4
305000 2.9
310000 1.9
315000 5.3
320000 4.6
325000 5.6
330000 47.2
335000 178.6
340000 187.4
345000 206.7
350000 10.9
355000 29.2
360000 216.4
365000 228.4
370000 19.5
375000 253.8
380000 276.0
385000 255.5
390000 140.0
395000 222.5
400000 17.2
405000 264.4
410000 107.9
415000 332.8
420000 7.9
425000 22.7
430000 5.9
435000 111.1
440000 4.1
445000 21.1
450000 7.7
455000 198.0
460000 6.0
465000 322.0
470000 5.1
475000 40.2
480000 180.4
485000 6.0
490000 164.6
495000 149.9
500000 8.2
505000 5.1
510000 157.3
515000 262.0
520000 7.5
525000 6.1
530000 351.2
535000 6.4
540000 350.3
545000 353.1
550000 395.9
555000 310.3
560000 289.9
565000 385.1
570000 414.5
575000 434.6
580000 432.9
585000 13.3
590000 425.8
595000 12.9
600000 348.5
605000 457.8
610000 291.1
615000 420.6
620000 125.3
625000 4.9
630000 468.7
635000 485.2
640000 443.6
645000 491.5
650000 160.4
655000 433.4
660000 443.8
665000 431.4
670000 456.7
675000 474.5
680000 412.1
685000 496.8
690000 449.7
695000 416.4
700000 480.0
705000 479.9
710000 194.4
715000 512.8
720000 486.3
725000 511.7
730000 498.2
735000 532.7
740000 463.1
745000 557.0
750000 372.8
755000 520.1
760000 498.5
765000 528.1
770000 1.9
775000 530.7
780000 480.0
785000 622.9
790000 584.3
795000 572.6
800000 534.1
805000 505.4
810000 596.5
815000 580.1
820000 570.5
825000 613.5
830000 611.7
835000 612.0
840000 604.2
845000 625.8
850000 633.1
855000 641.0
860000 653.8
865000 631.5
870000 435.1
875000 716.2
880000 632.6
885000 633.1
890000 664.9
895000 4.4
900000 687.0
905000 679.0
910000 480.3
915000 732.5
920000 728.7
925000 753.5
930000 733.4
935000 689.7
940000 753.1
945000 760.3
950000 802.2
955000 735.3
960000 738.9
965000 766.9
970000 754.8
975000 760.7
980000 777.8
985000 808.2
990000 817.2
995000 780.3
1000000 832.9
1005000 806.9
1010000 844.0
1015000 813.2
1020000 848.8
1025000 817.1
1030000 829.6
1035000 843.8
1040000 853.7
1045000 848.6
1050000 873.3
1055000 831.7
1060000 864.5
1065000 852.9
1070000 864.9
1075000 866.1
1080000 851.6
1085000 863.9
1090000 748.9
1095000 864.9
1100000 855.6
1105000 866.1
1110000 855.7
1115000 856.1
1120000 867.1
1125000 847.8
1130000 685.8
1135000 862.9
1140000 878.5
1145000 871.0
1150000 365.3
1155000 6.1
1160000 28.1
1165000 809.5
1170000 770.1
1175000 851.3
1180000 852.8
1185000 855.6
1190000 860.4
1195000 836.6
1200000 839.3
1205000 855.2
1210000 831.9
1215000 859.1
1220000 820.2
1225000 743.1
1230000 809.9
1235000 860.9
1240000 891.4
1245000 789.4
1250000 6.2
1255000 883.8
1260000 694.2
1265000 882.1
1270000 882.3
1275000 850.6
1280000 775.8
1285000 858.1
1290000 864.5
1295000 876.9
1300000 5.0
1305000 6.6
1310000 808.3
1315000 881.6
1320000 858.4
1325000 879.0
1330000 6.1
1335000 440.8
1340000 849.3
1345000 887.8
1350000 894.9
1355000 794.2
1360000 841.4
1365000 870.6
1370000 887.4
1375000 820.1
1380000 872.3
1385000 888.4
1390000 814.1
1395000 5.2
1400000 832.9
1405000 7.3
1410000 806.8
1415000 832.1
1420000 837.5
1425000 39.3
1430000 847.2
1435000 769.4
1440000 859.9
1445000 843.1
1450000 793.2
1455000 865.1
1460000 11.8
1465000 742.6
1470000 25.5
1475000 274.2
1480000 872.0
1485000 863.3
1490000 830.4
1495000 842.2
1500000 7.1
1505000 836.2
1510000 4.2
1515000 866.3
1520000 5.1
1525000 817.3
1530000 707.3
1535000 793.1
1540000 780.6
1545000 831.7
1550000 870.1
1555000 848.8
1560000 862.2
1565000 790.4
1570000 894.7
1575000 895.3
1580000 822.1
1585000 880.7
1590000 882.6
1595000 871.3
1600000 855.7
1605000 874.6
1610000 883.4
1615000 769.7
1620000 840.3
1625000 5.6
1630000 884.3
1635000 94.0
1640000 850.0
1645000 82.3
1650000 861.1
1655000 837.1
1660000 866.9
1665000 855.9
1670000 856.3
1675000 782.1
1680000 31.2
1685000 884.1
1690000 6.4
1695000 858.2
1700000 763.6
1705000 844.3
1710000 832.9
1715000 828.0
1720000 175.8
1725000 865.9
1730000 760.4
1735000 842.6
1740000 876.0
1745000 845.0
1750000 855.1
1755000 852.5
1760000 712.3
1765000 786.6
1770000 832.7
1775000 870.2
1780000 843.8
1785000 865.7
1790000 861.3
1795000 298.2
1800000 863.4
1805000 813.5
1810000 50.9
1815000 4.2
1820000 5.6
1825000 797.8
1830000 820.1
1835000 134.8
1840000 855.0
1845000 886.4
1850000 845.1
1855000 860.6
1860000 851.5
1865000 894.2
1870000 864.0
1875000 807.8
1880000 841.5
1885000 861.7
1890000 190.1
1895000 878.6
1900000 865.5
1905000 691.8
1910000 647.7
1915000 821.2
1920000 825.8
1925000 816.5
1930000 815.9
1935000 369.5
1940000 860.2
1945000 872.0
1950000 829.5
1955000 843.3
1960000 788.3
1965000 853.9
1970000 849.2
1975000 847.9
1980000 885.5
1985000 876.3
1990000 898.9
1995000 819.6
2000000 839.9
