5000 199.8
10000 262.5
15000 145.4
20000 12.3
25000 103.0
30000 11.6
35000 205.0
40000 120.3
45000 39.6
50000 176.3
55000 11.2
60000 189.1
65000 83.4
70000 150.9
75000 23.9
80000 105.3
85000 33.9
90000 82.6
95000 117.5
100000 44.4
105000 146.1
110000 49.1
115000 154.7
120000 297.8
125000 387.1
130000 265.7
135000 302.2
140000 60.4
145000 86.6
150000 224.1
155000 171.6
160000 25.0
165000 123.5
170000 204.3
175000 347.4
180000 173.3
185000 143.0
190000 233.1
195000 65.4
200000 86.1
205000 35.8
210000 313.9
215000 246.8
220000 174.2
225000 293.6
230000 96.8
235000 22.8
240000 197.9
245000 21.0
250000 247.0
255000 180.5
260000 241.3
265000 20.2
270000 337.7
275000 207.5
280000 294.6
285000 152.3
290000 131.5
295000 362.8
300000 125.9
305000 286.0
310000 342.6
315000 351.1
320000 336.9
325000 255.2
330000 133.1
335000 60.0
340000 97.9
345000 302.8
350000 124.7
355000 232.5
360000 383.1
365000 205.9
370000 261.9
375000 264.9
380000 375.4
385000 237.2
390000 347.7
395000 406.5
400000 254.6
405000 200.9
410000 196.6
415000 299.9
420000 218.3
425000 432.9
430000 111.8
435000 114.4
440000 467.1
445000 19.7
450000 156.6
455000 19.3
460000 136.7
465000 165.7
470000 328.1
475000 76.8
480000 99.8
485000 226.9
490000 364.7
495000 381.6
500000 188.5
505000 16.1
510000 76.3
515000 208.3
520000 105.8
525000 176.7
530000 282.0
535000 281.3
540000 105.2
545000 215.9
550000 23.6
555000 13.0
560000 125.3
565000 466.3
570000 447.2
575000 416.4
580000 205.9
585000 315.1
590000 283.0
595000 176.3
600000 570.3
605000 266.7
610000 212.1
615000 198.8
620000 404.6
625000 303.8
630000 112.4
635000 281.2
640000 264.1
645000 198.0
650000 517.2
655000 334.7
660000 379.4
665000 17.2
670000 273.7
675000 306.6
680000 295.9
685000 105.2
690000 453.2
695000 82.1
700000 106.2
705000 342.0
710000 237.9
715000 430.6
720000 304.5
725000 207.1
730000 109.5
735000 112.3
740000 199.2
745000 389.7
750000 208.8
755000 459.8
760000 202.2
765000 493.0
770000 443.8
775000 115.5
780000 24.0
785000 182.7
790000 451.7
795000 294.8
800000 112.9
805000 175.2
810000 220.4
815000 258.5
820000 364.3
825000 95.8
830000 316.2
835000 218.2
840000 373.7
845000 366.1
850000 218.9
855000 176.4
860000 11.7
865000 220.2
870000 189.4
875000 112.1
880000 269.3
885000 212.3
890000 335.3
895000 112.8
900000 54.9
905000 344.3
910000 207.0
915000 111.3
920000 133.1
925000 304.6
930000 294.0
935000 84.8
940000 259.6
945000 210.3
950000 97.0
955000 460.6
960000 143.2
965000 354.6
970000 109.0
975000 209.4
980000 459.5
985000 423.5
990000 249.8
995000 142.8
1000000 401.5
1005000 81.1
1010000 206.6
1015000 379.3
1020000 438.5
1025000 257.0
1030000 213.3
1035000 180.1
1040000 334.4
1045000 151.7
1050000 449.8
1055000 276.9
1060000 303.5
1065000 135.4
1070000 204.3
1075000 434.5
1080000 348.7
1085000 196.6
1090000 124.7
1095000 453.9
1100000 423.3
1105000 475.1
1110000 165.4
1115000 116.0
1120000 277.4
1125000 308.0
1130000 281.6
1135000 326.9
1140000 279.1
1145000 150.2
1150000 122.8
1155000 170.7
1160000 312.6
1165000 377.5
1170000 175.2
1175000 303.4
1180000 144.6
1185000 113.4
1190000 27.3
1195000 342.9
1200000 365.8
1205000 499.1
1210000 300.0
1215000 473.2
1220000 295.2
1225000 306.1
1230000 331.7
1235000 312.9
1240000 251.9
1245000 286.8
1250000 487.2
1255000 119.8
1260000 93.7
1265000 216.7
1270000 32.1
1275000 301.9
1280000 558.7
1285000 106.9
1290000 185.6
1295000 296.5
1300000 462.3
1305000 554.3
1310000 269.6
1315000 198.7
1320000 246.7
1325000 204.9
1330000 303.2
1335000 241.4
1340000 293.5
1345000 193.6
1350000 492.3
1355000 290.5
1360000 124.0
1365000 185.2
1370000 292.2
1375000 299.9
1380000 491.9
1385000 261.7
1390000 436.0
1395000 188.9
1400000 202.6
1405000 134.7
1410000 245.6
1415000 413.1
1420000 361.4
1425000 579.4
1430000 213.2
1435000 204.0
1440000 273.7
1445000 157.4
1450000 265.3
1455000 119.1
1460000 365.5
1465000 206.3
1470000 484.5
1475000 202.0
1480000 296.8
1485000 193.4
1490000 207.0
1495000 358.4
1500000 363.2
1505000 176.9
1510000 311.6
1515000 184.5
1520000 342.9
1525000 454.7
1530000 209.5
1535000 320.5
1540000 266.2
1545000 292.0
1550000 184.6
1555000 174.9
1560000 111.5
1565000 510.4
1570000 111.9
1575000 104.1
1580000 9.8
1585000 200.3
1590000 110.3
1595000 206.6
1600000 321.1
1605000 247.1
1610000 201.6
1615000 414.4
1620000 212.3
1625000 274.9
1630000 282.3
1635000 122.5
1640000 308.8
1645000 353.9
1650000 344.0
1655000 206.7
1660000 217.0
1665000 425.3
1670000 371.5
1675000 518.9
1680000 665.5
1685000 248.0
1690000 212.6
1695000 317.2
1700000 150.9
1705000 290.2
1710000 593.9
1715000 108.2
1720000 309.5
1725000 376.3
1730000 365.7
1735000 366.1
1740000 338.3
1745000 201.6
1750000 268.8
1755000 126.2
1760000 189.3
1765000 539.5
1770000 569.7
1775000 198.6
1780000 498.0
1785000 382.1
1790000 161.9
1795000 398.7
1800000 495.1
1805000 489.6
1810000 351.5
1815000 298.7
1820000 296.5
1825000 247.5
1830000 81.7
1835000 210.8
1840000 479.7
1845000 452.4
1850000 167.6
1855000 79.4
1860000 467.3
1865000 15.9
1870000 349.8
1875000 209.8
1880000 372.1
1885000 583.5
1890000 206.1
1895000 196.5
1900000 313.8
1905000 208.3
1910000 348.9
1915000 302.3
1920000 195.2
1925000 316.2
1930000 383.1
1935000 401.8
1940000 150.5
1945000 169.4
1950000 390.2
1955000 176.8
1960000 209.2
1965000 89.8
1970000 12.6
1975000 464.2
