5000 234.1
10000 120.9
15000 346.6
20000 64.8
25000 101.7
30000 168.0
35000 44.6
40000 226.5
45000 187.8
50000 117.9
55000 118.2
60000 153.9
65000 217.7
70000 121.2
75000 215.8
80000 124.6
85000 101.8
90000 122.0
95000 125.3
100000 359.3
105000 205.4
110000 312.3
115000 206.4
120000 121.6
125000 131.6
130000 141.4
135000 89.6
140000 126.9
145000 294.4
150000 110.2
155000 179.3
160000 239.4
165000 114.3
170000 256.2
175000 65.0
180000 187.8
185000 172.5
190000 121.6
195000 175.0
200000 152.7
205000 142.3
210000 171.7
215000 210.5
220000 266.4
225000 223.5
230000 296.0
235000 14.3
240000 321.0
245000 287.8
250000 169.1
255000 267.9
260000 119.7
265000 68.3
270000 439.1
275000 89.6
280000 209.7
285000 178.5
290000 424.7
295000 208.8
300000 213.9
305000 292.1
310000 154.4
315000 224.0
320000 273.4
325000 267.7
330000 102.0
335000 398.0
340000 151.8
345000 442.2
350000 165.9
355000 255.3
360000 232.0
365000 147.4
370000 311.1
375000 245.6
380000 178.7
385000 178.1
390000 232.9
395000 104.2
400000 183.0
405000 29.4
410000 190.6
415000 125.9
420000 229.6
425000 105.8
430000 195.6
435000 319.4
440000 255.3
445000 220.4
450000 223.7
455000 352.2
460000 209.1
465000 489.9
470000 441.3
475000 292.9
480000 217.7
485000 288.1
490000 170.6
495000 305.5
500000 189.9
505000 112.7
510000 390.5
515000 181.6
520000 286.2
525000 232.1
530000 293.1
535000 356.1
540000 267.8
545000 293.6
550000 288.4
555000 88.7
560000 559.3
565000 220.5
570000 315.1
575000 376.5
580000 108.8
585000 187.2
590000 210.0
595000 247.0
600000 63.3
605000 243.2
610000 360.3
615000 297.7
620000 277.4
625000 231.2
630000 395.3
635000 35.1
640000 239.4
645000 380.3
650000 313.1
655000 114.2
660000 546.2
665000 364.0
670000 255.8
675000 104.9
680000 596.8
685000 197.6
690000 556.1
695000 22.1
700000 217.6
705000 149.6
710000 295.4
715000 63.2
720000 138.9
725000 356.9
730000 14.3
735000 132.2
740000 328.5
745000 210.0
750000 20.2
755000 459.8
760000 343.6
765000 271.4
770000 263.2
775000 174.7
780000 471.9
785000 174.5
790000 192.0
795000 200.3
800000 212.7
805000 382.4
810000 428.6
815000 239.4
820000 225.9
825000 196.5
830000 52.8
835000 405.2
840000 197.7
845000 164.1
850000 429.9
855000 273.7
860000 199.2
865000 298.6
870000 187.6
875000 306.4
880000 18.1
885000 113.2
890000 365.9
895000 356.6
900000 109.3
905000 120.9
910000 291.2
915000 286.0
920000 201.6
925000 41.3
930000 72.5
935000 111.0
940000 168.3
945000 353.1
950000 216.0
955000 375.7
960000 178.3
965000 271.3
970000 151.7
975000 271.5
980000 18.9
985000 300.4
990000 283.4
995000 210.3
1000000 116.4
1005000 101.6
1010000 493.0
1015000 404.7
1020000 111.6
1025000 209.7
1030000 199.7
1035000 296.4
1040000 196.8
1045000 207.2
1050000 107.7
1055000 319.0
1060000 398.9
1065000 319.7
1070000 323.8
1075000 228.9
1080000 101.7
1085000 204.6
1090000 323.0
1095000 151.2
1100000 117.7
1105000 268.9
1110000 192.3
1115000 410.5
1120000 502.7
1125000 492.2
1130000 196.1
1135000 209.0
1140000 107.8
1145000 122.6
1150000 233.8
1155000 12.6
1160000 197.3
1165000 266.2
1170000 304.1
1175000 106.2
1180000 23.3
1185000 290.6
1190000 413.3
1195000 347.8
1200000 364.2
1205000 309.5
1210000 143.3
1215000 257.6
1220000 207.4
1225000 236.3
1230000 380.6
1235000 249.0
1240000 324.7
1245000 180.5
1250000 106.3
1255000 14.1
1260000 251.3
1265000 469.4
1270000 202.8
1275000 263.0
1280000 372.5
1285000 394.8
1290000 161.8
1295000 274.9
1300000 397.4
1305000 428.1
1310000 193.7
1315000 422.1
1320000 111.8
1325000 279.5
1330000 272.6
1335000 427.7
1340000 357.6
1345000 218.9
1350000 551.0
1355000 121.7
1360000 393.5
1365000 280.5
1370000 301.1
1375000 266.5
1380000 396.2
1385000 450.3
1390000 102.0
1395000 200.4
1400000 313.6
1405000 496.0
1410000 346.9
1415000 259.9
1420000 559.5
1425000 193.9
1430000 542.4
1435000 258.7
1440000 336.0
1445000 387.9
1450000 297.5
1455000 389.6
1460000 243.4
1465000 428.9
1470000 221.7
1475000 204.7
1480000 294.6
1485000 235.7
1490000 285.2
1495000 190.8
1500000 448.3
1505000 201.3
1510000 248.7
1515000 113.3
1520000 249.5
1525000 179.0
1530000 104.3
1535000 537.1
1540000 113.3
1545000 352.7
1550000 110.4
1555000 252.6
1560000 343.2
1565000 206.9
1570000 294.4
1575000 302.4
1580000 425.5
1585000 350.5
1590000 116.3
1595000 113.9
1600000 474.7
1605000 166.8
1610000 79.3
1615000 289.2
1620000 210.6
1625000 416.1
1630000 225.3
1635000 153.9
1640000 115.3
1645000 269.1
1650000 213.8
1655000 209.3
1660000 212.5
1665000 209.7
1670000 282.9
1675000 361.2
1680000 263.9
1685000 13.7
1690000 202.9
1695000 213.5
1700000 112.1
1705000 313.5
1710000 359.2
1715000 280.0
1720000 348.5
1725000 347.5
1730000 379.6
1735000 84.9
1740000 138.6
1745000 429.1
1750000 478.4
1755000 18.6
1760000 114.6
1765000 493.6
1770000 314.4
1775000 102.0
1780000 14.1
1785000 262.8
1790000 107.9
1795000 335.0
1800000 133.0
1805000 470.8
1810000 470.2
1815000 305.8
1820000 501.3
1825000 376.3
1830000 273.5
1835000 108.1
1840000 477.7
1845000 141.2
1850000 384.3
1855000 265.1
1860000 398.6
1865000 112.5
1870000 412.7
1875000 258.8
1880000 297.5
1885000 127.8
1890000 12.7
1895000 292.7
1900000 495.4
1905000 402.0
1910000 199.8
1915000 61.9
1920000 131.9
1925000 270.2
1930000 200.4
1935000 311.7
1940000 408.5
1945000 298.6
1950000 252.4
1955000 227.6
1960000 301.0
1965000 272.7
1970000 240.1
1975000 192.2
1980000 118.4
1985000 252.1
1990000 119.8
1995000 329.1
2000000 201.4
