5000 74.6
10000 100.9
15000 182.0
20000 24.2
25000 255.8
30000 109.8
35000 135.2
40000 244.6
45000 243.5
50000 203.7
55000 173.8
60000 152.2
65000 177.1
70000 191.6
75000 314.6
80000 13.3
85000 162.9
90000 87.0
95000 203.5
100000 187.8
105000 222.7
110000 129.2
115000 290.6
120000 79.0
125000 393.0
130000 100.5
135000 243.4
140000 560.9
145000 272.0
150000 52.3
155000 214.2
160000 32.5
165000 107.8
170000 97.6
175000 256.8
180000 276.3
185000 258.0
190000 111.8
195000 352.2
200000 313.6
205000 172.5
210000 113.7
215000 112.6
220000 209.4
225000 328.6
230000 240.0
235000 301.9
240000 205.8
245000 17.8
250000 79.3
255000 196.0
260000 168.0
265000 448.4
270000 195.8
275000 262.1
280000 86.8
285000 287.9
290000 206.8
295000 229.6
300000 196.6
305000 441.9
310000 55.1
315000 200.6
320000 460.4
325000 272.1
330000 354.1
335000 140.7
340000 249.8
345000 350.2
350000 263.3
355000 223.5
360000 194.6
365000 117.5
370000 108.1
375000 313.5
380000 296.1
385000 109.2
390000 227.2
395000 318.9
400000 15.0
405000 390.0
410000 97.0
415000 496.9
420000 469.5
425000 211.9
430000 217.2
435000 208.6
440000 123.1
445000 281.0
450000 175.2
455000 119.2
460000 443.9
465000 96.4
470000 287.7
475000 301.6
480000 26.6
485000 283.5
490000 386.1
495000 192.7
500000 10.3
505000 67.6
510000 118.8
515000 479.0
520000 190.5
525000 203.3
530000 267.2
535000 344.0
540000 219.7
545000 79.9
550000 361.8
555000 239.9
560000 368.2
565000 213.6
570000 20.9
575000 307.4
580000 120.4
585000 263.6
590000 115.3
595000 237.4
600000 300.7
605000 434.2
610000 21.1
615000 270.1
620000 128.8
625000 117.9
630000 258.5
635000 294.0
640000 191.0
645000 205.4
650000 317.5
655000 112.2
660000 231.5
665000 131.7
670000 203.7
675000 305.1
680000 500.5
685000 116.5
690000 243.4
695000 373.2
700000 198.3
705000 361.8
710000 16.3
715000 371.0
720000 408.0
725000 538.9
730000 202.0
735000 94.1
740000 424.4
745000 386.7
750000 260.3
755000 274.2
760000 229.5
765000 198.7
770000 151.6
775000 580.7
780000 104.9
785000 170.4
790000 388.8
795000 210.9
800000 24.4
805000 383.1
810000 209.6
815000 224.0
820000 207.8
825000 193.7
830000 308.6
835000 377.9
840000 653.2
845000 120.4
850000 109.4
855000 221.2
860000 180.9
865000 344.9
870000 189.5
875000 109.0
880000 409.3
885000 430.4
890000 10.1
895000 458.5
900000 399.1
905000 417.1
910000 283.9
915000 213.5
920000 347.0
925000 378.7
930000 285.3
935000 72.6
940000 331.1
945000 164.8
950000 16.5
955000 116.6
960000 169.5
965000 319.0
970000 104.3
975000 396.7
980000 415.9
985000 94.3
990000 291.1
995000 79.4
1000000 336.3
1005000 203.7
1010000 232.4
1015000 399.5
1020000 381.5
1025000 405.6
1030000 301.9
1035000 357.1
1040000 367.7
1045000 210.1
1050000 22.0
1055000 277.0
1060000 71.6
1065000 94.6
1070000 625.3
1075000 108.8
1080000 264.1
1085000 378.5
1090000 202.2
1095000 304.3
1100000 17.7
1105000 218.1
1110000 205.7
1115000 104.6
1120000 212.1
1125000 375.0
1130000 395.2
1135000 533.9
1140000 109.0
1145000 203.3
1150000 269.7
1155000 267.1
1160000 390.2
1165000 386.1
1170000 333.1
1175000 370.8
1180000 396.9
1185000 199.6
1190000 209.9
1195000 489.8
1200000 212.0
1205000 302.3
1210000 211.9
1215000 233.0
1220000 196.2
1225000 366.0
1230000 184.5
1235000 261.9
1240000 548.8
1245000 300.6
1250000 347.9
1255000 255.5
1260000 302.4
1265000 209.3
1270000 242.9
1275000 308.4
1280000 302.1
1285000 119.7
1290000 69.2
1295000 168.2
1300000 302.6
1305000 476.1
1310000 185.7
1315000 288.2
1320000 176.8
1325000 257.7
1330000 304.2
1335000 411.9
1340000 413.5
1345000 282.7
1350000 527.4
1355000 206.4
1360000 184.3
1365000 127.6
1370000 193.4
1375000 108.1
1380000 112.8
1385000 415.2
1390000 195.0
1395000 529.5
1400000 301.3
1405000 477.8
1410000 133.3
1415000 299.8
1420000 212.4
1425000 357.3
1430000 242.6
1435000 249.3
1440000 335.9
1445000 536.8
1450000 224.3
1455000 496.9
1460000 398.7
1465000 307.3
1470000 410.0
1475000 43.6
1480000 237.0
1485000 374.7
1490000 250.2
1495000 179.2
1500000 355.6
1505000 398.8
1510000 212.7
1515000 310.1
1520000 550.4
1525000 124.7
1530000 402.1
1535000 401.6
1540000 198.5
1545000 287.8
1550000 166.3
1555000 115.5
1560000 491.2
1565000 317.4
1570000 310.7
1575000 250.0
1580000 434.4
1585000 200.6
1590000 394.0
1595000 109.4
1600000 248.2
1605000 164.0
1610000 89.0
1615000 390.4
1620000 298.6
1625000 14.5
1630000 380.6
1635000 186.0
1640000 422.1
1645000 249.5
1650000 327.0
1655000 211.5
1660000 123.6
1665000 262.7
1670000 313.1
1675000 166.9
1680000 124.2
1685000 230.2
1690000 347.4
1695000 220.4
1700000 248.8
1705000 266.1
1710000 147.8
1715000 235.3
1720000 488.3
1725000 208.6
1730000 205.0
1735000 395.0
1740000 428.7
1745000 501.3
1750000 440.8
1755000 269.7
1760000 93.5
1765000 288.7
1770000 269.3
1775000 338.3
1780000 294.9
1785000 541.7
1790000 183.3
1795000 106.0
1800000 320.2
1805000 153.0
1810000 236.2
1815000 384.4
1820000 10.6
1825000 102.9
1830000 493.9
1835000 107.9
1840000 300.8
1845000 206.0
1850000 89.4
1855000 299.9
1860000 51.2
1865000 112.8
1870000 322.1
1875000 274.7
1880000 260.8
1885000 367.5
1890000 379.1
1895000 252.6
1900000 303.1
1905000 294.5
1910000 155.8
1915000 367.6
1920000 370.7
1925000 290.4
1930000 190.0
1935000 184.8
1940000 394.3
1945000 270.5
1950000 262.5
1955000 219.6
1960000 251.6
1965000 212.0
1970000 277.3
1975000 223.2
1980000 212.0
1985000 370.3
1990000 41.5
1995000 214.4
2000000 116.5
