5000 86.7
10000 212.8
15000 191.9
20000 337.4
25000 472.1
30000 298.5
35000 313.4
40000 105.8
45000 197.4
50000 397.6
55000 166.2
60000 239.5
65000 351.0
70000 300.6
75000 118.0
80000 190.1
85000 316.1
90000 113.8
95000 136.1
100000 150.5
105000 85.3
110000 192.9
115000 180.2
120000 75.3
125000 247.2
130000 160.8
135000 167.3
140000 228.5
145000 156.4
150000 167.4
155000 280.3
160000 179.0
165000 233.2
170000 413.8
175000 200.8
180000 350.3
185000 358.4
190000 236.8
195000 331.8
200000 56.4
205000 129.9
210000 266.8
215000 37.0
220000 181.9
225000 231.8
230000 221.8
235000 180.1
240000 99.2
245000 115.5
250000 57.0
255000 191.9
260000 342.5
265000 215.3
270000 227.6
275000 303.9
280000 48.2
285000 186.0
290000 130.7
295000 107.6
300000 190.2
305000 251.4
310000 268.1
315000 372.2
320000 149.2
325000 107.9
330000 244.0
335000 427.6
340000 408.1
345000 208.8
350000 38.3
355000 72.0
360000 297.6
365000 364.2
370000 107.5
375000 240.1
380000 259.3
385000 215.0
390000 108.9
395000 174.2
400000 111.9
405000 270.6
410000 163.3
415000 388.4
420000 201.1
425000 502.3
430000 349.2
435000 292.0
440000 207.7
445000 70.1
450000 45.3
455000 383.0
460000 67.2
465000 230.2
470000 54.3
475000 356.9
480000 198.8
485000 400.8
490000 290.4
495000 337.7
500000 203.1
505000 252.7
510000 363.9
515000 362.8
520000 294.7
525000 216.5
530000 392.4
535000 287.1
540000 334.3
545000 504.7
550000 241.6
555000 230.7
560000 191.0
565000 227.6
570000 119.8
575000 386.4
580000 343.6
585000 220.6
590000 317.4
595000 259.3
600000 174.2
605000 297.6
610000 262.0
615000 9.6
620000 301.8
625000 113.6
630000 110.8
635000 201.1
640000 266.2
645000 120.6
650000 189.6
655000 197.5
660000 135.5
665000 92.3
670000 480.7
675000 114.4
680000 21.6
685000 105.4
690000 296.4
695000 204.6
700000 340.8
705000 447.5
710000 101.5
715000 176.3
720000 209.6
725000 398.6
730000 203.2
735000 235.7
740000 288.7
745000 157.8
750000 110.5
755000 312.8
760000 383.3
765000 347.0
770000 267.9
775000 267.4
780000 424.8
785000 435.2
790000 135.6
795000 148.4
800000 291.8
805000 293.1
810000 277.6
815000 297.7
820000 217.3
825000 322.0
830000 507.9
835000 171.5
840000 16.6
845000 239.5
850000 106.6
855000 358.1
860000 294.7
865000 124.5
870000 25.8
875000 274.5
880000 292.4
885000 10.4
890000 214.0
895000 105.4
900000 306.9
905000 295.4
910000 352.8
915000 17.6
920000 205.1
925000 208.2
930000 158.9
935000 317.6
940000 168.5
945000 368.7
950000 114.6
955000 112.0
960000 341.1
965000 372.4
970000 207.0
975000 282.9
980000 335.3
985000 148.9
990000 112.4
995000 372.5
1000000 320.5
1005000 108.3
1010000 393.1
1015000 129.5
1020000 237.6
1025000 390.4
1030000 371.7
1035000 111.0
1040000 398.5
1045000 396.5
1050000 87.8
1055000 362.9
1060000 114.0
1065000 299.3
1070000 69.0
1075000 304.0
1080000 292.9
1085000 112.9
1090000 158.6
1095000 97.8
1100000 215.4
1105000 483.8
1110000 374.7
1115000 346.8
1120000 416.5
1125000 301.3
1130000 473.7
1135000 239.1
1140000 330.0
1145000 167.4
1150000 351.4
1155000 385.6
1160000 215.4
1165000 395.9
1170000 323.0
1175000 402.0
1180000 293.7
1185000 126.9
1190000 76.7
1195000 362.6
1200000 297.2
1205000 228.1
1210000 389.7
1215000 333.5
1220000 233.6
1225000 265.5
1230000 231.7
1235000 270.4
1240000 112.6
1245000 183.6
1250000 196.4
1255000 273.2
1260000 489.1
1265000 256.7
1270000 324.1
1275000 506.0
1280000 400.6
1285000 235.6
1290000 192.0
1295000 282.1
1300000 378.5
1305000 140.4
1310000 202.4
1315000 178.5
1320000 108.3
1325000 15.4
1330000 199.1
1335000 322.9
1340000 423.7
1345000 512.6
1350000 498.9
1355000 275.4
1360000 215.4
1365000 517.9
1370000 295.4
1375000 197.7
1380000 366.2
1385000 134.5
1390000 295.1
1395000 271.9
1400000 284.8
1405000 194.5
1410000 109.8
1415000 127.2
1420000 216.8
1425000 269.3
1430000 288.3
1435000 406.0
1440000 299.8
1445000 85.7
1450000 389.6
1455000 115.1
1460000 391.6
1465000 253.3
1470000 168.8
1475000 177.6
1480000 92.9
1485000 317.1
1490000 215.4
1495000 302.4
1500000 184.9
1505000 178.2
1510000 220.2
1515000 207.3
1520000 181.8
1525000 372.1
1530000 313.9
1535000 458.6
1540000 315.8
1545000 174.7
1550000 54.6
1555000 466.2
1560000 266.8
1565000 437.8
1570000 286.8
1575000 367.5
1580000 81.8
1585000 326.8
1590000 209.3
1595000 307.8
1600000 116.2
1605000 192.9
1610000 387.5
1615000 538.1
1620000 207.0
1625000 213.0
1630000 263.6
1635000 344.2
1640000 294.5
1645000 495.0
1650000 75.6
1655000 103.1
1660000 381.1
1665000 215.0
1670000 338.0
1675000 256.4
1680000 306.4
1685000 292.2
1690000 378.0
1695000 90.9
1700000 206.4
1705000 398.4
1710000 293.8
1715000 262.4
1720000 275.5
1725000 276.1
1730000 110.9
1735000 381.1
1740000 224.4
1745000 208.9
1750000 90.4
1755000 205.9
1760000 108.6
1765000 207.3
1770000 155.4
1775000 107.1
1780000 249.4
1785000 67.4
1790000 291.4
1795000 305.9
1800000 241.3
1805000 112.6
1810000 212.5
1815000 246.1
1820000 23.5
1825000 171.3
1830000 216.3
1835000 338.5
1840000 315.8
1845000 460.6
1850000 216.6
1855000 343.2
1860000 269.0
1865000 309.4
1870000 194.3
1875000 206.8
1880000 392.0
1885000 246.3
1890000 203.9
1895000 403.2
1900000 154.6
1905000 18.6
1910000 17.4
1915000 372.7
1920000 220.5
1925000 117.0
1930000 272.3
1935000 388.6
1940000 468.8
1945000 174.9
1950000 428.7
1955000 478.5
1960000 228.5
1965000 119.1
1970000 161.7
1975000 291.1
1980000 542.0
1985000 178.0
1990000 212.9
1995000 207.1
2000000 312.2
