5000 180.6
10000 282.0
15000 245.7
20000 162.3
25000 18.9
30000 224.3
35000 46.3
40000 17.0
45000 31.2
50000 104.9
55000 79.3
60000 244.3
65000 207.0
70000 196.6
75000 85.4
80000 68.8
85000 33.3
90000 88.1
95000 15.3
100000 234.9
105000 28.3
110000 111.2
115000 204.1
120000 109.5
125000 306.6
130000 23.7
135000 115.3
140000 240.6
145000 237.4
150000 103.6
155000 87.2
160000 379.1
165000 122.7
170000 159.7
175000 146.0
180000 111.1
185000 109.4
190000 192.8
195000 119.3
200000 253.6
205000 210.9
210000 211.5
215000 400.6
220000 104.3
225000 109.2
230000 14.9
235000 259.2
240000 227.0
245000 220.0
250000 228.3
255000 342.3
260000 122.0
265000 120.7
270000 242.1
275000 65.0
280000 52.9
285000 284.2
290000 104.5
295000 87.2
300000 194.9
305000 235.0
310000 278.2
315000 183.2
320000 126.6
325000 198.6
330000 344.8
335000 240.8
340000 229.4
345000 115.8
350000 286.1
355000 195.3
360000 392.6
365000 302.7
370000 292.5
375000 80.6
380000 258.5
385000 70.7
390000 185.7
395000 31.5
400000 334.4
405000 218.8
410000 110.1
415000 338.0
420000 165.2
425000 296.5
430000 180.4
435000 264.7
440000 173.7
445000 217.8
450000 375.8
455000 302.9
460000 366.1
465000 194.9
470000 231.2
475000 137.7
480000 55.1
485000 305.8
490000 338.0
495000 298.4
500000 295.3
505000 398.3
510000 15.2
515000 293.8
520000 250.4
525000 113.0
530000 200.5
535000 131.4
540000 314.4
545000 191.5
550000 296.8
555000 206.8
560000 162.1
565000 109.0
570000 343.8
575000 295.0
580000 106.4
585000 279.6
590000 198.4
595000 245.0
600000 107.5
605000 35.4
610000 114.1
615000 205.8
620000 263.1
625000 118.1
630000 117.0
635000 405.1
640000 78.3
645000 209.5
650000 300.5
655000 292.5
660000 238.1
665000 470.6
670000 108.6
675000 19.0
680000 13.3
685000 319.1
690000 298.2
695000 178.1
700000 307.0
705000 93.5
710000 207.5
715000 308.9
720000 141.5
725000 212.2
730000 362.3
735000 271.7
740000 242.7
745000 110.5
750000 182.6
755000 250.9
760000 378.3
765000 185.7
770000 297.3
775000 222.6
780000 365.0
785000 108.5
790000 271.4
795000 212.5
800000 305.6
805000 269.6
810000 196.1
815000 449.4
820000 110.7
825000 89.1
830000 529.1
835000 250.0
840000 393.3
845000 465.7
850000 434.7
855000 35.5
860000 299.7
865000 447.7
870000 124.4
875000 303.3
880000 102.8
885000 259.2
890000 194.8
895000 242.3
900000 201.2
905000 238.9
910000 288.0
915000 211.4
920000 71.3
925000 144.0
930000 287.4
935000 292.7
940000 359.6
945000 494.4
950000 171.3
955000 170.4
960000 297.7
965000 277.2
970000 103.4
975000 117.6
980000 234.4
985000 185.7
990000 91.6
995000 416.1
1000000 306.1
1005000 16.4
1010000 295.5
1015000 174.0
1020000 398.4
1025000 303.7
1030000 273.1
1035000 196.6
1040000 394.5
1045000 421.6
1050000 384.2
1055000 298.9
1060000 484.9
1065000 104.8
1070000 471.2
1075000 372.4
1080000 214.1
1085000 205.0
1090000 679.7
1095000 199.8
1100000 283.0
1105000 408.7
1110000 353.7
1115000 259.3
1120000 380.3
1125000 489.8
1130000 394.0
1135000 362.2
1140000 154.0
1145000 210.8
1150000 335.5
1155000 174.5
1160000 111.0
1165000 427.0
1170000 305.3
1175000 399.6
1180000 117.5
1185000 285.1
1190000 484.3
1195000 373.4
1200000 115.5
1205000 273.1
1210000 200.7
1215000 475.8
1220000 398.4
1225000 318.0
1230000 328.6
1235000 139.5
1240000 190.0
1245000 254.5
1250000 402.8
1255000 294.4
1260000 478.1
1265000 506.0
1270000 276.5
1275000 297.6
1280000 444.0
1285000 292.1
1290000 331.7
1295000 498.0
1300000 203.8
1305000 14.3
1310000 397.6
1315000 207.9
1320000 255.0
1325000 483.8
1330000 288.4
1335000 388.8
1340000 117.8
1345000 379.2
1350000 289.1
1355000 277.6
1360000 206.8
1365000 165.3
1370000 326.4
1375000 198.1
1380000 119.7
1385000 506.3
1390000 252.6
1395000 100.3
1400000 204.5
1405000 128.6
1410000 400.8
1415000 270.8
1420000 358.1
1425000 421.7
1430000 208.7
1435000 14.8
1440000 174.6
1445000 294.4
1450000 271.9
1455000 178.7
1460000 375.8
1465000 198.4
1470000 281.3
1475000 305.4
1480000 164.3
1485000 315.6
1490000 76.1
1495000 118.9
1500000 200.3
1505000 151.5
1510000 202.9
1515000 462.6
1520000 347.7
1525000 433.1
1530000 273.4
1535000 171.4
1540000 208.8
1545000 270.8
1550000 203.2
1555000 221.6
1560000 398.2
1565000 188.4
1570000 30.9
1575000 354.5
1580000 228.3
1585000 293.6
1590000 364.5
1595000 283.4
1600000 209.8
1605000 195.1
1610000 244.2
1615000 128.0
1620000 332.7
1625000 373.3
1630000 95.6
1635000 295.8
1640000 295.6
1645000 162.8
1650000 202.3
1655000 550.3
1660000 16.7
1665000 286.8
1670000 342.8
1675000 210.8
1680000 245.7
1685000 120.1
1690000 427.6
1695000 325.6
1700000 20.4
1705000 207.8
1710000 202.2
1715000 485.3
1720000 169.1
1725000 390.2
1730000 282.2
1735000 398.0
1740000 112.7
1745000 256.4
1750000 340.8
1755000 317.0
1760000 293.8
1765000 201.6
1770000 15.9
1775000 425.4
1780000 298.8
1785000 589.2
1790000 15.0
1795000 427.2
1800000 581.6
1805000 315.0
1810000 479.8
1815000 260.6
1820000 216.2
1825000 42.7
1830000 305.9
1835000 312.8
1840000 427.7
1845000 194.9
1850000 211.1
1855000 429.6
1860000 357.9
1865000 172.2
1870000 211.1
1875000 209.8
1880000 175.4
1885000 40.9
1890000 186.6
1895000 289.4
1900000 246.0
1905000 368.8
1910000 208.0
1915000 408.8
1920000 440.0
1925000 385.2
1930000 66.1
1935000 91.5
1940000 574.6
1945000 243.3
1950000 305.6
1955000 107.3
1960000 355.4
1965000 105.8
1970000 398.7
1975000 201.4
1980000 333.4
1985000 305.4
1990000 482.6
1995000 503.5
2000000 241.1
