5000 138.7
10000 115.7
15000 93.9
20000 253.4
25000 236.2
30000 273.9
35000 185.4
40000 192.3
45000 80.0
50000 15.9
55000 231.0
60000 110.6
65000 157.6
70000 105.7
75000 148.9
80000 146.0
85000 248.8
90000 100.1
95000 203.2
100000 136.3
105000 121.8
110000 29.5
115000 197.3
120000 102.3
125000 156.1
130000 233.4
135000 13.9
140000 242.6
145000 101.8
150000 37.3
155000 101.4
160000 31.3
165000 188.1
170000 180.9
175000 132.1
180000 16.8
185000 174.1
190000 194.3
195000 230.4
200000 120.5
205000 196.6
210000 88.5
215000 316.1
220000 288.8
225000 304.9
230000 201.3
235000 375.4
240000 332.7
245000 118.5
250000 69.2
255000 156.2
260000 49.3
265000 311.1
270000 70.5
275000 81.4
280000 204.4
285000 107.3
290000 16.4
295000 239.2
300000 147.0
305000 192.3
310000 411.1
315000 404.2
320000 109.6
325000 117.1
330000 275.4
335000 399.3
340000 478.3
345000 172.5
350000 182.9
355000 325.3
360000 66.9
365000 163.8
370000 206.8
375000 345.5
380000 140.7
385000 164.2
390000 20.2
395000 318.8
400000 181.0
405000 22.9
410000 325.6
415000 161.0
420000 268.1
425000 135.6
430000 194.6
435000 132.3
440000 250.7
445000 264.9
450000 184.7
455000 489.0
460000 558.2
465000 98.6
470000 67.8
475000 417.1
480000 385.9
485000 14.9
490000 221.0
495000 169.0
500000 185.2
505000 480.5
510000 336.3
515000 201.8
520000 357.0
525000 207.2
530000 324.3
535000 115.0
540000 60.0
545000 109.4
550000 108.0
555000 268.0
560000 234.9
565000 261.6
570000 222.6
575000 285.3
580000 278.0
585000 119.4
590000 56.5
595000 278.8
600000 240.9
605000 109.3
610000 107.3
615000 281.3
620000 182.6
625000 313.0
630000 372.2
635000 111.1
640000 270.1
645000 243.2
650000 283.1
655000 135.0
660000 314.1
665000 365.3
670000 268.1
675000 226.9
680000 142.5
685000 176.9
690000 180.6
695000 282.4
700000 486.5
705000 103.7
710000 188.7
715000 283.9
720000 169.6
725000 445.6
730000 311.1
735000 29.0
740000 360.5
745000 476.5
750000 19.3
755000 360.6
760000 212.6
765000 61.8
770000 356.1
775000 149.2
780000 274.8
785000 98.6
790000 9.6
795000 306.4
800000 360.4
805000 485.4
810000 118.7
815000 294.8
820000 357.2
825000 289.3
830000 581.5
835000 297.9
840000 403.2
845000 120.0
850000 381.9
855000 211.2
860000 248.5
865000 332.4
870000 96.7
875000 280.0
880000 354.0
885000 245.0
890000 114.7
895000 326.9
900000 107.2
905000 33.8
910000 395.7
915000 94.1
920000 252.4
925000 116.9
930000 190.3
935000 336.6
940000 449.7
945000 385.0
950000 164.2
955000 410.1
960000 311.4
965000 381.4
970000 113.2
975000 310.6
980000 297.2
985000 191.6
990000 153.4
995000 302.9
1000000 84.2
1005000 621.3
1010000 189.3
1015000 502.0
1020000 247.4
1025000 275.6
1030000 273.8
1035000 297.2
1040000 199.0
1045000 300.0
1050000 487.0
1055000 81.6
1060000 189.1
1065000 209.0
1070000 264.1
1075000 191.8
1080000 349.6
1085000 306.9
1090000 240.8
1095000 395.8
1100000 279.9
1105000 91.1
1110000 110.3
1115000 111.0
1120000 294.3
1125000 200.7
1130000 197.7
1135000 384.6
1140000 493.5
1145000 273.1
1150000 366.1
1155000 304.4
1160000 642.5
1165000 115.7
1170000 236.0
1175000 312.7
1180000 293.0
1185000 325.5
1190000 13.2
1195000 310.7
1200000 317.5
1205000 356.3
1210000 374.5
1215000 47.6
1220000 109.2
1225000 275.7
1230000 270.6
1235000 217.1
1240000 271.9
1245000 201.2
1250000 521.4
1255000 386.6
1260000 185.4
1265000 175.5
1270000 241.7
1275000 116.4
1280000 463.8
1285000 214.1
1290000 200.4
1295000 109.2
1300000 280.7
1305000 342.4
1310000 292.9
1315000 295.2
1320000 284.8
1325000 301.5
1330000 108.8
1335000 160.6
1340000 190.4
1345000 130.5
1350000 211.2
1355000 211.1
1360000 384.8
1365000 203.5
1370000 277.6
1375000 502.5
1380000 205.6
1385000 241.8
1390000 488.6
1395000 301.4
1400000 293.1
1405000 478.4
1410000 295.6
1415000 308.3
1420000 133.2
1425000 169.5
1430000 206.4
1435000 170.0
1440000 380.3
1445000 293.7
1450000 482.4
1455000 455.0
1460000 385.9
1465000 253.8
1470000 307.5
1475000 297.5
1480000 212.0
1485000 89.3
1490000 206.1
1495000 281.6
1500000 356.0
1505000 377.2
1510000 513.1
1515000 272.2
1520000 493.9
1525000 190.6
1530000 263.4
1535000 206.0
1540000 222.5
1545000 153.9
1550000 201.7
1555000 107.6
1560000 100.7
1565000 285.2
1570000 365.4
1575000 217.2
1580000 292.6
1585000 386.9
1590000 374.1
1595000 405.8
1600000 194.2
1605000 380.2
1610000 412.8
1615000 189.9
1620000 107.4
1625000 208.1
1630000 212.0
1635000 137.9
1640000 398.6
1645000 101.7
1650000 98.8
1655000 183.4
1660000 455.1
1665000 219.4
1670000 303.5
1675000 259.0
1680000 284.3
1685000 197.1
1690000 335.1
1695000 198.9
1700000 241.8
1705000 204.2
1710000 272.8
1715000 212.9
1720000 399.6
1725000 520.5
1730000 225.8
1735000 276.7
1740000 361.2
1745000 352.7
1750000 202.5
1755000 308.6
1760000 282.7
1765000 286.4
1770000 201.6
1775000 283.6
1780000 202.7
1785000 239.3
1790000 245.8
1795000 375.4
1800000 460.3
1805000 158.8
1810000 507.2
1815000 215.9
1820000 178.2
1825000 383.1
1830000 298.1
1835000 525.5
1840000 306.3
1845000 273.8
1850000 282.5
1855000 385.6
1860000 261.6
1865000 271.1
1870000 361.7
1875000 351.6
1880000 148.0
1885000 299.6
1890000 405.0
1895000 199.8
1900000 232.6
1905000 214.8
1910000 379.8
1915000 285.5
1920000 207.9
1925000 488.5
1930000 56.0
1935000 260.0
1940000 194.0
1945000 402.1
1950000 346.3
1955000 103.9
1960000 273.5
1965000 191.2
1970000 266.6
1975000 177.1
1980000 30.7
1985000 358.3
1990000 121.8
1995000 218.0
2000000 312.2
