5000 207.3
10000 136.6
15000 339.8
20000 162.7
25000 102.3
30000 74.9
35000 44.7
40000 190.2
45000 274.9
50000 222.4
55000 114.5
60000 241.9
65000 112.1
70000 125.5
75000 507.8
80000 352.6
85000 235.6
90000 26.1
95000 79.4
100000 226.3
105000 18.2
110000 27.4
115000 174.4
120000 107.2
125000 249.3
130000 25.5
135000 153.6
140000 65.1
145000 105.2
150000 232.2
155000 191.6
160000 298.7
165000 146.4
170000 59.3
175000 173.0
180000 116.9
185000 130.6
190000 267.4
195000 191.5
200000 275.3
205000 100.9
210000 117.3
215000 254.3
220000 107.3
225000 100.5
230000 11.4
235000 253.9
240000 295.1
245000 331.7
250000 333.8
255000 178.3
260000 203.5
265000 428.1
270000 226.8
275000 102.9
280000 101.7
285000 43.2
290000 193.2
295000 295.5
300000 175.8
305000 337.6
310000 329.1
315000 182.9
320000 107.9
325000 82.0
330000 215.6
335000 123.8
340000 112.1
345000 35.2
350000 196.2
355000 370.1
360000 335.9
365000 281.9
370000 404.6
375000 324.9
380000 185.8
385000 146.6
390000 128.3
395000 190.7
400000 250.5
405000 626.3
410000 201.5
415000 213.3
420000 295.4
425000 199.4
430000 273.1
435000 392.1
440000 290.6
445000 12.7
450000 376.5
455000 98.0
460000 342.6
465000 127.8
470000 94.9
475000 161.0
480000 255.5
485000 261.3
490000 379.2
495000 306.5
500000 306.1
505000 310.2
510000 213.8
515000 50.2
520000 119.8
525000 218.0
530000 173.3
535000 392.7
540000 257.4
545000 214.7
550000 282.1
555000 304.9
560000 203.7
565000 163.4
570000 240.7
575000 122.6
580000 261.2
585000 118.6
590000 170.4
595000 119.7
600000 15.7
605000 238.3
610000 207.2
615000 179.8
620000 283.0
625000 204.3
630000 335.4
635000 199.4
640000 181.4
645000 203.5
650000 256.3
655000 370.3
660000 404.8
665000 156.6
670000 449.1
675000 299.5
680000 471.2
685000 470.2
690000 191.2
695000 25.7
700000 376.0
705000 378.7
710000 187.0
715000 225.1
720000 244.4
725000 283.9
730000 348.7
735000 204.1
740000 78.1
745000 248.3
750000 298.5
755000 82.9
760000 398.6
765000 390.7
770000 365.5
775000 336.7
780000 117.1
785000 109.0
790000 203.9
795000 259.5
800000 153.8
805000 188.8
810000 150.1
815000 309.6
820000 412.5
825000 469.1
830000 96.1
835000 180.1
840000 392.8
845000 366.5
850000 211.0
855000 400.8
860000 300.7
865000 104.7
870000 118.0
875000 312.4
880000 22.0
885000 413.4
890000 119.6
895000 111.3
900000 287.5
905000 107.9
910000 210.7
915000 208.0
920000 397.3
925000 257.9
930000 113.7
935000 383.1
940000 300.8
945000 276.1
950000 335.6
955000 305.6
960000 205.0
965000 354.6
970000 230.4
975000 473.3
980000 443.0
985000 15.1
990000 310.0
995000 423.4
1000000 392.2
1005000 318.3
1010000 162.7
1015000 239.7
1020000 275.7
1025000 294.7
1030000 257.5
1035000 164.7
1040000 158.5
1045000 63.0
1050000 200.5
1055000 465.4
1060000 317.4
1065000 711.8
1070000 113.3
1075000 542.9
1080000 191.7
1085000 15.1
1090000 112.2
1095000 370.8
1100000 284.7
1105000 16.4
1110000 227.4
1115000 105.7
1120000 75.2
1125000 377.3
1130000 127.4
1135000 126.3
1140000 109.0
1145000 277.3
1150000 128.1
1155000 305.4
1160000 116.5
1165000 82.2
1170000 277.9
1175000 264.9
1180000 142.8
1185000 203.3
1190000 302.5
1195000 345.9
1200000 106.6
1205000 332.8
1210000 443.8
1215000 422.8
1220000 28.1
1225000 186.7
1230000 493.7
1235000 273.2
1240000 280.4
1245000 213.0
1250000 104.7
1255000 191.8
1260000 269.1
1265000 212.5
1270000 89.8
1275000 154.3
1280000 494.5
1285000 485.7
1290000 296.4
1295000 365.6
1300000 269.7
1305000 311.1
1310000 290.9
1315000 328.4
1320000 413.7
1325000 260.4
1330000 302.3
1335000 218.9
1340000 232.4
1345000 302.3
1350000 195.1
1355000 200.6
1360000 185.4
1365000 181.2
1370000 140.7
1375000 179.7
1380000 255.2
1385000 111.3
1390000 207.3
1395000 300.1
1400000 290.4
1405000 290.8
1410000 234.9
1415000 378.5
1420000 323.1
1425000 279.7
1430000 318.9
1435000 255.2
1440000 256.8
1445000 452.4
1450000 412.8
1455000 296.2
1460000 275.6
1465000 296.4
1470000 197.0
1475000 432.8
1480000 364.8
1485000 160.9
1490000 384.3
1495000 280.5
1500000 359.9
1505000 131.3
1510000 365.5
1515000 298.5
1520000 291.2
1525000 312.1
1530000 209.4
1535000 260.9
1540000 207.7
1545000 483.1
1550000 174.7
1555000 206.3
1560000 95.2
1565000 408.6
1570000 13.6
1575000 346.4
1580000 145.5
1585000 196.7
1590000 172.8
1595000 213.3
1600000 284.4
1605000 207.3
1610000 421.8
1615000 94.4
1620000 340.9
1625000 389.1
1630000 494.3
1635000 271.8
1640000 257.5
1645000 286.4
1650000 287.2
1655000 319.8
1660000 165.3
1665000 125.1
1670000 343.2
1675000 277.4
1680000 332.2
1685000 119.3
1690000 169.7
1695000 241.7
1700000 527.9
1705000 577.7
1710000 445.3
1715000 203.3
1720000 15.7
1725000 35.7
1730000 435.3
1735000 204.1
1740000 308.5
1745000 113.6
1750000 379.8
1755000 101.8
1760000 261.0
1765000 385.3
1770000 328.4
1775000 393.1
1780000 197.5
1785000 131.2
1790000 464.5
1795000 108.6
1800000 246.2
1805000 207.2
1810000 52.8
1815000 206.8
1820000 613.0
1825000 359.1
1830000 395.7
1835000 277.7
1840000 389.2
1845000 445.2
1850000 292.1
1855000 409.0
1860000 532.2
1865000 331.1
1870000 186.7
1875000 264.7
1880000 171.0
1885000 283.4
1890000 294.3
1895000 296.1
1900000 110.4
1905000 38.2
1910000 489.7
1915000 278.1
1920000 200.0
1925000 297.8
1930000 110.3
1935000 368.1
1940000 423.0
1945000 338.5
1950000 353.2
1955000 293.8
1960000 307.6
1965000 182.1
1970000 106.0
1975000 209.1
1980000 105.5
1985000 211.2
1990000 112.9
1995000 184.9
2000000 298.0
