5000 15.1
10000 139.6
15000 146.5
20000 283.2
25000 296.5
30000 293.7
35000 337.5
40000 188.7
45000 149.1
50000 374.6
55000 98.1
60000 161.7
65000 128.1
70000 16.7
75000 58.3
80000 103.5
85000 341.4
90000 81.4
95000 129.2
100000 86.4
105000 135.1
110000 107.2
115000 70.9
120000 153.7
125000 174.6
130000 206.3
135000 180.1
140000 191.7
145000 320.1
150000 18.2
155000 19.4
160000 221.3
165000 181.8
170000 221.8
175000 204.3
180000 213.5
185000 268.9
190000 116.1
195000 226.9
200000 114.6
205000 160.1
210000 349.6
215000 126.4
220000 57.3
225000 161.5
230000 129.3
235000 116.5
240000 287.3
245000 298.8
250000 320.3
255000 201.5
260000 170.9
265000 174.5
270000 127.8
275000 249.0
280000 89.0
285000 175.9
290000 161.3
295000 172.0
300000 278.6
305000 347.1
310000 103.8
315000 213.4
320000 332.0
325000 279.4
330000 108.9
335000 174.6
340000 311.7
345000 543.6
350000 203.2
355000 162.3
360000 139.1
365000 222.6
370000 177.1
375000 113.5
380000 292.0
385000 202.8
390000 135.2
395000 298.6
400000 224.8
405000 212.8
410000 197.1
415000 44.6
420000 300.4
425000 114.4
430000 198.6
435000 240.0
440000 347.0
445000 496.5
450000 304.2
455000 231.7
460000 310.3
465000 447.5
470000 180.9
475000 191.4
480000 55.4
485000 110.1
490000 248.5
495000 197.0
500000 291.8
505000 258.7
510000 265.9
515000 402.2
520000 207.4
525000 628.5
530000 223.2
535000 212.8
540000 185.9
545000 194.5
550000 177.5
555000 456.5
560000 295.7
565000 25.7
570000 302.9
575000 211.5
580000 295.2
585000 256.9
590000 356.1
595000 495.8
600000 315.2
605000 9.8
610000 227.1
615000 310.9
620000 178.7
625000 227.4
630000 51.7
635000 116.3
640000 284.4
645000 487.5
650000 378.3
655000 381.6
660000 204.3
665000 295.7
670000 398.2
675000 399.1
680000 149.3
685000 287.3
690000 217.8
695000 453.0
700000 191.7
705000 369.0
710000 109.4
715000 385.1
720000 129.2
725000 361.0
730000 216.0
735000 442.8
740000 352.6
745000 187.0
750000 308.8
755000 297.2
760000 207.3
765000 313.4
770000 469.6
775000 416.9
780000 287.3
785000 488.6
790000 430.5
795000 663.5
800000 583.9
805000 418.3
810000 267.8
815000 373.1
820000 271.9
825000 398.3
830000 232.8
835000 416.8
840000 213.4
845000 300.8
850000 137.3
855000 297.4
860000 112.1
865000 314.4
870000 524.3
875000 192.6
880000 317.8
885000 479.1
890000 368.2
895000 248.3
900000 205.9
905000 264.6
910000 112.1
915000 403.7
920000 658.1
925000 587.3
930000 124.7
935000 488.3
940000 255.7
945000 114.9
950000 569.0
955000 381.8
960000 271.0
965000 364.1
970000 304.5
975000 20.2
980000 326.3
985000 398.8
990000 307.9
995000 302.7
1000000 160.8
1005000 232.9
1010000 120.2
1015000 10.5
1020000 322.7
1025000 443.1
1030000 184.1
1035000 260.2
1040000 108.9
1045000 203.7
1050000 391.6
1055000 275.0
1060000 442.2
1065000 216.0
1070000 245.4
1075000 357.7
1080000 358.2
1085000 391.4
1090000 81.7
1095000 107.3
1100000 183.6
1105000 290.1
1110000 185.2
1115000 78.7
1120000 190.1
1125000 29.5
1130000 351.2
1135000 375.2
1140000 302.5
1145000 293.3
1150000 438.0
1155000 206.8
1160000 451.8
1165000 10.1
1170000 350.5
1175000 486.6
1180000 112.1
1185000 92.0
1190000 367.6
1195000 330.7
1200000 290.5
1205000 366.8
1210000 204.3
1215000 372.6
1220000 330.3
1225000 17.7
1230000 432.5
1235000 94.3
1240000 209.0
1245000 403.6
1250000 395.8
1255000 118.2
1260000 454.3
1265000 135.3
1270000 194.7
1275000 215.8
1280000 305.4
1285000 438.2
1290000 394.7
1295000 160.3
1300000 128.0
1305000 365.1
1310000 392.9
1315000 369.7
1320000 14.0
1325000 275.7
1330000 255.2
1335000 268.6
1340000 354.4
1345000 278.3
1350000 281.9
1355000 372.5
1360000 268.2
1365000 260.2
1370000 225.3
1375000 491.6
1380000 146.0
1385000 182.0
1390000 200.8
1395000 279.9
1400000 201.8
1405000 523.7
1410000 19.6
1415000 406.5
1420000 101.2
1425000 299.6
1430000 321.0
1435000 244.9
1440000 184.1
1445000 389.9
1450000 250.8
1455000 169.2
1460000 116.9
1465000 255.9
1470000 236.2
1475000 109.7
1480000 189.7
1485000 14.4
1490000 297.1
1495000 640.2
1500000 424.8
1505000 305.2
1510000 210.0
1515000 450.3
1520000 42.6
1525000 338.6
1530000 11.6
1535000 298.6
1540000 206.4
1545000 504.8
1550000 299.4
1555000 323.6
1560000 248.2
1565000 116.3
1570000 356.7
1575000 259.6
1580000 295.1
1585000 305.2
1590000 182.1
1595000 277.2
1600000 230.0
1605000 91.4
1610000 257.8
1615000 228.4
1620000 113.2
1625000 333.5
1630000 377.0
1635000 175.0
1640000 394.7
1645000 113.1
1650000 324.1
1655000 208.2
1660000 381.2
1665000 494.9
1670000 181.2
1675000 215.5
1680000 116.9
1685000 141.7
1690000 451.8
1695000 205.5
1700000 271.8
1705000 487.2
1710000 471.4
1715000 440.8
1720000 83.8
1725000 608.5
1730000 194.9
1735000 398.8
1740000 105.3
1745000 212.8
1750000 489.4
1755000 378.6
1760000 359.3
1765000 296.7
1770000 331.0
1775000 453.1
1780000 277.9
1785000 12.1
1790000 154.2
1795000 467.7
1800000 487.4
1805000 295.8
1810000 360.5
1815000 641.0
1820000 199.2
1825000 106.1
1830000 399.0
1835000 232.9
1840000 388.1
1845000 365.0
1850000 90.6
1855000 472.8
1860000 169.3
1865000 563.5
1870000 193.3
1875000 111.9
1880000 133.7
1885000 585.5
1890000 430.2
1895000 317.2
1900000 267.5
1905000 263.7
1910000 404.0
1915000 414.0
1920000 122.6
1925000 408.9
1930000 195.6
1935000 171.6
1940000 253.1
1945000 624.3
1950000 199.7
1955000 279.1
1960000 77.9
1965000 210.3
1970000 144.5
1975000 191.9
1980000 293.4
1985000 284.4
1990000 206.9
1995000 307.0
2000000 297.9
