5000 79.7
10000 144.3
15000 392.0
20000 102.0
25000 135.6
30000 296.1
35000 197.6
40000 159.2
45000 275.0
50000 206.4
55000 231.2
60000 190.4
65000 130.1
70000 126.1
75000 134.5
80000 321.3
85000 78.7
90000 199.8
95000 242.1
100000 241.4
105000 224.6
110000 151.7
115000 145.0
120000 284.7
125000 279.0
130000 191.5
135000 216.4
140000 177.3
145000 13.2
150000 24.1
155000 154.2
160000 243.7
165000 99.8
170000 194.8
175000 146.0
180000 248.5
185000 108.2
190000 254.7
195000 138.1
200000 204.4
205000 170.3
210000 53.6
215000 163.9
220000 51.7
225000 272.3
230000 471.2
235000 219.9
240000 220.1
245000 309.8
250000 239.5
255000 111.3
260000 263.3
265000 102.6
270000 184.3
275000 191.3
280000 301.5
285000 275.9
290000 632.4
295000 106.5
300000 220.7
305000 117.6
310000 295.8
315000 94.2
320000 161.0
325000 208.7
330000 128.5
335000 92.9
340000 149.8
345000 122.2
350000 267.3
355000 299.8
360000 228.1
365000 124.8
370000 249.7
375000 490.1
380000 340.5
385000 94.8
390000 65.5
395000 289.9
400000 284.3
405000 312.0
410000 174.1
415000 202.6
420000 109.6
425000 408.0
430000 264.1
435000 248.8
440000 109.2
445000 268.1
450000 178.9
455000 413.6
460000 116.1
465000 393.2
470000 231.4
475000 212.5
480000 258.8
485000 419.2
490000 209.4
495000 296.9
500000 345.2
505000 274.6
510000 236.8
515000 377.5
520000 114.2
525000 391.5
530000 202.3
535000 85.0
540000 506.1
545000 355.9
550000 259.3
555000 191.6
560000 348.0
565000 209.7
570000 120.4
575000 214.7
580000 176.4
585000 127.0
590000 242.7
595000 352.8
600000 355.5
605000 272.4
610000 144.2
615000 260.3
620000 112.8
625000 35.8
630000 150.1
635000 234.6
640000 185.5
645000 212.9
650000 248.0
655000 374.3
660000 308.1
665000 314.0
670000 391.3
675000 155.7
680000 287.8
685000 267.7
690000 205.0
695000 383.8
700000 273.4
705000 109.7
710000 473.5
715000 218.1
720000 289.9
725000 537.2
730000 448.8
735000 231.5
740000 308.5
745000 212.1
750000 273.0
755000 266.2
760000 208.7
765000 227.5
770000 391.9
775000 205.3
780000 385.8
785000 404.4
790000 396.1
795000 278.1
800000 352.9
805000 387.8
810000 218.4
815000 270.6
820000 311.3
825000 269.1
830000 309.3
835000 203.1
840000 437.9
845000 136.4
850000 204.1
855000 112.6
860000 385.9
865000 111.2
870000 204.6
875000 398.6
880000 679.7
885000 280.9
890000 103.0
895000 109.7
900000 375.3
905000 300.2
910000 324.5
915000 389.8
920000 299.9
925000 307.0
930000 207.1
935000 179.1
940000 105.7
945000 186.5
950000 402.1
955000 197.7
960000 369.5
965000 179.9
970000 221.6
975000 285.6
980000 176.2
985000 347.4
990000 202.7
995000 254.4
1000000 109.0
1005000 211.1
1010000 204.9
1015000 393.8
1020000 343.9
1025000 97.9
1030000 110.2
1035000 179.5
1040000 230.8
1045000 313.1
1050000 252.6
1055000 300.7
1060000 294.5
1065000 268.2
1070000 279.0
1075000 208.2
1080000 374.5
1085000 139.8
1090000 399.3
1095000 205.8
1100000 34.8
1105000 302.4
1110000 398.3
1115000 398.2
1120000 189.4
1125000 192.0
1130000 403.4
1135000 189.6
1140000 219.1
1145000 395.9
1150000 471.0
1155000 15.2
1160000 251.0
1165000 360.7
1170000 299.4
1175000 246.8
1180000 282.5
1185000 170.5
1190000 382.9
1195000 402.3
1200000 265.0
1205000 64.1
1210000 421.0
1215000 112.9
1220000 289.6
1225000 302.5
1230000 164.7
1235000 198.5
1240000 202.8
1245000 196.0
1250000 206.1
1255000 170.6
1260000 10.8
1265000 302.0
1270000 164.6
1275000 326.4
1280000 264.3
1285000 205.1
1290000 202.4
1295000 193.8
1300000 82.0
1305000 93.7
1310000 530.3
1315000 271.4
1320000 620.7
1325000 286.6
1330000 136.2
1335000 189.5
1340000 97.5
1345000 218.0
1350000 112.7
1355000 220.2
1360000 323.4
1365000 197.1
1370000 392.1
1375000 238.8
1380000 386.3
1385000 228.3
1390000 12.4
1395000 215.6
1400000 16.3
1405000 105.9
1410000 463.6
1415000 14.9
1420000 303.4
1425000 285.9
1430000 182.0
1435000 199.3
1440000 220.1
1445000 383.7
1450000 402.8
1455000 485.0
1460000 457.3
1465000 311.8
1470000 10.2
1475000 121.1
1480000 252.0
1485000 533.4
1490000 385.2
1495000 244.9
1500000 230.3
1505000 116.8
1510000 209.6
1515000 14.2
1520000 301.4
1525000 299.8
1530000 338.1
1535000 299.0
1540000 305.1
1545000 297.4
1550000 203.2
1555000 272.6
1560000 123.9
1565000 374.7
1570000 510.6
1575000 344.3
1580000 10.0
1585000 429.1
1590000 74.8
1595000 275.0
1600000 351.8
1605000 343.2
1610000 214.2
1615000 204.6
1620000 75.4
1625000 297.9
1630000 203.3
1635000 192.1
1640000 486.3
1645000 296.0
1650000 153.7
1655000 397.7
1660000 305.4
1665000 364.8
1670000 110.5
1675000 116.8
1680000 394.4
1685000 272.4
1690000 133.3
1695000 180.9
1700000 425.5
1705000 304.8
1710000 112.2
1715000 114.1
1720000 294.4
1725000 114.9
1730000 293.1
1735000 194.6
1740000 286.0
1745000 301.7
1750000 19.1
1755000 209.2
1760000 128.7
1765000 215.6
1770000 355.2
1775000 377.5
1780000 16.5
1785000 335.0
1790000 379.6
1795000 397.2
1800000 486.6
1805000 379.7
1810000 113.2
1815000 426.3
1820000 469.6
1825000 461.4
1830000 534.4
1835000 94.3
1840000 192.4
1845000 196.9
1850000 461.7
1855000 135.4
1860000 302.3
1865000 162.1
1870000 127.5
1875000 372.3
1880000 206.5
1885000 82.7
1890000 114.3
1895000 121.8
1900000 362.9
1905000 79.0
1910000 385.5
1915000 291.8
1920000 198.9
1925000 66.7
1930000 287.2
1935000 675.8
1940000 485.9
1945000 400.2
1950000 573.5
1955000 220.9
1960000 252.6
1965000 387.4
1970000 181.3
1975000 488.5
1980000 273.9
1985000 580.1
1990000 173.1
1995000 249.0
2000000 487.0
