5000 221.3
10000 235.1
15000 44.3
20000 253.4
25000 112.5
30000 180.8
35000 48.6
40000 223.1
45000 20.7
50000 76.6
55000 185.8
60000 145.7
65000 158.1
70000 165.8
75000 151.3
80000 26.6
85000 68.3
90000 202.0
95000 19.2
100000 225.7
105000 182.1
110000 67.0
115000 162.2
120000 289.2
125000 78.3
130000 242.8
135000 45.8
140000 96.3
145000 277.0
150000 508.4
155000 109.1
160000 112.2
165000 116.4
170000 257.9
175000 214.8
180000 123.2
185000 403.9
190000 92.0
195000 301.8
200000 299.4
205000 348.6
210000 197.8
215000 164.0
220000 161.3
225000 338.3
230000 343.7
235000 251.0
240000 152.7
245000 240.4
250000 80.9
255000 294.1
260000 100.2
265000 146.8
270000 382.7
275000 284.9
280000 413.7
285000 62.5
290000 169.9
295000 134.5
300000 315.1
305000 160.0
310000 260.0
315000 275.6
320000 181.1
325000 194.7
330000 11.8
335000 165.9
340000 245.0
345000 273.5
350000 171.7
355000 157.9
360000 266.2
365000 293.3
370000 213.1
375000 228.9
380000 61.5
385000 486.6
390000 209.2
395000 116.4
400000 281.9
405000 446.9
410000 194.9
415000 154.4
420000 252.9
425000 94.4
430000 254.0
435000 65.8
440000 267.6
445000 368.7
450000 231.0
455000 298.6
460000 397.0
465000 381.4
470000 335.0
475000 204.4
480000 259.2
485000 292.0
490000 53.2
495000 213.5
500000 114.0
505000 192.1
510000 503.1
515000 236.3
520000 107.9
525000 374.8
530000 346.1
535000 425.6
540000 107.6
545000 197.2
550000 188.4
555000 201.4
560000 188.8
565000 237.9
570000 41.3
575000 299.3
580000 249.6
585000 222.2
590000 283.0
595000 119.4
600000 270.8
605000 184.1
610000 188.2
615000 94.2
620000 136.6
625000 198.0
630000 107.6
635000 112.1
640000 201.1
645000 631.7
650000 90.6
655000 273.1
660000 93.2
665000 251.5
670000 371.5
675000 244.0
680000 382.6
685000 117.4
690000 184.9
695000 99.3
700000 380.9
705000 348.8
710000 196.5
715000 353.0
720000 180.2
725000 64.4
730000 292.5
735000 16.8
740000 235.4
745000 189.1
750000 10.0
755000 177.7
760000 359.9
765000 255.7
770000 78.3
775000 307.0
780000 255.5
785000 226.5
790000 266.6
795000 389.7
800000 198.9
805000 300.0
810000 291.0
815000 272.9
820000 108.8
825000 166.2
830000 191.8
835000 188.5
840000 332.7
845000 447.5
850000 167.1
855000 264.7
860000 257.8
865000 282.7
870000 304.6
875000 15.9
880000 272.0
885000 543.8
890000 164.0
895000 309.3
900000 398.9
905000 151.8
910000 355.3
915000 285.8
920000 337.4
925000 196.3
930000 181.1
935000 210.6
940000 194.4
945000 454.4
950000 396.3
955000 162.4
960000 388.5
965000 219.0
970000 394.1
975000 202.7
980000 341.6
985000 261.8
990000 27.2
995000 306.7
1000000 312.1
1005000 281.6
1010000 188.4
1015000 176.8
1020000 230.2
1025000 97.8
1030000 102.1
1035000 207.3
1040000 356.7
1045000 97.1
1050000 188.2
1055000 197.9
1060000 467.1
1065000 487.4
1070000 428.7
1075000 219.7
1080000 101.7
1085000 123.9
1090000 93.5
1095000 235.0
1100000 170.8
1105000 303.9
1110000 506.3
1115000 201.9
1120000 272.0
1125000 200.3
1130000 111.7
1135000 203.5
1140000 311.0
1145000 201.1
1150000 104.2
1155000 358.4
1160000 268.1
1165000 210.6
1170000 296.7
1175000 294.5
1180000 248.9
1185000 207.3
1190000 476.6
1195000 463.2
1200000 453.6
1205000 266.6
1210000 342.4
1215000 210.9
1220000 109.3
1225000 362.1
1230000 400.0
1235000 503.3
1240000 162.7
1245000 218.3
1250000 302.2
1255000 113.3
1260000 227.9
1265000 201.4
1270000 407.3
1275000 232.7
1280000 302.2
1285000 311.4
1290000 247.5
1295000 130.7
1300000 296.5
1305000 111.3
1310000 107.1
1315000 315.6
1320000 138.1
1325000 289.2
1330000 584.0
1335000 200.7
1340000 177.7
1345000 471.9
1350000 567.0
1355000 378.1
1360000 298.9
1365000 297.2
1370000 113.1
1375000 113.9
1380000 273.1
1385000 136.7
1390000 330.7
1395000 213.6
1400000 295.4
1405000 295.6
1410000 17.7
1415000 57.9
1420000 273.2
1425000 113.7
1430000 115.7
1435000 300.5
1440000 273.9
1445000 359.2
1450000 188.0
1455000 14.4
1460000 207.4
1465000 112.1
1470000 183.3
1475000 305.1
1480000 227.4
1485000 214.8
1490000 320.1
1495000 523.3
1500000 270.7
1505000 139.8
1510000 248.8
1515000 488.8
1520000 106.8
1525000 398.0
1530000 188.2
1535000 245.6
1540000 201.0
1545000 242.2
1550000 299.0
1555000 198.0
1560000 493.7
1565000 555.0
1570000 259.9
1575000 323.3
1580000 293.8
1585000 248.2
1590000 313.2
1595000 206.7
1600000 71.8
1605000 265.8
1610000 114.4
1615000 312.1
1620000 322.7
1625000 306.4
1630000 404.1
1635000 214.5
1640000 121.1
1645000 399.9
1650000 182.1
1655000 272.4
1660000 345.1
1665000 193.9
1670000 183.1
1675000 311.2
1680000 349.5
1685000 209.8
1690000 238.5
1695000 12.8
1700000 293.8
1705000 129.1
1710000 391.2
1715000 203.0
1720000 232.9
1725000 300.3
1730000 209.6
1735000 211.8
1740000 288.6
1745000 298.1
1750000 114.6
1755000 303.1
1760000 166.6
1765000 179.1
1770000 208.7
1775000 202.7
1780000 395.3
1785000 211.2
1790000 109.6
1795000 334.2
1800000 210.1
1805000 501.1
1810000 111.9
1815000 288.2
1820000 301.3
1825000 321.8
1830000 111.9
1835000 301.7
1840000 304.3
1845000 261.8
1850000 224.5
1855000 455.2
1860000 204.2
1865000 207.1
1870000 325.1
1875000 320.0
1880000 385.7
1885000 337.6
1890000 497.9
1895000 106.1
1900000 400.0
1905000 203.4
1910000 472.0
1915000 371.3
1920000 324.0
1925000 264.2
1930000 174.3
1935000 210.7
1940000 103.8
1945000 209.6
1950000 410.6
1955000 108.6
1960000 527.8
1965000 175.4
1970000 403.0
1975000 302.6
1980000 561.0
1985000 272.3
1990000 381.6
1995000 494.7
2000000 290.0
