5000 3.6
10000 4.0
15000 5.5
20000 5.9
25000 5.4
30000 4.1
35000 5.9
40000 5.2
45000 3.8
50000 3.2
55000 4.1
60000 4.9
65000 5.5
70000 6.0
75000 6.1
80000 5.3
85000 5.5
90000 5.5
95000 5.4
100000 4.7
105000 4.6
110000 8.3
115000 6.3
120000 7.2
125000 6.2
130000 7.0
135000 7.9
140000 7.3
145000 6.6
150000 5.6
155000 7.7
160000 6.3
165000 6.4
170000 6.5
175000 7.2
180000 7.4
185000 10.4
190000 19.6
195000 9.3
200000 36.6
205000 3.6
210000 5.6
215000 4.2
220000 4.9
225000 6.4
230000 4.7
235000 5.2
240000 3.4
245000 6.7
250000 6.9
255000 7.0
260000 25.0
265000 14.9
270000 73.5
275000 55.4
280000 162.1
285000 228.5
290000 229.1
295000 233.6
300000 41.4
305000 222.1
310000 192.8
315000 230.0
320000 255.8
325000 265.3
330000 309.0
335000 322.7
340000 362.2
345000 69.7
350000 35.9
355000 28.4
360000 298.1
365000 340.5
370000 315.7
375000 343.9
380000 380.6
385000 395.6
390000 406.4
395000 368.0
400000 423.5
405000 4.5
410000 4.9
415000 5.3
420000 6.2
425000 4.8
430000 6.5
435000 12.5
440000 25.6
445000 62.0
450000 259.1
455000 241.7
460000 258.8
465000 270.2
470000 350.0
475000 305.0
480000 279.8
485000 321.4
490000 352.0
495000 320.3
500000 344.5
505000 373.0
510000 357.9
515000 420.9
520000 411.0
525000 408.6
530000 396.3
535000 417.0
540000 427.8
545000 447.3
550000 460.2
555000 429.0
560000 448.2
565000 450.0
570000 461.9
575000 462.1
580000 442.3
585000 479.7
590000 463.2
595000 442.8
600000 479.6
605000 6.6
610000 4.5
615000 4.4
620000 6.3
625000 5.7
630000 11.4
635000 27.8
640000 85.0
645000 164.0
650000 260.8
655000 189.5
660000 266.7
665000 296.2
670000 327.7
675000 330.4
680000 395.4
685000 424.3
690000 438.7
695000 411.5
700000 428.8
705000 484.9
710000 467.7
715000 506.3
720000 471.4
725000 485.2
730000 496.5
735000 503.0
740000 515.5
745000 516.3
750000 533.3
755000 532.3
760000 549.8
765000 546.5
770000 569.8
775000 552.8
780000 553.4
785000 578.7
790000 550.6
795000 565.9
800000 588.6
805000 5.3
810000 3.4
815000 4.3
820000 4.9
825000 4.7
830000 8.1
835000 6.0
840000 66.3
845000 258.0
850000 293.4
855000 306.9
860000 296.0
865000 393.8
870000 396.8
875000 423.8
880000 434.3
885000 460.1
890000 510.4
895000 473.9
900000 485.4
905000 544.9
910000 556.5
915000 557.1
920000 546.9
925000 524.2
930000 589.7
935000 545.4
940000 541.3
945000 637.5
950000 667.7
955000 672.9
960000 783.3
965000 620.3
970000 679.6
975000 721.6
980000 723.3
985000 651.0
990000 620.1
995000 718.0
1000000 806.2
1005000 5.1
1010000 4.5
1015000 3.7
1020000 4.9
1025000 5.3
1030000 6.4
1035000 15.2
1040000 25.1
1045000 118.4
1050000 301.3
1055000 384.8
1060000 336.9
1065000 441.9
1070000 432.0
1075000 477.8
1080000 493.2
1085000 550.1
1090000 519.9
1095000 586.2
1100000 698.9
1105000 612.6
1110000 675.6
1115000 678.6
1120000 733.4
1125000 700.1
1130000 818.3
1135000 799.5
1140000 793.7
1145000 840.0
1150000 762.9
1155000 806.5
1160000 808.1
1165000 803.2
1170000 844.4
1175000 688.7
1180000 686.5
1185000 859.2
1190000 832.6
1195000 858.5
1200000 853.5
1205000 4.3
1210000 5.4
1215000 4.8
1220000 3.5
1225000 6.1
1230000 8.0
1235000 6.2
1240000 17.5
1245000 87.0
1250000 148.8
1255000 341.0
1260000 265.0
1265000 390.1
1270000 388.8
1275000 451.3
1280000 439.1
1285000 517.0
1290000 561.0
1295000 584.2
1300000 661.4
1305000 800.7
1310000 566.2
1315000 716.6
1320000 743.7
1325000 819.3
1330000 667.3
1335000 776.3
1340000 806.2
1345000 742.0
1350000 597.3
1355000 827.7
1360000 817.6
1365000 813.6
1370000 701.1
1375000 840.4
1380000 839.2
1385000 773.8
1390000 835.7
1395000 868.4
1400000 859.7
1405000 4.2
1410000 3.3
1415000 5.5
1420000 4.4
1425000 6.6
1430000 4.5
1435000 9.4
1440000 16.1
1445000 19.7
1450000 224.8
1455000 98.2
1460000 292.0
1465000 308.5
1470000 385.9
1475000 397.7
1480000 459.2
1485000 564.2
1490000 565.5
1495000 577.3
1500000 529.8
1505000 568.9
1510000 818.1
1515000 767.1
1520000 738.7
1525000 600.1
1530000 805.1
1535000 788.0
1540000 812.7
1545000 838.7
1550000 855.8
1555000 862.9
1560000 812.6
1565000 862.2
1570000 803.6
1575000 792.0
1580000 866.4
1585000 842.9
1590000 860.4
1595000 846.8
1600000 832.3
1605000 4.1
1610000 4.6
1615000 4.4
1620000 4.7
1625000 5.6
1630000 15.8
1635000 12.3
1640000 19.8
1645000 55.1
1650000 72.1
1655000 240.9
1660000 261.2
1665000 336.9
1670000 470.2
1675000 464.7
1680000 556.0
1685000 490.9
1690000 514.1
1695000 390.0
1700000 585.0
1705000 798.6
1710000 704.2
1715000 715.2
1720000 811.8
1725000 863.0
1730000 799.1
1735000 866.1
1740000 804.0
1745000 798.1
1750000 851.6
1755000 865.6
1760000 838.0
1765000 790.1
1770000 741.3
1775000 869.7
1780000 823.2
1785000 821.6
1790000 821.8
1795000 816.0
1800000 795.5
1805000 4.8
1810000 3.0
1815000 7.5
1820000 3.7
1825000 29.9
1830000 20.2
1835000 13.6
1840000 32.5
1845000 56.1
1850000 186.6
1855000 339.2
1860000 358.4
1865000 283.0
1870000 250.8
1875000 376.0
1880000 614.9
1885000 516.4
1890000 784.0
1895000 585.9
1900000 646.6
1905000 739.0
1910000 672.5
1915000 786.7
1920000 836.9
1925000 809.5
1930000 869.2
1935000 581.1
1940000 839.9
1945000 794.1
1950000 679.3
1955000 773.1
1960000 838.2
1965000 828.3
1970000 724.2
1975000 809.8
1980000 850.7
1985000 730.0
1990000 870.6
1995000 658.6
2000000 881.5
