5000 3.4
10000 4.0
15000 4.4
20000 5.5
25000 4.7
30000 2.8
35000 6.0
40000 5.0
45000 3.4
50000 4.9
55000 4.2
60000 4.2
65000 6.1
70000 4.9
75000 5.8
80000 7.6
85000 5.3
90000 6.4
95000 5.9
100000 5.5
105000 6.2
110000 4.7
115000 4.7
120000 9.8
125000 6.6
130000 7.6
135000 7.3
140000 7.4
145000 6.2
150000 8.4
155000 6.4
160000 6.1
165000 7.7
170000 6.7
175000 7.3
180000 6.2
185000 7.0
190000 7.6
195000 8.0
200000 7.4
205000 5.2
210000 4.3
215000 5.7
220000 5.0
225000 4.3
230000 2.6
235000 2.7
240000 5.2
245000 4.7
250000 6.8
255000 6.7
260000 4.5
265000 4.9
270000 9.1
275000 7.5
280000 9.5
285000 6.8
290000 7.9
295000 7.9
300000 8.9
305000 7.1
310000 6.8
315000 8.3
320000 6.8
325000 9.5
330000 35.0
335000 55.5
340000 48.8
345000 49.3
350000 56.5
355000 76.4
360000 72.9
365000 103.0
370000 168.6
375000 96.2
380000 198.2
385000 132.1
390000 191.2
395000 252.4
400000 192.9
405000 4.1
410000 6.0
415000 5.2
420000 5.1
425000 4.7
430000 3.9
435000 6.4
440000 6.6
445000 18.4
450000 62.6
455000 121.8
460000 173.0
465000 157.2
470000 173.9
475000 214.7
480000 250.6
485000 230.9
490000 271.2
495000 250.9
500000 250.2
505000 260.0
510000 295.8
515000 318.9
520000 284.6
525000 315.4
530000 317.8
535000 315.5
540000 314.0
545000 344.6
550000 318.1
555000 309.9
560000 289.8
565000 345.3
570000 344.8
575000 374.0
580000 352.2
585000 356.5
590000 376.8
595000 369.5
600000 371.8
605000 5.7
610000 6.2
615000 5.2
620000 3.2
625000 5.2
630000 4.8
635000 22.5
640000 29.3
645000 46.4
650000 113.7
655000 112.3
660000 245.2
665000 250.9
670000 253.3
675000 317.4
680000 322.2
685000 269.2
690000 317.7
695000 360.7
700000 297.4
705000 379.8
710000 370.9
715000 360.6
720000 398.9
725000 381.0
730000 407.7
735000 411.7
740000 349.4
745000 377.4
750000 407.9
755000 403.8
760000 407.7
765000 405.3
770000 429.5
775000 422.9
780000 399.4
785000 416.3
790000 449.7
795000 434.5
800000 434.3
805000 4.7
810000 4.2
815000 4.4
820000 5.3
825000 5.8
830000 7.2
835000 7.8
840000 13.9
845000 88.8
850000 141.7
855000 160.6
860000 241.1
865000 288.0
870000 278.1
875000 277.0
880000 228.9
885000 336.1
890000 382.5
895000 370.2
900000 359.3
905000 399.0
910000 400.2
915000 406.7
920000 424.6
925000 412.1
930000 421.7
935000 411.5
940000 433.3
945000 451.5
950000 458.0
955000 449.5
960000 443.2
965000 476.6
970000 469.5
975000 453.3
980000 477.1
985000 474.4
990000 478.8
995000 453.8
1000000 489.1
1005000 4.2
1010000 5.6
1015000 4.1
1020000 6.6
1025000 5.8
1030000 6.3
1035000 20.5
1040000 28.8
1045000 77.4
1050000 214.1
1055000 260.1
1060000 246.6
1065000 344.2
1070000 370.5
1075000 361.7
1080000 357.6
1085000 384.5
1090000 430.6
1095000 420.5
1100000 409.2
1105000 445.4
1110000 435.7
1115000 438.8
1120000 455.2
1125000 462.9
1130000 451.9
1135000 489.2
1140000 455.3
1145000 481.6
1150000 483.5
1155000 460.6
1160000 481.8
1165000 500.2
1170000 499.6
1175000 503.2
1180000 503.2
1185000 503.3
1190000 504.2
1195000 517.6
1200000 506.7
1205000 5.1
1210000 3.0
1215000 5.0
1220000 8.1
1225000 5.8
1230000 8.5
1235000 7.3
1240000 32.5
1245000 110.5
1250000 274.2
1255000 277.0
1260000 314.6
1265000 317.1
1270000 360.5
1275000 432.4
1280000 414.9
1285000 432.0
1290000 428.2
1295000 490.5
1300000 473.8
1305000 490.3
1310000 500.8
1315000 496.6
1320000 521.6
1325000 504.4
1330000 526.3
1335000 533.9
1340000 523.8
1345000 554.2
1350000 516.5
1355000 575.7
1360000 558.6
1365000 540.6
1370000 500.7
1375000 526.4
1380000 551.5
1385000 539.3
1390000 571.5
1395000 561.7
1400000 565.7
1405000 5.3
1410000 2.9
1415000 3.7
1420000 4.2
1425000 7.2
1430000 2.8
1435000 7.6
1440000 8.8
1445000 89.5
1450000 139.3
1455000 199.0
1460000 260.5
1465000 367.7
1470000 428.3
1475000 415.0
1480000 399.8
1485000 425.2
1490000 468.7
1495000 485.6
1500000 486.5
1505000 529.8
1510000 544.8
1515000 520.0
1520000 528.7
1525000 545.8
1530000 563.4
1535000 537.1
1540000 564.9
1545000 535.2
1550000 567.6
1555000 565.8
1560000 571.0
1565000 575.9
1570000 572.3
1575000 557.9
1580000 565.2
1585000 562.1
1590000 601.4
1595000 622.6
1600000 588.3
1605000 3.8
1610000 5.1
1615000 4.2
1620000 6.7
1625000 4.4
1630000 7.0
1635000 16.5
1640000 87.4
1645000 134.9
1650000 204.8
1655000 211.5
1660000 299.7
1665000 208.3
1670000 364.9
1675000 392.0
1680000 423.7
1685000 467.2
1690000 479.6
1695000 491.8
1700000 463.4
1705000 505.6
1710000 509.8
1715000 507.9
1720000 529.8
1725000 524.5
1730000 535.1
1735000 567.1
1740000 529.3
1745000 567.0
1750000 528.4
1755000 606.1
1760000 565.2
1765000 591.5
1770000 638.5
1775000 596.6
1780000 594.9
1785000 615.7
1790000 608.3
1795000 606.8
1800000 627.6
1805000 6.0
1810000 5.4
1815000 4.9
1820000 5.7
1825000 6.4
1830000 18.8
1835000 8.8
1840000 77.6
1845000 137.0
1850000 182.4
1855000 300.6
1860000 352.1
1865000 393.4
1870000 389.1
1875000 409.3
1880000 492.1
1885000 508.1
1890000 524.4
1895000 521.2
1900000 551.1
1905000 586.1
1910000 537.6
1915000 586.7
1920000 578.7
1925000 570.5
1930000 593.8
1935000 591.5
1940000 608.1
1945000 554.1
1950000 596.4
1955000 661.2
1960000 629.1
1965000 667.1
1970000 610.3
1975000 648.5
1980000 636.0
1985000 627.3
1990000 711.8
1995000 643.2
2000000 633.0
