5000 4.0
10000 4.1
15000 5.6
20000 5.9
25000 5.6
30000 3.4
35000 4.2
40000 5.3
45000 5.6
50000 5.3
55000 4.8
60000 3.4
65000 4.9
70000 6.3
75000 4.9
80000 7.0
85000 4.8
90000 6.4
95000 6.0
100000 6.1
105000 4.9
110000 8.2
115000 5.8
120000 5.6
125000 7.5
130000 8.5
135000 3.9
140000 6.2
145000 7.4
150000 8.0
155000 7.0
160000 9.4
165000 5.8
170000 7.3
175000 7.6
180000 4.1
185000 7.8
190000 8.3
195000 9.2
200000 7.2
205000 4.6
210000 6.9
215000 3.5
220000 5.0
225000 4.4
230000 4.7
235000 5.2
240000 4.9
245000 4.8
250000 5.9
255000 5.2
260000 6.5
265000 8.0
270000 5.6
275000 9.4
280000 9.7
285000 6.9
290000 6.6
295000 7.9
300000 8.7
305000 6.6
310000 6.8
315000 6.6
320000 21.8
325000 22.7
330000 11.0
335000 38.0
340000 7.2
345000 37.9
350000 12.7
355000 12.3
360000 13.3
365000 18.4
370000 37.2
375000 53.6
380000 66.9
385000 94.6
390000 85.8
395000 99.1
400000 125.5
405000 4.6
410000 6.5
415000 5.9
420000 4.1
425000 3.2
430000 4.0
435000 3.5
440000 21.5
445000 34.5
450000 32.6
455000 19.5
460000 46.6
465000 30.0
470000 124.2
475000 146.7
480000 134.8
485000 190.5
490000 111.3
495000 182.3
500000 189.8
505000 235.9
510000 244.0
515000 250.8
520000 236.3
525000 260.9
530000 269.5
535000 318.5
540000 297.9
545000 317.4
550000 289.7
555000 314.6
560000 340.4
565000 376.7
570000 376.2
575000 329.0
580000 410.9
585000 332.2
590000 412.3
595000 314.2
600000 400.0
605000 5.9
610000 4.5
615000 5.9
620000 4.8
625000 7.1
630000 13.8
635000 12.1
640000 19.5
645000 71.0
650000 28.0
655000 156.7
660000 197.4
665000 216.1
670000 263.9
675000 274.5
680000 318.2
685000 378.1
690000 408.2
695000 399.9
700000 332.8
705000 354.3
710000 360.0
715000 384.5
720000 398.4
725000 418.8
730000 436.9
735000 431.1
740000 415.5
745000 408.5
750000 455.3
755000 465.2
760000 454.6
765000 471.3
770000 460.6
775000 486.9
780000 506.5
785000 482.3
790000 476.3
795000 474.8
800000 455.3
805000 6.2
810000 5.5
815000 5.4
820000 6.4
825000 3.8
830000 9.9
835000 10.3
840000 26.5
845000 147.1
850000 149.3
855000 226.3
860000 265.5
865000 345.1
870000 399.0
875000 445.6
880000 454.5
885000 433.8
890000 464.2
895000 420.6
900000 472.4
905000 454.8
910000 422.0
915000 501.7
920000 514.9
925000 437.9
930000 499.7
935000 490.4
940000 524.1
945000 541.1
950000 428.0
955000 516.2
960000 522.2
965000 533.9
970000 546.1
975000 550.7
980000 473.1
985000 558.0
990000 548.5
995000 559.1
1000000 531.2
1005000 4.6
1010000 3.8
1015000 6.4
1020000 6.1
1025000 6.7
1030000 25.0
1035000 37.9
1040000 64.4
1045000 129.3
1050000 139.5
1055000 238.2
1060000 256.3
1065000 318.1
1070000 286.8
1075000 258.2
1080000 427.7
1085000 404.6
1090000 465.4
1095000 452.4
1100000 345.8
1105000 435.1
1110000 484.5
1115000 536.0
1120000 519.9
1125000 541.2
1130000 552.5
1135000 550.1
1140000 522.3
1145000 515.2
1150000 500.9
1155000 550.7
1160000 562.4
1165000 577.3
1170000 586.8
1175000 595.7
1180000 611.7
1185000 550.4
1190000 594.5
1195000 593.0
1200000 702.8
1205000 4.9
1210000 3.6
1215000 5.8
1220000 6.6
1225000 4.4
1230000 8.0
1235000 37.0
1240000 122.8
1245000 212.7
1250000 243.9
1255000 385.1
1260000 346.1
1265000 425.7
1270000 435.4
1275000 449.3
1280000 483.0
1285000 521.9
1290000 537.5
1295000 525.2
1300000 584.3
1305000 528.6
1310000 447.5
1315000 547.0
1320000 521.9
1325000 588.0
1330000 571.6
1335000 468.1
1340000 617.6
1345000 547.3
1350000 565.7
1355000 610.1
1360000 606.1
1365000 768.3
1370000 615.4
1375000 552.2
1380000 644.9
1385000 671.9
1390000 691.6
1395000 614.9
1400000 742.3
1405000 4.6
1410000 2.7
1415000 4.5
1420000 4.5
1425000 10.5
1430000 7.3
1435000 7.2
1440000 18.2
1445000 41.2
1450000 262.5
1455000 277.6
1460000 356.2
1465000 332.1
1470000 442.6
1475000 426.6
1480000 525.7
1485000 442.3
1490000 450.5
1495000 545.8
1500000 486.3
1505000 568.0
1510000 416.7
1515000 540.5
1520000 727.4
1525000 697.8
1530000 641.8
1535000 642.6
1540000 657.5
1545000 676.9
1550000 646.4
1555000 759.5
1560000 728.3
1565000 649.4
1570000 797.5
1575000 775.1
1580000 679.5
1585000 757.0
1590000 762.1
1595000 701.9
1600000 827.3
1605000 4.4
1610000 5.3
1615000 5.7
1620000 4.2
1625000 4.9
1630000 7.6
1635000 6.6
1640000 50.0
1645000 39.0
1650000 95.3
1655000 242.2
1660000 390.7
1665000 321.2
1670000 461.8
1675000 457.7
1680000 450.1
1685000 490.5
1690000 520.8
1695000 520.9
1700000 537.8
1705000 525.4
1710000 584.8
1715000 536.2
1720000 579.8
1725000 738.3
1730000 757.9
1735000 707.5
1740000 739.8
1745000 773.0
1750000 808.4
1755000 791.3
1760000 825.2
1765000 780.4
1770000 806.0
1775000 835.9
1780000 815.5
1785000 838.8
1790000 844.6
1795000 833.5
1800000 807.9
1805000 4.2
1810000 5.1
1815000 4.5
1820000 6.8
1825000 16.4
1830000 15.5
1835000 19.0
1840000 24.0
1845000 165.2
1850000 208.2
1855000 243.9
1860000 289.1
1865000 399.8
1870000 421.8
1875000 437.5
1880000 488.8
1885000 523.8
1890000 557.5
1895000 562.2
1900000 588.3
1905000 574.6
1910000 584.2
1915000 564.2
1920000 610.7
1925000 694.6
1930000 445.3
1935000 626.7
1940000 756.0
1945000 835.5
1950000 842.7
1955000 780.9
1960000 783.0
1965000 759.8
1970000 827.7
1975000 846.5
1980000 781.6
1985000 850.0
1990000 819.3
1995000 839.0
2000000 835.2
