5000 4.9
10000 3.7
15000 4.5
20000 4.9
25000 4.5
30000 5.1
35000 4.7
40000 5.6
45000 5.0
50000 5.7
55000 6.5
60000 6.2
65000 6.4
70000 4.9
75000 4.9
80000 5.1
85000 6.2
90000 6.2
95000 6.1
100000 6.4
105000 6.5
110000 6.2
115000 5.3
120000 5.4
125000 4.9
130000 6.9
135000 6.1
140000 8.4
145000 4.5
150000 7.8
155000 6.3
160000 7.3
165000 7.1
170000 4.6
175000 7.2
180000 8.8
185000 6.7
190000 7.3
195000 6.9
200000 8.5
205000 4.0
210000 5.4
215000 5.1
220000 4.3
225000 5.6
230000 5.2
235000 5.3
240000 4.7
245000 6.9
250000 6.1
255000 5.4
260000 5.7
265000 6.4
270000 7.4
275000 5.8
280000 7.8
285000 7.2
290000 6.7
295000 12.5
300000 22.3
305000 9.6
310000 108.2
315000 59.2
320000 81.2
325000 101.7
330000 109.6
335000 92.4
340000 212.1
345000 270.3
350000 207.6
355000 88.4
360000 72.6
365000 121.9
370000 241.7
375000 232.6
380000 270.9
385000 308.1
390000 226.0
395000 256.0
400000 212.2
405000 5.3
410000 3.9
415000 3.5
420000 6.1
425000 3.3
430000 5.1
435000 9.1
440000 16.8
445000 72.6
450000 117.7
455000 107.4
460000 237.8
465000 263.3
470000 225.4
475000 315.9
480000 371.5
485000 302.9
490000 338.1
495000 329.0
500000 390.1
505000 398.2
510000 415.2
515000 416.7
520000 247.5
525000 224.3
530000 144.8
535000 452.9
540000 477.2
545000 504.5
550000 522.0
555000 465.2
560000 524.0
565000 541.8
570000 530.5
575000 597.7
580000 702.4
585000 735.0
590000 808.5
595000 715.4
600000 735.6
605000 3.8
610000 5.4
615000 6.0
620000 4.9
625000 6.2
630000 16.8
635000 10.6
640000 98.2
645000 157.9
650000 330.2
655000 414.7
660000 369.4
665000 554.9
670000 447.4
675000 465.8
680000 540.7
685000 753.0
690000 695.1
695000 760.2
700000 797.6
705000 626.3
710000 787.7
715000 767.0
720000 804.4
725000 689.9
730000 811.3
735000 756.0
740000 632.8
745000 810.9
750000 768.9
755000 804.8
760000 813.2
765000 805.0
770000 827.5
775000 816.3
780000 804.1
785000 829.8
790000 767.7
795000 813.0
800000 820.8
805000 3.5
810000 4.8
815000 4.1
820000 4.4
825000 6.0
830000 16.9
835000 43.1
840000 49.4
845000 41.8
850000 246.5
855000 349.1
860000 328.8
865000 475.9
870000 574.0
875000 354.5
880000 814.9
885000 788.5
890000 748.6
895000 770.9
900000 783.1
905000 676.8
910000 780.7
915000 692.3
920000 818.4
925000 373.7
930000 861.8
935000 829.9
940000 841.1
945000 758.8
950000 791.5
955000 807.9
960000 810.0
965000 828.1
970000 828.9
975000 826.7
980000 815.0
985000 836.6
990000 847.4
995000 865.5
1000000 868.8
1005000 3.1
1010000 4.1
1015000 5.2
1020000 5.3
1025000 7.2
1030000 12.7
1035000 43.0
1040000 55.4
1045000 192.7
1050000 430.7
1055000 474.2
1060000 733.9
1065000 628.5
1070000 810.3
1075000 709.4
1080000 806.1
1085000 796.4
1090000 809.8
1095000 761.4
1100000 831.1
1105000 805.2
1110000 717.7
1115000 836.5
1120000 833.3
1125000 790.4
1130000 860.6
1135000 786.1
1140000 848.2
1145000 869.3
1150000 841.5
1155000 868.3
1160000 865.3
1165000 861.3
1170000 870.7
1175000 850.8
1180000 877.0
1185000 880.9
1190000 869.0
1195000 861.3
1200000 890.9
1205000 4.6
1210000 4.2
1215000 4.2
1220000 4.8
1225000 7.4
1230000 11.2
1235000 45.3
1240000 84.4
1245000 139.2
1250000 347.0
1255000 191.1
1260000 654.1
1265000 537.6
1270000 683.1
1275000 772.1
1280000 754.2
1285000 760.7
1290000 738.0
1295000 751.0
1300000 709.1
1305000 805.8
1310000 856.3
1315000 863.8
1320000 766.2
1325000 871.1
1330000 833.0
1335000 847.1
1340000 877.2
1345000 853.5
1350000 872.4
1355000 884.3
1360000 874.2
1365000 700.4
1370000 860.8
1375000 884.5
1380000 808.0
1385000 791.1
1390000 863.6
1395000 891.5
1400000 882.4
1405000 5.3
1410000 3.4
1415000 4.4
1420000 4.1
1425000 5.9
1430000 8.6
1435000 12.4
1440000 67.7
1445000 181.5
1450000 100.7
1455000 258.3
1460000 566.5
1465000 565.6
1470000 711.5
1475000 728.2
1480000 596.1
1485000 816.6
1490000 831.0
1495000 744.1
1500000 772.3
1505000 690.9
1510000 819.3
1515000 548.9
1520000 740.2
1525000 876.7
1530000 819.2
1535000 769.8
1540000 711.6
1545000 859.2
1550000 859.4
1555000 828.7
1560000 859.3
1565000 804.4
1570000 901.1
1575000 847.7
1580000 881.6
1585000 853.1
1590000 889.1
1595000 862.6
1600000 882.4
1605000 7.0
1610000 3.6
1615000 5.6
1620000 3.0
1625000 5.2
1630000 6.6
1635000 22.9
1640000 107.3
1645000 177.7
1650000 246.4
1655000 404.2
1660000 490.1
1665000 503.6
1670000 597.2
1675000 740.7
1680000 755.3
1685000 690.8
1690000 674.1
1695000 877.1
1700000 820.1
1705000 616.2
1710000 823.1
1715000 813.1
1720000 879.3
1725000 849.3
1730000 606.5
1735000 831.2
1740000 889.3
1745000 861.8
1750000 797.9
1755000 887.7
1760000 814.7
1765000 877.3
1770000 836.5
1775000 870.5
1780000 773.9
1785000 828.4
1790000 598.1
1795000 898.7
1800000 886.1
1805000 4.8
1810000 4.2
1815000 4.0
1820000 3.8
1825000 14.6
1830000 14.8
1835000 146.4
1840000 85.7
1845000 82.6
1850000 283.0
1855000 441.7
1860000 501.0
1865000 623.9
1870000 670.6
1875000 612.3
1880000 803.9
1885000 853.6
1890000 719.8
1895000 855.9
1900000 868.2
1905000 735.6
1910000 842.7
1915000 722.7
1920000 686.5
1925000 855.6
1930000 865.4
1935000 739.6
1940000 763.1
1945000 865.5
1950000 847.7
1955000 834.4
1960000 799.8
1965000 766.6
1970000 782.8
1975000 682.3
1980000 798.3
1985000 824.9
1990000 894.5
1995000 627.2
2000000 858.2
