5000 4.2
10000 5.3
15000 4.6
20000 4.4
25000 6.0
30000 2.8
35000 3.0
40000 3.0
45000 5.0
50000 2.9
55000 2.9
60000 3.6
65000 5.1
70000 5.1
75000 5.3
80000 5.7
85000 3.5
90000 5.4
95000 5.1
100000 4.8
105000 4.4
110000 6.6
115000 5.8
120000 7.5
125000 4.4
130000 6.4
135000 4.5
140000 5.9
145000 8.3
150000 6.1
155000 7.4
160000 10.3
165000 7.5
170000 7.6
175000 12.4
180000 11.8
185000 17.7
190000 9.2
195000 7.3
200000 7.2
205000 5.5
210000 5.9
215000 4.7
220000 3.9
225000 4.8
230000 6.2
235000 2.4
240000 5.3
245000 4.5
250000 5.8
255000 5.8
260000 8.2
265000 23.3
270000 70.2
275000 35.8
280000 49.9
285000 92.7
290000 32.4
295000 97.2
300000 117.1
305000 175.0
310000 211.3
315000 206.4
320000 237.0
325000 270.7
330000 61.8
335000 76.6
340000 273.5
345000 263.7
350000 294.1
355000 286.6
360000 271.9
365000 235.6
370000 363.8
375000 348.7
380000 367.0
385000 370.7
390000 373.4
395000 337.7
400000 338.5
405000 3.5
410000 4.5
415000 5.4
420000 4.1
425000 6.8
430000 3.9
435000 13.9
440000 47.7
445000 77.6
450000 301.7
455000 202.2
460000 198.9
465000 197.7
470000 287.2
475000 324.5
480000 346.1
485000 403.9
490000 396.9
495000 378.3
500000 391.7
505000 383.4
510000 422.0
515000 417.5
520000 431.2
525000 376.0
530000 374.2
535000 429.4
540000 377.3
545000 417.9
550000 429.6
555000 441.6
560000 450.7
565000 448.8
570000 402.0
575000 474.9
580000 481.3
585000 470.0
590000 480.0
595000 467.5
600000 465.9
605000 3.8
610000 5.4
615000 5.3
620000 4.0
625000 3.6
630000 5.1
635000 19.2
640000 91.3
645000 62.0
650000 260.7
655000 292.5
660000 356.8
665000 375.2
670000 402.2
675000 386.2
680000 423.7
685000 444.5
690000 412.9
695000 467.1
700000 467.9
705000 498.1
710000 458.4
715000 452.4
720000 499.9
725000 456.4
730000 502.2
735000 505.5
740000 524.0
745000 516.9
750000 496.2
755000 486.5
760000 489.1
765000 510.5
770000 519.1
775000 532.1
780000 537.4
785000 528.0
790000 518.9
795000 531.2
800000 517.1
805000 4.2
810000 5.3
815000 5.9
820000 3.8
825000 10.1
830000 15.6
835000 31.3
840000 108.1
845000 254.1
850000 267.3
855000 440.5
860000 421.3
865000 474.6
870000 476.3
875000 422.3
880000 470.8
885000 465.6
890000 482.3
895000 434.4
900000 512.2
905000 542.9
910000 474.2
915000 447.4
920000 529.0
925000 508.6
930000 493.1
935000 523.5
940000 502.4
945000 522.3
950000 524.7
955000 529.2
960000 548.8
965000 507.1
970000 556.7
975000 548.6
980000 553.3
985000 554.2
990000 578.0
995000 556.3
1000000 596.3
1005000 5.9
1010000 4.5
1015000 5.3
1020000 5.5
1025000 6.2
1030000 80.9
1035000 90.8
1040000 122.6
1045000 307.3
1050000 298.7
1055000 346.9
1060000 384.6
1065000 437.2
1070000 240.6
1075000 434.9
1080000 465.3
1085000 526.1
1090000 522.5
1095000 558.7
1100000 520.1
1105000 548.8
1110000 533.1
1115000 571.0
1120000 536.1
1125000 567.3
1130000 560.6
1135000 562.7
1140000 585.0
1145000 580.3
1150000 561.9
1155000 588.7
1160000 577.8
1165000 593.6
1170000 554.2
1175000 608.6
1180000 588.6
1185000 546.3
1190000 572.9
1195000 600.2
1200000 604.5
1205000 4.3
1210000 5.1
1215000 4.0
1220000 5.4
1225000 10.4
1230000 9.6
1235000 45.7
1240000 50.4
1245000 100.3
1250000 369.2
1255000 440.4
1260000 428.4
1265000 496.8
1270000 489.6
1275000 506.9
1280000 516.0
1285000 524.4
1290000 536.0
1295000 552.9
1300000 536.3
1305000 540.3
1310000 572.4
1315000 589.3
1320000 605.1
1325000 573.3
1330000 596.6
1335000 573.2
1340000 612.7
1345000 586.9
1350000 595.1
1355000 608.8
1360000 606.8
1365000 596.8
1370000 628.8
1375000 596.4
1380000 590.4
1385000 596.8
1390000 693.6
1395000 629.9
1400000 626.7
1405000 5.1
1410000 3.7
1415000 4.2
1420000 5.7
1425000 27.8
1430000 44.8
1435000 78.4
1440000 40.6
1445000 251.9
1450000 366.4
1455000 434.3
1460000 559.6
1465000 509.4
1470000 479.2
1475000 474.7
1480000 545.1
1485000 521.3
1490000 579.6
1495000 593.8
1500000 592.5
1505000 578.6
1510000 579.3
1515000 594.4
1520000 596.9
1525000 588.8
1530000 627.4
1535000 604.8
1540000 609.7
1545000 644.3
1550000 647.4
1555000 632.5
1560000 568.2
1565000 630.6
1570000 644.6
1575000 611.1
1580000 679.5
1585000 618.6
1590000 664.8
1595000 654.5
1600000 660.5
1605000 3.7
1610000 4.1
1615000 4.9
1620000 8.3
1625000 11.8
1630000 20.1
1635000 37.1
1640000 73.4
1645000 85.2
1650000 214.4
1655000 396.6
1660000 401.5
1665000 495.7
1670000 454.5
1675000 506.5
1680000 529.1
1685000 591.0
1690000 561.9
1695000 480.8
1700000 435.1
1705000 567.3
1710000 623.4
1715000 575.3
1720000 567.0
1725000 597.6
1730000 619.5
1735000 677.4
1740000 614.9
1745000 709.8
1750000 630.0
1755000 614.5
1760000 673.8
1765000 710.0
1770000 676.1
1775000 614.4
1780000 595.9
1785000 781.4
1790000 778.8
1795000 704.3
1800000 755.0
1805000 4.6
1810000 4.1
1815000 5.6
1820000 4.2
1825000 24.0
1830000 76.3
1835000 27.3
1840000 41.7
1845000 227.9
1850000 320.8
1855000 380.2
1860000 370.4
1865000 489.2
1870000 456.1
1875000 423.7
1880000 583.6
1885000 586.6
1890000 554.7
1895000 553.5
1900000 569.7
1905000 589.4
1910000 614.2
1915000 616.5
1920000 579.7
1925000 633.8
1930000 608.4
1935000 658.5
1940000 688.0
1945000 663.7
1950000 611.6
1955000 739.3
1960000 639.6
1965000 768.6
1970000 711.1
1975000 662.2
1980000 756.0
1985000 724.1
1990000 742.7
1995000 725.4
2000000 778.8
