5000 4.5
10000 5.0
15000 5.2
20000 3.3
25000 3.3
30000 5.5
35000 3.8
40000 4.4
45000 4.1
50000 5.5
55000 4.7
60000 6.8
65000 6.8
70000 6.4
75000 3.8
80000 7.2
85000 5.6
90000 6.0
95000 7.9
100000 5.9
105000 6.5
110000 7.4
115000 7.3
120000 7.7
125000 7.1
130000 7.2
135000 6.9
140000 7.9
145000 8.9
150000 9.9
155000 8.7
160000 7.7
165000 9.1
170000 9.1
175000 18.9
180000 11.8
185000 9.1
190000 10.3
195000 11.3
200000 49.4
205000 4.9
210000 3.9
215000 7.3
220000 5.1
225000 4.6
230000 4.7
235000 5.1
240000 5.7
245000 5.2
250000 7.0
255000 7.4
260000 9.8
265000 10.4
270000 12.0
275000 14.0
280000 27.6
285000 52.7
290000 58.3
295000 37.0
300000 89.7
305000 121.0
310000 93.9
315000 54.8
320000 82.6
325000 177.6
330000 173.6
335000 233.1
340000 211.8
345000 248.4
350000 249.3
355000 229.2
360000 223.0
365000 246.0
370000 207.5
375000 170.4
380000 267.7
385000 232.6
390000 290.8
395000 289.7
400000 299.1
405000 5.4
410000 4.7
415000 3.8
420000 3.4
425000 5.6
430000 5.2
435000 21.8
440000 12.5
445000 112.8
450000 194.7
455000 143.9
460000 212.2
465000 261.4
470000 277.5
475000 289.4
480000 223.3
485000 247.5
490000 290.0
495000 342.6
500000 311.7
505000 323.2
510000 322.1
515000 373.6
520000 340.9
525000 382.8
530000 370.9
535000 360.6
540000 447.6
545000 398.0
550000 398.8
555000 458.5
560000 470.8
565000 369.2
570000 439.1
575000 442.2
580000 423.9
585000 452.7
590000 444.3
595000 445.0
600000 475.0
605000 5.6
610000 5.7
615000 4.3
620000 4.8
625000 5.5
630000 13.1
635000 47.6
640000 77.9
645000 92.6
650000 190.5
655000 183.0
660000 283.2
665000 352.0
670000 373.9
675000 369.9
680000 323.7
685000 400.1
690000 411.6
695000 346.1
700000 486.3
705000 470.3
710000 481.4
715000 477.9
720000 485.5
725000 483.4
730000 485.1
735000 520.8
740000 520.4
745000 487.0
750000 534.0
755000 547.4
760000 567.8
765000 495.6
770000 503.9
775000 551.7
780000 604.7
785000 543.4
790000 567.9
795000 554.1
800000 577.8
805000 5.2
810000 4.0
815000 5.1
820000 5.5
825000 9.1
830000 15.4
835000 95.3
840000 176.6
845000 223.4
850000 214.4
855000 338.5
860000 410.0
865000 387.7
870000 434.8
875000 432.6
880000 414.3
885000 466.9
890000 446.8
895000 487.5
900000 510.3
905000 522.3
910000 486.3
915000 479.5
920000 521.7
925000 526.5
930000 593.0
935000 581.3
940000 541.3
945000 566.3
950000 554.1
955000 677.0
960000 554.1
965000 570.9
970000 531.6
975000 622.8
980000 577.4
985000 644.6
990000 709.1
995000 591.1
1000000 743.5
1005000 5.6
1010000 3.9
1015000 6.4
1020000 5.1
1025000 15.0
1030000 21.7
1035000 27.4
1040000 137.2
1045000 260.3
1050000 289.1
1055000 337.3
1060000 422.5
1065000 437.9
1070000 365.7
1075000 453.0
1080000 454.9
1085000 530.5
1090000 470.2
1095000 715.8
1100000 551.3
1105000 639.0
1110000 585.8
1115000 609.0
1120000 607.2
1125000 561.1
1130000 725.3
1135000 606.6
1140000 581.0
1145000 742.3
1150000 824.7
1155000 718.5
1160000 725.8
1165000 735.3
1170000 662.4
1175000 643.6
1180000 817.2
1185000 663.8
1190000 814.0
1195000 740.1
1200000 795.7
1205000 4.7
1210000 4.0
1215000 3.7
1220000 8.4
1225000 9.6
1230000 17.7
1235000 15.9
1240000 130.3
1245000 256.9
1250000 337.9
1255000 294.7
1260000 426.0
1265000 523.6
1270000 538.5
1275000 511.1
1280000 529.9
1285000 634.9
1290000 581.0
1295000 692.8
1300000 577.6
1305000 757.7
1310000 732.1
1315000 678.1
1320000 722.8
1325000 765.6
1330000 584.0
1335000 777.1
1340000 748.1
1345000 748.8
1350000 791.5
1355000 726.2
1360000 674.0
1365000 708.0
1370000 799.8
1375000 623.8
1380000 829.7
1385000 756.1
1390000 799.1
1395000 816.7
1400000 797.4
1405000 4.4
1410000 5.5
1415000 4.2
1420000 4.2
1425000 5.3
1430000 6.7
1435000 14.3
1440000 49.7
1445000 62.7
1450000 297.5
1455000 309.3
1460000 339.1
1465000 452.2
1470000 435.4
1475000 423.0
1480000 451.2
1485000 573.1
1490000 567.8
1495000 620.2
1500000 709.8
1505000 649.4
1510000 636.7
1515000 834.0
1520000 725.8
1525000 657.6
1530000 847.3
1535000 703.7
1540000 638.6
1545000 697.9
1550000 863.5
1555000 754.2
1560000 854.3
1565000 714.0
1570000 843.8
1575000 713.3
1580000 804.4
1585000 783.2
1590000 789.4
1595000 814.1
1600000 825.0
1605000 5.6
1610000 4.0
1615000 4.0
1620000 11.3
1625000 10.6
1630000 13.1
1635000 70.3
1640000 100.3
1645000 111.7
1650000 117.6
1655000 334.8
1660000 342.5
1665000 408.1
1670000 480.8
1675000 507.9
1680000 549.3
1685000 535.5
1690000 556.4
1695000 463.8
1700000 618.6
1705000 593.5
1710000 594.0
1715000 727.1
1720000 745.2
1725000 863.6
1730000 842.6
1735000 722.3
1740000 829.0
1745000 815.7
1750000 797.6
1755000 871.5
1760000 736.9
1765000 814.2
1770000 850.9
1775000 889.0
1780000 866.4
1785000 866.5
1790000 769.7
1795000 715.3
1800000 825.6
1805000 4.8
1810000 5.9
1815000 8.0
1820000 35.9
1825000 13.5
1830000 24.3
1835000 56.3
1840000 66.0
1845000 84.4
1850000 323.0
1855000 378.4
1860000 365.2
1865000 500.1
1870000 516.8
1875000 543.9
1880000 525.3
1885000 509.6
1890000 579.8
1895000 757.5
1900000 639.2
1905000 802.5
1910000 827.0
1915000 809.1
1920000 736.5
1925000 860.7
1930000 853.8
1935000 864.3
1940000 788.7
1945000 871.0
1950000 884.6
1955000 868.0
1960000 819.9
1965000 870.2
1970000 816.7
1975000 796.7
1980000 846.5
1985000 862.3
1990000 866.7
1995000 884.6
2000000 882.9
