5000 3.4
10000 5.9
15000 4.7
20000 5.2
25000 4.5
30000 5.5
35000 4.3
40000 5.3
45000 4.3
50000 4.8
55000 4.8
60000 7.6
65000 6.9
70000 6.2
75000 4.8
80000 5.2
85000 6.6
90000 6.1
95000 4.3
100000 4.9
105000 5.0
110000 5.9
115000 4.8
120000 5.9
125000 5.5
130000 6.0
135000 5.2
140000 5.5
145000 5.0
150000 5.6
155000 8.3
160000 5.4
165000 5.3
170000 5.5
175000 5.7
180000 7.6
185000 6.2
190000 6.1
195000 5.9
200000 8.9
205000 3.6
210000 5.8
215000 3.4
220000 6.4
225000 3.0
230000 3.8
235000 5.2
240000 5.7
245000 4.7
250000 4.9
255000 6.8
260000 6.3
265000 8.1
270000 5.5
275000 6.8
280000 8.5
285000 8.8
290000 12.3
295000 14.5
300000 15.4
305000 37.1
310000 10.9
315000 40.2
320000 93.2
325000 94.0
330000 137.0
335000 112.5
340000 134.8
345000 188.6
350000 188.7
355000 104.9
360000 201.3
365000 216.2
370000 254.5
375000 301.9
380000 162.7
385000 243.1
390000 260.4
395000 299.2
400000 260.7
405000 5.4
410000 4.1
415000 3.8
420000 7.6
425000 5.5
430000 5.8
435000 12.2
440000 18.5
445000 68.8
450000 79.6
455000 151.6
460000 256.2
465000 228.5
470000 77.3
475000 14.6
480000 48.4
485000 202.7
490000 324.2
495000 321.3
500000 319.2
505000 345.9
510000 375.9
515000 353.8
520000 414.0
525000 388.2
530000 377.2
535000 381.1
540000 443.4
545000 429.8
550000 444.8
555000 414.1
560000 364.5
565000 474.3
570000 461.0
575000 472.0
580000 455.3
585000 456.6
590000 471.2
595000 455.8
600000 472.9
605000 6.5
610000 4.8
615000 5.5
620000 4.5
625000 14.6
630000 8.3
635000 151.0
640000 95.4
645000 166.8
650000 268.4
655000 244.5
660000 239.2
665000 317.6
670000 303.4
675000 269.8
680000 407.3
685000 433.6
690000 373.4
695000 481.3
700000 462.4
705000 458.4
710000 466.1
715000 437.6
720000 452.6
725000 454.4
730000 493.6
735000 501.3
740000 472.3
745000 506.7
750000 457.2
755000 522.7
760000 511.0
765000 497.1
770000 514.6
775000 497.3
780000 519.0
785000 500.2
790000 496.1
795000 535.0
800000 499.4
805000 5.6
810000 4.4
815000 2.9
820000 4.6
825000 15.7
830000 9.8
835000 102.5
840000 21.5
845000 212.9
850000 341.6
855000 373.6
860000 388.3
865000 430.7
870000 394.1
875000 464.1
880000 472.7
885000 480.3
890000 488.4
895000 490.3
900000 489.8
905000 503.2
910000 512.9
915000 464.5
920000 507.4
925000 524.6
930000 591.8
935000 542.0
940000 533.3
945000 489.2
950000 554.0
955000 552.1
960000 545.7
965000 539.4
970000 478.7
975000 578.5
980000 568.3
985000 536.0
990000 547.3
995000 567.7
1000000 569.9
1005000 5.0
1010000 6.6
1015000 4.7
1020000 3.6
1025000 5.5
1030000 38.5
1035000 116.8
1040000 106.2
1045000 252.3
1050000 398.2
1055000 375.8
1060000 381.8
1065000 460.9
1070000 516.0
1075000 491.2
1080000 534.4
1085000 519.2
1090000 505.6
1095000 535.8
1100000 566.6
1105000 544.4
1110000 560.8
1115000 558.0
1120000 549.0
1125000 524.2
1130000 544.6
1135000 551.4
1140000 570.8
1145000 589.2
1150000 595.8
1155000 581.8
1160000 610.8
1165000 593.0
1170000 576.4
1175000 589.7
1180000 564.3
1185000 594.1
1190000 583.6
1195000 570.4
1200000 584.6
1205000 4.2
1210000 4.6
1215000 3.7
1220000 3.3
1225000 6.7
1230000 6.3
1235000 31.8
1240000 22.7
1245000 95.8
1250000 347.6
1255000 362.5
1260000 446.6
1265000 493.4
1270000 444.3
1275000 483.2
1280000 526.5
1285000 562.2
1290000 521.1
1295000 568.7
1300000 568.4
1305000 577.8
1310000 506.8
1315000 569.5
1320000 593.5
1325000 611.5
1330000 600.1
1335000 544.3
1340000 559.4
1345000 593.5
1350000 600.9
1355000 624.6
1360000 713.2
1365000 641.8
1370000 642.8
1375000 584.9
1380000 640.5
1385000 637.9
1390000 589.5
1395000 615.5
1400000 769.9
1405000 4.8
1410000 4.1
1415000 5.3
1420000 4.6
1425000 4.5
1430000 9.4
1435000 26.7
1440000 19.8
1445000 85.0
1450000 170.9
1455000 315.4
1460000 408.9
1465000 463.1
1470000 552.3
1475000 514.5
1480000 518.2
1485000 523.0
1490000 485.5
1495000 571.7
1500000 541.6
1505000 560.3
1510000 515.1
1515000 622.7
1520000 773.5
1525000 580.9
1530000 753.2
1535000 650.7
1540000 710.7
1545000 762.1
1550000 604.6
1555000 629.2
1560000 655.6
1565000 731.6
1570000 843.3
1575000 772.9
1580000 855.7
1585000 710.3
1590000 828.7
1595000 697.0
1600000 749.7
1605000 5.9
1610000 3.6
1615000 5.9
1620000 7.7
1625000 9.5
1630000 6.2
1635000 21.0
1640000 57.5
1645000 159.8
1650000 283.4
1655000 360.9
1660000 423.3
1665000 403.0
1670000 513.9
1675000 515.7
1680000 480.5
1685000 470.6
1690000 606.3
1695000 573.2
1700000 602.2
1705000 601.7
1710000 671.8
1715000 714.1
1720000 575.4
1725000 828.1
1730000 812.0
1735000 837.9
1740000 695.5
1745000 800.3
1750000 825.1
1755000 843.4
1760000 842.3
1765000 869.7
1770000 867.3
1775000 877.2
1780000 870.4
1785000 874.7
1790000 877.4
1795000 804.0
1800000 858.6
1805000 5.8
1810000 4.0
1815000 4.3
1820000 5.4
1825000 4.8
1830000 16.0
1835000 87.9
1840000 57.3
1845000 117.3
1850000 223.8
1855000 463.2
1860000 282.0
1865000 456.2
1870000 528.0
1875000 543.1
1880000 544.9
1885000 553.5
1890000 598.2
1895000 646.3
1900000 759.3
1905000 810.3
1910000 739.5
1915000 730.3
1920000 872.0
1925000 846.7
1930000 858.8
1935000 849.5
1940000 855.1
1945000 806.3
1950000 832.7
1955000 876.9
1960000 876.1
1965000 829.4
1970000 766.8
1975000 740.2
1980000 831.2
1985000 851.8
1990000 880.2
1995000 887.6
2000000 875.4
