5000 4.2
10000 6.8
15000 5.0
20000 3.1
25000 4.2
30000 3.7
35000 5.7
40000 3.2
45000 4.5
50000 5.7
55000 4.8
60000 6.4
65000 5.2
70000 5.2
75000 4.0
80000 4.4
85000 4.6
90000 5.4
95000 7.1
100000 7.3
105000 6.3
110000 7.0
115000 6.7
120000 5.3
125000 5.6
130000 6.6
135000 6.2
140000 5.6
145000 7.7
150000 6.0
155000 5.7
160000 6.9
165000 5.7
170000 7.6
175000 13.5
180000 10.8
185000 10.3
190000 10.7
195000 8.1
200000 8.3
205000 3.6
210000 5.1
215000 4.6
220000 3.9
225000 3.7
230000 5.1
235000 6.2
240000 2.8
245000 5.5
250000 4.1
255000 6.4
260000 8.9
265000 16.2
270000 7.3
275000 13.6
280000 68.7
285000 48.9
290000 107.1
295000 78.5
300000 94.1
305000 110.0
310000 163.3
315000 138.7
320000 61.5
325000 69.4
330000 22.0
335000 95.8
340000 186.0
345000 230.6
350000 126.1
355000 50.7
360000 201.9
365000 276.9
370000 262.8
375000 255.8
380000 257.6
385000 145.9
390000 290.2
395000 314.1
400000 334.7
405000 4.6
410000 4.3
415000 4.5
420000 4.9
425000 4.6
430000 5.2
435000 7.2
440000 5.9
445000 45.7
450000 113.1
455000 86.9
460000 51.0
465000 97.3
470000 75.1
475000 214.7
480000 327.3
485000 246.5
490000 56.6
495000 229.5
500000 355.1
505000 322.9
510000 355.9
515000 398.1
520000 367.9
525000 330.1
530000 374.8
535000 335.4
540000 359.7
545000 334.1
550000 386.3
555000 411.2
560000 396.3
565000 393.9
570000 396.7
575000 382.0
580000 445.5
585000 458.4
590000 419.0
595000 394.7
600000 420.4
605000 5.7
610000 3.5
615000 5.8
620000 3.8
625000 4.2
630000 24.6
635000 25.7
640000 83.4
645000 88.4
650000 204.8
655000 199.0
660000 215.1
665000 298.8
670000 268.8
675000 335.4
680000 378.3
685000 430.1
690000 416.1
695000 398.6
700000 389.2
705000 435.3
710000 417.4
715000 393.3
720000 457.3
725000 425.9
730000 396.8
735000 429.0
740000 385.1
745000 461.7
750000 458.5
755000 461.8
760000 446.7
765000 444.6
770000 476.0
775000 461.1
780000 420.3
785000 481.2
790000 486.9
795000 449.8
800000 513.8
805000 4.9
810000 5.2
815000 4.2
820000 2.8
825000 4.1
830000 9.8
835000 81.8
840000 201.4
845000 139.9
850000 55.9
855000 227.3
860000 323.6
865000 338.9
870000 396.4
875000 428.1
880000 424.2
885000 279.7
890000 181.0
895000 447.6
900000 432.5
905000 437.9
910000 436.4
915000 437.5
920000 431.5
925000 412.0
930000 484.1
935000 469.3
940000 480.9
945000 474.7
950000 554.6
955000 504.4
960000 501.6
965000 487.9
970000 466.0
975000 466.6
980000 548.6
985000 523.7
990000 486.3
995000 513.7
1000000 572.3
1005000 4.4
1010000 4.2
1015000 4.3
1020000 4.2
1025000 7.5
1030000 16.1
1035000 84.6
1040000 110.6
1045000 96.2
1050000 126.1
1055000 308.1
1060000 352.7
1065000 335.8
1070000 405.8
1075000 431.9
1080000 393.3
1085000 444.4
1090000 467.3
1095000 451.9
1100000 411.7
1105000 468.6
1110000 433.8
1115000 518.2
1120000 503.2
1125000 529.1
1130000 459.4
1135000 521.4
1140000 529.9
1145000 517.9
1150000 505.7
1155000 519.4
1160000 525.9
1165000 537.2
1170000 540.7
1175000 557.8
1180000 603.2
1185000 511.0
1190000 615.7
1195000 565.4
1200000 702.3
1205000 4.9
1210000 3.5
1215000 4.8
1220000 4.1
1225000 10.6
1230000 74.1
1235000 25.0
1240000 67.2
1245000 45.8
1250000 98.1
1255000 234.3
1260000 350.7
1265000 377.4
1270000 384.5
1275000 397.6
1280000 467.3
1285000 480.8
1290000 486.2
1295000 472.2
1300000 510.6
1305000 546.0
1310000 624.7
1315000 574.3
1320000 550.0
1325000 486.8
1330000 577.3
1335000 620.6
1340000 725.2
1345000 731.7
1350000 632.9
1355000 725.5
1360000 732.9
1365000 697.6
1370000 741.1
1375000 617.6
1380000 769.6
1385000 792.2
1390000 765.7
1395000 753.4
1400000 666.8
1405000 3.4
1410000 5.4
1415000 9.1
1420000 4.2
1425000 94.5
1430000 66.3
1435000 48.0
1440000 81.4
1445000 129.3
1450000 220.0
1455000 337.2
1460000 333.2
1465000 391.9
1470000 449.6
1475000 457.5
1480000 446.0
1485000 551.7
1490000 603.1
1495000 553.5
1500000 511.9
1505000 589.3
1510000 661.6
1515000 549.5
1520000 589.8
1525000 740.5
1530000 722.9
1535000 709.2
1540000 634.6
1545000 720.5
1550000 762.2
1555000 833.7
1560000 675.8
1565000 793.9
1570000 619.3
1575000 683.7
1580000 814.3
1585000 777.0
1590000 784.1
1595000 791.4
1600000 826.7
1605000 4.6
1610000 5.8
1615000 3.9
1620000 6.5
1625000 3.4
1630000 40.8
1635000 35.5
1640000 15.4
1645000 33.4
1650000 19.8
1655000 254.4
1660000 320.9
1665000 470.8
1670000 498.5
1675000 494.7
1680000 538.2
1685000 596.9
1690000 614.1
1695000 529.0
1700000 698.4
1705000 606.6
1710000 701.6
1715000 711.8
1720000 777.0
1725000 671.4
1730000 742.9
1735000 730.1
1740000 739.5
1745000 783.9
1750000 839.5
1755000 769.9
1760000 793.0
1765000 825.9
1770000 803.3
1775000 755.1
1780000 831.1
1785000 778.1
1790000 830.2
1795000 833.8
1800000 808.5
1805000 5.1
1810000 6.0
1815000 4.3
1820000 8.1
1825000 29.8
1830000 14.5
1835000 20.7
1840000 39.7
1845000 73.5
1850000 249.3
1855000 349.7
1860000 248.2
1865000 483.1
1870000 451.0
1875000 617.0
1880000 635.9
1885000 743.7
1890000 503.9
1895000 650.2
1900000 560.5
1905000 787.3
1910000 741.8
1915000 739.8
1920000 758.7
1925000 791.2
1930000 772.7
1935000 732.4
1940000 748.8
1945000 811.8
1950000 839.6
1955000 844.3
1960000 800.1
1965000 848.7
1970000 842.3
1975000 719.0
1980000 714.3
1985000 835.5
1990000 831.8
1995000 840.7
2000000 789.3
