5000 4.6
10000 4.0
15000 6.7
20000 4.3
25000 5.0
30000 4.5
35000 5.4
40000 6.0
45000 5.7
50000 2.8
55000 6.0
60000 6.3
65000 5.8
70000 3.7
75000 4.7
80000 4.1
85000 4.1
90000 6.2
95000 5.4
100000 4.3
105000 5.6
110000 6.6
115000 7.2
120000 5.9
125000 6.2
130000 6.7
135000 6.9
140000 9.7
145000 7.7
150000 33.7
155000 92.2
160000 181.8
165000 217.0
170000 189.1
175000 253.0
180000 283.1
185000 253.6
190000 281.1
195000 265.8
200000 275.5
205000 4.7
210000 5.8
215000 4.3
220000 2.6
225000 6.7
230000 6.6
235000 17.9
240000 47.0
245000 153.2
250000 156.8
255000 60.1
260000 268.2
265000 219.1
270000 308.9
275000 336.2
280000 277.6
285000 333.5
290000 311.6
295000 344.7
300000 365.8
305000 375.1
310000 397.2
315000 359.7
320000 402.7
325000 403.7
330000 436.8
335000 360.6
340000 412.3
345000 364.2
350000 421.8
355000 400.8
360000 336.1
365000 403.9
370000 467.9
375000 429.7
380000 464.8
385000 472.5
390000 484.5
395000 439.5
400000 443.9
405000 6.4
410000 6.9
415000 3.7
420000 5.2
425000 5.9
430000 28.9
435000 9.3
440000 99.3
445000 244.3
450000 269.1
455000 357.8
460000 360.6
465000 316.0
470000 415.3
475000 402.3
480000 402.7
485000 390.5
490000 463.0
495000 432.4
500000 497.4
505000 476.7
510000 481.0
515000 492.4
520000 463.2
525000 485.2
530000 485.6
535000 532.1
540000 529.9
545000 510.4
550000 465.0
555000 529.2
560000 474.1
565000 517.1
570000 479.9
575000 492.3
580000 489.6
585000 522.7
590000 509.2
595000 537.6
600000 545.2
605000 6.3
610000 3.5
615000 2.4
620000 4.2
625000 5.2
630000 24.8
635000 114.6
640000 210.9
645000 240.8
650000 344.2
655000 302.7
660000 330.3
665000 401.7
670000 456.7
675000 474.1
680000 398.4
685000 503.5
690000 492.6
695000 427.2
700000 522.2
705000 491.5
710000 509.4
715000 534.4
720000 500.9
725000 539.5
730000 564.4
735000 521.5
740000 569.6
745000 559.4
750000 533.4
755000 511.2
760000 528.7
765000 548.7
770000 595.7
775000 558.2
780000 564.0
785000 570.7
790000 573.8
795000 564.4
800000 570.9
805000 4.3
810000 5.0
815000 4.1
820000 5.6
825000 6.1
830000 18.0
835000 86.4
840000 110.4
845000 310.1
850000 292.1
855000 307.2
860000 335.5
865000 456.7
870000 482.4
875000 477.7
880000 490.2
885000 497.9
890000 534.1
895000 521.4
900000 543.2
905000 524.8
910000 559.6
915000 524.6
920000 528.0
925000 541.3
930000 510.4
935000 543.0
940000 572.0
945000 524.9
950000 530.5
955000 561.4
960000 559.5
965000 566.4
970000 556.9
975000 570.5
980000 586.8
985000 561.8
990000 547.4
995000 586.5
1000000 536.9
1005000 3.3
1010000 5.1
1015000 3.8
1020000 3.3
1025000 7.6
1030000 44.5
1035000 60.7
1040000 181.7
1045000 255.1
1050000 256.7
1055000 398.8
1060000 453.4
1065000 351.3
1070000 467.6
1075000 495.4
1080000 525.8
1085000 485.3
1090000 538.7
1095000 514.6
1100000 535.2
1105000 558.5
1110000 550.9
1115000 558.7
1120000 499.7
1125000 542.8
1130000 569.6
1135000 558.8
1140000 562.3
1145000 537.0
1150000 604.4
1155000 573.7
1160000 629.0
1165000 585.2
1170000 581.1
1175000 598.3
1180000 584.1
1185000 611.3
1190000 585.5
1195000 636.0
1200000 607.9
1205000 6.3
1210000 4.9
1215000 5.7
1220000 4.5
1225000 8.7
1230000 6.6
1235000 29.7
1240000 17.7
1245000 41.6
1250000 263.9
1255000 457.1
1260000 475.1
1265000 124.5
1270000 390.7
1275000 539.4
1280000 474.5
1285000 476.8
1290000 526.2
1295000 565.9
1300000 648.8
1305000 514.2
1310000 560.9
1315000 619.1
1320000 633.9
1325000 775.4
1330000 599.9
1335000 605.0
1340000 629.1
1345000 754.3
1350000 774.5
1355000 686.5
1360000 566.8
1365000 727.8
1370000 792.1
1375000 629.4
1380000 645.2
1385000 718.3
1390000 520.2
1395000 719.3
1400000 726.9
1405000 5.2
1410000 5.1
1415000 3.6
1420000 7.5
1425000 5.6
1430000 12.4
1435000 31.1
1440000 125.0
1445000 106.9
1450000 197.9
1455000 366.8
1460000 410.3
1465000 464.5
1470000 429.8
1475000 451.0
1480000 537.7
1485000 551.3
1490000 540.3
1495000 588.5
1500000 648.6
1505000 633.3
1510000 628.8
1515000 648.3
1520000 650.6
1525000 790.4
1530000 731.5
1535000 725.2
1540000 602.5
1545000 712.3
1550000 742.0
1555000 755.3
1560000 753.7
1565000 675.4
1570000 746.9
1575000 746.4
1580000 788.7
1585000 720.0
1590000 811.9
1595000 696.8
1600000 688.7
1605000 5.3
1610000 6.7
1615000 3.4
1620000 5.9
1625000 7.1
1630000 13.5
1635000 17.3
1640000 16.9
1645000 53.5
1650000 278.6
1655000 365.1
1660000 455.9
1665000 452.0
1670000 423.2
1675000 463.6
1680000 455.6
1685000 585.0
1690000 466.3
1695000 535.6
1700000 673.4
1705000 644.0
1710000 706.2
1715000 786.7
1720000 657.6
1725000 735.6
1730000 668.6
1735000 804.1
1740000 780.2
1745000 783.6
1750000 674.3
1755000 746.2
1760000 801.0
1765000 777.8
1770000 790.3
1775000 852.4
1780000 802.2
1785000 843.5
1790000 783.3
1795000 802.0
1800000 815.4
1805000 3.5
1810000 6.4
1815000 3.9
1820000 12.6
1825000 13.2
1830000 31.0
1835000 49.1
1840000 133.3
1845000 84.6
1850000 327.7
1855000 420.3
1860000 412.7
1865000 485.9
1870000 507.4
1875000 563.3
1880000 501.6
1885000 518.9
1890000 524.5
1895000 529.6
1900000 537.3
1905000 700.6
1910000 646.6
1915000 747.5
1920000 568.6
1925000 709.3
1930000 818.4
1935000 866.2
1940000 757.9
1945000 761.7
1950000 801.1
1955000 668.3
1960000 765.1
1965000 812.6
1970000 845.5
1975000 761.4
1980000 818.3
1985000 794.7
1990000 842.3
1995000 709.6
2000000 828.3
