5000 7.6
10000 5.1
15000 4.8
20000 6.9
25000 7.5
30000 2.5
35000 6.3
40000 5.2
45000 4.6
50000 4.7
55000 5.8
60000 5.0
65000 7.4
70000 5.3
75000 5.7
80000 7.2
85000 5.4
90000 6.6
95000 7.0
100000 6.1
105000 4.8
110000 7.2
115000 6.4
120000 7.0
125000 5.7
130000 6.1
135000 5.3
140000 5.5
145000 6.1
150000 5.7
155000 6.2
160000 5.9
165000 7.9
170000 10.8
175000 6.9
180000 7.4
185000 6.2
190000 5.6
195000 8.8
200000 7.5
205000 5.8
210000 5.1
215000 4.9
220000 7.2
225000 6.2
230000 5.1
235000 4.7
240000 4.7
245000 5.2
250000 2.7
255000 8.0
260000 14.7
265000 8.3
270000 7.1
275000 9.0
280000 9.2
285000 19.4
290000 38.1
295000 126.9
300000 119.5
305000 209.9
310000 221.6
315000 193.2
320000 177.4
325000 247.6
330000 237.0
335000 292.5
340000 323.5
345000 244.5
350000 245.0
355000 224.9
360000 332.4
365000 333.8
370000 332.5
375000 358.2
380000 329.3
385000 364.9
390000 354.6
395000 362.2
400000 359.1
405000 4.7
410000 5.6
415000 5.5
420000 6.6
425000 5.7
430000 4.1
435000 6.3
440000 20.3
445000 172.6
450000 172.8
455000 275.1
460000 288.0
465000 319.3
470000 338.0
475000 389.4
480000 370.1
485000 375.3
490000 401.3
495000 376.7
500000 379.8
505000 309.9
510000 353.7
515000 406.8
520000 420.1
525000 416.5
530000 411.6
535000 440.2
540000 460.7
545000 450.2
550000 425.1
555000 440.1
560000 450.6
565000 442.5
570000 440.4
575000 455.7
580000 478.6
585000 459.4
590000 467.4
595000 466.6
600000 460.4
605000 4.0
610000 5.7
615000 3.8
620000 4.1
625000 4.5
630000 11.6
635000 9.4
640000 58.5
645000 193.5
650000 263.8
655000 298.5
660000 244.8
665000 270.2
670000 408.8
675000 385.7
680000 427.2
685000 418.5
690000 433.2
695000 468.2
700000 432.7
705000 470.3
710000 454.4
715000 471.0
720000 483.9
725000 489.2
730000 470.6
735000 478.1
740000 486.2
745000 494.0
750000 479.0
755000 465.6
760000 502.5
765000 520.1
770000 485.7
775000 503.3
780000 454.5
785000 469.7
790000 495.3
795000 501.1
800000 528.1
805000 4.3
810000 3.6
815000 4.9
820000 4.8
825000 6.6
830000 4.6
835000 5.4
840000 44.1
845000 236.6
850000 317.5
855000 318.8
860000 365.8
865000 428.4
870000 409.7
875000 417.8
880000 422.2
885000 445.2
890000 477.4
895000 486.2
900000 484.7
905000 488.7
910000 506.7
915000 486.9
920000 508.4
925000 517.9
930000 491.8
935000 509.4
940000 524.8
945000 532.6
950000 525.0
955000 507.3
960000 510.4
965000 519.9
970000 489.1
975000 531.2
980000 548.0
985000 529.9
990000 517.8
995000 551.7
1000000 552.2
1005000 4.4
1010000 5.2
1015000 4.7
1020000 4.9
1025000 10.8
1030000 28.0
1035000 5.4
1040000 20.4
1045000 80.4
1050000 250.6
1055000 364.7
1060000 336.5
1065000 324.6
1070000 351.6
1075000 430.5
1080000 472.8
1085000 459.0
1090000 484.9
1095000 491.9
1100000 506.0
1105000 501.5
1110000 479.0
1115000 511.3
1120000 522.9
1125000 501.6
1130000 513.6
1135000 532.3
1140000 541.2
1145000 509.4
1150000 520.5
1155000 559.5
1160000 486.3
1165000 524.1
1170000 512.7
1175000 524.3
1180000 528.4
1185000 529.6
1190000 511.5
1195000 492.4
1200000 518.2
1205000 4.5
1210000 5.9
1215000 3.7
1220000 10.0
1225000 30.3
1230000 16.2
1235000 9.2
1240000 7.2
1245000 70.1
1250000 320.9
1255000 385.1
1260000 380.4
1265000 424.5
1270000 450.9
1275000 435.1
1280000 460.5
1285000 491.5
1290000 491.1
1295000 537.3
1300000 472.3
1305000 504.2
1310000 505.0
1315000 554.0
1320000 520.7
1325000 542.7
1330000 528.7
1335000 547.2
1340000 553.4
1345000 532.5
1350000 548.7
1355000 575.9
1360000 540.3
1365000 481.2
1370000 532.2
1375000 575.1
1380000 568.7
1385000 537.3
1390000 558.1
1395000 538.3
1400000 567.6
1405000 4.8
1410000 4.8
1415000 5.1
1420000 21.6
1425000 8.1
1430000 8.3
1435000 35.1
1440000 57.5
1445000 138.3
1450000 266.9
1455000 323.6
1460000 394.2
1465000 484.6
1470000 437.3
1475000 441.5
1480000 436.2
1485000 464.1
1490000 488.4
1495000 520.3
1500000 458.6
1505000 514.3
1510000 542.8
1515000 539.5
1520000 531.0
1525000 567.9
1530000 543.0
1535000 540.1
1540000 539.8
1545000 534.5
1550000 541.7
1555000 526.9
1560000 575.7
1565000 501.1
1570000 534.2
1575000 535.5
1580000 567.1
1585000 580.6
1590000 563.1
1595000 585.7
1600000 568.6
1605000 5.5
1610000 5.7
1615000 6.0
1620000 13.1
1625000 21.1
1630000 4.1
1635000 67.8
1640000 39.5
1645000 30.9
1650000 159.6
1655000 283.2
1660000 442.0
1665000 418.5
1670000 468.0
1675000 399.1
1680000 514.7
1685000 535.4
1690000 547.5
1695000 551.6
1700000 543.5
1705000 507.0
1710000 560.0
1715000 535.6
1720000 555.8
1725000 511.6
1730000 571.4
1735000 548.0
1740000 551.8
1745000 575.8
1750000 578.8
1755000 551.5
1760000 556.4
1765000 554.2
1770000 564.7
1775000 535.8
1780000 560.2
1785000 568.1
1790000 576.6
1795000 591.6
1800000 574.9
1805000 3.7
1810000 6.2
1815000 4.0
1820000 27.4
1825000 46.8
1830000 7.4
1835000 8.4
1840000 20.9
1845000 256.5
1850000 224.0
1855000 410.4
1860000 428.4
1865000 356.0
1870000 483.4
1875000 506.5
1880000 466.1
1885000 432.1
1890000 545.1
1895000 521.2
1900000 558.8
1905000 541.3
1910000 544.4
1915000 512.3
1920000 536.4
1925000 549.5
1930000 524.1
1935000 567.5
1940000 537.4
1945000 555.4
1950000 576.6
1955000 542.9
1960000 545.7
1965000 510.4
1970000 569.9
1975000 511.6
1980000 593.2
1985000 457.3
1990000 539.4
1995000 543.1
2000000 599.3
