10000 0.5
20000 0.0
30000 0.0
40000 0.9
50000 0.1
60000 0.2
70000 0.0
80000 0.0
90000 0.2
100000 0.0
110000 0.2
120000 0.0
130000 0.0
140000 0.0
150000 0.0
160000 0.1
170000 0.6
180000 0.0
190000 0.0
200000 0.7
210000 0.7
220000 0.3
230000 5.4
240000 5.1
250000 3.3
260000 23.0
270000 23.4
280000 22.1
290000 16.9
300000 36.3
310000 27.3
320000 35.7
330000 46.7
340000 72.6
350000 70.6
360000 50.4
370000 84.2
380000 82.3
390000 99.9
400000 99.2
410000 101.8
420000 80.2
430000 102.7
440000 102.0
450000 95.6
460000 100.1
470000 119.3
480000 123.6
490000 124.4
500000 134.5
510000 125.2
520000 139.9
530000 173.2
540000 187.4
550000 228.2
560000 205.3
570000 222.2
580000 208.1
590000 223.5
600000 239.2
610000 252.3
620000 238.1
630000 257.8
640000 267.9
650000 250.6
660000 260.3
670000 258.8
680000 268.5
690000 251.5
700000 283.2
710000 278.6
720000 279.6
730000 291.0
740000 282.8
750000 290.7
760000 288.4
770000 282.7
780000 284.9
790000 282.6
800000 285.6
810000 282.8
820000 292.3
830000 308.8
840000 288.7
850000 291.8
860000 311.0
870000 304.3
880000 315.0
890000 307.1
900000 313.7
910000 314.1
920000 306.3
930000 308.8
940000 303.3
950000 315.9
960000 322.2
970000 315.8
980000 325.2
990000 319.1
1000000 322.1
1010000 330.9
1020000 323.1
1030000 326.2
1040000 323.5
1050000 329.3
1060000 304.6
1070000 343.8
1080000 337.2
1090000 336.8
1100000 331.8
1110000 347.7
1120000 353.6
1130000 343.2
1140000 345.6
1150000 346.3
1160000 340.8
1170000 345.1
1180000 311.3
1190000 349.4
1200000 316.1
1210000 349.0
1220000 318.4
1230000 343.4
1240000 353.7
1250000 354.1
1260000 353.9
1270000 348.8
1280000 362.3
1290000 359.4
1300000 360.6
1310000 350.7
1320000 371.3
1330000 358.3
1340000 356.4
1350000 358.1
1360000 362.1
1370000 353.0
1380000 354.4
1390000 359.5
1400000 372.3
1410000 370.2
1420000 370.0
1430000 375.1
1440000 371.1
1450000 371.2
1460000 361.5
1470000 383.6
1480000 363.8
1490000 380.1
1500000 366.3
1510000 382.4
1520000 340.7
1530000 367.0
1540000 373.0
1550000 384.2
1560000 376.6
1570000 382.8
1580000 367.7
1590000 380.0
1600000 383.5
1610000 384.1
1620000 376.9
1630000 383.4
1640000 390.8
1650000 389.6
1660000 381.6
1670000 390.1
1680000 398.1
1690000 386.1
1700000 381.5
1710000 373.1
1720000 395.4
1730000 377.3
1740000 381.1
1750000 365.6
1760000 399.7
1770000 380.7
1780000 373.0
1790000 391.4
1800000 402.5
1810000 379.7
1820000 388.5
1830000 393.7
1840000 377.4
1850000 394.2
1860000 403.4
1870000 399.1
1880000 400.7
1890000 402.9
1900000 379.0
1910000 375.5
1920000 346.3
1930000 387.6
1940000 391.3
1950000 393.7
1960000 405.7
1970000 402.2
1980000 403.0
1990000 390.8
2000000 390.2
