10000 0.0
20000 0.0
30000 0.7
40000 1.2
50000 1.0
60000 0.2
70000 2.5
80000 1.0
90000 0.0
100000 0.0
110000 4.3
120000 8.3
130000 25.6
140000 21.0
150000 28.2
160000 21.0
170000 34.7
180000 50.4
190000 48.2
200000 55.0
210000 60.6
220000 56.5
230000 51.2
240000 55.0
250000 59.1
260000 69.0
270000 70.1
280000 76.4
290000 71.0
300000 67.0
310000 66.0
320000 75.7
330000 76.5
340000 77.5
350000 82.6
360000 92.4
370000 96.9
380000 95.8
390000 110.3
400000 112.8
410000 100.9
420000 126.1
430000 130.3
440000 129.4
450000 125.1
460000 123.6
470000 124.5
480000 144.8
490000 137.8
500000 154.6
510000 148.4
520000 158.4
530000 152.0
540000 167.7
550000 166.8
560000 175.3
570000 173.0
580000 174.0
590000 170.6
600000 175.3
610000 179.2
620000 169.0
630000 186.1
640000 181.5
650000 197.8
660000 185.3
670000 196.5
680000 204.1
690000 188.2
700000 205.0
710000 201.7
720000 204.8
730000 189.5
740000 181.1
750000 202.0
760000 213.1
770000 214.1
780000 206.7
790000 215.5
800000 201.6
810000 212.5
820000 217.7
830000 214.7
840000 224.5
850000 228.2
860000 221.7
870000 230.0
880000 222.7
890000 198.8
900000 224.7
910000 213.5
920000 222.1
930000 224.8
940000 228.5
950000 221.6
960000 230.5
970000 226.4
980000 225.8
990000 225.9
1000000 235.0
1010000 227.8
1020000 208.9
1030000 206.7
1040000 233.4
1050000 227.3
1060000 226.4
1070000 223.6
1080000 232.0
1090000 233.1
1100000 229.9
1110000 236.8
1120000 235.1
1130000 239.6
1140000 233.9
1150000 238.3
1160000 215.8
1170000 239.1
1180000 244.0
1190000 251.7
1200000 250.8
1210000 248.1
1220000 244.7
1230000 238.1
1240000 245.3
1250000 252.4
1260000 219.4
1270000 243.5
1280000 241.7
1290000 245.6
1300000 239.3
1310000 244.3
1320000 235.7
1330000 201.4
1340000 222.7
1350000 245.0
1360000 217.5
1370000 241.7
1380000 239.6
1390000 233.6
1400000 242.5
1410000 236.1
1420000 241.7
1430000 238.6
1440000 240.1
1450000 245.4
1460000 239.9
1470000 222.8
1480000 238.9
1490000 238.4
1500000 249.5
1510000 217.2
1520000 246.8
1530000 220.9
1540000 250.1
1550000 246.7
1560000 245.2
1570000 246.0
1580000 220.6
1590000 259.7
1600000 253.3
1610000 227.1
1620000 256.2
1630000 247.7
1640000 241.6
1650000 243.2
1660000 252.9
1670000 239.6
1680000 251.2
1690000 234.7
1700000 254.0
1710000 255.8
1720000 250.4
1730000 244.4
1740000 261.2
1750000 252.7
1760000 265.5
1770000 252.3
1780000 254.6
1790000 248.0
1800000 247.2
1810000 256.7
1820000 251.5
1830000 258.5
1840000 253.7
1850000 258.0
1860000 260.7
1870000 263.8
1880000 260.0
1890000 263.9
1900000 261.8
1910000 264.6
1920000 268.1
1930000 269.7
1940000 266.9
1950000 270.1
1960000 272.3
1970000 269.9
1980000 256.9
1990000 261.2
2000000 272.4
