10000 0.0
20000 0.0
30000 0.2
40000 0.4
50000 0.0
60000 0.0
70000 0.1
80000 0.7
90000 0.4
100000 0.3
110000 0.9
120000 0.0
130000 2.0
140000 0.9
150000 0.2
160000 0.1
170000 0.6
180000 0.0
190000 0.2
200000 0.4
210000 0.1
220000 1.3
230000 1.2
240000 0.1
250000 0.8
260000 0.7
270000 2.5
280000 13.7
290000 26.6
300000 49.3
310000 39.6
320000 23.7
330000 36.8
340000 75.3
350000 74.7
360000 76.8
370000 76.3
380000 87.7
390000 77.5
400000 79.4
410000 60.3
420000 83.9
430000 89.0
440000 100.3
450000 91.6
460000 105.6
470000 109.7
480000 113.5
490000 98.2
500000 121.1
510000 124.4
520000 125.0
530000 111.4
540000 134.3
550000 146.9
560000 154.0
570000 158.8
580000 163.3
590000 161.8
600000 174.5
610000 171.9
620000 150.4
630000 164.5
640000 178.5
650000 176.2
660000 187.5
670000 187.9
680000 185.2
690000 185.6
700000 180.6
710000 192.0
720000 194.7
730000 188.8
740000 197.5
750000 199.2
760000 181.2
770000 195.9
780000 199.0
790000 196.8
800000 190.6
810000 191.0
820000 171.4
830000 199.1
840000 200.1
850000 207.1
860000 204.3
870000 198.2
880000 212.2
890000 197.4
900000 219.2
910000 223.9
920000 208.8
930000 227.0
940000 202.0
950000 230.1
960000 233.6
970000 234.5
980000 234.9
990000 239.5
1000000 241.7
1010000 249.0
1020000 241.0
1030000 253.2
1040000 250.7
1050000 249.7
1060000 236.5
1070000 244.7
1080000 244.1
1090000 252.4
1100000 241.2
1110000 252.1
1120000 233.9
1130000 220.2
1140000 256.1
1150000 254.1
1160000 265.6
1170000 240.2
1180000 265.8
1190000 262.5
1200000 257.8
1210000 257.3
1220000 260.1
1230000 261.1
1240000 260.3
1250000 259.8
1260000 260.6
1270000 271.2
1280000 270.1
1290000 260.6
1300000 268.3
1310000 270.7
1320000 272.5
1330000 257.4
1340000 264.6
1350000 269.4
1360000 265.1
1370000 268.7
1380000 274.8
1390000 267.1
1400000 266.5
1410000 275.8
1420000 276.8
1430000 277.3
1440000 272.9
1450000 275.9
1460000 263.7
1470000 240.4
1480000 273.3
1490000 282.0
1500000 282.2
1510000 278.1
1520000 250.3
1530000 285.1
1540000 285.7
1550000 221.3
1560000 278.6
1570000 218.2
1580000 274.4
1590000 283.3
1600000 276.5
1610000 282.8
1620000 282.7
1630000 245.0
1640000 272.8
1650000 269.8
1660000 280.6
1670000 279.8
1680000 280.7
1690000 282.9
1700000 283.1
1710000 253.4
1720000 285.2
1730000 281.6
1740000 244.2
1750000 283.1
1760000 278.1
1770000 284.2
1780000 287.1
1790000 286.8
1800000 263.0
1810000 282.8
1820000 290.5
1830000 279.5
1840000 281.0
1850000 283.4
1860000 281.6
1870000 278.3
1880000 252.2
1890000 285.6
1900000 286.4
1910000 287.3
1920000 283.8
1930000 283.7
1940000 290.4
1950000 281.0
1960000 290.3
1970000 284.6
1980000 288.2
1990000 290.1
2000000 260.6
