10000 0.1
20000 0.5
30000 1.2
40000 0.2
50000 0.8
60000 0.0
70000 0.0
80000 0.2
90000 0.3
100000 0.0
110000 0.4
120000 0.1
130000 1.1
140000 2.1
150000 0.0
160000 0.0
170000 0.0
180000 3.8
190000 2.7
200000 0.2
210000 0.8
220000 3.8
230000 5.3
240000 26.9
250000 41.0
260000 28.0
270000 45.9
280000 28.6
290000 16.5
300000 59.4
310000 7.9
320000 33.8
330000 51.2
340000 55.5
350000 79.6
360000 86.9
370000 102.5
380000 113.2
390000 109.5
400000 109.3
410000 115.7
420000 97.5
430000 116.6
440000 123.0
450000 123.5
460000 133.5
470000 130.3
480000 135.5
490000 140.3
500000 139.5
510000 123.8
520000 137.9
530000 154.5
540000 140.6
550000 156.8
560000 166.1
570000 161.0
580000 172.6
590000 172.2
600000 160.4
610000 173.3
620000 183.3
630000 188.5
640000 181.0
650000 180.1
660000 191.9
670000 192.1
680000 194.1
690000 188.3
700000 180.6
710000 194.0
720000 194.9
730000 195.7
740000 191.4
750000 195.7
760000 182.9
770000 212.1
780000 220.2
790000 192.4
800000 211.3
810000 223.3
820000 225.2
830000 198.9
840000 231.7
850000 229.8
860000 237.2
870000 239.8
880000 240.8
890000 241.5
900000 241.9
910000 231.4
920000 241.5
930000 251.3
940000 242.1
950000 255.1
960000 244.5
970000 240.6
980000 245.4
990000 247.8
1000000 250.4
1010000 259.1
1020000 243.7
1030000 228.9
1040000 252.3
1050000 259.8
1060000 229.0
1070000 265.7
1080000 263.9
1090000 269.1
1100000 259.7
1110000 259.7
1120000 258.7
1130000 261.4
1140000 264.9
1150000 265.3
1160000 260.8
1170000 265.6
1180000 266.2
1190000 270.1
1200000 239.4
1210000 268.3
1220000 271.4
1230000 271.0
1240000 275.3
1250000 267.9
1260000 272.1
1270000 271.8
1280000 270.8
1290000 274.9
1300000 269.0
1310000 277.9
1320000 275.7
1330000 267.0
1340000 263.9
1350000 275.5
1360000 280.3
1370000 268.9
1380000 277.9
1390000 276.3
1400000 269.2
1410000 283.9
1420000 281.8
1430000 275.9
1440000 267.2
1450000 277.2
1460000 272.0
1470000 272.8
1480000 278.7
1490000 241.0
1500000 243.3
1510000 267.3
1520000 270.0
1530000 275.5
1540000 266.4
1550000 271.2
1560000 278.2
1570000 267.1
1580000 260.7
1590000 273.9
1600000 275.1
1610000 273.6
1620000 284.4
1630000 275.2
1640000 278.0
1650000 277.9
1660000 279.2
1670000 278.2
1680000 279.7
1690000 261.7
1700000 289.0
1710000 284.1
1720000 261.6
1730000 283.6
1740000 292.8
1750000 288.2
1760000 285.3
1770000 287.7
1780000 281.9
1790000 280.9
1800000 278.7
1810000 288.1
1820000 284.9
1830000 279.2
1840000 286.5
1850000 284.4
1860000 289.9
1870000 291.9
1880000 287.1
1890000 292.0
1900000 263.0
1910000 291.9
1920000 291.6
1930000 291.6
1940000 280.0
1950000 287.2
1960000 287.4
1970000 279.3
1980000 286.0
1990000 293.2
2000000 282.1
