10000 0.0
20000 0.0
30000 0.0
40000 0.0
50000 1.0
60000 0.0
70000 0.4
80000 0.0
90000 0.0
100000 0.1
110000 0.1
120000 0.0
130000 0.0
140000 2.1
150000 3.9
160000 8.7
170000 46.5
180000 42.4
190000 59.3
200000 59.9
210000 58.4
220000 67.0
230000 55.7
240000 77.6
250000 55.5
260000 85.1
270000 76.6
280000 88.3
290000 75.7
300000 96.4
310000 96.8
320000 97.2
330000 89.0
340000 97.2
350000 109.3
360000 106.0
370000 110.3
380000 112.1
390000 118.9
400000 114.6
410000 131.1
420000 124.8
430000 151.0
440000 148.4
450000 144.5
460000 154.9
470000 161.2
480000 171.7
490000 172.9
500000 168.4
510000 175.1
520000 163.0
530000 170.8
540000 174.0
550000 179.0
560000 174.6
570000 187.1
580000 177.6
590000 174.0
600000 188.5
610000 199.8
620000 196.6
630000 171.4
640000 184.8
650000 179.8
660000 192.5
670000 197.4
680000 198.9
690000 198.4
700000 204.3
710000 204.3
720000 197.5
730000 207.6
740000 188.6
750000 194.3
760000 204.5
770000 191.7
780000 217.4
790000 223.3
800000 215.7
810000 209.4
820000 221.7
830000 241.2
840000 217.5
850000 233.8
860000 195.7
870000 237.2
880000 226.1
890000 231.0
900000 237.2
910000 242.7
920000 222.4
930000 251.7
940000 255.0
950000 255.2
960000 255.9
970000 233.1
980000 244.0
990000 243.3
1000000 245.6
1010000 248.4
1020000 201.6
1030000 255.6
1040000 235.0
1050000 252.7
1060000 259.8
1070000 237.7
1080000 247.2
1090000 237.6
1100000 227.5
1110000 246.7
1120000 235.7
1130000 276.0
1140000 245.2
1150000 270.4
1160000 267.5
1170000 273.1
1180000 268.5
1190000 267.0
1200000 270.0
1210000 266.1
1220000 266.2
1230000 275.7
1240000 247.1
1250000 213.2
1260000 285.2
1270000 274.3
1280000 275.5
1290000 274.3
1300000 280.7
1310000 274.2
1320000 269.8
1330000 279.3
1340000 279.7
1350000 280.1
1360000 281.2
1370000 278.6
1380000 282.5
1390000 276.4
1400000 245.0
1410000 244.4
1420000 260.6
1430000 258.0
1440000 271.3
1450000 273.0
1460000 278.8
1470000 287.6
1480000 284.6
1490000 245.3
1500000 292.7
1510000 276.1
1520000 279.9
1530000 288.2
1540000 280.4
1550000 279.7
1560000 277.2
1570000 258.7
1580000 270.0
1590000 264.9
1600000 281.8
1610000 273.4
1620000 290.1
1630000 265.8
1640000 250.0
1650000 284.0
1660000 268.4
1670000 271.7
1680000 273.4
1690000 266.1
1700000 283.6
1710000 244.9
1720000 278.9
1730000 279.6
1740000 284.1
1750000 277.4
1760000 268.5
1770000 280.7
1780000 276.8
1790000 276.8
1800000 290.9
1810000 285.9
1820000 279.4
1830000 287.8
1840000 278.6
1850000 285.4
1860000 284.0
1870000 276.7
1880000 284.5
1890000 278.1
1900000 268.7
1910000 268.7
1920000 282.4
1930000 278.7
1940000 268.2
1950000 273.3
1960000 277.9
1970000 288.7
1980000 285.3
1990000 281.2
2000000 290.4
