10000 0.0
20000 0.0
30000 1.0
40000 0.1
50000 0.0
60000 0.0
70000 0.2
80000 0.0
90000 0.9
100000 0.2
110000 0.0
120000 0.0
130000 0.0
140000 0.0
150000 0.0
160000 0.0
170000 0.0
180000 1.6
190000 0.5
200000 0.0
210000 0.1
220000 0.1
230000 3.4
240000 0.8
250000 1.2
260000 0.5
270000 2.0
280000 0.4
290000 0.3
300000 1.6
310000 1.4
320000 2.0
330000 2.7
340000 5.6
350000 2.8
360000 16.4
370000 4.1
380000 8.0
390000 22.4
400000 27.9
410000 36.5
420000 16.3
430000 55.6
440000 40.0
450000 32.2
460000 45.3
470000 27.6
480000 76.3
490000 49.7
500000 77.1
510000 67.6
520000 54.2
530000 59.6
540000 41.4
550000 63.5
560000 73.2
570000 61.1
580000 73.1
590000 83.8
600000 81.0
610000 63.7
620000 92.8
630000 122.5
640000 104.3
650000 83.7
660000 87.7
670000 113.8
680000 121.6
690000 114.5
700000 122.6
710000 121.5
720000 128.8
730000 108.6
740000 126.1
750000 126.8
760000 132.5
770000 134.1
780000 135.8
790000 134.6
800000 138.0
810000 138.6
820000 115.0
830000 142.5
840000 124.2
850000 132.7
860000 149.8
870000 127.8
880000 138.4
890000 136.6
900000 152.1
910000 141.4
920000 147.5
930000 158.5
940000 155.4
950000 164.2
960000 155.1
970000 164.7
980000 172.0
990000 178.2
1000000 184.6
1010000 179.4
1020000 191.3
1030000 174.1
1040000 194.6
1050000 190.5
1060000 187.3
1070000 174.2
1080000 193.7
1090000 201.2
1100000 192.9
1110000 191.3
1120000 197.2
1130000 184.1
1140000 196.7
1150000 187.3
1160000 197.5
1170000 188.3
1180000 202.2
1190000 180.0
1200000 202.5
1210000 187.7
1220000 197.3
1230000 192.9
1240000 197.0
1250000 203.0
1260000 208.0
1270000 211.2
1280000 188.1
1290000 214.8
1300000 214.4
1310000 205.8
1320000 216.0
1330000 227.6
1340000 222.4
1350000 220.2
1360000 221.7
1370000 221.1
1380000 199.2
1390000 201.9
1400000 206.5
1410000 223.2
1420000 225.3
1430000 207.1
1440000 228.5
1450000 239.8
1460000 221.3
1470000 223.8
1480000 234.6
1490000 232.6
1500000 229.7
1510000 205.9
1520000 207.3
1530000 206.5
1540000 224.9
1550000 228.1
1560000 231.8
1570000 235.9
1580000 224.4
1590000 234.4
1600000 234.0
1610000 237.0
1620000 236.9
1630000 232.8
1640000 240.4
1650000 232.4
1660000 205.0
1670000 234.9
1680000 233.4
1690000 215.3
1700000 234.0
1710000 233.1
1720000 234.0
1730000 238.6
1740000 232.2
1750000 228.5
1760000 225.8
1770000 239.4
1780000 242.1
1790000 237.5
1800000 239.3
1810000 246.2
1820000 255.2
1830000 246.5
1840000 243.6
1850000 237.5
1860000 245.2
1870000 252.0
1880000 230.3
1890000 236.2
1900000 247.9
1910000 243.7
1920000 251.0
1930000 220.0
1940000 234.9
1950000 245.7
1960000 244.0
1970000 241.7
1980000 240.3
1990000 246.5
2000000 240.7
