10000 0.0
20000 0.0
30000 0.2
40000 0.3
50000 1.9
60000 0.0
70000 0.0
80000 0.0
90000 0.0
100000 0.0
110000 0.0
120000 2.4
130000 0.1
140000 0.1
150000 1.8
160000 0.0
170000 0.0
180000 0.0
190000 2.0
200000 0.5
210000 0.0
220000 0.0
230000 0.0
240000 0.0
250000 1.4
260000 7.5
270000 0.7
280000 1.8
290000 1.7
300000 2.4
310000 1.1
320000 0.8
330000 2.6
340000 0.9
350000 0.3
360000 2.1
370000 2.3
380000 0.3
390000 1.8
400000 3.3
410000 0.4
420000 2.8
430000 2.3
440000 0.5
450000 1.7
460000 0.4
470000 3.4
480000 5.2
490000 12.5
500000 6.9
510000 12.7
520000 5.9
530000 14.5
540000 5.6
550000 2.2
560000 0.5
570000 2.6
580000 0.8
590000 4.5
600000 0.9
610000 12.9
620000 16.5
630000 21.6
640000 47.8
650000 30.7
660000 74.0
670000 83.3
680000 78.6
690000 86.8
700000 79.2
710000 70.0
720000 92.5
730000 104.2
740000 114.9
750000 120.7
760000 117.1
770000 113.3
780000 109.7
790000 128.6
800000 116.9
810000 130.8
820000 135.4
830000 107.6
840000 111.4
850000 134.4
860000 132.1
870000 148.8
880000 151.4
890000 148.4
900000 151.6
910000 155.9
920000 162.8
930000 161.5
940000 164.1
950000 170.6
960000 166.3
970000 175.6
980000 166.6
990000 173.4
1000000 181.5
1010000 179.5
1020000 182.7
1030000 167.0
1040000 175.2
1050000 182.1
1060000 186.5
1070000 190.7
1080000 183.2
1090000 186.6
1100000 171.1
1110000 177.7
1120000 168.4
1130000 173.2
1140000 186.8
1150000 179.9
1160000 188.7
1170000 191.8
1180000 187.4
1190000 186.4
1200000 190.7
1210000 187.6
1220000 188.4
1230000 185.2
1240000 185.5
1250000 192.5
1260000 192.8
1270000 184.8
1280000 169.1
1290000 191.6
1300000 200.1
1310000 194.6
1320000 189.4
1330000 193.8
1340000 199.9
1350000 199.0
1360000 200.6
1370000 204.0
1380000 196.8
1390000 203.3
1400000 198.1
1410000 193.8
1420000 173.5
1430000 204.4
1440000 196.5
1450000 199.8
1460000 187.8
1470000 198.1
1480000 218.1
1490000 207.9
1500000 211.7
1510000 187.8
1520000 204.7
1530000 197.6
1540000 211.5
1550000 205.3
1560000 210.7
1570000 210.0
1580000 211.4
1590000 215.3
1600000 210.8
1610000 192.3
1620000 221.3
1630000 187.9
1640000 216.0
1650000 221.7
1660000 222.3
1670000 219.6
1680000 217.5
1690000 226.7
1700000 220.3
1710000 228.7
1720000 217.9
1730000 226.1
1740000 212.8
1750000 225.7
1760000 219.0
1770000 225.2
1780000 228.9
1790000 218.5
1800000 223.7
1810000 222.8
1820000 218.7
1830000 235.0
1840000 230.6
1850000 235.6
1860000 242.2
1870000 229.9
1880000 238.6
1890000 240.7
1900000 235.9
1910000 238.3
1920000 232.9
1930000 206.3
1940000 226.0
1950000 236.2
1960000 237.0
1970000 244.8
1980000 239.9
1990000 240.5
2000000 246.1
