10000 0.0
20000 0.0
30000 0.0
40000 0.1
50000 0.0
60000 0.1
70000 0.1
80000 0.0
90000 0.0
100000 0.1
110000 0.0
120000 0.0
130000 0.0
140000 0.0
150000 0.0
160000 0.1
170000 0.0
180000 0.9
190000 0.3
200000 0.1
210000 0.6
220000 0.2
230000 0.0
240000 0.4
250000 1.1
260000 0.9
270000 0.2
280000 1.4
290000 0.0
300000 0.2
310000 0.0
320000 7.5
330000 1.2
340000 6.5
350000 3.3
360000 22.2
370000 42.7
380000 20.0
390000 16.2
400000 29.9
410000 31.4
420000 31.5
430000 45.2
440000 40.1
450000 40.8
460000 26.3
470000 44.0
480000 25.3
490000 45.8
500000 67.1
510000 43.7
520000 74.3
530000 50.5
540000 87.2
550000 82.4
560000 80.8
570000 95.9
580000 89.3
590000 104.7
600000 91.7
610000 116.0
620000 109.3
630000 118.7
640000 134.5
650000 137.4
660000 132.4
670000 135.0
680000 149.8
690000 163.8
700000 169.1
710000 157.1
720000 165.0
730000 181.1
740000 176.5
750000 178.8
760000 188.5
770000 181.9
780000 191.7
790000 196.0
800000 204.1
810000 199.8
820000 212.2
830000 177.6
840000 203.3
850000 207.3
860000 193.7
870000 221.7
880000 221.0
890000 216.5
900000 224.8
910000 196.5
920000 214.9
930000 203.4
940000 186.6
950000 214.5
960000 212.1
970000 203.0
980000 219.7
990000 218.5
1000000 225.6
1010000 214.8
1020000 215.4
1030000 231.0
1040000 218.4
1050000 218.0
1060000 202.5
1070000 224.1
1080000 210.4
1090000 204.7
1100000 205.1
1110000 224.5
1120000 215.6
1130000 223.5
1140000 231.5
1150000 226.1
1160000 221.4
1170000 224.9
1180000 232.6
1190000 240.0
1200000 225.7
1210000 200.2
1220000 226.5
1230000 213.0
1240000 212.7
1250000 224.6
1260000 203.4
1270000 238.8
1280000 230.3
1290000 233.4
1300000 230.8
1310000 232.1
1320000 238.3
1330000 235.6
1340000 243.7
1350000 238.4
1360000 239.9
1370000 238.5
1380000 231.1
1390000 234.0
1400000 234.6
1410000 231.7
1420000 234.9
1430000 241.4
1440000 225.4
1450000 246.7
1460000 224.0
1470000 227.5
1480000 253.8
1490000 236.4
1500000 243.7
1510000 244.8
1520000 246.1
1530000 222.4
1540000 241.4
1550000 238.1
1560000 241.2
1570000 246.9
1580000 251.7
1590000 242.2
1600000 237.8
1610000 243.3
1620000 235.9
1630000 244.2
1640000 226.5
1650000 238.4
1660000 235.4
1670000 249.0
1680000 257.9
1690000 239.5
1700000 255.0
1710000 249.5
1720000 256.5
1730000 233.4
1740000 250.6
1750000 246.0
1760000 249.1
1770000 244.0
1780000 251.2
1790000 252.9
1800000 244.5
1810000 250.4
1820000 244.9
1830000 248.0
1840000 218.5
1850000 246.9
1860000 197.2
1870000 228.0
1880000 238.6
1890000 230.1
1900000 254.2
1910000 224.3
1920000 255.5
1930000 261.1
1940000 251.1
1950000 232.2
1960000 254.7
1970000 260.7
1980000 243.5
1990000 256.5
2000000 231.8
