10000 0.1
20000 0.0
30000 0.0
40000 0.0
50000 2.5
60000 0.8
70000 1.0
80000 2.3
90000 0.4
100000 0.0
110000 2.1
120000 0.0
130000 0.0
140000 0.0
150000 3.1
160000 0.9
170000 2.4
180000 1.3
190000 0.3
200000 0.0
210000 0.3
220000 1.2
230000 0.4
240000 0.2
250000 0.0
260000 1.7
270000 1.5
280000 0.0
290000 0.1
300000 2.1
310000 1.8
320000 0.1
330000 0.8
340000 1.2
350000 0.0
360000 0.1
370000 1.5
380000 1.9
390000 0.9
400000 4.0
410000 5.3
420000 0.5
430000 1.9
440000 21.8
450000 25.4
460000 29.9
470000 34.8
480000 24.0
490000 40.8
500000 28.3
510000 63.5
520000 48.6
530000 73.0
540000 98.0
550000 81.0
560000 64.9
570000 90.4
580000 65.9
590000 118.6
600000 121.1
610000 130.2
620000 133.1
630000 123.8
640000 139.4
650000 129.3
660000 131.3
670000 127.3
680000 142.3
690000 136.5
700000 149.9
710000 150.5
720000 170.3
730000 149.1
740000 173.0
750000 169.3
760000 177.4
770000 157.1
780000 167.8
790000 160.5
800000 169.6
810000 177.3
820000 189.4
830000 180.9
840000 176.8
850000 183.0
860000 162.1
870000 192.0
880000 185.5
890000 177.3
900000 193.5
910000 195.8
920000 204.2
930000 194.4
940000 199.6
950000 200.8
960000 190.3
970000 194.0
980000 183.3
990000 185.8
1000000 178.2
1010000 194.3
1020000 175.2
1030000 192.1
1040000 197.8
1050000 202.1
1060000 209.8
1070000 207.6
1080000 211.8
1090000 208.6
1100000 202.5
1110000 199.4
1120000 203.7
1130000 209.7
1140000 208.0
1150000 217.0
1160000 197.7
1170000 202.1
1180000 183.1
1190000 214.4
1200000 214.0
1210000 214.7
1220000 218.4
1230000 224.2
1240000 224.6
1250000 211.0
1260000 210.9
1270000 223.8
1280000 218.6
1290000 216.5
1300000 219.6
1310000 221.7
1320000 222.1
1330000 231.9
1340000 220.2
1350000 225.2
1360000 227.5
1370000 221.5
1380000 226.5
1390000 232.1
1400000 229.1
1410000 231.6
1420000 234.5
1430000 230.6
1440000 211.1
1450000 235.1
1460000 218.3
1470000 211.3
1480000 240.6
1490000 237.7
1500000 209.2
1510000 237.2
1520000 235.9
1530000 243.9
1540000 237.0
1550000 240.5
1560000 247.6
1570000 240.8
1580000 248.7
1590000 244.0
1600000 244.4
1610000 245.2
1620000 248.8
1630000 248.8
1640000 250.3
1650000 250.4
1660000 238.7
1670000 253.6
1680000 249.2
1690000 254.6
1700000 249.3
1710000 250.8
1720000 247.8
1730000 254.1
1740000 259.8
1750000 233.6
1760000 252.4
1770000 256.4
1780000 227.2
1790000 254.7
1800000 254.2
1810000 255.3
1820000 250.8
1830000 264.3
1840000 236.9
1850000 258.2
1860000 232.7
1870000 262.2
1880000 260.8
1890000 231.0
1900000 235.2
1910000 268.1
1920000 260.1
1930000 260.0
1940000 262.4
1950000 251.3
1960000 256.8
1970000 265.0
1980000 252.0
1990000 269.0
2000000 265.3
