10000 0.0
20000 0.0
30000 0.0
40000 0.0
50000 0.1
60000 0.4
70000 0.4
80000 0.0
90000 0.0
100000 0.1
110000 2.5
120000 3.2
130000 9.5
140000 8.7
150000 60.5
160000 144.1
170000 148.3
180000 135.1
190000 185.8
200000 185.8
210000 209.1
220000 209.9
230000 207.4
240000 229.4
250000 231.8
260000 221.8
270000 216.1
280000 228.4
290000 213.1
300000 230.6
310000 216.8
320000 228.1
330000 234.1
340000 234.0
350000 253.6
360000 229.7
370000 251.6
380000 270.4
390000 258.2
400000 271.0
410000 237.4
420000 274.9
430000 273.2
440000 247.3
450000 275.6
460000 278.8
470000 284.4
480000 285.5
490000 272.1
500000 281.4
510000 281.5
520000 284.1
530000 287.9
540000 300.7
550000 295.4
560000 263.7
570000 298.9
580000 297.8
590000 287.9
600000 273.5
610000 300.7
620000 282.4
630000 306.2
640000 276.2
650000 299.0
660000 303.7
670000 303.5
680000 314.1
690000 305.3
700000 309.2
710000 306.4
720000 305.2
730000 307.3
740000 307.2
750000 301.1
760000 277.2
770000 311.7
780000 287.8
790000 275.1
800000 309.9
810000 324.0
820000 322.9
830000 284.6
840000 317.8
850000 324.6
860000 320.0
870000 323.1
880000 314.6
890000 321.0
900000 326.2
910000 314.3
920000 306.3
930000 327.2
940000 328.6
950000 330.7
960000 328.2
970000 323.6
980000 329.0
990000 333.2
1000000 322.1
1010000 326.4
1020000 329.9
1030000 328.0
1040000 330.5
1050000 295.7
1060000 335.6
1070000 327.4
1080000 338.4
1090000 322.3
1100000 327.6
1110000 335.4
1120000 327.9
1130000 337.9
1140000 340.1
1150000 338.0
1160000 331.1
1170000 337.9
1180000 348.1
1190000 336.5
1200000 332.8
1210000 341.5
1220000 335.6
1230000 328.7
1240000 337.7
1250000 343.1
1260000 350.4
1270000 342.5
1280000 347.8
1290000 339.5
1300000 345.8
1310000 345.6
1320000 350.0
1330000 341.1
1340000 339.7
1350000 342.8
1360000 340.7
1370000 340.0
1380000 342.8
1390000 345.5
1400000 349.3
1410000 343.8
1420000 319.0
1430000 338.7
1440000 349.9
1450000 344.9
1460000 344.5
1470000 349.3
1480000 359.8
1490000 356.4
1500000 351.0
1510000 351.1
1520000 352.8
1530000 352.3
1540000 355.6
1550000 349.2
1560000 351.2
1570000 355.4
1580000 352.8
1590000 353.0
1600000 364.1
1610000 359.4
1620000 323.2
1630000 350.3
1640000 349.6
1650000 362.9
1660000 360.1
1670000 351.3
1680000 359.1
1690000 321.1
1700000 349.8
1710000 314.1
1720000 360.7
1730000 355.7
1740000 347.3
1750000 362.6
1760000 362.4
1770000 348.9
1780000 356.2
1790000 328.1
1800000 359.2
1810000 352.8
1820000 317.0
1830000 366.0
1840000 367.8
1850000 363.7
1860000 355.5
1870000 361.8
1880000 363.2
1890000 328.2
1900000 355.3
1910000 355.3
1920000 368.8
1930000 365.0
1940000 319.5
1950000 370.0
1960000 365.3
1970000 375.0
1980000 371.4
1990000 375.1
2000000 368.2
