10000 0.6
20000 0.0
30000 0.0
40000 1.3
50000 0.0
60000 1.0
70000 0.1
80000 0.1
90000 0.3
100000 0.1
110000 0.3
120000 0.7
130000 0.0
140000 0.0
150000 0.0
160000 0.4
170000 0.6
180000 0.0
190000 1.4
200000 0.2
210000 0.3
220000 0.0
230000 1.2
240000 0.2
250000 0.4
260000 1.7
270000 1.6
280000 0.0
290000 0.0
300000 1.4
310000 0.9
320000 1.1
330000 2.7
340000 0.1
350000 0.0
360000 0.4
370000 2.7
380000 0.9
390000 1.5
400000 0.0
410000 0.0
420000 2.1
430000 0.8
440000 2.3
450000 1.2
460000 1.0
470000 1.4
480000 0.8
490000 1.8
500000 1.0
510000 1.6
520000 2.7
530000 1.0
540000 0.4
550000 2.2
560000 1.1
570000 1.1
580000 1.8
590000 0.0
600000 0.0
610000 1.1
620000 0.8
630000 1.6
640000 1.9
650000 0.0
660000 1.3
670000 1.0
680000 0.4
690000 0.2
700000 0.0
710000 0.0
720000 0.7
730000 1.6
740000 0.1
750000 1.4
760000 1.1
770000 1.9
780000 0.3
790000 0.5
800000 1.6
810000 1.8
820000 0.1
830000 2.8
840000 0.7
850000 0.0
860000 4.0
870000 0.2
880000 2.5
890000 1.6
900000 0.5
910000 1.0
920000 0.3
930000 0.3
940000 1.3
950000 0.0
960000 2.8
970000 0.8
980000 0.1
990000 0.0
1000000 1.2
1010000 1.7
1020000 0.3
1030000 1.5
1040000 0.4
1050000 0.7
1060000 0.0
1070000 4.2
1080000 1.0
1090000 24.5
1100000 7.7
1110000 34.6
1120000 16.7
1130000 30.8
1140000 40.7
1150000 42.5
1160000 51.7
1170000 42.1
1180000 12.0
1190000 46.8
1200000 46.1
1210000 1.0
1220000 36.9
1230000 32.3
1240000 51.3
1250000 66.3
1260000 51.8
1270000 70.1
1280000 84.9
1290000 88.6
1300000 90.6
1310000 101.1
1320000 94.0
1330000 98.3
1340000 110.3
1350000 108.9
1360000 116.7
1370000 114.7
1380000 126.8
1390000 141.1
1400000 150.5
1410000 7.7
1420000 49.9
1430000 134.0
1440000 160.4
1450000 159.8
1460000 151.7
1470000 142.1
1480000 166.4
1490000 165.9
1500000 166.3
1510000 167.5
1520000 147.6
1530000 183.6
1540000 182.6
1550000 186.8
1560000 172.1
1570000 178.3
1580000 185.3
1590000 178.5
1600000 179.6
1610000 2.9
1620000 79.8
1630000 122.5
1640000 153.9
1650000 183.0
1660000 174.3
1670000 159.8
1680000 186.1
1690000 190.2
1700000 190.5
1710000 176.5
1720000 177.8
1730000 191.6
1740000 186.7
1750000 198.6
1760000 194.4
1770000 200.9
1780000 207.1
1790000 213.2
1800000 205.7
1810000 7.3
1820000 116.8
1830000 157.6
1840000 203.7
1850000 203.6
1860000 190.2
1870000 196.8
1880000 193.5
1890000 193.1
1900000 197.6
1910000 211.5
1920000 189.4
1930000 214.9
1940000 186.9
1950000 221.0
1960000 210.4
1970000 226.8
1980000 229.4
1990000 219.8
2000000 238.5
