10000 0.0
20000 0.0
30000 1.3
40000 0.9
50000 1.7
60000 1.6
70000 1.0
80000 0.9
90000 1.3
100000 0.0
110000 0.0
120000 3.1
130000 10.1
140000 7.8
150000 9.2
160000 100.2
170000 149.8
180000 113.5
190000 157.9
200000 140.5
210000 3.7
220000 161.6
230000 150.3
240000 162.6
250000 169.5
260000 189.8
270000 202.3
280000 204.8
290000 230.9
300000 243.0
310000 239.3
320000 248.5
330000 248.7
340000 239.0
350000 243.0
360000 261.4
370000 257.0
380000 259.0
390000 262.8
400000 263.9
410000 7.8
420000 216.7
430000 266.3
440000 269.3
450000 284.0
460000 282.7
470000 285.3
480000 287.7
490000 257.8
500000 286.3
510000 293.5
520000 291.5
530000 291.0
540000 298.4
550000 306.4
560000 305.6
570000 302.4
580000 300.5
590000 312.1
600000 309.9
610000 11.5
620000 205.4
630000 253.7
640000 284.3
650000 305.1
660000 310.1
670000 316.1
680000 308.7
690000 317.1
700000 310.6
710000 320.7
720000 318.6
730000 312.4
740000 318.2
750000 315.8
760000 324.2
770000 326.8
780000 329.9
790000 328.1
800000 318.2
810000 3.1
820000 214.1
830000 275.8
840000 309.3
850000 282.1
860000 312.9
870000 319.4
880000 327.5
890000 323.5
900000 332.9
910000 323.9
920000 325.9
930000 326.1
940000 340.0
950000 335.4
960000 330.3
970000 343.5
980000 334.1
990000 350.3
1000000 343.3
1010000 1.3
1020000 198.6
1030000 259.3
1040000 306.5
1050000 315.2
1060000 331.4
1070000 335.3
1080000 325.6
1090000 338.7
1100000 349.1
1110000 341.3
1120000 340.5
1130000 342.6
1140000 350.2
1150000 355.4
1160000 314.7
1170000 356.4
1180000 359.7
1190000 363.3
1200000 362.0
1210000 50.3
1220000 259.8
1230000 267.3
1240000 329.4
1250000 350.1
1260000 301.2
1270000 339.8
1280000 349.1
1290000 355.8
1300000 350.9
1310000 351.0
1320000 357.5
1330000 318.6
1340000 354.1
1350000 356.2
1360000 360.9
1370000 346.0
1380000 350.8
1390000 361.9
1400000 355.2
1410000 2.2
1420000 283.1
1430000 324.0
1440000 335.5
1450000 337.7
1460000 337.7
1470000 293.2
1480000 349.8
1490000 356.2
1500000 348.1
1510000 310.1
1520000 351.7
1530000 328.3
1540000 363.4
1550000 350.1
1560000 362.7
1570000 359.2
1580000 350.7
1590000 348.7
1600000 354.8
1610000 84.4
1620000 197.5
1630000 303.9
1640000 324.7
1650000 342.8
1660000 328.4
1670000 337.0
1680000 356.7
1690000 311.1
1700000 340.0
1710000 363.4
1720000 365.5
1730000 362.7
1740000 368.9
1750000 352.7
1760000 365.0
1770000 366.5
1780000 361.9
1790000 353.4
1800000 369.5
1810000 8.7
1820000 276.4
1830000 317.8
1840000 326.8
1850000 338.8
1860000 352.6
1870000 355.2
1880000 367.4
1890000 345.3
1900000 356.3
1910000 362.1
1920000 366.1
1930000 365.4
1940000 372.4
1950000 372.2
1960000 358.3
1970000 376.2
1980000 380.9
1990000 373.2
2000000 370.9
