10000 0.0
20000 0.0
30000 0.1
40000 0.4
50000 0.0
60000 0.0
70000 0.1
80000 1.0
90000 0.5
100000 0.5
110000 1.8
120000 0.3
130000 0.9
140000 2.3
150000 1.1
160000 0.1
170000 0.2
180000 0.0
190000 0.0
200000 0.8
210000 0.0
220000 1.8
230000 0.0
240000 0.1
250000 2.4
260000 0.8
270000 0.2
280000 0.0
290000 20.3
300000 41.2
310000 34.4
320000 18.7
330000 37.0
340000 38.8
350000 51.5
360000 63.7
370000 70.4
380000 83.6
390000 80.2
400000 106.9
410000 0.4
420000 10.2
430000 116.6
440000 121.5
450000 124.3
460000 139.5
470000 128.7
480000 138.6
490000 122.8
500000 146.8
510000 150.3
520000 147.7
530000 150.6
540000 151.8
550000 153.5
560000 143.7
570000 161.8
580000 153.9
590000 161.7
600000 169.8
610000 22.5
620000 111.3
630000 145.2
640000 166.2
650000 166.1
660000 169.4
670000 175.5
680000 173.0
690000 183.4
700000 183.7
710000 182.2
720000 190.6
730000 196.1
740000 197.1
750000 200.9
760000 194.2
770000 196.1
780000 196.2
790000 210.5
800000 210.1
810000 2.6
820000 165.0
830000 189.7
840000 209.6
850000 190.7
860000 219.3
870000 216.0
880000 217.8
890000 232.6
900000 225.4
910000 222.8
920000 203.4
930000 227.3
940000 221.1
950000 240.1
960000 227.3
970000 227.2
980000 233.0
990000 224.2
1000000 245.4
1010000 27.6
1020000 170.2
1030000 201.5
1040000 226.1
1050000 230.1
1060000 224.5
1070000 232.9
1080000 229.8
1090000 237.3
1100000 243.4
1110000 239.3
1120000 236.1
1130000 226.7
1140000 237.4
1150000 250.4
1160000 245.9
1170000 244.8
1180000 248.4
1190000 248.4
1200000 248.1
1210000 51.6
1220000 169.8
1230000 214.0
1240000 212.5
1250000 232.3
1260000 227.8
1270000 242.8
1280000 229.7
1290000 225.9
1300000 228.6
1310000 243.6
1320000 239.7
1330000 241.2
1340000 255.0
1350000 245.8
1360000 256.1
1370000 254.2
1380000 249.2
1390000 242.1
1400000 247.4
1410000 85.3
1420000 210.0
1430000 228.8
1440000 226.2
1450000 247.3
1460000 238.7
1470000 221.1
1480000 236.9
1490000 254.9
1500000 255.2
1510000 248.8
1520000 256.1
1530000 252.8
1540000 255.2
1550000 219.6
1560000 251.5
1570000 248.9
1580000 254.1
1590000 262.5
1600000 253.0
1610000 102.9
1620000 198.7
1630000 200.2
1640000 180.8
1650000 186.9
1660000 248.8
1670000 237.9
1680000 242.4
1690000 247.4
1700000 249.7
1710000 261.3
1720000 254.7
1730000 252.8
1740000 258.9
1750000 254.8
1760000 256.2
1770000 254.2
1780000 257.8
1790000 261.5
1800000 259.1
1810000 77.9
1820000 201.7
1830000 211.4
1840000 236.1
1850000 239.1
1860000 178.2
1870000 244.2
1880000 248.9
1890000 253.0
1900000 265.3
1910000 254.7
1920000 263.3
1930000 258.8
1940000 254.2
1950000 260.7
1960000 258.3
1970000 258.1
1980000 256.4
1990000 248.7
2000000 230.3
