10000 0.1
20000 0.6
30000 0.0
40000 1.0
50000 0.8
60000 0.0
70000 1.1
80000 0.5
90000 27.0
100000 11.2
110000 47.9
120000 18.0
130000 42.4
140000 51.6
150000 68.6
160000 64.0
170000 72.9
180000 80.8
190000 75.0
200000 90.6
210000 5.0
220000 58.1
230000 58.7
240000 74.8
250000 106.1
260000 96.6
270000 119.5
280000 105.1
290000 119.1
300000 130.7
310000 146.0
320000 140.1
330000 138.2
340000 131.9
350000 131.1
360000 141.2
370000 141.8
380000 154.7
390000 157.6
400000 170.2
410000 1.1
420000 63.0
430000 132.6
440000 140.5
450000 160.9
460000 180.3
470000 170.1
480000 178.6
490000 182.1
500000 189.4
510000 192.2
520000 190.6
530000 200.1
540000 205.0
550000 192.6
560000 213.6
570000 219.7
580000 218.3
590000 213.8
600000 223.7
610000 4.0
620000 157.1
630000 190.6
640000 185.1
650000 216.0
660000 211.7
670000 217.7
680000 227.6
690000 216.5
700000 223.2
710000 219.9
720000 211.5
730000 228.0
740000 232.1
750000 229.2
760000 232.8
770000 230.4
780000 241.5
790000 211.7
800000 228.8
810000 1.5
820000 29.6
830000 154.9
840000 203.9
850000 225.9
860000 226.1
870000 246.8
880000 239.6
890000 247.1
900000 236.8
910000 230.3
920000 208.1
930000 244.1
940000 241.7
950000 245.1
960000 250.2
970000 250.7
980000 252.4
990000 249.3
1000000 251.5
1010000 1.3
1020000 115.6
1030000 182.0
1040000 223.7
1050000 233.2
1060000 241.8
1070000 234.6
1080000 244.4
1090000 250.0
1100000 250.8
1110000 249.1
1120000 244.9
1130000 251.4
1140000 245.3
1150000 241.7
1160000 251.2
1170000 244.1
1180000 245.3
1190000 255.2
1200000 223.8
1210000 4.3
1220000 90.2
1230000 184.3
1240000 224.3
1250000 227.3
1260000 226.0
1270000 234.7
1280000 236.4
1290000 245.7
1300000 235.8
1310000 255.2
1320000 241.8
1330000 251.4
1340000 253.8
1350000 237.2
1360000 245.4
1370000 244.8
1380000 253.3
1390000 238.0
1400000 243.7
1410000 27.6
1420000 144.2
1430000 215.6
1440000 214.4
1450000 229.5
1460000 227.3
1470000 240.5
1480000 228.8
1490000 213.8
1500000 222.0
1510000 250.1
1520000 252.1
1530000 268.2
1540000 245.6
1550000 253.7
1560000 260.6
1570000 249.7
1580000 252.1
1590000 249.0
1600000 254.1
1610000 1.7
1620000 143.2
1630000 190.6
1640000 225.0
1650000 241.9
1660000 249.8
1670000 246.8
1680000 237.6
1690000 221.0
1700000 244.7
1710000 257.5
1720000 226.5
1730000 248.6
1740000 254.8
1750000 249.6
1760000 260.7
1770000 263.4
1780000 246.9
1790000 248.9
1800000 257.6
1810000 25.1
1820000 196.8
1830000 201.1
1840000 232.5
1850000 226.9
1860000 251.2
1870000 250.6
1880000 249.3
1890000 250.9
1900000 229.4
1910000 259.2
1920000 255.5
1930000 251.4
1940000 249.5
1950000 255.9
1960000 256.6
1970000 244.3
1980000 236.7
1990000 253.4
2000000 218.9
