10000 0.0
20000 0.0
30000 0.0
40000 0.1
50000 0.9
60000 0.0
70000 0.0
80000 0.0
90000 0.0
100000 0.8
110000 0.8
120000 0.0
130000 0.2
140000 0.0
150000 0.0
160000 0.0
170000 0.0
180000 0.0
190000 0.0
200000 0.0
210000 1.3
220000 0.0
230000 0.0
240000 1.1
250000 1.4
260000 0.0
270000 1.5
280000 0.8
290000 1.5
300000 3.5
310000 1.2
320000 1.0
330000 0.5
340000 0.9
350000 0.5
360000 1.2
370000 1.0
380000 0.0
390000 0.0
400000 1.0
410000 0.3
420000 0.7
430000 1.0
440000 0.4
450000 1.3
460000 0.0
470000 2.9
480000 1.1
490000 1.3
500000 1.5
510000 1.8
520000 1.3
530000 0.2
540000 3.9
550000 8.0
560000 7.5
570000 15.1
580000 17.6
590000 61.0
600000 82.0
610000 2.3
620000 1.7
630000 44.1
640000 132.2
650000 124.3
660000 125.4
670000 156.2
680000 133.2
690000 158.5
700000 162.3
710000 165.5
720000 177.6
730000 184.8
740000 162.1
750000 182.1
760000 211.4
770000 194.6
780000 208.1
790000 229.3
800000 235.7
810000 0.0
820000 233.0
830000 199.7
840000 236.7
850000 234.8
860000 247.3
870000 248.5
880000 262.2
890000 255.9
900000 247.5
910000 268.0
920000 241.8
930000 249.2
940000 269.4
950000 283.3
960000 293.9
970000 288.6
980000 268.5
990000 264.0
1000000 281.0
1010000 4.1
1020000 54.5
1030000 240.3
1040000 259.6
1050000 255.4
1060000 285.1
1070000 258.4
1080000 279.2
1090000 238.5
1100000 262.2
1110000 296.7
1120000 308.3
1130000 300.9
1140000 266.6
1150000 314.5
1160000 316.8
1170000 319.8
1180000 323.4
1190000 310.6
1200000 322.4
1210000 1.3
1220000 239.4
1230000 292.8
1240000 304.2
1250000 300.4
1260000 310.9
1270000 308.2
1280000 317.3
1290000 322.8
1300000 311.5
1310000 324.1
1320000 308.7
1330000 336.6
1340000 326.0
1350000 336.2
1360000 332.5
1370000 335.3
1380000 323.3
1390000 337.7
1400000 334.6
1410000 2.7
1420000 229.4
1430000 277.2
1440000 273.6
1450000 291.8
1460000 296.2
1470000 325.0
1480000 332.1
1490000 305.3
1500000 329.1
1510000 337.0
1520000 337.4
1530000 332.0
1540000 342.4
1550000 348.3
1560000 335.2
1570000 306.3
1580000 350.2
1590000 347.7
1600000 335.5
1610000 9.5
1620000 252.0
1630000 257.6
1640000 314.6
1650000 306.8
1660000 338.6
1670000 328.5
1680000 298.7
1690000 330.9
1700000 330.3
1710000 351.0
1720000 343.0
1730000 343.9
1740000 356.6
1750000 355.6
1760000 352.0
1770000 348.8
1780000 321.0
1790000 366.4
1800000 361.3
1810000 18.7
1820000 267.9
1830000 276.5
1840000 336.9
1850000 336.2
1860000 349.1
1870000 324.5
1880000 331.1
1890000 351.9
1900000 334.6
1910000 362.5
1920000 342.2
1930000 349.7
1940000 363.0
1950000 363.6
1960000 362.1
1970000 357.8
1980000 372.2
1990000 382.4
2000000 353.0
