10000 0.0
20000 0.0
30000 0.0
40000 0.0
50000 0.1
60000 0.0
70000 0.6
80000 0.0
90000 0.8
100000 0.1
110000 0.0
120000 0.0
130000 0.6
140000 0.0
150000 0.9
160000 0.4
170000 0.0
180000 1.9
190000 3.8
200000 40.4
210000 0.2
220000 8.5
230000 15.7
240000 25.0
250000 30.8
260000 36.0
270000 31.3
280000 38.5
290000 30.5
300000 36.8
310000 59.3
320000 83.0
330000 88.7
340000 83.4
350000 88.8
360000 80.7
370000 123.0
380000 141.7
390000 143.2
400000 137.8
410000 0.7
420000 70.7
430000 119.2
440000 132.1
450000 122.4
460000 135.2
470000 134.3
480000 157.9
490000 150.7
500000 135.1
510000 159.4
520000 178.8
530000 179.8
540000 182.8
550000 176.2
560000 172.2
570000 184.7
580000 193.2
590000 196.7
600000 173.2
610000 12.4
620000 45.7
630000 186.5
640000 153.9
650000 149.4
660000 183.3
670000 201.7
680000 201.6
690000 195.9
700000 187.2
710000 205.9
720000 175.9
730000 173.9
740000 199.4
750000 192.4
760000 206.7
770000 198.9
780000 209.9
790000 210.4
800000 221.7
810000 22.6
820000 114.0
830000 159.3
840000 199.1
850000 196.0
860000 210.9
870000 184.5
880000 210.5
890000 236.3
900000 214.2
910000 209.6
920000 217.2
930000 229.7
940000 235.3
950000 230.7
960000 238.3
970000 232.5
980000 224.6
990000 227.2
1000000 227.1
1010000 1.4
1020000 131.7
1030000 200.3
1040000 195.4
1050000 214.3
1060000 224.4
1070000 194.1
1080000 226.4
1090000 238.3
1100000 230.6
1110000 233.2
1120000 230.5
1130000 210.6
1140000 239.4
1150000 226.0
1160000 233.9
1170000 235.4
1180000 221.4
1190000 216.2
1200000 225.9
1210000 1.3
1220000 159.6
1230000 195.0
1240000 229.9
1250000 213.2
1260000 241.3
1270000 233.5
1280000 228.7
1290000 234.8
1300000 229.6
1310000 239.3
1320000 242.6
1330000 224.6
1340000 245.4
1350000 243.3
1360000 254.2
1370000 201.2
1380000 219.1
1390000 220.1
1400000 231.4
1410000 8.2
1420000 205.6
1430000 202.1
1440000 220.5
1450000 238.7
1460000 235.5
1470000 228.6
1480000 232.1
1490000 240.7
1500000 245.2
1510000 218.7
1520000 236.1
1530000 228.6
1540000 247.8
1550000 249.3
1560000 252.6
1570000 237.2
1580000 245.4
1590000 252.2
1600000 242.1
1610000 0.8
1620000 179.8
1630000 182.7
1640000 211.3
1650000 223.8
1660000 207.2
1670000 249.3
1680000 237.8
1690000 224.2
1700000 249.4
1710000 234.6
1720000 240.8
1730000 247.4
1740000 245.4
1750000 245.2
1760000 250.2
1770000 257.7
1780000 257.7
1790000 246.1
1800000 253.4
1810000 6.8
1820000 192.1
1830000 218.9
1840000 231.0
1850000 218.9
1860000 245.1
1870000 234.8
1880000 237.1
1890000 244.7
1900000 223.0
1910000 237.4
1920000 249.4
1930000 213.7
1940000 246.9
1950000 239.9
1960000 234.0
1970000 237.6
1980000 248.0
1990000 237.0
2000000 249.7
