10000 0.0
20000 0.0
30000 0.2
40000 1.7
50000 0.4
60000 0.0
70000 0.0
80000 2.2
90000 0.1
100000 2.4
110000 1.3
120000 4.2
130000 1.9
140000 6.1
150000 5.5
160000 45.4
170000 3.7
180000 13.5
190000 19.9
200000 30.4
210000 0.8
220000 39.4
230000 31.9
240000 53.0
250000 37.6
260000 63.6
270000 47.9
280000 85.0
290000 95.3
300000 60.8
310000 89.4
320000 107.2
330000 103.8
340000 126.9
350000 149.9
360000 143.9
370000 172.6
380000 162.0
390000 159.2
400000 182.4
410000 13.6
420000 101.8
430000 175.6
440000 166.4
450000 182.0
460000 192.6
470000 187.6
480000 200.0
490000 196.6
500000 197.4
510000 200.2
520000 191.2
530000 199.5
540000 195.6
550000 191.1
560000 200.3
570000 191.4
580000 200.4
590000 200.9
600000 202.5
610000 1.5
620000 130.3
630000 191.3
640000 195.2
650000 215.3
660000 208.4
670000 214.4
680000 217.7
690000 210.0
700000 209.3
710000 222.4
720000 201.6
730000 214.4
740000 212.8
750000 219.9
760000 222.8
770000 219.0
780000 225.5
790000 217.0
800000 222.0
810000 1.1
820000 71.6
830000 178.3
840000 194.6
850000 219.8
860000 210.0
870000 231.6
880000 214.7
890000 229.8
900000 227.3
910000 231.8
920000 215.9
930000 227.4
940000 234.5
950000 219.0
960000 230.2
970000 231.6
980000 239.9
990000 229.0
1000000 235.8
1010000 9.5
1020000 134.9
1030000 211.3
1040000 206.0
1050000 226.3
1060000 231.7
1070000 229.8
1080000 238.1
1090000 210.5
1100000 238.6
1110000 241.4
1120000 239.7
1130000 247.6
1140000 253.6
1150000 229.9
1160000 246.7
1170000 245.6
1180000 237.3
1190000 233.3
1200000 248.6
1210000 2.2
1220000 175.2
1230000 194.8
1240000 243.5
1250000 226.3
1260000 235.7
1270000 229.6
1280000 242.0
1290000 245.3
1300000 247.4
1310000 245.9
1320000 247.9
1330000 251.9
1340000 241.2
1350000 251.8
1360000 241.9
1370000 243.0
1380000 233.9
1390000 240.5
1400000 246.2
1410000 1.1
1420000 126.1
1430000 193.1
1440000 229.5
1450000 255.7
1460000 243.4
1470000 247.5
1480000 246.6
1490000 249.1
1500000 251.6
1510000 228.9
1520000 251.9
1530000 245.9
1540000 255.8
1550000 254.2
1560000 261.8
1570000 264.2
1580000 249.0
1590000 264.9
1600000 271.2
1610000 8.3
1620000 93.8
1630000 198.2
1640000 227.6
1650000 252.2
1660000 228.1
1670000 262.9
1680000 257.4
1690000 244.7
1700000 229.9
1710000 256.8
1720000 252.0
1730000 263.4
1740000 260.9
1750000 260.7
1760000 268.8
1770000 267.4
1780000 255.0
1790000 273.1
1800000 266.2
1810000 2.2
1820000 100.1
1830000 222.0
1840000 209.3
1850000 202.3
1860000 250.5
1870000 245.2
1880000 244.4
1890000 260.5
1900000 269.9
1910000 260.9
1920000 273.6
1930000 241.9
1940000 266.1
1950000 259.3
1960000 268.7
1970000 255.2
1980000 273.3
1990000 271.5
2000000 271.3
