10000 0.0
20000 0.0
30000 0.0
40000 0.1
50000 0.0
60000 0.0
70000 0.0
80000 0.0
90000 0.0
100000 0.0
110000 0.0
120000 0.0
130000 0.0
140000 0.0
150000 0.0
160000 0.0
170000 0.0
180000 0.0
190000 0.0
200000 0.0
210000 0.0
220000 0.0
230000 0.0
240000 0.5
250000 0.6
260000 1.2
270000 0.2
280000 1.6
290000 1.1
300000 1.4
310000 1.5
320000 1.0
330000 0.0
340000 2.7
350000 1.0
360000 1.9
370000 2.3
380000 0.9
390000 2.2
400000 1.3
410000 0.5
420000 0.0
430000 0.5
440000 3.0
450000 0.2
460000 0.7
470000 1.5
480000 14.6
490000 38.2
500000 39.3
510000 27.7
520000 21.8
530000 27.7
540000 35.6
550000 44.8
560000 45.1
570000 41.4
580000 52.8
590000 63.8
600000 69.4
610000 3.6
620000 12.7
630000 34.4
640000 51.8
650000 67.5
660000 86.0
670000 86.2
680000 99.2
690000 114.0
700000 119.8
710000 96.6
720000 118.5
730000 148.6
740000 161.1
750000 169.7
760000 166.2
770000 167.6
780000 177.8
790000 176.5
800000 183.5
810000 10.0
820000 114.5
830000 153.0
840000 163.1
850000 176.8
860000 179.3
870000 181.2
880000 180.7
890000 186.5
900000 184.4
910000 175.4
920000 186.7
930000 189.7
940000 171.8
950000 202.5
960000 196.2
970000 201.6
980000 186.2
990000 211.8
1000000 204.2
1010000 7.8
1020000 115.8
1030000 174.7
1040000 195.6
1050000 203.8
1060000 187.8
1070000 210.6
1080000 206.1
1090000 224.1
1100000 189.5
1110000 224.6
1120000 222.5
1130000 225.2
1140000 226.9
1150000 222.2
1160000 227.3
1170000 206.3
1180000 232.8
1190000 228.9
1200000 223.6
1210000 1.7
1220000 135.9
1230000 208.5
1240000 203.1
1250000 212.5
1260000 197.5
1270000 219.6
1280000 220.7
1290000 220.7
1300000 211.9
1310000 231.6
1320000 223.9
1330000 227.3
1340000 221.8
1350000 227.0
1360000 225.5
1370000 234.1
1380000 229.8
1390000 225.6
1400000 226.6
1410000 1.2
1420000 9.4
1430000 149.8
1440000 222.5
1450000 199.9
1460000 228.1
1470000 214.1
1480000 225.8
1490000 221.4
1500000 228.4
1510000 232.3
1520000 235.1
1530000 190.8
1540000 215.6
1550000 222.6
1560000 214.9
1570000 228.1
1580000 231.6
1590000 226.5
1600000 224.0
1610000 1.5
1620000 144.7
1630000 223.1
1640000 222.0
1650000 212.6
1660000 213.9
1670000 227.9
1680000 234.3
1690000 213.6
1700000 229.8
1710000 237.1
1720000 233.7
1730000 226.6
1740000 240.7
1750000 225.2
1760000 236.3
1770000 231.3
1780000 240.9
1790000 235.5
1800000 247.8
1810000 9.2
1820000 98.2
1830000 161.9
1840000 217.4
1850000 226.2
1860000 203.1
1870000 225.4
1880000 231.7
1890000 223.3
1900000 212.3
1910000 231.8
1920000 238.8
1930000 226.9
1940000 238.4
1950000 222.9
1960000 239.8
1970000 231.5
1980000 225.3
1990000 228.1
2000000 236.3
