10000 0.1
20000 0.0
30000 0.0
40000 0.0
50000 2.5
60000 0.4
70000 0.1
80000 0.3
90000 0.6
100000 0.0
110000 0.8
120000 0.0
130000 0.0
140000 0.0
150000 1.2
160000 0.3
170000 3.8
180000 0.0
190000 0.2
200000 0.0
210000 0.0
220000 0.8
230000 0.9
240000 1.2
250000 0.4
260000 0.3
270000 1.7
280000 0.0
290000 0.1
300000 2.4
310000 2.2
320000 0.1
330000 1.6
340000 1.7
350000 0.9
360000 0.2
370000 0.5
380000 1.0
390000 0.9
400000 1.4
410000 0.0
420000 0.0
430000 0.7
440000 0.8
450000 3.0
460000 37.4
470000 52.7
480000 25.1
490000 45.0
500000 34.4
510000 50.5
520000 62.1
530000 63.7
540000 65.1
550000 66.1
560000 68.9
570000 68.2
580000 73.6
590000 72.3
600000 60.1
610000 22.6
620000 47.9
630000 63.3
640000 103.4
650000 99.0
660000 120.1
670000 107.1
680000 139.0
690000 147.5
700000 125.7
710000 157.0
720000 159.8
730000 161.8
740000 151.9
750000 181.7
760000 176.9
770000 166.6
780000 184.9
790000 166.4
800000 184.4
810000 39.1
820000 164.0
830000 180.8
840000 185.3
850000 164.0
860000 162.4
870000 190.4
880000 189.9
890000 174.5
900000 173.5
910000 208.9
920000 201.7
930000 206.7
940000 211.2
950000 209.2
960000 209.9
970000 215.0
980000 211.9
990000 220.3
1000000 203.1
1010000 24.0
1020000 66.1
1030000 125.2
1040000 189.3
1050000 205.4
1060000 213.4
1070000 212.6
1080000 216.6
1090000 232.7
1100000 227.8
1110000 217.8
1120000 237.9
1130000 232.6
1140000 239.5
1150000 228.4
1160000 229.2
1170000 228.6
1180000 207.7
1190000 233.1
1200000 226.7
1210000 0.9
1220000 169.8
1230000 213.6
1240000 223.6
1250000 214.5
1260000 219.0
1270000 236.1
1280000 235.3
1290000 232.9
1300000 220.9
1310000 228.6
1320000 229.5
1330000 241.3
1340000 237.9
1350000 240.3
1360000 233.3
1370000 247.3
1380000 245.0
1390000 249.9
1400000 243.7
1410000 7.6
1420000 106.0
1430000 185.7
1440000 211.8
1450000 230.2
1460000 230.7
1470000 215.1
1480000 249.3
1490000 250.0
1500000 209.3
1510000 255.9
1520000 252.9
1530000 259.1
1540000 263.3
1550000 263.4
1560000 255.7
1570000 264.9
1580000 253.9
1590000 257.7
1600000 275.6
1610000 0.9
1620000 103.4
1630000 218.8
1640000 228.3
1650000 266.8
1660000 255.9
1670000 260.1
1680000 256.6
1690000 258.7
1700000 235.9
1710000 259.5
1720000 261.0
1730000 255.8
1740000 266.4
1750000 231.2
1760000 255.9
1770000 255.5
1780000 267.7
1790000 257.4
1800000 274.1
1810000 0.1
1820000 144.5
1830000 231.6
1840000 205.1
1850000 258.8
1860000 249.4
1870000 245.6
1880000 259.8
1890000 252.0
1900000 267.4
1910000 259.9
1920000 258.3
1930000 250.8
1940000 260.3
1950000 270.5
1960000 261.3
1970000 263.7
1980000 263.8
1990000 272.1
2000000 263.1
