10000 0.0
20000 0.4
30000 0.0
40000 2.2
50000 1.3
60000 1.5
70000 1.5
80000 4.7
90000 0.0
100000 10.9
110000 1.4
120000 6.0
130000 3.5
140000 90.1
150000 149.7
160000 149.0
170000 158.3
180000 157.9
190000 195.8
200000 207.6
210000 2.9
220000 215.6
230000 212.0
240000 246.3
250000 231.9
260000 228.8
270000 245.0
280000 262.2
290000 245.9
300000 267.6
310000 262.3
320000 282.8
330000 276.1
340000 285.6
350000 287.7
360000 255.2
370000 283.1
380000 291.9
390000 290.5
400000 296.9
410000 4.2
420000 232.8
430000 255.2
440000 248.9
450000 236.6
460000 287.7
470000 279.1
480000 295.0
490000 290.5
500000 295.3
510000 308.8
520000 301.9
530000 284.8
540000 311.3
550000 306.3
560000 280.9
570000 316.9
580000 306.9
590000 287.8
600000 274.4
610000 15.2
620000 229.7
630000 280.7
640000 287.5
650000 304.2
660000 312.1
670000 303.3
680000 315.6
690000 317.3
700000 315.2
710000 318.2
720000 318.5
730000 321.4
740000 304.7
750000 323.8
760000 303.6
770000 324.2
780000 335.5
790000 289.5
800000 319.8
810000 12.1
820000 256.4
830000 282.7
840000 324.0
850000 323.0
860000 321.7
870000 341.8
880000 343.8
890000 329.4
900000 331.6
910000 354.7
920000 341.8
930000 343.3
940000 349.6
950000 353.4
960000 349.0
970000 351.0
980000 358.7
990000 351.5
1000000 348.4
1010000 14.9
1020000 256.1
1030000 263.0
1040000 322.6
1050000 315.9
1060000 337.7
1070000 359.8
1080000 369.1
1090000 368.2
1100000 376.7
1110000 371.0
1120000 393.0
1130000 374.8
1140000 370.5
1150000 370.8
1160000 389.9
1170000 389.1
1180000 386.3
1190000 379.0
1200000 380.9
1210000 6.2
1220000 265.5
1230000 323.4
1240000 362.8
1250000 371.6
1260000 375.7
1270000 372.3
1280000 387.6
1290000 390.8
1300000 384.3
1310000 372.8
1320000 388.3
1330000 384.1
1340000 391.6
1350000 381.6
1360000 399.7
1370000 405.1
1380000 392.4
1390000 383.2
1400000 400.4
1410000 1.1
1420000 289.9
1430000 284.6
1440000 315.3
1450000 347.8
1460000 366.9
1470000 374.3
1480000 384.7
1490000 391.3
1500000 390.4
1510000 385.7
1520000 378.7
1530000 400.4
1540000 391.7
1550000 378.4
1560000 398.7
1570000 410.2
1580000 393.8
1590000 409.6
1600000 416.6
1610000 10.5
1620000 257.4
1630000 362.2
1640000 383.7
1650000 370.9
1660000 391.8
1670000 389.6
1680000 366.0
1690000 347.9
1700000 390.3
1710000 363.5
1720000 403.8
1730000 392.6
1740000 402.8
1750000 410.9
1760000 410.3
1770000 401.3
1780000 413.3
1790000 373.4
1800000 409.0
1810000 21.7
1820000 226.5
1830000 355.8
1840000 364.9
1850000 394.6
1860000 364.8
1870000 388.6
1880000 401.8
1890000 354.9
1900000 401.5
1910000 401.8
1920000 418.9
1930000 410.6
1940000 367.1
1950000 401.0
1960000 403.6
1970000 425.4
1980000 416.3
1990000 390.8
2000000 414.9
