5000 3.6
10000 4.0
15000 5.5
20000 5.9
25000 5.4
30000 4.1
35000 5.9
40000 5.2
45000 3.8
50000 3.2
55000 4.1
60000 4.9
65000 5.5
70000 6.0
75000 6.1
80000 5.3
85000 5.5
90000 5.5
95000 5.4
100000 4.7
105000 4.6
110000 8.3
115000 6.3
120000 7.2
125000 6.2
130000 7.0
135000 7.9
140000 7.3
145000 6.6
150000 5.6
155000 7.7
160000 6.3
165000 6.4
170000 6.5
175000 7.2
180000 7.4
185000 10.4
190000 19.6
195000 9.3
200000 36.6
205000 92.2
210000 82.7
215000 68.8
220000 125.2
225000 159.3
230000 201.1
235000 133.8
240000 185.2
245000 253.1
250000 256.6
255000 260.1
260000 254.0
265000 180.5
270000 192.5
275000 182.9
280000 278.3
285000 300.1
290000 335.9
295000 321.4
300000 294.4
305000 286.7
310000 294.2
315000 316.5
320000 353.4
325000 334.6
330000 369.7
335000 354.5
340000 352.7
345000 383.2
350000 362.5
355000 380.1
360000 378.2
365000 370.1
370000 417.5
375000 400.2
380000 416.6
385000 420.7
390000 426.9
395000 435.4
400000 432.3
405000 447.6
410000 441.1
415000 468.0
420000 493.6
425000 471.7
430000 486.0
435000 467.5
440000 506.9
445000 472.2
450000 492.6
455000 497.8
460000 472.7
465000 431.3
470000 501.3
475000 512.0
480000 507.2
485000 510.3
490000 509.0
495000 526.6
500000 525.1
505000 525.1
510000 555.5
515000 555.0
520000 550.9
525000 561.9
530000 565.1
535000 571.3
540000 543.4
545000 582.7
550000 583.1
555000 569.8
560000 565.1
565000 578.3
570000 563.2
575000 589.3
580000 580.2
585000 650.7
590000 597.8
595000 592.7
600000 575.4
605000 624.0
610000 612.8
615000 661.0
620000 685.2
625000 651.9
630000 625.2
635000 643.3
640000 663.4
645000 651.9
650000 716.9
655000 708.2
660000 661.8
665000 671.8
670000 779.9
675000 743.1
680000 637.0
685000 757.9
690000 681.4
695000 810.9
700000 769.7
705000 769.8
710000 737.4
715000 723.7
720000 758.7
725000 721.7
730000 738.7
735000 803.0
740000 781.4
745000 829.2
750000 816.3
755000 832.4
760000 778.6
765000 786.8
770000 766.8
775000 789.0
780000 755.2
785000 849.4
790000 758.2
795000 776.6
800000 414.2
805000 4.4
810000 4.2
815000 13.0
820000 4.4
825000 5.5
830000 3.1
835000 4.7
840000 35.6
845000 140.6
850000 211.4
855000 288.7
860000 21.9
865000 421.9
870000 344.3
875000 527.1
880000 172.7
885000 144.8
890000 6.7
895000 5.9
900000 4.4
905000 5.3
910000 18.4
915000 18.7
920000 131.3
925000 161.5
930000 436.4
935000 740.9
940000 767.5
945000 633.5
950000 732.1
955000 698.3
960000 700.1
965000 658.5
970000 681.0
975000 780.5
980000 815.5
985000 798.5
990000 722.7
995000 840.1
1000000 694.1
1005000 829.8
1010000 802.5
1015000 845.8
1020000 812.6
1025000 851.5
1030000 794.0
1035000 829.1
1040000 806.2
1045000 830.6
1050000 834.4
1055000 851.9
1060000 699.4
1065000 761.3
1070000 852.7
1075000 728.3
1080000 871.6
1085000 837.9
1090000 863.7
1095000 867.7
1100000 769.0
1105000 851.6
1110000 790.0
1115000 862.4
1120000 836.0
1125000 869.3
1130000 872.1
1135000 816.3
1140000 875.1
1145000 858.0
1150000 852.9
1155000 851.2
1160000 883.9
1165000 864.6
1170000 874.9
1175000 869.2
1180000 837.8
1185000 874.2
1190000 868.8
1195000 885.3
1200000 883.3
1205000 880.6
1210000 888.3
1215000 881.1
1220000 895.1
1225000 882.1
1230000 899.3
1235000 880.0
1240000 882.5
1245000 873.9
1250000 876.8
1255000 887.5
1260000 882.4
1265000 892.2
1270000 885.4
1275000 882.7
1280000 903.4
1285000 855.3
1290000 876.8
1295000 879.9
1300000 808.0
1305000 891.8
1310000 902.9
1315000 891.8
1320000 892.9
1325000 874.8
1330000 875.0
1335000 895.6
1340000 897.3
1345000 895.8
1350000 759.2
1355000 899.2
1360000 879.4
1365000 874.0
1370000 880.2
1375000 881.6
1380000 884.8
1385000 880.1
1390000 897.4
1395000 886.2
1400000 895.9
1405000 868.0
1410000 876.5
1415000 885.3
1420000 904.6
1425000 875.5
1430000 871.4
1435000 893.3
1440000 899.0
1445000 455.3
1450000 175.8
1455000 7.8
1460000 5.4
1465000 6.8
1470000 7.7
1475000 48.0
1480000 392.6
1485000 654.1
1490000 790.8
1495000 877.3
1500000 889.2
1505000 876.0
1510000 896.1
1515000 809.5
1520000 874.2
1525000 847.2
1530000 794.3
1535000 826.3
1540000 848.7
1545000 908.9
1550000 792.8
1555000 874.5
1560000 880.2
1565000 898.9
1570000 804.3
1575000 885.0
1580000 889.8
1585000 839.7
1590000 866.7
1595000 870.5
1600000 815.2
1605000 863.7
1610000 873.5
1615000 883.5
1620000 893.3
1625000 905.9
1630000 896.1
1635000 875.4
1640000 898.4
1645000 869.5
1650000 887.9
1655000 890.7
1660000 869.3
1665000 883.2
1670000 880.7
1675000 899.0
1680000 861.3
1685000 895.3
1690000 891.0
1695000 763.8
1700000 887.1
1705000 828.7
1710000 816.4
1715000 877.4
1720000 880.2
1725000 908.4
1730000 897.0
1735000 898.9
1740000 870.8
1745000 863.1
1750000 839.4
1755000 897.8
1760000 870.0
1765000 855.0
1770000 895.7
1775000 816.2
1780000 915.4
1785000 877.4
1790000 896.1
1795000 845.7
1800000 890.8
1805000 839.4
1810000 898.8
1815000 906.5
1820000 888.3
1825000 872.7
1830000 904.6
1835000 888.8
1840000 860.3
1845000 882.9
1850000 816.2
1855000 887.0
1860000 907.1
1865000 798.4
1870000 894.6
1875000 856.7
1880000 810.1
1885000 868.9
1890000 860.5
1895000 868.4
1900000 855.1
1905000 885.2
1910000 854.8
1915000 822.4
1920000 883.3
1925000 829.0
1930000 878.2
1935000 891.0
1940000 855.7
1945000 820.1
1950000 791.3
1955000 884.3
1960000 755.2
1965000 873.1
1970000 898.2
1975000 794.6
1980000 861.7
1985000 870.8
1990000 867.8
1995000 908.2
2000000 797.2
