5000 3.4
10000 4.0
15000 4.4
20000 5.5
25000 4.7
30000 2.8
35000 6.0
40000 5.0
45000 3.4
50000 4.9
55000 4.2
60000 4.2
65000 6.1
70000 4.9
75000 5.8
80000 7.6
85000 5.3
90000 6.4
95000 5.9
100000 5.5
105000 6.2
110000 4.7
115000 4.7
120000 9.8
125000 6.6
130000 7.6
135000 7.3
140000 7.4
145000 6.2
150000 8.4
155000 6.4
160000 6.1
165000 7.7
170000 6.7
175000 7.3
180000 6.2
185000 7.0
190000 7.6
195000 8.0
200000 7.4
205000 7.5
210000 7.0
215000 12.6
220000 29.4
225000 13.2
230000 56.8
235000 70.9
240000 77.5
245000 97.4
250000 41.0
255000 115.0
260000 64.3
265000 24.3
270000 136.0
275000 103.8
280000 131.4
285000 108.4
290000 122.5
295000 10.7
300000 11.9
305000 31.4
310000 149.4
315000 195.5
320000 242.5
325000 265.6
330000 222.8
335000 262.8
340000 226.1
345000 257.7
350000 88.2
355000 91.1
360000 195.9
365000 226.4
370000 205.3
375000 264.8
380000 317.1
385000 320.3
390000 347.0
395000 343.0
400000 334.8
405000 359.4
410000 368.3
415000 364.3
420000 415.4
425000 329.0
430000 331.4
435000 396.7
440000 363.6
445000 363.8
450000 341.0
455000 381.5
460000 397.6
465000 404.9
470000 427.2
475000 422.7
480000 405.0
485000 391.7
490000 454.6
495000 430.9
500000 446.5
505000 417.1
510000 473.2
515000 454.4
520000 547.1
525000 453.8
530000 531.2
535000 493.0
540000 616.3
545000 663.8
550000 563.1
555000 559.3
560000 567.4
565000 542.3
570000 550.6
575000 506.0
580000 615.7
585000 550.8
590000 610.3
595000 718.0
600000 738.1
605000 737.8
610000 715.0
615000 696.4
620000 706.6
625000 735.2
630000 789.2
635000 596.9
640000 803.3
645000 709.2
650000 721.5
655000 737.6
660000 771.2
665000 793.5
670000 762.3
675000 799.8
680000 728.6
685000 777.3
690000 791.3
695000 828.0
700000 806.7
705000 750.7
710000 808.0
715000 791.8
720000 739.5
725000 759.0
730000 803.5
735000 802.3
740000 794.5
745000 828.1
750000 809.6
755000 789.0
760000 829.8
765000 785.1
770000 822.8
775000 824.8
780000 822.9
785000 807.0
790000 805.8
795000 848.9
800000 731.5
805000 811.4
810000 856.5
815000 829.5
820000 863.1
825000 869.7
830000 858.6
835000 826.9
840000 387.6
845000 437.2
850000 597.6
855000 815.2
860000 839.9
865000 788.8
870000 826.8
875000 840.6
880000 848.9
885000 866.3
890000 857.0
895000 840.7
900000 851.6
905000 855.4
910000 874.2
915000 876.9
920000 859.6
925000 839.7
930000 848.0
935000 869.1
940000 836.4
945000 829.4
950000 862.8
955000 847.9
960000 870.2
965000 869.8
970000 863.3
975000 852.9
980000 826.0
985000 872.5
990000 870.7
995000 878.4
1000000 862.9
1005000 841.3
1010000 890.7
1015000 868.0
1020000 848.3
1025000 860.0
1030000 876.2
1035000 872.8
1040000 820.3
1045000 868.9
1050000 853.1
1055000 864.5
1060000 845.6
1065000 872.5
1070000 870.4
1075000 877.0
1080000 630.7
1085000 4.4
1090000 5.7
1095000 5.3
1100000 5.3
1105000 5.0
1110000 294.8
1115000 443.5
1120000 623.0
1125000 677.5
1130000 729.4
1135000 669.2
1140000 820.9
1145000 829.4
1150000 848.5
1155000 876.1
1160000 863.3
1165000 790.9
1170000 874.5
1175000 850.5
1180000 861.0
1185000 865.4
1190000 872.9
1195000 868.4
1200000 849.7
1205000 858.0
1210000 880.6
1215000 878.4
1220000 784.3
1225000 867.7
1230000 880.5
1235000 875.5
1240000 792.8
1245000 869.5
1250000 871.0
1255000 880.9
1260000 884.2
1265000 782.8
1270000 781.7
1275000 520.0
1280000 439.9
1285000 5.5
1290000 5.9
1295000 5.1
1300000 11.8
1305000 26.9
1310000 373.5
1315000 526.3
1320000 795.7
1325000 836.1
1330000 856.3
1335000 866.1
1340000 876.0
1345000 870.2
1350000 872.3
1355000 884.4
1360000 882.6
1365000 880.0
1370000 844.3
1375000 882.5
1380000 850.8
1385000 861.0
1390000 837.1
1395000 758.9
1400000 860.6
1405000 856.3
1410000 742.0
1415000 19.5
1420000 3.3
1425000 9.6
1430000 9.6
1435000 46.8
1440000 131.8
1445000 265.8
1450000 513.3
1455000 675.7
1460000 590.7
1465000 795.9
1470000 827.2
1475000 830.3
1480000 768.7
1485000 848.1
1490000 872.1
1495000 870.2
1500000 882.1
1505000 899.1
1510000 809.1
1515000 845.3
1520000 881.0
1525000 886.9
1530000 903.0
1535000 746.5
1540000 836.7
1545000 868.6
1550000 870.9
1555000 855.1
1560000 866.4
1565000 872.6
1570000 857.0
1575000 874.9
1580000 782.6
1585000 893.3
1590000 857.6
1595000 812.8
1600000 883.4
1605000 845.2
1610000 860.8
1615000 886.8
1620000 852.4
1625000 858.5
1630000 888.3
1635000 882.1
1640000 903.5
1645000 881.9
1650000 868.6
1655000 836.7
1660000 786.8
1665000 874.6
1670000 898.9
1675000 889.1
1680000 801.3
1685000 892.3
1690000 881.3
1695000 885.7
1700000 883.6
1705000 769.7
1710000 859.3
1715000 835.7
1720000 872.6
1725000 868.1
1730000 890.6
1735000 900.7
1740000 889.7
1745000 902.3
1750000 907.4
1755000 888.0
1760000 882.2
1765000 888.1
1770000 800.8
1775000 898.6
1780000 866.0
1785000 864.1
1790000 869.1
1795000 807.1
1800000 770.8
1805000 823.1
1810000 873.0
1815000 820.7
1820000 802.7
1825000 877.8
1830000 726.8
1835000 766.2
1840000 452.4
1845000 890.0
1850000 892.8
1855000 802.4
1860000 746.6
1865000 805.0
1870000 875.8
1875000 888.7
1880000 870.0
1885000 888.4
1890000 866.3
1895000 891.2
1900000 896.8
1905000 834.7
1910000 892.8
1915000 889.9
1920000 900.1
1925000 904.7
1930000 888.6
1935000 879.5
1940000 896.0
1945000 867.1
1950000 902.9
1955000 800.1
1960000 897.6
1965000 889.1
1970000 902.3
1975000 886.9
1980000 864.1
1985000 886.2
1990000 873.4
1995000 730.1
2000000 861.1
