5000 4.0
10000 4.1
15000 5.6
20000 5.9
25000 5.6
30000 3.4
35000 4.2
40000 5.3
45000 5.6
50000 5.3
55000 4.8
60000 3.4
65000 4.9
70000 6.3
75000 4.9
80000 7.0
85000 4.8
90000 6.4
95000 6.0
100000 6.1
105000 4.9
110000 8.2
115000 5.8
120000 5.6
125000 7.5
130000 8.5
135000 3.9
140000 6.2
145000 7.4
150000 8.0
155000 7.0
160000 9.4
165000 5.8
170000 7.3
175000 7.6
180000 4.1
185000 7.8
190000 8.3
195000 9.2
200000 7.2
205000 6.0
210000 7.7
215000 5.8
220000 6.7
225000 6.3
230000 7.1
235000 7.6
240000 8.0
245000 7.3
250000 7.0
255000 8.2
260000 7.8
265000 7.6
270000 6.8
275000 9.5
280000 9.2
285000 9.7
290000 8.2
295000 8.7
300000 15.1
305000 26.2
310000 19.6
315000 33.0
320000 21.8
325000 49.8
330000 109.9
335000 156.0
340000 181.8
345000 162.8
350000 177.4
355000 179.7
360000 207.9
365000 213.5
370000 207.1
375000 213.6
380000 221.4
385000 171.2
390000 240.8
395000 253.8
400000 230.8
405000 270.4
410000 264.3
415000 234.4
420000 310.4
425000 288.7
430000 304.9
435000 306.5
440000 307.2
445000 299.2
450000 299.1
455000 314.6
460000 307.3
465000 265.9
470000 320.5
475000 322.6
480000 298.2
485000 335.2
490000 360.3
495000 345.5
500000 344.5
505000 337.5
510000 351.8
515000 327.6
520000 324.3
525000 355.9
530000 370.6
535000 379.4
540000 337.5
545000 325.7
550000 262.3
555000 263.6
560000 365.9
565000 391.9
570000 378.9
575000 319.6
580000 402.5
585000 399.7
590000 411.7
595000 391.4
600000 394.4
605000 392.5
610000 390.8
615000 411.0
620000 414.7
625000 410.9
630000 405.2
635000 419.9
640000 435.2
645000 428.1
650000 415.5
655000 420.6
660000 432.8
665000 398.2
670000 436.0
675000 445.9
680000 428.0
685000 438.7
690000 427.6
695000 451.4
700000 421.7
705000 439.3
710000 462.7
715000 398.1
720000 445.3
725000 443.8
730000 437.3
735000 463.9
740000 424.5
745000 459.0
750000 442.4
755000 444.8
760000 447.5
765000 462.7
770000 451.4
775000 436.7
780000 465.5
785000 520.7
790000 453.4
795000 492.2
800000 475.1
805000 517.0
810000 526.3
815000 468.8
820000 492.8
825000 491.9
830000 487.4
835000 487.1
840000 496.1
845000 478.7
850000 471.7
855000 475.4
860000 510.8
865000 547.6
870000 573.5
875000 528.0
880000 489.1
885000 511.6
890000 509.6
895000 508.9
900000 573.6
905000 523.4
910000 505.0
915000 503.5
920000 586.2
925000 517.5
930000 535.8
935000 546.5
940000 526.3
945000 563.0
950000 477.0
955000 481.5
960000 513.2
965000 30.6
970000 13.5
975000 7.6
980000 383.9
985000 578.6
990000 649.5
995000 544.6
1000000 554.9
1005000 501.5
1010000 566.1
1015000 564.9
1020000 544.4
1025000 551.7
1030000 563.7
1035000 598.1
1040000 659.9
1045000 628.7
1050000 643.2
1055000 616.8
1060000 718.5
1065000 702.1
1070000 639.8
1075000 528.4
1080000 692.8
1085000 711.8
1090000 685.5
1095000 627.9
1100000 736.5
1105000 677.6
1110000 672.1
1115000 666.8
1120000 681.7
1125000 678.9
1130000 724.1
1135000 681.8
1140000 769.7
1145000 645.9
1150000 554.6
1155000 593.4
1160000 621.1
1165000 646.3
1170000 665.4
1175000 673.3
1180000 641.2
1185000 748.2
1190000 653.8
1195000 671.5
1200000 634.8
1205000 714.3
1210000 585.6
1215000 747.9
1220000 738.0
1225000 753.4
1230000 758.6
1235000 687.6
1240000 672.1
1245000 726.7
1250000 733.1
1255000 686.0
1260000 761.1
1265000 758.3
1270000 801.8
1275000 720.8
1280000 639.5
1285000 170.1
1290000 5.3
1295000 6.2
1300000 13.1
1305000 288.7
1310000 519.8
1315000 634.2
1320000 789.6
1325000 757.9
1330000 773.5
1335000 746.6
1340000 758.3
1345000 799.0
1350000 740.7
1355000 799.6
1360000 731.7
1365000 775.6
1370000 771.4
1375000 693.4
1380000 780.6
1385000 744.5
1390000 679.8
1395000 41.6
1400000 206.3
1405000 279.2
1410000 83.9
1415000 543.6
1420000 717.7
1425000 770.4
1430000 735.5
1435000 791.1
1440000 787.1
1445000 743.6
1450000 401.3
1455000 753.7
1460000 767.6
1465000 777.5
1470000 777.1
1475000 788.6
1480000 781.9
1485000 819.2
1490000 801.9
1495000 715.2
1500000 722.7
1505000 780.9
1510000 750.9
1515000 759.0
1520000 783.8
1525000 490.6
1530000 759.8
1535000 814.8
1540000 837.7
1545000 815.3
1550000 457.0
1555000 371.1
1560000 349.5
1565000 616.0
1570000 810.0
1575000 690.1
1580000 823.6
1585000 842.8
1590000 838.8
1595000 792.2
1600000 779.7
1605000 736.1
1610000 804.9
1615000 801.2
1620000 818.1
1625000 824.6
1630000 786.6
1635000 799.2
1640000 704.3
1645000 769.9
1650000 766.9
1655000 776.6
1660000 822.7
1665000 736.8
1670000 806.4
1675000 772.3
1680000 841.0
1685000 775.7
1690000 801.2
1695000 798.7
1700000 824.3
1705000 749.8
1710000 813.7
1715000 718.0
1720000 780.6
1725000 723.6
1730000 723.0
1735000 863.2
1740000 807.9
1745000 809.6
1750000 807.3
1755000 812.3
1760000 780.9
1765000 821.0
1770000 772.9
1775000 784.1
1780000 804.4
1785000 817.5
1790000 755.3
1795000 776.4
1800000 524.9
1805000 404.5
1810000 18.3
1815000 13.1
1820000 20.3
1825000 58.7
1830000 557.3
1835000 728.2
1840000 669.2
1845000 807.9
1850000 719.6
1855000 807.3
1860000 783.7
1865000 822.2
1870000 824.4
1875000 804.1
1880000 751.6
1885000 761.4
1890000 779.9
1895000 807.1
1900000 839.8
1905000 775.5
1910000 779.1
1915000 815.1
1920000 846.7
1925000 836.8
1930000 767.0
1935000 856.5
1940000 858.9
1945000 807.8
1950000 795.6
1955000 843.0
1960000 845.1
1965000 820.9
1970000 763.5
1975000 875.6
1980000 802.5
1985000 435.7
1990000 3.2
1995000 5.9
2000000 5.8
