5000 4.9
10000 3.7
15000 4.5
20000 4.9
25000 4.5
30000 5.1
35000 4.7
40000 5.6
45000 5.0
50000 5.7
55000 6.5
60000 6.2
65000 6.4
70000 4.9
75000 4.9
80000 5.1
85000 6.2
90000 6.2
95000 6.1
100000 6.4
105000 6.5
110000 6.2
115000 5.3
120000 5.4
125000 4.9
130000 6.9
135000 6.1
140000 8.4
145000 4.5
150000 7.8
155000 6.3
160000 7.3
165000 7.1
170000 4.6
175000 7.2
180000 8.8
185000 6.7
190000 7.3
195000 6.9
200000 8.5
205000 7.8
210000 8.8
215000 8.7
220000 8.1
225000 9.9
230000 19.3
235000 25.6
240000 168.3
245000 30.5
250000 132.3
255000 206.2
260000 148.9
265000 146.5
270000 215.4
275000 33.2
280000 117.9
285000 64.2
290000 258.6
295000 239.4
300000 269.6
305000 181.8
310000 129.8
315000 61.2
320000 261.5
325000 265.5
330000 357.1
335000 247.9
340000 216.5
345000 245.3
350000 73.5
355000 154.7
360000 369.7
365000 356.0
370000 342.0
375000 343.6
380000 341.9
385000 373.9
390000 407.8
395000 409.4
400000 416.1
405000 397.3
410000 371.9
415000 363.7
420000 433.3
425000 406.6
430000 436.5
435000 438.4
440000 436.5
445000 430.9
450000 474.8
455000 449.0
460000 423.4
465000 58.9
470000 67.4
475000 245.2
480000 483.5
485000 462.2
490000 433.6
495000 478.4
500000 482.5
505000 477.0
510000 486.1
515000 453.0
520000 476.4
525000 416.4
530000 512.5
535000 528.1
540000 522.5
545000 515.8
550000 499.2
555000 532.1
560000 513.3
565000 526.9
570000 529.7
575000 546.5
580000 522.2
585000 499.7
590000 551.2
595000 544.3
600000 566.0
605000 523.2
610000 492.6
615000 546.7
620000 542.2
625000 566.1
630000 596.7
635000 534.1
640000 559.8
645000 576.3
650000 559.5
655000 555.2
660000 582.0
665000 579.3
670000 566.5
675000 570.7
680000 587.9
685000 584.2
690000 546.6
695000 594.2
700000 562.5
705000 589.3
710000 665.8
715000 601.0
720000 621.3
725000 607.9
730000 563.9
735000 731.5
740000 585.5
745000 673.5
750000 685.3
755000 623.5
760000 578.7
765000 579.8
770000 621.0
775000 619.2
780000 539.3
785000 725.3
790000 635.6
795000 744.2
800000 644.5
805000 674.5
810000 653.6
815000 846.1
820000 755.3
825000 754.7
830000 781.4
835000 746.7
840000 689.9
845000 759.1
850000 781.7
855000 816.5
860000 716.4
865000 850.0
870000 830.4
875000 844.6
880000 831.4
885000 768.3
890000 858.9
895000 800.3
900000 798.6
905000 851.5
910000 753.2
915000 816.8
920000 823.3
925000 850.2
930000 863.3
935000 860.0
940000 827.3
945000 847.3
950000 876.5
955000 869.4
960000 834.8
965000 777.2
970000 880.0
975000 856.8
980000 858.1
985000 882.7
990000 868.5
995000 863.6
1000000 795.1
1005000 869.6
1010000 866.6
1015000 873.7
1020000 887.0
1025000 878.7
1030000 877.3
1035000 870.6
1040000 894.1
1045000 882.6
1050000 886.2
1055000 890.8
1060000 862.6
1065000 882.5
1070000 889.3
1075000 861.4
1080000 891.8
1085000 883.6
1090000 897.9
1095000 858.3
1100000 884.7
1105000 892.8
1110000 900.3
1115000 894.5
1120000 901.7
1125000 873.6
1130000 890.8
1135000 879.5
1140000 884.5
1145000 889.0
1150000 887.8
1155000 893.6
1160000 902.2
1165000 882.4
1170000 880.2
1175000 905.5
1180000 910.1
1185000 897.1
1190000 896.2
1195000 883.1
1200000 864.0
1205000 904.4
1210000 894.9
1215000 895.9
1220000 902.5
1225000 903.0
1230000 889.4
1235000 885.2
1240000 907.9
1245000 903.5
1250000 891.2
1255000 894.8
1260000 871.7
1265000 887.7
1270000 907.4
1275000 898.1
1280000 884.7
1285000 887.0
1290000 4.7
1295000 2.6
1300000 5.4
1305000 7.3
1310000 4.3
1315000 6.7
1320000 6.2
1325000 4.9
1330000 8.4
1335000 9.2
1340000 32.6
1345000 39.1
1350000 73.5
1355000 101.1
1360000 147.6
1365000 228.8
1370000 315.0
1375000 374.6
1380000 350.3
1385000 4.4
1390000 7.6
1395000 83.4
1400000 135.2
1405000 236.1
1410000 41.7
1415000 15.9
1420000 5.4
1425000 4.6
1430000 10.2
1435000 17.6
1440000 86.0
1445000 149.8
1450000 313.4
1455000 442.9
1460000 579.5
1465000 465.7
1470000 380.4
1475000 313.6
1480000 499.7
1485000 625.2
1490000 610.5
1495000 321.4
1500000 842.5
1505000 862.8
1510000 766.6
1515000 677.5
1520000 785.6
1525000 648.7
1530000 818.2
1535000 853.9
1540000 807.8
1545000 345.4
1550000 331.3
1555000 278.2
1560000 376.8
1565000 498.1
1570000 484.9
1575000 629.7
1580000 771.6
1585000 881.3
1590000 826.1
1595000 767.9
1600000 854.1
1605000 811.2
1610000 751.0
1615000 882.7
1620000 831.4
1625000 801.9
1630000 895.8
1635000 857.8
1640000 891.0
1645000 886.7
1650000 893.3
1655000 873.5
1660000 853.8
1665000 844.5
1670000 864.0
1675000 852.3
1680000 874.7
1685000 863.0
1690000 855.5
1695000 795.4
1700000 355.6
1705000 87.2
1710000 2.9
1715000 5.3
1720000 3.9
1725000 6.1
1730000 6.3
1735000 60.6
1740000 356.7
1745000 317.7
1750000 639.5
1755000 851.7
1760000 807.7
1765000 892.5
1770000 873.2
1775000 879.7
1780000 891.9
1785000 880.8
1790000 901.4
1795000 882.3
1800000 861.3
1805000 857.9
1810000 866.0
1815000 884.0
1820000 810.5
1825000 863.2
1830000 865.1
1835000 853.4
1840000 902.6
1845000 851.6
1850000 794.8
1855000 783.6
1860000 399.4
1865000 22.6
1870000 6.5
1875000 15.3
1880000 8.1
1885000 136.2
1890000 142.5
1895000 382.1
1900000 586.2
1905000 866.1
1910000 780.4
1915000 871.9
1920000 895.1
1925000 880.6
1930000 834.2
1935000 890.5
1940000 846.0
1945000 806.9
1950000 864.7
1955000 829.2
1960000 855.0
1965000 881.9
1970000 885.3
1975000 888.9
1980000 812.8
1985000 820.8
1990000 800.0
1995000 861.2
2000000 824.5
