5000 4.2
10000 5.3
15000 4.6
20000 4.4
25000 6.0
30000 2.8
35000 3.0
40000 3.0
45000 5.0
50000 2.9
55000 2.9
60000 3.6
65000 5.1
70000 5.1
75000 5.3
80000 5.7
85000 3.5
90000 5.4
95000 5.1
100000 4.8
105000 4.4
110000 6.6
115000 5.8
120000 7.5
125000 4.4
130000 6.4
135000 4.5
140000 5.9
145000 8.3
150000 6.1
155000 7.4
160000 10.3
165000 7.5
170000 7.6
175000 12.4
180000 11.8
185000 17.7
190000 9.2
195000 7.3
200000 7.2
205000 12.9
210000 7.8
215000 14.3
220000 10.6
225000 24.1
230000 74.4
235000 82.8
240000 74.9
245000 97.4
250000 97.9
255000 140.1
260000 105.0
265000 106.9
270000 180.0
275000 179.6
280000 128.4
285000 166.4
290000 228.6
295000 256.1
300000 234.8
305000 246.1
310000 218.4
315000 240.5
320000 265.9
325000 252.9
330000 251.9
335000 263.3
340000 320.0
345000 318.6
350000 309.1
355000 293.5
360000 312.6
365000 327.5
370000 314.8
375000 322.0
380000 328.4
385000 327.0
390000 341.1
395000 339.1
400000 341.5
405000 321.1
410000 359.4
415000 357.8
420000 340.2
425000 375.8
430000 364.1
435000 391.0
440000 347.2
445000 360.9
450000 388.2
455000 395.9
460000 374.9
465000 386.2
470000 396.2
475000 372.1
480000 390.6
485000 395.3
490000 412.1
495000 410.1
500000 418.3
505000 431.7
510000 384.6
515000 446.7
520000 457.3
525000 379.2
530000 432.9
535000 431.4
540000 426.6
545000 406.6
550000 453.7
555000 475.0
560000 459.3
565000 462.4
570000 452.9
575000 448.9
580000 322.2
585000 55.9
590000 5.1
595000 6.1
600000 6.3
605000 6.5
610000 7.0
615000 284.9
620000 379.6
625000 390.1
630000 455.6
635000 476.8
640000 484.5
645000 458.4
650000 457.3
655000 474.1
660000 464.8
665000 502.5
670000 486.9
675000 472.4
680000 488.0
685000 497.1
690000 498.7
695000 487.6
700000 502.5
705000 494.0
710000 501.3
715000 503.2
720000 507.4
725000 497.0
730000 523.6
735000 507.9
740000 502.8
745000 512.9
750000 510.7
755000 535.1
760000 508.2
765000 530.6
770000 537.9
775000 502.9
780000 548.2
785000 542.3
790000 506.1
795000 532.8
800000 517.7
805000 557.3
810000 528.4
815000 585.9
820000 549.4
825000 561.5
830000 554.2
835000 530.9
840000 536.4
845000 569.0
850000 582.0
855000 564.9
860000 566.9
865000 575.6
870000 575.6
875000 549.0
880000 601.5
885000 567.1
890000 548.6
895000 578.7
900000 560.7
905000 572.8
910000 563.2
915000 552.0
920000 625.1
925000 595.1
930000 650.5
935000 593.6
940000 653.3
945000 633.3
950000 633.2
955000 620.9
960000 647.7
965000 620.2
970000 641.8
975000 682.4
980000 638.6
985000 672.0
990000 677.5
995000 696.5
1000000 705.3
1005000 688.5
1010000 687.1
1015000 655.6
1020000 686.2
1025000 660.6
1030000 674.2
1035000 702.8
1040000 696.6
1045000 703.3
1050000 753.7
1055000 738.9
1060000 692.4
1065000 744.6
1070000 786.8
1075000 647.7
1080000 648.8
1085000 781.8
1090000 768.1
1095000 728.1
1100000 763.2
1105000 736.2
1110000 810.2
1115000 752.8
1120000 748.3
1125000 785.0
1130000 805.3
1135000 786.0
1140000 742.9
1145000 751.5
1150000 794.3
1155000 789.2
1160000 789.1
1165000 788.3
1170000 820.4
1175000 818.4
1180000 787.0
1185000 812.9
1190000 832.9
1195000 811.7
1200000 810.2
1205000 811.2
1210000 848.7
1215000 793.2
1220000 827.1
1225000 830.7
1230000 850.5
1235000 745.7
1240000 850.9
1245000 796.5
1250000 825.8
1255000 823.0
1260000 789.2
1265000 827.8
1270000 822.2
1275000 847.8
1280000 836.0
1285000 839.1
1290000 844.6
1295000 837.9
1300000 828.4
1305000 855.6
1310000 839.2
1315000 834.0
1320000 824.8
1325000 834.8
1330000 797.8
1335000 854.3
1340000 828.5
1345000 868.9
1350000 871.5
1355000 847.0
1360000 846.4
1365000 841.4
1370000 847.8
1375000 856.5
1380000 741.4
1385000 844.8
1390000 854.2
1395000 833.0
1400000 849.2
1405000 834.4
1410000 846.1
1415000 785.9
1420000 777.2
1425000 815.2
1430000 822.7
1435000 801.0
1440000 823.7
1445000 866.8
1450000 872.1
1455000 823.1
1460000 844.5
1465000 874.3
1470000 847.7
1475000 848.2
1480000 825.1
1485000 825.5
1490000 863.0
1495000 847.6
1500000 866.1
1505000 808.1
1510000 817.2
1515000 827.5
1520000 872.4
1525000 813.9
1530000 863.1
1535000 796.5
1540000 854.5
1545000 869.3
1550000 853.5
1555000 816.4
1560000 847.2
1565000 825.9
1570000 857.3
1575000 847.6
1580000 844.7
1585000 856.0
1590000 881.4
1595000 849.2
1600000 841.7
1605000 882.8
1610000 859.6
1615000 861.5
1620000 878.7
1625000 859.3
1630000 866.8
1635000 790.5
1640000 776.8
1645000 867.4
1650000 869.5
1655000 878.1
1660000 860.9
1665000 872.4
1670000 871.7
1675000 857.9
1680000 859.1
1685000 872.9
1690000 824.8
1695000 895.5
1700000 849.2
1705000 863.1
1710000 868.1
1715000 844.8
1720000 841.4
1725000 851.1
1730000 851.1
1735000 872.6
1740000 888.7
1745000 858.5
1750000 886.0
1755000 871.1
1760000 872.3
1765000 857.8
1770000 876.7
1775000 812.1
1780000 856.7
1785000 884.4
1790000 856.2
1795000 839.6
1800000 876.7
1805000 831.7
1810000 887.7
1815000 863.4
1820000 856.2
1825000 882.5
1830000 803.2
1835000 892.3
1840000 822.8
1845000 860.6
1850000 884.6
1855000 850.8
1860000 890.4
1865000 853.5
1870000 823.8
1875000 855.8
1880000 871.9
1885000 858.7
1890000 877.3
1895000 877.2
1900000 883.6
1905000 866.5
1910000 872.2
1915000 870.5
1920000 748.5
1925000 856.0
1930000 863.5
1935000 816.1
1940000 869.9
1945000 875.5
1950000 826.3
1955000 871.5
1960000 874.3
1965000 871.4
1970000 854.7
1975000 867.3
1980000 740.6
1985000 857.4
1990000 873.1
1995000 880.3
2000000 850.8
