5000 4.5
10000 5.0
15000 5.2
20000 3.3
25000 3.3
30000 5.5
35000 3.8
40000 4.4
45000 4.1
50000 5.5
55000 4.7
60000 6.8
65000 6.8
70000 6.4
75000 3.8
80000 7.2
85000 5.6
90000 6.0
95000 7.9
100000 5.9
105000 6.5
110000 7.4
115000 7.3
120000 7.7
125000 7.1
130000 7.2
135000 6.9
140000 7.9
145000 8.9
150000 9.9
155000 8.7
160000 7.7
165000 9.1
170000 9.1
175000 18.9
180000 11.8
185000 9.1
190000 10.3
195000 11.3
200000 49.4
205000 21.1
210000 16.6
215000 30.0
220000 24.5
225000 54.5
230000 67.1
235000 43.6
240000 129.8
245000 138.4
250000 132.2
255000 50.9
260000 129.3
265000 181.5
270000 245.8
275000 197.4
280000 174.1
285000 265.3
290000 250.2
295000 277.4
300000 293.1
305000 307.7
310000 311.4
315000 280.2
320000 358.0
325000 366.7
330000 369.7
335000 354.7
340000 381.8
345000 348.0
350000 355.0
355000 317.0
360000 293.4
365000 389.1
370000 409.0
375000 380.3
380000 403.6
385000 440.1
390000 416.5
395000 432.9
400000 450.6
405000 433.3
410000 445.1
415000 435.2
420000 420.8
425000 369.3
430000 454.9
435000 470.2
440000 432.2
445000 441.0
450000 453.2
455000 463.2
460000 468.3
465000 485.5
470000 444.9
475000 387.3
480000 486.0
485000 510.3
490000 497.7
495000 492.6
500000 466.0
505000 525.2
510000 510.3
515000 517.4
520000 537.3
525000 532.9
530000 539.9
535000 552.8
540000 475.1
545000 537.9
550000 562.8
555000 579.2
560000 579.3
565000 566.0
570000 556.8
575000 565.8
580000 559.5
585000 582.8
590000 558.6
595000 549.8
600000 560.9
605000 569.0
610000 608.6
615000 653.4
620000 612.4
625000 640.8
630000 626.2
635000 605.4
640000 667.2
645000 776.3
650000 807.0
655000 723.3
660000 777.6
665000 818.6
670000 837.0
675000 833.5
680000 835.5
685000 790.2
690000 839.0
695000 857.7
700000 828.4
705000 833.3
710000 524.2
715000 98.5
720000 8.9
725000 41.2
730000 224.7
735000 532.1
740000 694.3
745000 818.1
750000 683.3
755000 825.0
760000 830.4
765000 796.7
770000 864.3
775000 827.5
780000 844.6
785000 859.0
790000 837.9
795000 871.6
800000 878.8
805000 867.0
810000 878.5
815000 853.1
820000 875.7
825000 864.1
830000 591.4
835000 271.2
840000 277.9
845000 629.0
850000 872.5
855000 848.1
860000 876.8
865000 870.0
870000 862.2
875000 880.6
880000 873.4
885000 895.0
890000 879.8
895000 891.3
900000 828.2
905000 878.9
910000 873.8
915000 883.0
920000 888.4
925000 877.0
930000 886.4
935000 880.9
940000 895.1
945000 897.0
950000 888.9
955000 888.6
960000 877.8
965000 877.9
970000 868.4
975000 891.4
980000 890.3
985000 872.5
990000 877.2
995000 885.1
1000000 882.9
1005000 887.3
1010000 890.9
1015000 883.7
1020000 898.2
1025000 877.5
1030000 634.6
1035000 805.4
1040000 888.4
1045000 878.0
1050000 181.0
1055000 349.5
1060000 10.0
1065000 48.1
1070000 808.0
1075000 886.5
1080000 870.1
1085000 880.6
1090000 865.4
1095000 885.1
1100000 887.0
1105000 889.5
1110000 884.7
1115000 883.9
1120000 880.2
1125000 891.6
1130000 893.6
1135000 888.2
1140000 868.9
1145000 888.5
1150000 892.3
1155000 888.9
1160000 891.7
1165000 900.1
1170000 881.1
1175000 897.8
1180000 897.2
1185000 886.7
1190000 892.9
1195000 876.5
1200000 893.3
1205000 880.3
1210000 882.6
1215000 869.7
1220000 876.7
1225000 889.2
1230000 891.8
1235000 877.2
1240000 882.4
1245000 897.4
1250000 878.8
1255000 862.7
1260000 891.2
1265000 885.9
1270000 872.9
1275000 890.7
1280000 893.7
1285000 900.3
1290000 872.8
1295000 889.1
1300000 896.3
1305000 896.8
1310000 899.5
1315000 893.7
1320000 892.3
1325000 881.1
1330000 889.2
1335000 881.7
1340000 889.9
1345000 874.1
1350000 885.4
1355000 891.2
1360000 901.6
1365000 901.4
1370000 876.3
1375000 891.3
1380000 892.6
1385000 886.7
1390000 893.6
1395000 893.7
1400000 891.2
1405000 897.1
1410000 874.4
1415000 891.7
1420000 884.3
1425000 875.9
1430000 900.5
1435000 897.0
1440000 893.0
1445000 907.3
1450000 905.9
1455000 892.3
1460000 894.4
1465000 890.3
1470000 871.5
1475000 890.0
1480000 902.2
1485000 889.7
1490000 881.6
1495000 908.7
1500000 902.7
1505000 896.5
1510000 879.1
1515000 898.5
1520000 896.6
1525000 877.8
1530000 907.6
1535000 897.2
1540000 895.3
1545000 887.1
1550000 880.8
1555000 897.5
1560000 899.5
1565000 885.5
1570000 905.1
1575000 870.6
1580000 757.7
1585000 912.2
1590000 865.2
1595000 868.1
1600000 890.1
1605000 889.3
1610000 853.7
1615000 895.5
1620000 895.8
1625000 878.3
1630000 886.0
1635000 896.0
1640000 901.9
1645000 884.5
1650000 845.5
1655000 835.6
1660000 911.9
1665000 896.4
1670000 886.6
1675000 837.2
1680000 819.6
1685000 837.7
1690000 866.7
1695000 883.8
1700000 906.6
1705000 861.0
1710000 903.7
1715000 894.9
1720000 892.9
1725000 879.5
1730000 909.3
1735000 876.2
1740000 899.0
1745000 875.8
1750000 863.2
1755000 879.6
1760000 896.1
1765000 888.6
1770000 894.3
1775000 888.5
1780000 853.2
1785000 859.5
1790000 885.0
1795000 877.4
1800000 877.1
1805000 864.5
1810000 828.0
1815000 859.2
1820000 898.3
1825000 885.8
1830000 899.4
1835000 911.1
1840000 886.4
1845000 830.3
1850000 859.7
1855000 790.6
1860000 811.8
1865000 873.7
1870000 881.3
1875000 883.4
1880000 828.4
1885000 884.9
1890000 893.9
1895000 893.5
1900000 891.2
1905000 880.8
1910000 898.3
1915000 907.7
1920000 889.5
1925000 889.9
1930000 883.4
1935000 887.5
1940000 820.8
1945000 775.5
1950000 730.8
1955000 522.1
1960000 7.3
1965000 6.1
1970000 4.6
1975000 8.7
1980000 25.2
1985000 149.8
1990000 250.2
1995000 459.2
2000000 587.5
