5000 3.4
10000 5.9
15000 4.7
20000 5.2
25000 4.5
30000 5.5
35000 4.3
40000 5.3
45000 4.3
50000 4.8
55000 4.8
60000 7.6
65000 6.9
70000 6.2
75000 4.8
80000 5.2
85000 6.6
90000 6.1
95000 4.3
100000 4.9
105000 5.0
110000 5.9
115000 4.8
120000 5.9
125000 5.5
130000 6.0
135000 5.2
140000 5.5
145000 5.0
150000 5.6
155000 8.3
160000 5.4
165000 5.3
170000 5.5
175000 5.7
180000 7.6
185000 6.2
190000 6.1
195000 5.9
200000 8.9
205000 6.5
210000 7.9
215000 6.1
220000 7.9
225000 6.7
230000 8.1
235000 10.5
240000 6.3
245000 8.1
250000 36.6
255000 24.3
260000 16.7
265000 24.6
270000 35.0
275000 47.0
280000 119.6
285000 73.3
290000 138.9
295000 195.8
300000 239.9
305000 255.5
310000 290.0
315000 222.8
320000 241.0
325000 308.2
330000 269.6
335000 271.3
340000 281.0
345000 342.4
350000 363.5
355000 327.6
360000 322.1
365000 344.1
370000 343.0
375000 359.8
380000 339.9
385000 323.6
390000 398.1
395000 294.0
400000 5.3
405000 7.0
410000 15.2
415000 304.8
420000 429.7
425000 437.0
430000 414.8
435000 442.6
440000 482.0
445000 483.9
450000 456.3
455000 489.8
460000 496.5
465000 496.0
470000 503.7
475000 495.2
480000 513.3
485000 492.7
490000 491.1
495000 516.9
500000 518.1
505000 515.5
510000 563.4
515000 567.1
520000 537.9
525000 543.9
530000 310.7
535000 193.3
540000 464.4
545000 594.6
550000 600.6
555000 577.0
560000 585.5
565000 574.2
570000 627.2
575000 611.5
580000 711.5
585000 812.6
590000 590.2
595000 759.0
600000 695.4
605000 693.2
610000 648.3
615000 443.0
620000 342.9
625000 292.5
630000 229.2
635000 749.8
640000 762.7
645000 673.0
650000 674.4
655000 739.4
660000 795.9
665000 764.1
670000 859.0
675000 830.9
680000 868.3
685000 851.9
690000 864.6
695000 871.7
700000 842.4
705000 872.5
710000 854.4
715000 867.3
720000 869.8
725000 888.6
730000 871.2
735000 864.4
740000 878.6
745000 791.5
750000 881.7
755000 876.5
760000 879.9
765000 849.2
770000 871.2
775000 889.6
780000 870.7
785000 860.2
790000 888.0
795000 871.5
800000 888.7
805000 887.0
810000 888.8
815000 862.5
820000 874.0
825000 895.0
830000 876.7
835000 801.7
840000 883.6
845000 880.8
850000 888.4
855000 888.0
860000 888.9
865000 878.8
870000 884.9
875000 897.2
880000 890.1
885000 886.3
890000 891.7
895000 900.9
900000 903.5
905000 903.1
910000 898.0
915000 897.6
920000 902.6
925000 895.0
930000 891.7
935000 825.5
940000 905.5
945000 899.8
950000 909.1
955000 898.6
960000 885.3
965000 916.8
970000 908.6
975000 909.5
980000 895.0
985000 889.7
990000 896.3
995000 899.4
1000000 899.7
1005000 904.5
1010000 907.9
1015000 900.7
1020000 904.7
1025000 900.2
1030000 906.5
1035000 912.7
1040000 907.5
1045000 916.7
1050000 908.0
1055000 908.9
1060000 899.5
1065000 814.3
1070000 874.3
1075000 902.6
1080000 902.1
1085000 851.2
1090000 897.8
1095000 900.8
1100000 888.5
1105000 899.4
1110000 906.4
1115000 903.8
1120000 901.1
1125000 902.9
1130000 905.8
1135000 897.3
1140000 909.4
1145000 903.5
1150000 895.5
1155000 908.5
1160000 914.6
1165000 891.6
1170000 915.7
1175000 913.5
1180000 902.0
1185000 906.1
1190000 909.7
1195000 907.0
1200000 909.9
1205000 901.5
1210000 889.2
1215000 920.7
1220000 894.1
1225000 908.6
1230000 895.5
1235000 759.3
1240000 895.8
1245000 909.1
1250000 907.0
1255000 902.5
1260000 871.6
1265000 807.2
1270000 897.9
1275000 890.3
1280000 867.0
1285000 868.1
1290000 895.2
1295000 882.0
1300000 890.3
1305000 835.8
1310000 869.9
1315000 848.3
1320000 916.6
1325000 891.0
1330000 879.7
1335000 896.2
1340000 903.6
1345000 905.2
1350000 903.5
1355000 908.7
1360000 889.6
1365000 907.2
1370000 907.4
1375000 893.1
1380000 901.5
1385000 718.0
1390000 336.5
1395000 7.2
1400000 15.1
1405000 83.6
1410000 424.8
1415000 693.0
1420000 818.0
1425000 803.5
1430000 840.0
1435000 798.5
1440000 884.8
1445000 881.6
1450000 894.3
1455000 863.0
1460000 830.0
1465000 850.0
1470000 909.9
1475000 902.6
1480000 898.4
1485000 900.1
1490000 863.1
1495000 903.0
1500000 905.3
1505000 867.1
1510000 871.2
1515000 908.0
1520000 891.7
1525000 901.6
1530000 899.8
1535000 892.3
1540000 867.3
1545000 771.5
1550000 804.7
1555000 889.2
1560000 870.3
1565000 872.6
1570000 610.2
1575000 765.3
1580000 712.4
1585000 908.3
1590000 555.3
1595000 886.2
1600000 835.9
1605000 894.2
1610000 879.3
1615000 750.9
1620000 909.8
1625000 852.8
1630000 809.6
1635000 900.2
1640000 824.5
1645000 844.1
1650000 871.8
1655000 770.4
1660000 828.5
1665000 898.0
1670000 859.1
1675000 866.5
1680000 881.2
1685000 844.7
1690000 865.6
1695000 893.6
1700000 919.6
1705000 808.6
1710000 881.6
1715000 823.8
1720000 873.3
1725000 858.3
1730000 830.4
1735000 759.7
1740000 902.7
1745000 668.3
1750000 884.2
1755000 843.3
1760000 902.4
1765000 618.8
1770000 858.8
1775000 813.1
1780000 735.8
1785000 823.9
1790000 735.7
1795000 606.0
1800000 885.6
1805000 896.7
1810000 851.5
1815000 740.8
1820000 607.0
1825000 184.9
1830000 386.3
1835000 130.1
1840000 8.4
1845000 13.4
1850000 26.4
1855000 233.1
1860000 665.8
1865000 841.4
1870000 895.3
1875000 871.2
1880000 908.6
1885000 893.6
1890000 903.7
1895000 851.7
1900000 856.3
1905000 839.7
1910000 901.9
1915000 887.3
1920000 896.2
1925000 700.7
1930000 806.6
1935000 891.1
1940000 842.7
1945000 840.7
1950000 811.7
1955000 879.4
1960000 881.3
1965000 904.8
1970000 825.1
1975000 904.1
1980000 806.5
1985000 872.2
1990000 906.0
1995000 897.2
2000000 898.6
