5000 4.2
10000 6.8
15000 5.0
20000 3.1
25000 4.2
30000 3.7
35000 5.7
40000 3.2
45000 4.5
50000 5.7
55000 4.8
60000 6.4
65000 5.2
70000 5.2
75000 4.0
80000 4.4
85000 4.6
90000 5.4
95000 7.1
100000 7.3
105000 6.3
110000 7.0
115000 6.7
120000 5.3
125000 5.6
130000 6.6
135000 6.2
140000 5.6
145000 7.7
150000 6.0
155000 5.7
160000 6.9
165000 5.7
170000 7.6
175000 13.5
180000 10.8
185000 10.3
190000 10.7
195000 8.1
200000 8.3
205000 9.9
210000 8.3
215000 8.0
220000 37.3
225000 49.0
230000 93.9
235000 86.4
240000 76.2
245000 67.1
250000 183.3
255000 128.3
260000 54.4
265000 38.9
270000 176.6
275000 37.8
280000 168.3
285000 283.8
290000 321.2
295000 300.2
300000 251.6
305000 18.5
310000 45.9
315000 341.0
320000 308.6
325000 330.8
330000 365.3
335000 344.5
340000 352.3
345000 315.4
350000 46.8
355000 82.5
360000 374.1
365000 372.9
370000 357.1
375000 70.5
380000 105.1
385000 389.1
390000 452.6
395000 391.6
400000 274.5
405000 37.0
410000 26.3
415000 196.9
420000 359.6
425000 443.5
430000 425.4
435000 475.2
440000 489.5
445000 455.7
450000 488.0
455000 472.4
460000 59.0
465000 96.1
470000 15.0
475000 21.3
480000 85.5
485000 478.4
490000 349.2
495000 203.0
500000 100.9
505000 403.7
510000 490.3
515000 489.5
520000 513.4
525000 461.6
530000 481.5
535000 459.3
540000 537.8
545000 521.9
550000 523.7
555000 508.7
560000 540.5
565000 541.1
570000 489.5
575000 526.7
580000 544.4
585000 543.5
590000 532.1
595000 510.2
600000 516.0
605000 519.5
610000 545.6
615000 547.8
620000 566.9
625000 527.5
630000 528.4
635000 562.5
640000 564.2
645000 554.6
650000 568.6
655000 549.4
660000 544.1
665000 549.0
670000 558.4
675000 555.8
680000 556.9
685000 558.6
690000 583.5
695000 577.3
700000 548.0
705000 581.5
710000 572.0
715000 559.2
720000 584.2
725000 581.0
730000 575.8
735000 577.4
740000 537.6
745000 585.0
750000 569.8
755000 555.3
760000 582.1
765000 564.5
770000 551.4
775000 561.4
780000 578.9
785000 594.5
790000 580.3
795000 587.2
800000 591.8
805000 593.6
810000 587.9
815000 571.4
820000 584.1
825000 527.6
830000 350.8
835000 580.2
840000 593.3
845000 522.2
850000 597.0
855000 593.1
860000 598.2
865000 587.2
870000 610.0
875000 601.0
880000 604.5
885000 586.7
890000 581.8
895000 574.5
900000 606.4
905000 600.2
910000 628.8
915000 608.1
920000 635.2
925000 606.1
930000 608.9
935000 656.5
940000 634.4
945000 635.3
950000 642.3
955000 669.0
960000 611.6
965000 657.6
970000 658.7
975000 618.8
980000 674.4
985000 584.2
990000 592.9
995000 389.1
1000000 661.3
1005000 675.1
1010000 649.3
1015000 704.8
1020000 695.4
1025000 630.6
1030000 626.4
1035000 708.9
1040000 698.1
1045000 727.5
1050000 725.8
1055000 729.7
1060000 673.4
1065000 724.9
1070000 681.2
1075000 751.3
1080000 765.4
1085000 727.6
1090000 721.8
1095000 750.3
1100000 743.8
1105000 777.3
1110000 713.8
1115000 737.0
1120000 755.0
1125000 725.5
1130000 774.7
1135000 842.5
1140000 714.5
1145000 762.8
1150000 766.0
1155000 781.0
1160000 802.2
1165000 746.4
1170000 774.9
1175000 765.5
1180000 685.6
1185000 767.4
1190000 816.1
1195000 770.0
1200000 684.5
1205000 764.5
1210000 739.6
1215000 777.6
1220000 781.2
1225000 781.0
1230000 627.9
1235000 3.2
1240000 4.7
1245000 4.8
1250000 11.9
1255000 48.2
1260000 341.9
1265000 682.2
1270000 720.9
1275000 707.7
1280000 743.2
1285000 845.8
1290000 745.8
1295000 811.7
1300000 824.8
1305000 803.4
1310000 824.7
1315000 819.4
1320000 829.0
1325000 825.9
1330000 797.7
1335000 856.2
1340000 837.6
1345000 848.1
1350000 831.4
1355000 867.7
1360000 833.1
1365000 825.6
1370000 843.0
1375000 859.0
1380000 845.9
1385000 850.1
1390000 854.7
1395000 875.4
1400000 795.5
1405000 847.3
1410000 867.7
1415000 825.5
1420000 837.4
1425000 846.2
1430000 873.7
1435000 696.2
1440000 872.6
1445000 867.4
1450000 837.1
1455000 860.0
1460000 820.5
1465000 864.3
1470000 844.7
1475000 846.2
1480000 829.2
1485000 847.8
1490000 866.5
1495000 879.4
1500000 874.4
1505000 876.5
1510000 867.2
1515000 877.9
1520000 845.8
1525000 874.1
1530000 855.1
1535000 855.1
1540000 872.4
1545000 873.1
1550000 854.9
1555000 860.3
1560000 826.3
1565000 858.7
1570000 848.1
1575000 870.8
1580000 439.3
1585000 166.8
1590000 4.5
1595000 5.7
1600000 9.8
1605000 24.0
1610000 19.7
1615000 183.6
1620000 289.9
1625000 693.9
1630000 554.6
1635000 685.7
1640000 760.0
1645000 775.2
1650000 886.1
1655000 868.7
1660000 874.6
1665000 861.4
1670000 875.3
1675000 865.8
1680000 872.3
1685000 880.1
1690000 875.9
1695000 859.0
1700000 865.5
1705000 870.0
1710000 853.6
1715000 873.3
1720000 878.8
1725000 844.7
1730000 857.0
1735000 833.9
1740000 878.2
1745000 862.9
1750000 850.2
1755000 793.1
1760000 875.0
1765000 875.8
1770000 866.5
1775000 869.0
1780000 868.3
1785000 878.5
1790000 797.9
1795000 880.7
1800000 863.3
1805000 885.6
1810000 873.6
1815000 861.8
1820000 877.0
1825000 870.8
1830000 866.5
1835000 803.5
1840000 869.1
1845000 882.3
1850000 852.9
1855000 864.6
1860000 862.0
1865000 864.4
1870000 882.2
1875000 885.9
1880000 888.5
1885000 879.2
1890000 879.9
1895000 515.4
1900000 535.3
1905000 537.2
1910000 543.3
1915000 617.2
1920000 847.8
1925000 711.1
1930000 706.9
1935000 787.2
1940000 787.2
1945000 876.5
1950000 877.2
1955000 869.1
1960000 794.3
1965000 882.8
1970000 881.7
1975000 871.6
1980000 877.4
1985000 861.4
1990000 874.1
1995000 881.4
2000000 875.7
