5000 4.6
10000 4.0
15000 6.7
20000 4.3
25000 5.0
30000 4.5
35000 5.4
40000 6.0
45000 5.7
50000 2.8
55000 6.0
60000 6.3
65000 5.8
70000 3.7
75000 4.7
80000 4.1
85000 4.1
90000 6.2
95000 5.4
100000 4.3
105000 5.6
110000 6.6
115000 7.2
120000 5.9
125000 6.2
130000 6.7
135000 6.9
140000 9.7
145000 7.7
150000 33.7
155000 92.2
160000 181.8
165000 217.0
170000 189.1
175000 253.0
180000 283.1
185000 253.6
190000 281.1
195000 265.8
200000 275.5
205000 239.1
210000 254.2
215000 159.2
220000 279.8
225000 354.7
230000 306.7
235000 272.6
240000 125.8
245000 96.1
250000 158.3
255000 310.7
260000 403.1
265000 320.5
270000 170.4
275000 266.5
280000 413.2
285000 433.1
290000 385.5
295000 246.6
300000 280.6
305000 411.9
310000 451.4
315000 447.4
320000 459.9
325000 474.1
330000 322.8
335000 473.1
340000 417.6
345000 469.6
350000 450.1
355000 426.9
360000 486.1
365000 485.1
370000 476.9
375000 472.3
380000 500.6
385000 494.5
390000 477.4
395000 475.4
400000 514.7
405000 497.0
410000 492.9
415000 490.6
420000 491.5
425000 497.4
430000 533.4
435000 528.5
440000 548.7
445000 495.0
450000 454.2
455000 506.1
460000 500.2
465000 547.7
470000 522.1
475000 528.3
480000 528.0
485000 507.6
490000 546.0
495000 524.4
500000 525.4
505000 536.3
510000 529.7
515000 525.6
520000 528.3
525000 517.8
530000 529.1
535000 448.9
540000 514.0
545000 390.6
550000 556.3
555000 505.1
560000 507.1
565000 557.3
570000 552.8
575000 71.6
580000 62.3
585000 244.8
590000 438.9
595000 513.8
600000 540.6
605000 516.3
610000 544.3
615000 542.2
620000 539.0
625000 554.8
630000 538.7
635000 560.0
640000 539.9
645000 549.7
650000 506.6
655000 583.4
660000 577.3
665000 565.6
670000 596.3
675000 577.9
680000 566.6
685000 566.2
690000 589.4
695000 600.9
700000 593.2
705000 591.5
710000 580.3
715000 585.5
720000 585.9
725000 560.3
730000 609.0
735000 589.1
740000 579.6
745000 571.7
750000 584.4
755000 602.0
760000 587.6
765000 593.4
770000 580.8
775000 584.6
780000 591.6
785000 586.4
790000 578.9
795000 588.3
800000 584.6
805000 599.4
810000 599.4
815000 584.3
820000 606.3
825000 599.3
830000 595.9
835000 562.3
840000 622.3
845000 591.6
850000 606.7
855000 612.8
860000 617.1
865000 600.3
870000 603.8
875000 622.5
880000 605.3
885000 593.7
890000 610.6
895000 513.4
900000 604.3
905000 562.8
910000 621.6
915000 640.8
920000 610.7
925000 617.0
930000 622.6
935000 629.6
940000 610.5
945000 624.8
950000 624.6
955000 637.7
960000 624.2
965000 649.5
970000 753.6
975000 678.3
980000 654.3
985000 724.6
990000 777.5
995000 711.2
1000000 708.9
1005000 745.0
1010000 736.0
1015000 777.2
1020000 688.6
1025000 748.9
1030000 737.6
1035000 791.9
1040000 763.0
1045000 698.6
1050000 756.0
1055000 813.7
1060000 811.0
1065000 766.2
1070000 322.4
1075000 808.3
1080000 803.9
1085000 730.0
1090000 796.4
1095000 833.5
1100000 827.7
1105000 840.2
1110000 808.5
1115000 806.4
1120000 806.8
1125000 859.2
1130000 837.8
1135000 845.3
1140000 839.8
1145000 803.7
1150000 848.8
1155000 831.8
1160000 844.6
1165000 849.9
1170000 808.8
1175000 850.8
1180000 845.0
1185000 852.5
1190000 860.8
1195000 860.9
1200000 766.6
1205000 838.8
1210000 845.4
1215000 849.5
1220000 836.8
1225000 844.0
1230000 764.5
1235000 820.3
1240000 848.9
1245000 770.9
1250000 84.8
1255000 4.2
1260000 9.2
1265000 4.7
1270000 18.9
1275000 79.1
1280000 196.4
1285000 364.5
1290000 416.8
1295000 648.5
1300000 748.8
1305000 747.5
1310000 826.8
1315000 835.0
1320000 849.1
1325000 857.9
1330000 790.9
1335000 846.1
1340000 835.6
1345000 777.7
1350000 849.6
1355000 848.9
1360000 854.3
1365000 829.5
1370000 848.8
1375000 850.4
1380000 850.1
1385000 828.3
1390000 853.4
1395000 828.9
1400000 850.2
1405000 857.2
1410000 850.5
1415000 850.1
1420000 833.1
1425000 857.0
1430000 869.3
1435000 838.5
1440000 835.7
1445000 856.2
1450000 867.5
1455000 859.7
1460000 843.6
1465000 846.9
1470000 872.2
1475000 834.2
1480000 853.8
1485000 869.2
1490000 867.9
1495000 846.0
1500000 858.2
1505000 853.3
1510000 856.1
1515000 861.5
1520000 782.9
1525000 882.0
1530000 849.4
1535000 864.0
1540000 845.2
1545000 782.9
1550000 858.3
1555000 853.7
1560000 856.8
1565000 871.2
1570000 874.7
1575000 872.6
1580000 860.3
1585000 863.7
1590000 879.3
1595000 861.3
1600000 856.4
1605000 785.4
1610000 853.2
1615000 846.9
1620000 884.7
1625000 854.6
1630000 862.5
1635000 864.7
1640000 830.1
1645000 870.8
1650000 852.5
1655000 876.8
1660000 851.8
1665000 856.0
1670000 857.7
1675000 860.2
1680000 859.5
1685000 871.1
1690000 859.0
1695000 861.0
1700000 880.0
1705000 871.1
1710000 843.2
1715000 868.3
1720000 878.7
1725000 828.1
1730000 790.9
1735000 877.1
1740000 868.6
1745000 872.8
1750000 834.8
1755000 881.8
1760000 880.7
1765000 880.3
1770000 874.1
1775000 874.3
1780000 863.2
1785000 865.7
1790000 870.0
1795000 872.5
1800000 876.7
1805000 874.3
1810000 860.8
1815000 874.9
1820000 844.8
1825000 864.0
1830000 839.3
1835000 885.1
1840000 885.3
1845000 884.4
1850000 866.5
1855000 861.3
1860000 854.1
1865000 881.5
1870000 874.6
1875000 878.0
1880000 872.3
1885000 850.6
1890000 859.2
1895000 857.7
1900000 872.6
1905000 843.7
1910000 859.8
1915000 781.7
1920000 437.3
1925000 351.2
1930000 186.6
1935000 12.4
1940000 16.4
1945000 10.2
1950000 20.3
1955000 145.0
1960000 91.5
1965000 51.7
1970000 443.0
1975000 679.4
1980000 800.8
1985000 791.0
1990000 852.8
1995000 866.5
2000000 887.2
