5000 7.6
10000 5.1
15000 4.8
20000 6.9
25000 7.5
30000 2.5
35000 6.3
40000 5.2
45000 4.6
50000 4.7
55000 5.8
60000 5.0
65000 7.4
70000 5.3
75000 5.7
80000 7.2
85000 5.4
90000 6.6
95000 7.0
100000 6.1
105000 4.8
110000 7.2
115000 6.4
120000 7.0
125000 5.7
130000 6.1
135000 5.3
140000 5.5
145000 6.1
150000 5.7
155000 6.2
160000 5.9
165000 7.9
170000 10.8
175000 6.9
180000 7.4
185000 6.2
190000 5.6
195000 8.8
200000 7.5
205000 7.8
210000 8.6
215000 9.8
220000 28.4
225000 42.6
230000 25.6
235000 88.3
240000 82.9
245000 108.8
250000 131.4
255000 167.3
260000 119.0
265000 132.5
270000 223.6
275000 129.8
280000 186.1
285000 258.7
290000 264.6
295000 254.9
300000 283.6
305000 240.7
310000 312.6
315000 287.7
320000 341.4
325000 303.0
330000 341.4
335000 343.8
340000 311.5
345000 332.7
350000 384.7
355000 374.7
360000 356.2
365000 357.1
370000 378.4
375000 362.2
380000 347.5
385000 400.6
390000 351.4
395000 347.5
400000 377.3
405000 389.5
410000 381.6
415000 411.5
420000 413.6
425000 383.4
430000 423.7
435000 419.4
440000 410.9
445000 423.7
450000 428.0
455000 421.3
460000 407.4
465000 420.2
470000 436.9
475000 379.3
480000 413.8
485000 449.6
490000 453.1
495000 424.2
500000 448.7
505000 442.7
510000 426.3
515000 475.3
520000 443.9
525000 452.3
530000 480.7
535000 471.2
540000 449.8
545000 486.9
550000 487.4
555000 444.2
560000 470.0
565000 483.2
570000 487.0
575000 491.9
580000 456.0
585000 486.9
590000 476.5
595000 506.4
600000 484.8
605000 467.0
610000 488.7
615000 492.5
620000 511.1
625000 502.1
630000 494.8
635000 484.6
640000 501.2
645000 476.3
650000 499.2
655000 487.1
660000 485.1
665000 511.1
670000 483.2
675000 500.9
680000 500.1
685000 487.1
690000 506.8
695000 477.5
700000 502.3
705000 506.3
710000 486.3
715000 504.8
720000 517.8
725000 498.2
730000 516.1
735000 516.0
740000 523.1
745000 513.5
750000 520.5
755000 529.2
760000 540.4
765000 494.9
770000 511.8
775000 533.2
780000 528.6
785000 519.0
790000 515.7
795000 519.9
800000 497.5
805000 541.2
810000 30.3
815000 17.3
820000 31.4
825000 96.3
830000 492.1
835000 529.5
840000 517.7
845000 543.7
850000 518.1
855000 516.5
860000 556.3
865000 527.0
870000 529.9
875000 542.9
880000 515.9
885000 525.4
890000 529.1
895000 539.7
900000 529.4
905000 560.8
910000 554.3
915000 534.1
920000 553.8
925000 470.7
930000 521.7
935000 541.8
940000 555.0
945000 552.2
950000 558.8
955000 535.1
960000 531.6
965000 559.9
970000 558.1
975000 542.0
980000 575.8
985000 583.9
990000 554.2
995000 536.2
1000000 573.9
1005000 559.5
1010000 555.4
1015000 547.5
1020000 563.8
1025000 595.0
1030000 584.6
1035000 546.0
1040000 593.2
1045000 576.8
1050000 564.4
1055000 586.1
1060000 582.9
1065000 567.3
1070000 585.7
1075000 569.7
1080000 567.7
1085000 569.8
1090000 577.3
1095000 571.9
1100000 609.2
1105000 586.2
1110000 580.8
1115000 567.2
1120000 603.3
1125000 577.3
1130000 585.8
1135000 570.8
1140000 573.7
1145000 572.5
1150000 580.2
1155000 602.1
1160000 585.0
1165000 572.4
1170000 595.0
1175000 609.4
1180000 592.8
1185000 588.9
1190000 575.0
1195000 602.7
1200000 582.6
1205000 576.6
1210000 604.8
1215000 604.7
1220000 600.4
1225000 612.4
1230000 610.9
1235000 583.4
1240000 582.2
1245000 578.0
1250000 616.8
1255000 617.7
1260000 601.4
1265000 653.7
1270000 618.9
1275000 591.6
1280000 615.3
1285000 632.4
1290000 628.3
1295000 651.2
1300000 610.7
1305000 636.6
1310000 594.5
1315000 605.3
1320000 595.0
1325000 608.6
1330000 615.2
1335000 709.0
1340000 604.6
1345000 655.1
1350000 626.8
1355000 714.2
1360000 672.4
1365000 660.2
1370000 643.6
1375000 665.4
1380000 621.5
1385000 671.2
1390000 508.1
1395000 676.1
1400000 551.9
1405000 638.5
1410000 629.4
1415000 691.9
1420000 643.4
1425000 629.8
1430000 616.9
1435000 695.1
1440000 712.7
1445000 577.0
1450000 632.3
1455000 630.5
1460000 721.1
1465000 684.8
1470000 667.7
1475000 676.5
1480000 692.0
1485000 736.5
1490000 706.8
1495000 681.1
1500000 743.5
1505000 710.0
1510000 653.9
1515000 781.3
1520000 675.2
1525000 674.6
1530000 689.4
1535000 787.9
1540000 805.8
1545000 686.5
1550000 516.9
1555000 250.3
1560000 314.1
1565000 5.7
1570000 8.9
1575000 24.0
1580000 174.6
1585000 394.7
1590000 373.7
1595000 341.2
1600000 652.5
1605000 744.0
1610000 632.0
1615000 728.1
1620000 706.7
1625000 739.4
1630000 780.5
1635000 767.9
1640000 819.2
1645000 809.4
1650000 792.5
1655000 578.9
1660000 340.6
1665000 486.4
1670000 318.2
1675000 383.3
1680000 734.9
1685000 638.3
1690000 793.8
1695000 784.6
1700000 792.4
1705000 754.4
1710000 845.3
1715000 676.1
1720000 742.0
1725000 782.8
1730000 773.3
1735000 775.1
1740000 794.9
1745000 834.2
1750000 842.7
1755000 777.0
1760000 550.3
1765000 344.6
1770000 476.9
1775000 840.5
1780000 718.8
1785000 800.0
1790000 866.0
1795000 677.2
1800000 773.9
1805000 727.1
1810000 858.3
1815000 743.7
1820000 782.2
1825000 818.2
1830000 766.4
1835000 858.8
1840000 805.4
1845000 830.2
1850000 809.6
1855000 818.2
1860000 783.0
1865000 787.0
1870000 796.8
1875000 850.9
1880000 805.5
1885000 806.9
1890000 786.4
1895000 831.1
1900000 822.3
1905000 827.6
1910000 843.5
1915000 756.9
1920000 846.6
1925000 858.5
1930000 843.7
1935000 830.8
1940000 853.6
1945000 849.1
1950000 774.6
1955000 859.8
1960000 863.5
1965000 860.7
1970000 848.9
1975000 855.1
1980000 855.7
1985000 865.6
1990000 846.5
1995000 794.7
2000000 839.1
