10000 23.8
20000 49.2
30000 57.7
40000 88.6
50000 133.4
60000 144.8
70000 157.7
80000 151.7
90000 162.9
100000 197.6
110000 240.6
120000 204.6
130000 217.5
140000 241.3
150000 244.0
160000 282.8
170000 283.0
180000 284.5
190000 308.7
200000 312.0
210000 306.2
220000 305.7
230000 328.4
240000 327.6
250000 319.1
260000 331.8
270000 331.0
280000 331.3
290000 358.0
300000 333.3
310000 335.4
320000 345.5
330000 353.4
340000 369.1
350000 365.6
360000 360.5
370000 375.3
380000 395.4
390000 377.3
400000 370.3
410000 409.6
420000 391.3
430000 415.0
440000 398.9
450000 449.1
460000 370.7
470000 462.6
480000 455.0
490000 475.6
500000 486.0
510000 449.2
520000 448.4
530000 516.8
540000 507.7
550000 528.0
560000 539.7
570000 505.4
580000 569.5
590000 578.3
600000 520.5
610000 592.2
620000 604.5
630000 603.8
640000 580.7
650000 598.2
660000 613.6
670000 569.4
680000 619.4
690000 559.9
700000 605.6
710000 640.7
720000 649.7
730000 622.1
740000 643.6
750000 654.6
760000 633.5
770000 603.8
780000 654.0
790000 645.3
800000 642.1
810000 632.1
820000 562.0
830000 621.2
840000 648.2
850000 599.1
860000 628.5
870000 606.1
880000 624.1
890000 624.3
900000 648.8
910000 613.4
920000 658.4
930000 679.2
940000 663.1
950000 654.0
960000 667.9
970000 647.9
980000 676.6
990000 652.2
1000000 642.2
1010000 653.2
1020000 678.3
1030000 658.9
1040000 687.5
1050000 678.7
1060000 670.3
1070000 676.6
1080000 666.2
1090000 669.1
1100000 664.6
1110000 674.4
1120000 631.9
1130000 660.3
1140000 682.3
1150000 680.0
1160000 676.6
1170000 656.1
1180000 710.9
1190000 648.6
1200000 611.4
1210000 707.2
1220000 696.2
1230000 715.8
1240000 712.6
1250000 713.4
1260000 697.7
1270000 686.8
1280000 686.5
1290000 696.7
1300000 699.0
1310000 681.8
1320000 687.2
1330000 707.3
1340000 698.4
1350000 669.8
1360000 689.4
1370000 666.1
1380000 688.9
1390000 718.1
1400000 648.5
1410000 660.2
1420000 690.5
1430000 693.6
1440000 689.2
1450000 682.1
1460000 691.4
1470000 696.7
1480000 697.7
1490000 665.8
1500000 719.8
1510000 687.7
1520000 707.5
1530000 664.2
1540000 723.7
1550000 694.1
1560000 724.9
1570000 711.4
1580000 652.1
1590000 704.7
1600000 701.9
1610000 702.9
1620000 650.5
1630000 722.7
1640000 684.9
1650000 716.6
1660000 714.5
1670000 717.4
1680000 710.5
1690000 711.7
1700000 724.8
1710000 723.0
1720000 728.3
1730000 721.8
1740000 727.6
1750000 687.6
1760000 712.8
1770000 720.8
1780000 721.6
1790000 715.2
1800000 717.0
1810000 716.7
1820000 724.5
1830000 736.9
1840000 719.1
1850000 721.9
1860000 703.4
1870000 726.5
1880000 717.5
1890000 721.1
1900000 690.7
1910000 737.9
1920000 719.6
1930000 707.1
1940000 726.3
1950000 721.4
1960000 676.5
1970000 701.9
1980000 745.6
1990000 723.2
2000000 743.9
