10000 21.6
20000 49.1
30000 57.9
40000 72.0
50000 91.5
60000 87.6
70000 118.9
80000 157.4
90000 180.8
100000 180.4
110000 200.6
120000 216.7
130000 193.7
140000 221.8
150000 239.8
160000 250.8
170000 241.5
180000 270.8
190000 273.0
200000 264.9
210000 282.9
220000 301.2
230000 304.9
240000 327.1
250000 321.2
260000 337.1
270000 353.7
280000 380.2
290000 383.0
300000 401.3
310000 425.0
320000 434.7
330000 430.1
340000 460.0
350000 475.0
360000 492.2
370000 500.2
380000 496.6
390000 515.6
400000 533.1
410000 559.6
420000 557.8
430000 557.1
440000 586.6
450000 591.3
460000 586.7
470000 599.2
480000 601.7
490000 556.4
500000 626.8
510000 634.9
520000 625.5
530000 604.7
540000 606.0
550000 578.2
560000 642.6
570000 635.9
580000 658.7
590000 634.0
600000 631.0
610000 655.2
620000 655.6
630000 608.7
640000 666.4
650000 608.5
660000 641.5
670000 638.2
680000 649.5
690000 653.6
700000 651.7
710000 662.2
720000 664.2
730000 622.8
740000 628.6
750000 662.5
760000 585.3
770000 664.6
780000 649.9
790000 633.2
800000 560.0
810000 602.7
820000 638.1
830000 688.0
840000 666.8
850000 668.6
860000 682.3
870000 657.5
880000 690.4
890000 660.7
900000 649.8
910000 613.5
920000 669.1
930000 678.0
940000 625.2
950000 635.4
960000 681.9
970000 669.2
980000 659.7
990000 678.7
1000000 672.6
1010000 691.1
1020000 690.1
1030000 699.2
1040000 663.6
1050000 681.7
1060000 683.2
1070000 680.4
1080000 655.9
1090000 690.9
1100000 671.9
1110000 679.7
1120000 677.4
1130000 691.8
1140000 695.2
1150000 688.5
1160000 701.6
1170000 623.2
1180000 677.0
1190000 692.5
1200000 639.5
1210000 669.7
1220000 707.4
1230000 663.9
1240000 699.1
1250000 711.8
1260000 648.6
1270000 727.8
1280000 726.8
1290000 721.9
1300000 719.7
1310000 694.4
1320000 720.0
1330000 715.3
1340000 723.0
1350000 705.2
1360000 733.6
1370000 732.3
1380000 722.2
1390000 705.0
1400000 691.3
1410000 717.7
1420000 723.9
1430000 731.4
1440000 731.1
1450000 718.7
1460000 719.2
1470000 725.1
1480000 716.9
1490000 656.8
1500000 717.5
1510000 740.3
1520000 730.8
1530000 745.5
1540000 749.0
1550000 667.1
1560000 746.9
1570000 731.9
1580000 734.2
1590000 742.7
1600000 754.8
1610000 706.2
1620000 751.4
1630000 737.6
1640000 739.3
1650000 745.8
1660000 727.9
1670000 760.8
1680000 683.9
1690000 758.2
1700000 753.0
1710000 754.0
1720000 672.9
1730000 668.0
1740000 684.7
1750000 750.5
1760000 604.9
1770000 734.6
1780000 753.2
1790000 756.7
1800000 748.0
1810000 743.1
1820000 745.2
1830000 731.8
1840000 752.4
1850000 730.1
1860000 751.4
1870000 738.9
1880000 735.9
1890000 756.8
1900000 729.2
1910000 745.5
1920000 748.8
1930000 747.4
1940000 742.9
1950000 723.8
1960000 729.1
1970000 747.8
1980000 731.8
1990000 754.1
2000000 746.3
