10000 22.5
20000 79.5
30000 118.6
40000 164.4
50000 158.5
60000 164.1
70000 166.4
80000 173.1
90000 173.6
100000 216.2
110000 219.6
120000 238.5
130000 232.3
140000 243.4
150000 234.6
160000 258.9
170000 267.0
180000 270.6
190000 286.4
200000 295.8
210000 291.2
220000 265.5
230000 289.1
240000 320.1
250000 314.5
260000 336.1
270000 356.6
280000 352.3
290000 363.9
300000 386.5
310000 382.6
320000 383.4
330000 380.7
340000 411.2
350000 421.0
360000 426.5
370000 429.2
380000 453.0
390000 431.9
400000 478.2
410000 486.7
420000 507.1
430000 505.7
440000 516.8
450000 549.1
460000 557.6
470000 573.8
480000 567.4
490000 557.5
500000 591.8
510000 586.1
520000 600.4
530000 605.2
540000 613.5
550000 588.1
560000 610.1
570000 526.6
580000 641.5
590000 614.2
600000 624.8
610000 582.5
620000 642.0
630000 641.8
640000 613.1
650000 610.0
660000 622.7
670000 629.6
680000 648.6
690000 654.6
700000 643.9
710000 638.7
720000 593.0
730000 629.0
740000 567.5
750000 511.7
760000 567.1
770000 621.0
780000 636.7
790000 643.2
800000 620.7
810000 622.7
820000 661.7
830000 637.9
840000 635.7
850000 624.7
860000 640.0
870000 653.3
880000 636.2
890000 653.6
900000 603.0
910000 633.4
920000 623.5
930000 577.2
940000 648.0
950000 587.7
960000 642.9
970000 634.7
980000 652.7
990000 617.9
1000000 642.1
1010000 656.1
1020000 631.2
1030000 659.7
1040000 615.3
1050000 677.0
1060000 665.9
1070000 667.0
1080000 672.1
1090000 668.9
1100000 665.2
1110000 674.2
1120000 623.8
1130000 659.2
1140000 674.0
1150000 673.8
1160000 689.8
1170000 679.9
1180000 675.9
1190000 673.5
1200000 691.8
1210000 592.8
1220000 685.6
1230000 700.9
1240000 699.9
1250000 622.9
1260000 683.8
1270000 691.5
1280000 713.1
1290000 702.2
1300000 702.7
1310000 712.9
1320000 723.0
1330000 689.4
1340000 705.8
1350000 707.0
1360000 700.6
1370000 724.9
1380000 720.5
1390000 714.3
1400000 697.1
1410000 706.7
1420000 690.7
1430000 729.1
1440000 722.2
1450000 721.1
1460000 738.0
1470000 659.5
1480000 725.1
1490000 697.2
1500000 653.2
1510000 722.4
1520000 724.9
1530000 718.8
1540000 735.8
1550000 714.2
1560000 732.4
1570000 726.3
1580000 726.7
1590000 737.0
1600000 647.9
1610000 710.6
1620000 726.6
1630000 642.0
1640000 711.2
1650000 637.6
1660000 732.6
1670000 654.3
1680000 731.2
1690000 585.0
1700000 658.7
1710000 725.8
1720000 736.1
1730000 722.5
1740000 723.8
1750000 723.8
1760000 733.0
1770000 718.0
1780000 722.6
1790000 651.7
1800000 734.8
1810000 685.9
1820000 688.5
1830000 710.0
1840000 724.1
1850000 730.0
1860000 731.3
1870000 697.8
1880000 728.3
1890000 700.0
1900000 715.3
1910000 719.1
1920000 708.0
1930000 704.0
1940000 720.7
1950000 726.6
1960000 671.2
1970000 716.2
1980000 739.4
1990000 720.9
2000000 714.0
