10000 22.3
20000 43.8
30000 61.8
40000 122.3
50000 138.1
60000 162.2
70000 151.4
80000 169.0
90000 187.6
100000 193.5
110000 216.0
120000 222.0
130000 240.4
140000 273.1
150000 287.7
160000 293.5
170000 353.0
180000 326.5
190000 356.1
200000 370.7
210000 334.1
220000 394.1
230000 399.2
240000 412.3
250000 402.3
260000 420.1
270000 432.6
280000 424.0
290000 465.3
300000 465.8
310000 449.3
320000 478.4
330000 484.1
340000 477.7
350000 484.6
360000 493.0
370000 479.0
380000 506.3
390000 515.1
400000 511.6
410000 521.3
420000 548.1
430000 525.6
440000 535.6
450000 534.1
460000 510.3
470000 505.0
480000 527.2
490000 542.3
500000 564.9
510000 577.7
520000 595.3
530000 590.2
540000 580.0
550000 605.8
560000 565.1
570000 587.4
580000 608.7
590000 595.8
600000 616.1
610000 596.8
620000 621.5
630000 595.9
640000 593.3
650000 606.2
660000 624.2
670000 587.4
680000 614.7
690000 571.4
700000 608.4
710000 614.4
720000 618.8
730000 627.6
740000 628.3
750000 652.8
760000 639.0
770000 628.0
780000 644.9
790000 664.4
800000 650.5
810000 613.7
820000 639.9
830000 651.2
840000 656.1
850000 659.9
860000 583.8
870000 662.6
880000 661.8
890000 635.1
900000 627.9
910000 642.0
920000 659.6
930000 631.8
940000 667.6
950000 667.2
960000 657.3
970000 626.1
980000 650.7
990000 652.6
1000000 675.8
1010000 668.9
1020000 671.0
1030000 646.5
1040000 664.2
1050000 661.7
1060000 670.5
1070000 657.0
1080000 585.0
1090000 672.5
1100000 621.8
1110000 660.2
1120000 666.1
1130000 666.7
1140000 684.1
1150000 686.0
1160000 693.7
1170000 678.8
1180000 696.5
1190000 666.3
1200000 678.5
1210000 686.0
1220000 688.2
1230000 695.7
1240000 687.7
1250000 671.2
1260000 684.3
1270000 665.0
1280000 696.3
1290000 692.3
1300000 711.1
1310000 651.5
1320000 706.4
1330000 708.8
1340000 695.7
1350000 707.3
1360000 709.3
1370000 672.7
1380000 699.8
1390000 703.7
1400000 714.8
1410000 715.3
1420000 698.5
1430000 702.7
1440000 645.8
1450000 706.5
1460000 700.1
1470000 707.8
1480000 696.3
1490000 725.4
1500000 719.0
1510000 686.7
1520000 695.4
1530000 713.4
1540000 697.8
1550000 713.4
1560000 630.8
1570000 679.4
1580000 680.6
1590000 693.1
1600000 690.8
1610000 697.1
1620000 714.8
1630000 700.0
1640000 725.5
1650000 702.3
1660000 693.5
1670000 710.7
1680000 723.0
1690000 729.2
1700000 714.9
1710000 722.5
1720000 720.3
1730000 720.8
1740000 737.8
1750000 659.7
1760000 736.0
1770000 723.4
1780000 651.8
1790000 739.3
1800000 731.9
1810000 723.3
1820000 723.1
1830000 746.0
1840000 716.7
1850000 715.8
1860000 730.4
1870000 730.3
1880000 723.6
1890000 738.3
1900000 726.3
1910000 705.8
1920000 733.3
1930000 740.6
1940000 662.6
1950000 736.4
1960000 740.6
1970000 743.0
1980000 738.5
1990000 741.7
2000000 738.1
