10000 25.9
20000 92.9
30000 129.4
40000 109.4
50000 120.7
60000 157.1
70000 156.2
80000 168.1
90000 173.0
100000 181.9
110000 207.4
120000 218.6
130000 203.2
140000 244.1
150000 254.2
160000 267.7
170000 271.1
180000 291.4
190000 295.1
200000 285.1
210000 303.2
220000 312.7
230000 318.6
240000 330.0
250000 324.9
260000 337.4
270000 333.0
280000 354.2
290000 361.5
300000 370.7
310000 373.6
320000 385.9
330000 371.0
340000 398.0
350000 391.5
360000 433.2
370000 432.0
380000 428.5
390000 452.4
400000 438.7
410000 467.3
420000 465.4
430000 510.3
440000 520.6
450000 508.0
460000 500.5
470000 468.0
480000 532.4
490000 517.9
500000 514.6
510000 525.3
520000 528.5
530000 536.1
540000 550.0
550000 532.2
560000 548.9
570000 560.9
580000 578.9
590000 573.8
600000 604.3
610000 594.9
620000 570.5
630000 588.1
640000 586.3
650000 611.1
660000 608.6
670000 600.2
680000 620.1
690000 612.4
700000 648.5
710000 624.5
720000 673.2
730000 642.7
740000 642.7
750000 660.6
760000 653.8
770000 674.5
780000 674.2
790000 636.6
800000 678.5
810000 662.2
820000 653.7
830000 689.5
840000 670.1
850000 680.6
860000 666.1
870000 685.6
880000 639.4
890000 664.8
900000 649.0
910000 659.3
920000 666.8
930000 667.6
940000 679.4
950000 683.4
960000 690.8
970000 677.2
980000 660.3
990000 667.6
1000000 679.3
1010000 676.2
1020000 694.2
1030000 681.2
1040000 682.1
1050000 697.9
1060000 703.1
1070000 687.1
1080000 681.2
1090000 674.7
1100000 677.6
1110000 613.7
1120000 701.7
1130000 701.3
1140000 684.2
1150000 703.2
1160000 671.2
1170000 676.7
1180000 667.5
1190000 685.9
1200000 706.1
1210000 703.9
1220000 704.6
1230000 689.3
1240000 689.9
1250000 688.1
1260000 708.4
1270000 696.4
1280000 688.6
1290000 672.8
1300000 704.5
1310000 686.0
1320000 639.8
1330000 636.6
1340000 675.8
1350000 713.2
1360000 698.1
1370000 610.3
1380000 691.6
1390000 678.5
1400000 682.2
1410000 708.3
1420000 727.8
1430000 713.2
1440000 667.0
1450000 711.4
1460000 705.7
1470000 688.8
1480000 693.3
1490000 699.5
1500000 700.9
1510000 637.7
1520000 696.0
1530000 695.5
1540000 697.7
1550000 710.0
1560000 693.1
1570000 686.8
1580000 705.7
1590000 710.3
1600000 709.5
1610000 642.6
1620000 702.3
1630000 694.2
1640000 703.7
1650000 706.0
1660000 683.6
1670000 723.7
1680000 725.2
1690000 710.4
1700000 713.5
1710000 727.9
1720000 710.8
1730000 722.3
1740000 726.3
1750000 724.8
1760000 662.3
1770000 711.9
1780000 731.9
1790000 744.0
1800000 723.3
1810000 716.4
1820000 714.5
1830000 737.4
1840000 718.9
1850000 728.7
1860000 734.0
1870000 680.2
1880000 711.7
1890000 717.2
1900000 729.5
1910000 726.8
1920000 701.9
1930000 690.3
1940000 692.6
1950000 703.3
1960000 733.3
1970000 697.4
1980000 731.6
1990000 725.6
2000000 676.0
