10000 24.3
20000 28.7
30000 61.8
40000 86.1
50000 119.0
60000 162.5
70000 159.7
80000 193.7
90000 204.1
100000 226.1
110000 214.4
120000 236.9
130000 234.3
140000 242.3
150000 246.2
160000 257.6
170000 266.6
180000 269.5
190000 273.6
200000 284.1
210000 279.3
220000 281.1
230000 284.1
240000 305.8
250000 279.1
260000 336.6
270000 358.6
280000 379.5
290000 353.7
300000 387.4
310000 317.0
320000 394.1
330000 359.4
340000 415.9
350000 398.7
360000 427.2
370000 384.8
380000 407.7
390000 412.0
400000 495.4
410000 517.1
420000 513.3
430000 531.6
440000 505.2
450000 544.5
460000 546.9
470000 553.5
480000 563.1
490000 575.1
500000 561.3
510000 581.3
520000 590.4
530000 574.1
540000 557.8
550000 571.1
560000 609.3
570000 594.4
580000 600.6
590000 600.4
600000 634.8
610000 612.7
620000 617.6
630000 616.9
640000 609.6
650000 628.0
660000 633.2
670000 595.5
680000 615.3
690000 614.5
700000 635.0
710000 615.5
720000 645.3
730000 642.2
740000 645.1
750000 649.3
760000 573.0
770000 623.6
780000 637.9
790000 591.8
800000 639.5
810000 645.5
820000 656.3
830000 663.6
840000 649.2
850000 664.3
860000 660.9
870000 663.0
880000 688.5
890000 679.3
900000 667.7
910000 673.8
920000 659.4
930000 666.8
940000 654.6
950000 700.5
960000 685.9
970000 652.6
980000 682.7
990000 686.1
1000000 686.1
1010000 670.9
1020000 691.3
1030000 631.6
1040000 695.1
1050000 689.8
1060000 705.3
1070000 697.4
1080000 693.8
1090000 693.0
1100000 678.0
1110000 699.5
1120000 690.9
1130000 691.5
1140000 727.4
1150000 714.0
1160000 632.3
1170000 682.9
1180000 666.5
1190000 709.1
1200000 707.4
1210000 719.2
1220000 722.7
1230000 708.6
1240000 701.1
1250000 693.5
1260000 700.9
1270000 670.9
1280000 722.1
1290000 732.9
1300000 713.1
1310000 719.2
1320000 702.0
1330000 717.8
1340000 712.8
1350000 716.1
1360000 724.7
1370000 723.0
1380000 723.1
1390000 704.8
1400000 652.4
1410000 707.6
1420000 725.7
1430000 734.7
1440000 738.7
1450000 727.7
1460000 732.5
1470000 746.5
1480000 676.7
1490000 725.8
1500000 733.9
1510000 688.7
1520000 713.8
1530000 748.1
1540000 717.1
1550000 731.9
1560000 736.6
1570000 745.8
1580000 740.4
1590000 729.4
1600000 723.1
1610000 735.6
1620000 719.9
1630000 700.7
1640000 729.3
1650000 736.6
1660000 736.0
1670000 729.6
1680000 737.3
1690000 731.2
1700000 732.9
1710000 746.5
1720000 715.2
1730000 727.7
1740000 734.5
1750000 752.1
1760000 748.2
1770000 746.4
1780000 724.6
1790000 747.9
1800000 656.5
1810000 725.4
1820000 725.1
1830000 715.5
1840000 752.4
1850000 750.2
1860000 722.4
1870000 736.6
1880000 757.6
1890000 754.9
1900000 741.9
1910000 756.2
1920000 769.5
1930000 756.5
1940000 760.0
1950000 764.3
1960000 761.5
1970000 754.1
1980000 762.6
1990000 766.3
2000000 744.0
