10000 28.8
20000 48.2
30000 91.3
40000 93.8
50000 159.6
60000 173.9
70000 197.2
80000 230.2
90000 230.9
100000 265.3
110000 253.5
120000 283.6
130000 153.4
140000 137.9
150000 37.8
160000 27.0
170000 23.0
180000 21.6
190000 31.4
200000 16.5
210000 27.1
220000 34.7
230000 36.5
240000 32.3
250000 46.8
260000 30.2
270000 38.8
280000 27.6
290000 36.5
300000 32.8
310000 30.7
320000 36.2
330000 27.9
340000 34.9
350000 42.7
360000 30.8
370000 38.4
380000 44.8
390000 63.0
400000 54.9
410000 38.6
420000 60.2
430000 79.7
440000 100.9
450000 74.9
460000 118.1
470000 109.4
480000 130.1
490000 103.9
500000 97.6
510000 149.0
520000 129.6
530000 131.8
540000 120.8
550000 111.2
560000 89.8
570000 159.7
580000 98.2
590000 79.1
600000 109.9
610000 120.2
620000 69.1
630000 62.5
640000 113.9
650000 117.6
660000 134.7
670000 163.2
680000 165.9
690000 164.6
700000 159.1
710000 162.7
720000 161.0
730000 153.2
740000 167.5
750000 164.3
760000 166.8
770000 148.0
780000 144.7
790000 153.6
800000 164.3
810000 165.7
820000 168.2
830000 169.9
840000 170.7
850000 175.7
860000 162.7
870000 154.5
880000 170.2
890000 173.4
900000 179.1
910000 166.1
920000 172.3
930000 172.2
940000 169.9
950000 182.7
960000 198.6
970000 215.8
980000 221.3
990000 214.8
1000000 223.5
1010000 194.0
1020000 225.1
1030000 269.2
1040000 272.6
1050000 276.4
1060000 295.8
1070000 318.0
1080000 328.8
1090000 302.8
1100000 337.4
1110000 364.0
1120000 368.0
1130000 364.8
1140000 368.8
1150000 369.5
1160000 385.8
1170000 338.5
1180000 410.2
1190000 396.1
1200000 406.1
1210000 386.1
1220000 423.1
1230000 399.1
1240000 414.2
1250000 422.1
1260000 406.8
1270000 406.2
1280000 400.6
1290000 451.3
1300000 438.0
1310000 447.0
1320000 452.9
1330000 450.3
1340000 439.1
1350000 449.9
1360000 460.8
1370000 443.2
1380000 459.8
1390000 454.9
1400000 458.3
1410000 471.3
1420000 470.0
1430000 500.6
1440000 487.9
1450000 432.5
1460000 493.9
1470000 460.4
1480000 479.3
1490000 470.4
1500000 457.5
1510000 492.7
1520000 474.4
1530000 426.7
1540000 438.4
1550000 483.1
1560000 443.8
1570000 450.3
1580000 505.6
1590000 485.2
1600000 493.4
1610000 431.6
1620000 503.1
1630000 493.9
1640000 517.1
1650000 495.2
1660000 482.3
1670000 492.6
1680000 514.7
1690000 514.8
1700000 501.4
1710000 499.3
1720000 515.0
1730000 513.3
1740000 505.0
1750000 516.8
1760000 460.4
1770000 516.4
1780000 515.3
1790000 546.6
1800000 533.9
1810000 529.4
1820000 523.2
1830000 492.3
1840000 536.2
1850000 521.7
1860000 522.6
1870000 501.8
1880000 536.6
1890000 477.7
1900000 516.4
1910000 548.4
1920000 544.0
1930000 541.0
1940000 492.8
1950000 552.7
1960000 538.5
1970000 537.1
1980000 537.0
1990000 531.0
2000000 531.7
