10000 23.8
20000 62.8
30000 115.7
40000 112.2
50000 156.5
60000 142.6
70000 159.6
80000 153.3
90000 165.6
100000 169.5
110000 186.2
120000 192.5
130000 202.0
140000 208.0
150000 217.4
160000 241.9
170000 251.2
180000 251.7
190000 274.3
200000 278.4
210000 308.0
220000 315.0
230000 323.9
240000 327.6
250000 341.1
260000 336.9
270000 399.1
280000 410.2
290000 407.3
300000 419.9
310000 419.6
320000 393.4
330000 438.7
340000 384.9
350000 469.3
360000 472.2
370000 457.1
380000 434.7
390000 503.3
400000 402.4
410000 482.5
420000 491.0
430000 438.2
440000 488.1
450000 467.4
460000 469.1
470000 458.8
480000 520.4
490000 509.7
500000 506.7
510000 495.6
520000 520.4
530000 474.5
540000 474.2
550000 533.8
560000 518.8
570000 546.7
580000 530.9
590000 542.2
600000 537.6
610000 535.3
620000 541.2
630000 535.9
640000 529.7
650000 505.8
660000 558.0
670000 515.3
680000 557.2
690000 542.5
700000 571.4
710000 561.8
720000 586.7
730000 588.2
740000 548.7
750000 588.9
760000 578.5
770000 568.7
780000 581.6
790000 577.0
800000 605.5
810000 574.5
820000 589.0
830000 598.0
840000 578.8
850000 609.9
860000 621.7
870000 607.3
880000 610.0
890000 546.0
900000 622.2
910000 601.7
920000 612.2
930000 619.7
940000 611.6
950000 598.7
960000 571.4
970000 609.5
980000 610.6
990000 586.0
1000000 611.5
1010000 607.3
1020000 554.1
1030000 564.0
1040000 616.2
1050000 612.1
1060000 604.5
1070000 563.2
1080000 613.1
1090000 572.6
1100000 607.0
1110000 604.5
1120000 620.4
1130000 633.2
1140000 609.2
1150000 627.3
1160000 605.0
1170000 542.9
1180000 602.5
1190000 595.5
1200000 623.0
1210000 612.3
1220000 568.0
1230000 603.4
1240000 625.0
1250000 618.7
1260000 605.4
1270000 629.2
1280000 601.8
1290000 615.7
1300000 597.9
1310000 613.7
1320000 591.2
1330000 615.8
1340000 609.4
1350000 614.8
1360000 591.0
1370000 623.1
1380000 635.1
1390000 630.6
1400000 629.5
1410000 617.3
1420000 615.6
1430000 617.3
1440000 627.1
1450000 633.1
1460000 626.9
1470000 621.4
1480000 602.9
1490000 618.7
1500000 621.0
1510000 613.4
1520000 613.6
1530000 626.5
1540000 619.5
1550000 612.1
1560000 629.7
1570000 580.7
1580000 630.2
1590000 579.8
1600000 627.5
1610000 634.3
1620000 653.1
1630000 641.7
1640000 631.7
1650000 670.9
1660000 659.2
1670000 663.0
1680000 660.1
1690000 657.6
1700000 640.6
1710000 673.2
1720000 657.0
1730000 667.9
1740000 619.0
1750000 659.6
1760000 655.1
1770000 632.7
1780000 668.5
1790000 607.3
1800000 665.9
1810000 682.9
1820000 689.1
1830000 667.7
1840000 699.4
1850000 693.3
1860000 671.6
1870000 702.2
1880000 667.9
1890000 704.2
1900000 686.7
1910000 673.4
1920000 690.9
1930000 701.6
1940000 697.9
1950000 668.2
1960000 696.4
1970000 651.9
1980000 699.9
1990000 706.8
2000000 685.8
