10000 24.6
20000 60.8
30000 101.8
40000 150.3
50000 137.0
60000 159.8
70000 167.2
80000 174.6
90000 181.3
100000 202.1
110000 211.0
120000 219.1
130000 218.2
140000 230.5
150000 234.7
160000 257.0
170000 261.8
180000 264.4
190000 275.7
200000 273.1
210000 310.0
220000 310.0
230000 321.2
240000 332.9
250000 320.5
260000 356.2
270000 343.9
280000 364.2
290000 395.9
300000 391.4
310000 408.3
320000 406.5
330000 397.6
340000 418.3
350000 408.0
360000 462.5
370000 447.0
380000 489.7
390000 503.1
400000 486.9
410000 499.9
420000 480.5
430000 544.4
440000 515.1
450000 526.4
460000 535.9
470000 548.4
480000 562.0
490000 564.3
500000 578.3
510000 563.4
520000 563.4
530000 545.4
540000 579.6
550000 585.8
560000 550.0
570000 588.5
580000 568.2
590000 540.0
600000 582.8
610000 632.6
620000 607.9
630000 594.3
640000 633.1
650000 631.2
660000 633.1
670000 651.2
680000 639.2
690000 639.4
700000 592.2
710000 664.1
720000 662.2
730000 655.7
740000 664.2
750000 667.0
760000 653.5
770000 667.5
780000 649.4
790000 665.7
800000 695.2
810000 673.6
820000 674.2
830000 669.3
840000 676.7
850000 668.7
860000 611.9
870000 668.9
880000 664.4
890000 645.0
900000 647.2
910000 686.2
920000 585.8
930000 684.4
940000 670.8
950000 688.6
960000 680.2
970000 675.1
980000 663.4
990000 686.4
1000000 672.3
1010000 682.6
1020000 681.3
1030000 686.6
1040000 676.1
1050000 624.7
1060000 683.2
1070000 623.6
1080000 681.0
1090000 689.4
1100000 688.0
1110000 671.6
1120000 669.4
1130000 689.2
1140000 691.0
1150000 705.4
1160000 704.8
1170000 694.9
1180000 676.4
1190000 704.0
1200000 696.2
1210000 693.4
1220000 710.7
1230000 704.3
1240000 699.2
1250000 715.4
1260000 698.8
1270000 691.3
1280000 708.0
1290000 702.0
1300000 700.3
1310000 701.9
1320000 719.0
1330000 584.7
1340000 720.3
1350000 694.0
1360000 714.3
1370000 712.1
1380000 720.2
1390000 702.5
1400000 639.0
1410000 721.8
1420000 695.8
1430000 682.9
1440000 702.3
1450000 712.6
1460000 717.3
1470000 721.4
1480000 698.4
1490000 728.6
1500000 689.4
1510000 727.1
1520000 714.4
1530000 713.1
1540000 715.8
1550000 726.1
1560000 714.4
1570000 716.8
1580000 717.8
1590000 709.8
1600000 742.0
1610000 722.3
1620000 730.2
1630000 718.1
1640000 655.4
1650000 724.0
1660000 725.9
1670000 737.1
1680000 709.6
1690000 727.3
1700000 701.1
1710000 722.2
1720000 715.8
1730000 725.1
1740000 715.1
1750000 703.2
1760000 711.5
1770000 724.6
1780000 733.9
1790000 721.9
1800000 706.7
1810000 719.0
1820000 741.1
1830000 717.1
1840000 716.3
1850000 716.8
1860000 730.9
1870000 720.9
1880000 713.7
1890000 734.3
1900000 641.8
1910000 667.1
1920000 732.8
1930000 737.6
1940000 652.9
1950000 723.9
1960000 720.3
1970000 750.6
1980000 707.6
1990000 736.5
2000000 732.3
