10000 25.8
20000 64.4
30000 106.5
40000 143.4
50000 176.5
60000 192.0
70000 201.2
80000 196.5
90000 42.2
100000 18.0
110000 22.1
120000 17.6
130000 21.5
140000 26.3
150000 27.9
160000 25.4
170000 16.0
180000 17.8
190000 20.8
200000 25.9
210000 24.4
220000 15.1
230000 22.2
240000 23.8
250000 21.5
260000 31.0
270000 17.8
280000 24.3
290000 21.8
300000 21.6
310000 24.5
320000 27.0
330000 19.3
340000 24.7
350000 35.7
360000 16.3
370000 20.0
380000 14.8
390000 18.9
400000 28.0
410000 17.1
420000 25.5
430000 20.5
440000 20.3
450000 18.5
460000 14.4
470000 16.2
480000 18.4
490000 16.7
500000 17.2
510000 14.5
520000 17.2
530000 18.4
540000 24.3
550000 14.9
560000 22.6
570000 22.1
580000 22.3
590000 23.1
600000 17.8
610000 16.7
620000 18.3
630000 16.2
640000 18.8
650000 16.0
660000 15.0
670000 20.4
680000 19.4
690000 21.2
700000 18.9
710000 25.0
720000 12.2
730000 17.2
740000 12.6
750000 16.0
760000 25.9
770000 19.6
780000 17.1
790000 15.3
800000 17.3
810000 19.9
820000 17.6
830000 22.1
840000 19.1
850000 17.7
860000 15.8
870000 15.1
880000 17.4
890000 28.5
900000 21.8
910000 18.4
920000 16.1
930000 22.5
940000 20.4
950000 16.9
960000 21.7
970000 19.2
980000 18.6
990000 13.2
1000000 17.7
1010000 14.3
1020000 20.2
1030000 20.1
1040000 24.0
1050000 25.0
1060000 24.1
1070000 23.4
1080000 17.3
1090000 23.6
1100000 23.1
1110000 22.6
1120000 21.3
1130000 22.5
1140000 30.4
1150000 20.9
1160000 17.5
1170000 17.5
1180000 24.6
1190000 21.8
1200000 16.3
1210000 18.2
1220000 19.4
1230000 19.5
1240000 16.8
1250000 16.4
1260000 23.9
1270000 21.0
1280000 22.4
1290000 20.7
1300000 18.9
1310000 18.7
1320000 19.4
1330000 26.6
1340000 21.3
1350000 20.8
1360000 19.9
1370000 20.3
1380000 22.8
1390000 24.4
1400000 22.9
1410000 25.7
1420000 22.9
1430000 23.6
1440000 21.1
1450000 19.9
1460000 24.9
1470000 19.8
1480000 22.9
1490000 21.9
1500000 17.1
1510000 15.5
1520000 15.8
1530000 16.6
1540000 19.0
1550000 25.0
1560000 24.0
1570000 22.8
1580000 21.9
1590000 21.4
1600000 23.8
1610000 20.3
1620000 24.6
1630000 18.0
1640000 27.4
1650000 23.6
1660000 17.7
1670000 23.5
1680000 26.3
1690000 22.9
1700000 22.2
1710000 22.6
1720000 21.2
1730000 28.5
1740000 22.3
1750000 28.3
1760000 28.8
1770000 24.2
1780000 20.0
1790000 19.6
1800000 19.5
1810000 19.9
1820000 16.1
1830000 15.2
1840000 24.1
1850000 18.8
1860000 20.4
1870000 24.4
1880000 19.0
1890000 18.4
1900000 18.3
1910000 17.0
1920000 18.1
1930000 18.2
1940000 25.3
1950000 22.9
1960000 21.1
1970000 24.2
1980000 18.0
1990000 18.4
2000000 17.3
