5000 19.7
10000 31.3
15000 24.0
20000 30.0
25000 29.7
30000 25.5
35000 22.4
40000 64.3
45000 46.4
50000 49.3
55000 84.6
60000 80.8
65000 90.1
70000 160.2
75000 152.8
80000 176.6
85000 191.7
90000 267.2
95000 453.3
100000 484.3
105000 470.9
110000 542.0
115000 569.4
120000 528.7
125000 622.2
130000 607.4
135000 625.6
140000 617.3
145000 645.4
150000 625.4
155000 624.0
160000 634.1
165000 645.1
170000 652.9
175000 662.1
180000 646.9
185000 646.0
190000 645.2
195000 666.4
200000 668.9
205000 15.1
210000 26.5
215000 29.3
220000 149.5
225000 178.8
230000 368.0
235000 511.8
240000 554.1
245000 611.3
250000 627.2
255000 646.7
260000 665.5
265000 679.1
270000 698.5
275000 690.3
280000 718.6
285000 684.4
290000 703.4
295000 710.0
300000 703.3
305000 713.6
310000 699.0
315000 730.4
320000 716.8
325000 715.9
330000 707.7
335000 716.8
340000 712.2
345000 727.0
350000 732.2
355000 715.1
360000 712.0
365000 731.2
370000 716.9
375000 723.7
380000 734.1
385000 734.3
390000 743.3
395000 745.5
400000 732.2
405000 35.8
410000 26.2
415000 55.4
420000 87.8
425000 148.6
430000 404.3
435000 530.5
440000 596.7
445000 709.9
450000 700.7
455000 709.3
460000 687.0
465000 687.5
470000 705.7
475000 719.7
480000 711.9
485000 709.7
490000 712.7
495000 729.5
500000 728.2
505000 730.9
510000 746.8
515000 720.8
520000 728.0
525000 728.9
530000 723.6
535000 722.6
540000 739.4
545000 751.0
550000 737.7
555000 736.7
560000 742.6
565000 750.6
570000 723.9
575000 739.5
580000 757.4
585000 747.0
590000 759.4
595000 757.6
600000 745.0
605000 16.5
610000 20.8
615000 36.8
620000 85.7
625000 145.9
630000 352.8
635000 547.5
640000 600.1
645000 642.3
650000 691.0
655000 703.1
660000 726.7
665000 731.3
670000 701.3
675000 725.4
680000 735.8
685000 735.4
690000 742.8
695000 747.4
700000 746.8
705000 721.4
710000 734.5
715000 742.2
720000 723.9
725000 736.9
730000 737.2
735000 754.8
740000 742.3
745000 739.7
750000 744.2
755000 758.7
760000 743.0
765000 742.1
770000 754.0
775000 741.0
780000 743.6
785000 741.7
790000 735.7
795000 713.3
800000 741.9
805000 18.5
810000 23.7
815000 32.9
820000 31.9
825000 192.0
830000 384.1
835000 555.5
840000 598.8
845000 651.0
850000 641.5
855000 664.4
860000 663.1
865000 706.9
870000 687.7
875000 701.5
880000 708.6
885000 725.8
890000 716.9
895000 727.4
900000 743.7
905000 743.0
910000 728.0
915000 744.6
920000 716.4
925000 744.3
930000 734.3
935000 750.7
940000 738.5
945000 751.4
950000 749.8
955000 749.0
960000 757.0
965000 754.4
970000 757.9
975000 760.1
980000 768.8
985000 755.6
990000 753.9
995000 762.6
1000000 757.4
1005000 16.7
1010000 20.0
1015000 26.9
1020000 79.6
1025000 155.2
1030000 354.4
1035000 564.4
1040000 601.1
1045000 669.1
1050000 705.8
1055000 711.6
1060000 709.3
1065000 727.3
1070000 709.0
1075000 725.5
1080000 738.2
1085000 748.9
1090000 744.5
1095000 756.7
1100000 737.0
1105000 743.9
1110000 754.7
1115000 753.3
1120000 761.3
1125000 757.8
1130000 765.3
1135000 736.6
1140000 755.1
1145000 738.0
1150000 737.5
1155000 764.2
1160000 757.8
1165000 761.6
1170000 769.8
1175000 770.6
1180000 685.6
1185000 764.2
1190000 758.9
1195000 771.9
1200000 758.1
1205000 10.4
1210000 12.4
1215000 22.8
1220000 52.6
1225000 138.6
1230000 255.0
1235000 535.9
1240000 574.9
1245000 638.9
1250000 673.3
1255000 669.5
1260000 718.5
1265000 708.0
1270000 717.1
1275000 653.0
1280000 658.2
1285000 601.7
1290000 717.5
1295000 707.3
1300000 718.2
1305000 743.4
1310000 750.0
1315000 738.5
1320000 721.3
1325000 744.3
1330000 680.4
1335000 759.9
1340000 742.4
1345000 763.3
1350000 763.5
1355000 748.3
1360000 760.8
1365000 751.8
1370000 744.3
1375000 756.2
1380000 748.3
1385000 738.7
1390000 767.4
1395000 755.9
1400000 759.0
1405000 14.2
1410000 24.0
1415000 15.4
1420000 55.5
1425000 264.7
1430000 388.7
1435000 457.6
1440000 580.3
1445000 621.4
1450000 643.9
1455000 660.2
1460000 669.4
1465000 746.8
1470000 729.3
1475000 737.7
1480000 747.6
1485000 751.0
1490000 736.8
1495000 724.3
1500000 769.6
1505000 762.8
1510000 763.2
1515000 757.8
1520000 747.7
1525000 767.5
1530000 734.1
1535000 762.0
1540000 744.3
1545000 771.4
1550000 763.6
1555000 780.7
1560000 777.7
1565000 770.4
1570000 753.5
1575000 756.7
1580000 771.9
1585000 789.7
1590000 772.8
1595000 787.7
1600000 784.5
1605000 13.8
1610000 14.4
1615000 26.4
1620000 98.8
1625000 203.6
1630000 351.9
1635000 469.9
1640000 567.9
1645000 678.8
1650000 676.5
1655000 719.3
1660000 726.5
1665000 727.1
1670000 736.9
1675000 742.4
1680000 738.2
1685000 751.5
1690000 750.9
1695000 761.5
1700000 729.5
1705000 730.8
1710000 743.0
1715000 741.1
1720000 726.4
1725000 729.0
1730000 746.4
1735000 760.5
1740000 765.9
1745000 742.2
1750000 759.6
1755000 762.0
1760000 777.5
1765000 759.6
1770000 786.2
1775000 763.2
1780000 765.8
1785000 781.9
1790000 767.7
1795000 766.5
1800000 759.4
1805000 10.7
1810000 15.8
1815000 24.9
1820000 32.0
1825000 195.6
1830000 338.2
1835000 484.9
1840000 618.5
1845000 643.7
1850000 629.5
1855000 679.6
1860000 711.8
1865000 653.2
1870000 682.9
1875000 711.2
1880000 706.2
1885000 727.7
1890000 715.9
1895000 748.3
1900000 765.5
1905000 766.1
1910000 740.2
1915000 778.0
1920000 743.4
1925000 763.8
1930000 748.5
1935000 767.6
1940000 778.6
1945000 770.1
1950000 766.9
1955000 751.6
1960000 779.1
1965000 781.5
1970000 780.9
1975000 783.4
1980000 785.4
1985000 754.7
1990000 782.5
1995000 799.2
2000000 786.4
