5000 20.6
10000 25.2
15000 22.3
20000 20.3
25000 24.4
30000 25.6
35000 27.9
40000 32.3
45000 55.0
50000 74.4
55000 56.7
60000 88.7
65000 115.1
70000 124.3
75000 161.5
80000 218.6
85000 297.0
90000 344.3
95000 412.5
100000 401.5
105000 432.3
110000 457.8
115000 483.2
120000 480.4
125000 492.4
130000 505.8
135000 492.3
140000 502.1
145000 505.5
150000 524.6
155000 507.6
160000 521.1
165000 526.8
170000 525.4
175000 536.4
180000 537.0
185000 535.7
190000 535.3
195000 554.5
200000 549.9
205000 17.6
210000 20.1
215000 60.5
220000 158.9
225000 290.6
230000 376.7
235000 398.3
240000 439.4
245000 462.6
250000 493.9
255000 514.7
260000 521.5
265000 563.5
270000 549.5
275000 552.0
280000 566.9
285000 576.2
290000 565.8
295000 581.5
300000 573.4
305000 581.6
310000 574.2
315000 596.1
320000 580.4
325000 584.8
330000 597.2
335000 585.4
340000 604.5
345000 604.1
350000 631.3
355000 622.4
360000 625.3
365000 620.5
370000 635.1
375000 632.9
380000 641.8
385000 646.3
390000 654.1
395000 638.6
400000 641.6
405000 19.3
410000 20.9
415000 35.7
420000 180.7
425000 261.1
430000 402.9
435000 425.4
440000 488.9
445000 547.4
450000 579.2
455000 622.5
460000 612.3
465000 612.2
470000 628.4
475000 634.0
480000 629.3
485000 658.5
490000 647.1
495000 659.7
500000 654.3
505000 651.8
510000 656.1
515000 662.0
520000 687.2
525000 672.0
530000 673.8
535000 667.6
540000 677.2
545000 672.1
550000 696.5
555000 692.6
560000 683.8
565000 681.1
570000 670.4
575000 685.6
580000 688.3
585000 686.6
590000 694.3
595000 687.8
600000 692.2
605000 13.9
610000 13.2
615000 72.6
620000 91.4
625000 259.3
630000 384.8
635000 485.9
640000 595.0
645000 621.2
650000 617.9
655000 648.8
660000 650.4
665000 655.0
670000 652.7
675000 665.1
680000 641.1
685000 650.2
690000 677.7
695000 665.0
700000 686.5
705000 691.2
710000 685.2
715000 687.4
720000 664.7
725000 685.4
730000 697.7
735000 689.9
740000 686.8
745000 697.5
750000 711.2
755000 706.4
760000 706.2
765000 680.1
770000 713.4
775000 690.5
780000 707.4
785000 702.9
790000 667.1
795000 705.5
800000 689.1
805000 15.7
810000 18.7
815000 35.1
820000 143.4
825000 237.7
830000 358.3
835000 495.3
840000 536.7
845000 626.2
850000 629.4
855000 640.4
860000 658.4
865000 607.6
870000 676.9
875000 654.3
880000 686.6
885000 692.6
890000 703.6
895000 689.4
900000 696.3
905000 703.7
910000 700.4
915000 699.1
920000 678.2
925000 692.3
930000 708.9
935000 702.9
940000 724.3
945000 706.1
950000 706.9
955000 706.2
960000 723.0
965000 721.7
970000 727.4
975000 718.6
980000 727.7
985000 719.1
990000 729.4
995000 722.1
1000000 712.9
1005000 24.5
1010000 11.6
1015000 39.9
1020000 122.4
1025000 134.7
1030000 482.4
1035000 546.6
1040000 652.2
1045000 628.5
1050000 655.3
1055000 634.1
1060000 629.2
1065000 680.0
1070000 664.4
1075000 670.9
1080000 669.1
1085000 713.3
1090000 716.2
1095000 686.5
1100000 718.8
1105000 697.3
1110000 712.4
1115000 649.2
1120000 699.7
1125000 724.2
1130000 722.9
1135000 692.4
1140000 720.7
1145000 714.4
1150000 676.7
1155000 723.8
1160000 738.2
1165000 730.5
1170000 733.0
1175000 741.7
1180000 732.6
1185000 723.0
1190000 737.3
1195000 736.4
1200000 737.2
1205000 12.1
1210000 14.6
1215000 37.8
1220000 92.6
1225000 294.3
1230000 402.4
1235000 582.9
1240000 577.7
1245000 593.8
1250000 510.2
1255000 622.5
1260000 625.9
1265000 666.8
1270000 683.5
1275000 677.7
1280000 664.2
1285000 681.0
1290000 681.1
1295000 719.8
1300000 693.4
1305000 681.9
1310000 718.5
1315000 705.1
1320000 723.0
1325000 723.7
1330000 707.8
1335000 736.8
1340000 704.0
1345000 725.1
1350000 725.6
1355000 741.7
1360000 730.8
1365000 752.5
1370000 750.9
1375000 742.3
1380000 711.3
1385000 746.0
1390000 743.4
1395000 750.3
1400000 731.1
1405000 9.5
1410000 17.1
1415000 27.5
1420000 107.9
1425000 265.1
1430000 432.1
1435000 471.5
1440000 535.4
1445000 591.3
1450000 636.2
1455000 666.7
1460000 680.1
1465000 602.7
1470000 661.4
1475000 669.3
1480000 679.3
1485000 679.8
1490000 659.3
1495000 688.3
1500000 700.4
1505000 731.8
1510000 720.6
1515000 702.6
1520000 737.0
1525000 698.9
1530000 734.7
1535000 722.1
1540000 683.9
1545000 731.3
1550000 732.3
1555000 728.3
1560000 733.8
1565000 751.5
1570000 738.8
1575000 739.7
1580000 754.5
1585000 750.0
1590000 753.2
1595000 750.8
1600000 748.9
1605000 11.1
1610000 14.9
1615000 18.5
1620000 105.8
1625000 226.0
1630000 202.3
1635000 478.5
1640000 647.9
1645000 585.6
1650000 623.7
1655000 669.1
1660000 539.6
1665000 665.6
1670000 681.5
1675000 677.5
1680000 678.3
1685000 694.8
1690000 707.4
1695000 719.1
1700000 710.4
1705000 716.5
1710000 732.1
1715000 723.3
1720000 738.5
1725000 711.7
1730000 741.6
1735000 737.3
1740000 721.5
1745000 738.0
1750000 760.0
1755000 752.7
1760000 745.0
1765000 727.7
1770000 731.7
1775000 730.8
1780000 767.6
1785000 736.5
1790000 741.2
1795000 764.6
1800000 743.0
1805000 10.5
1810000 13.4
1815000 32.1
1820000 83.4
1825000 166.9
1830000 358.3
1835000 507.0
1840000 478.1
1845000 613.7
1850000 635.0
1855000 640.6
1860000 652.6
1865000 653.7
1870000 659.7
1875000 691.0
1880000 675.4
1885000 689.7
1890000 688.0
1895000 698.3
1900000 722.7
1905000 729.8
1910000 734.5
1915000 738.7
1920000 685.7
1925000 746.6
1930000 739.7
1935000 711.1
1940000 758.0
1945000 743.1
1950000 759.2
1955000 745.1
1960000 720.9
1965000 745.0
1970000 743.6
1975000 750.7
1980000 765.6
1985000 765.1
1990000 766.7
1995000 737.1
2000000 744.4
