5000 20.4
10000 20.7
15000 26.1
20000 22.2
25000 25.2
30000 24.4
35000 25.7
40000 27.3
45000 68.4
50000 64.0
55000 64.0
60000 69.6
65000 69.8
70000 140.6
75000 159.6
80000 257.6
85000 393.5
90000 440.8
95000 473.1
100000 496.9
105000 560.4
110000 558.3
115000 601.4
120000 617.9
125000 617.1
130000 621.8
135000 644.7
140000 645.2
145000 655.6
150000 667.6
155000 679.3
160000 678.2
165000 688.2
170000 700.0
175000 686.7
180000 711.7
185000 696.9
190000 718.6
195000 711.2
200000 716.7
205000 26.6
210000 17.7
215000 29.3
220000 95.2
225000 285.4
230000 459.6
235000 591.3
240000 584.2
245000 655.6
250000 673.2
255000 670.8
260000 695.5
265000 709.0
270000 696.3
275000 696.3
280000 716.9
285000 722.9
290000 729.0
295000 707.6
300000 710.9
305000 735.6
310000 732.3
315000 725.5
320000 737.4
325000 739.1
330000 736.3
335000 745.6
340000 734.4
345000 742.4
350000 743.9
355000 747.2
360000 742.5
365000 756.8
370000 749.9
375000 737.8
380000 753.6
385000 746.1
390000 756.4
395000 758.5
400000 758.3
405000 14.1
410000 30.8
415000 23.5
420000 158.4
425000 316.9
430000 476.9
435000 529.8
440000 604.5
445000 682.6
450000 706.9
455000 700.9
460000 693.4
465000 682.3
470000 715.7
475000 717.9
480000 740.1
485000 735.7
490000 752.0
495000 737.2
500000 741.2
505000 760.1
510000 734.9
515000 756.5
520000 752.2
525000 738.7
530000 753.2
535000 753.0
540000 755.6
545000 742.9
550000 762.3
555000 753.5
560000 759.6
565000 758.6
570000 765.6
575000 764.1
580000 758.5
585000 767.7
590000 767.8
595000 771.7
600000 778.9
605000 21.8
610000 21.3
615000 36.7
620000 129.2
625000 230.1
630000 444.2
635000 505.3
640000 542.5
645000 667.9
650000 715.4
655000 720.9
660000 719.5
665000 722.2
670000 731.7
675000 745.6
680000 743.7
685000 750.4
690000 720.3
695000 758.8
700000 739.2
705000 747.6
710000 749.9
715000 696.6
720000 754.6
725000 767.0
730000 751.2
735000 759.5
740000 765.4
745000 770.1
750000 750.3
755000 764.3
760000 759.0
765000 766.0
770000 765.5
775000 768.7
780000 771.1
785000 772.5
790000 763.4
795000 771.4
800000 773.5
805000 18.8
810000 17.0
815000 20.0
820000 47.4
825000 250.0
830000 503.3
835000 509.0
840000 637.3
845000 669.0
850000 721.1
855000 712.4
860000 733.1
865000 745.9
870000 734.6
875000 755.4
880000 752.5
885000 748.0
890000 751.6
895000 768.4
900000 712.9
905000 771.9
910000 757.7
915000 770.4
920000 773.0
925000 775.0
930000 769.1
935000 772.3
940000 774.4
945000 772.5
950000 767.6
955000 777.1
960000 770.4
965000 764.0
970000 776.4
975000 779.3
980000 776.5
985000 773.3
990000 786.7
995000 775.3
1000000 778.5
1005000 19.1
1010000 27.2
1015000 27.3
1020000 88.9
1025000 299.9
1030000 471.5
1035000 629.6
1040000 632.3
1045000 700.9
1050000 620.9
1055000 717.6
1060000 639.9
1065000 734.0
1070000 738.7
1075000 750.1
1080000 752.1
1085000 690.8
1090000 754.3
1095000 729.3
1100000 748.0
1105000 771.9
1110000 776.6
1115000 762.4
1120000 777.7
1125000 770.8
1130000 767.5
1135000 765.4
1140000 768.0
1145000 766.6
1150000 785.3
1155000 761.9
1160000 776.9
1165000 772.9
1170000 779.0
1175000 779.0
1180000 781.3
1185000 774.5
1190000 772.8
1195000 780.4
1200000 789.3
1205000 15.1
1210000 33.2
1215000 40.7
1220000 108.3
1225000 246.4
1230000 518.9
1235000 568.7
1240000 619.1
1245000 702.7
1250000 697.3
1255000 733.7
1260000 737.1
1265000 739.4
1270000 730.3
1275000 724.2
1280000 751.3
1285000 669.3
1290000 746.6
1295000 744.9
1300000 746.6
1305000 749.1
1310000 733.0
1315000 752.7
1320000 733.1
1325000 773.1
1330000 760.2
1335000 776.2
1340000 778.0
1345000 775.3
1350000 749.0
1355000 731.9
1360000 762.5
1365000 768.1
1370000 776.3
1375000 783.1
1380000 775.5
1385000 777.5
1390000 784.7
1395000 775.6
1400000 800.0
1405000 14.5
1410000 21.8
1415000 25.4
1420000 27.0
1425000 167.1
1430000 401.9
1435000 412.7
1440000 582.6
1445000 647.5
1450000 697.0
1455000 694.3
1460000 727.6
1465000 598.2
1470000 691.8
1475000 727.8
1480000 675.3
1485000 726.9
1490000 724.0
1495000 755.9
1500000 756.8
1505000 747.3
1510000 758.7
1515000 756.9
1520000 694.3
1525000 698.3
1530000 743.9
1535000 769.4
1540000 761.3
1545000 754.0
1550000 785.4
1555000 785.5
1560000 774.1
1565000 772.9
1570000 731.1
1575000 745.9
1580000 770.1
1585000 781.9
1590000 785.3
1595000 786.8
1600000 794.1
1605000 14.3
1610000 16.4
1615000 26.8
1620000 106.3
1625000 254.4
1630000 447.5
1635000 531.9
1640000 649.4
1645000 670.2
1650000 683.7
1655000 696.2
1660000 710.1
1665000 681.8
1670000 720.1
1675000 752.9
1680000 694.8
1685000 729.4
1690000 718.2
1695000 764.2
1700000 723.2
1705000 749.9
1710000 776.2
1715000 740.6
1720000 762.4
1725000 779.1
1730000 760.9
1735000 766.7
1740000 775.4
1745000 743.6
1750000 772.0
1755000 777.9
1760000 782.3
1765000 751.5
1770000 780.2
1775000 802.7
1780000 787.9
1785000 777.9
1790000 794.3
1795000 786.4
1800000 799.5
1805000 21.3
1810000 13.4
1815000 24.8
1820000 80.9
1825000 239.4
1830000 419.1
1835000 503.2
1840000 615.7
1845000 692.8
1850000 691.9
1855000 708.0
1860000 658.7
1865000 716.1
1870000 724.1
1875000 692.5
1880000 747.9
1885000 768.4
1890000 758.4
1895000 772.0
1900000 755.0
1905000 753.6
1910000 761.7
1915000 773.5
1920000 777.4
1925000 778.7
1930000 768.6
1935000 775.7
1940000 771.9
1945000 787.4
1950000 783.9
1955000 776.9
1960000 779.1
1965000 786.0
1970000 788.8
1975000 793.9
1980000 782.4
1985000 785.7
1990000 787.2
1995000 789.4
2000000 784.6
