5000 16.3
10000 24.3
15000 21.2
20000 26.0
25000 27.2
30000 27.9
35000 30.3
40000 38.1
45000 60.3
50000 32.1
55000 81.3
60000 72.6
65000 76.8
70000 133.0
75000 201.2
80000 154.6
85000 327.0
90000 416.4
95000 430.9
100000 472.5
105000 501.9
110000 522.5
115000 520.4
120000 524.6
125000 532.0
130000 549.6
135000 559.5
140000 576.1
145000 582.6
150000 587.4
155000 610.9
160000 634.7
165000 646.6
170000 619.7
175000 640.1
180000 650.8
185000 644.0
190000 649.7
195000 655.1
200000 660.0
205000 17.9
210000 17.2
215000 24.0
220000 93.0
225000 156.6
230000 300.8
235000 440.8
240000 537.4
245000 569.6
250000 646.5
255000 627.0
260000 602.7
265000 624.9
270000 652.1
275000 666.7
280000 662.0
285000 661.4
290000 669.9
295000 665.0
300000 668.0
305000 584.5
310000 672.6
315000 667.9
320000 680.1
325000 671.6
330000 670.4
335000 675.5
340000 675.4
345000 674.0
350000 676.1
355000 684.0
360000 687.3
365000 669.9
370000 696.7
375000 693.5
380000 693.7
385000 689.1
390000 693.2
395000 699.3
400000 693.7
405000 15.2
410000 20.9
415000 30.2
420000 60.6
425000 289.3
430000 387.7
435000 450.9
440000 580.0
445000 618.6
450000 612.2
455000 628.2
460000 652.9
465000 628.7
470000 632.0
475000 667.9
480000 662.7
485000 682.8
490000 680.1
495000 684.0
500000 697.2
505000 687.5
510000 701.6
515000 690.6
520000 691.2
525000 692.4
530000 698.1
535000 693.4
540000 694.0
545000 681.8
550000 688.2
555000 687.9
560000 693.6
565000 694.8
570000 692.6
575000 685.2
580000 695.0
585000 711.1
590000 691.3
595000 701.6
600000 690.9
605000 12.7
610000 17.7
615000 35.2
620000 105.5
625000 199.4
630000 358.3
635000 529.8
640000 602.6
645000 591.1
650000 629.1
655000 621.2
660000 599.8
665000 662.4
670000 682.3
675000 668.9
680000 678.4
685000 685.9
690000 698.0
695000 678.2
700000 694.1
705000 692.7
710000 695.6
715000 684.0
720000 701.0
725000 712.1
730000 694.2
735000 709.6
740000 690.1
745000 714.3
750000 709.7
755000 700.3
760000 691.3
765000 710.7
770000 710.2
775000 705.0
780000 685.7
785000 712.3
790000 714.7
795000 716.1
800000 726.7
805000 14.6
810000 15.7
815000 32.6
820000 67.2
825000 131.8
830000 413.6
835000 611.2
840000 595.7
845000 563.5
850000 640.6
855000 657.9
860000 642.0
865000 648.1
870000 657.4
875000 642.8
880000 684.4
885000 645.4
890000 664.5
895000 684.7
900000 702.1
905000 698.2
910000 711.6
915000 696.0
920000 696.4
925000 712.6
930000 693.4
935000 711.4
940000 711.9
945000 712.2
950000 714.3
955000 698.5
960000 725.2
965000 713.1
970000 716.2
975000 714.0
980000 723.4
985000 719.8
990000 726.0
995000 712.7
1000000 718.8
1005000 11.6
1010000 14.8
1015000 21.4
1020000 58.8
1025000 268.3
1030000 469.3
1035000 538.2
1040000 609.0
1045000 613.2
1050000 543.2
1055000 646.1
1060000 613.3
1065000 653.7
1070000 658.1
1075000 690.2
1080000 696.9
1085000 692.5
1090000 704.4
1095000 726.8
1100000 680.9
1105000 714.7
1110000 722.6
1115000 722.2
1120000 669.4
1125000 717.4
1130000 710.9
1135000 683.9
1140000 722.2
1145000 722.5
1150000 727.0
1155000 729.3
1160000 727.8
1165000 728.0
1170000 718.8
1175000 722.0
1180000 724.7
1185000 728.8
1190000 741.4
1195000 729.6
1200000 735.6
1205000 10.6
1210000 11.4
1215000 29.5
1220000 41.3
1225000 29.4
1230000 139.1
1235000 449.2
1240000 559.1
1245000 615.1
1250000 621.9
1255000 641.7
1260000 665.1
1265000 612.0
1270000 664.4
1275000 682.8
1280000 670.8
1285000 711.4
1290000 702.4
1295000 718.7
1300000 704.9
1305000 720.9
1310000 714.3
1315000 685.9
1320000 710.5
1325000 724.4
1330000 733.4
1335000 715.2
1340000 718.1
1345000 729.6
1350000 729.7
1355000 713.4
1360000 726.0
1365000 727.4
1370000 729.9
1375000 732.5
1380000 723.4
1385000 722.9
1390000 729.4
1395000 739.4
1400000 744.0
1405000 13.1
1410000 15.1
1415000 21.2
1420000 47.0
1425000 192.3
1430000 418.7
1435000 512.7
1440000 571.2
1445000 611.5
1450000 667.0
1455000 614.2
1460000 721.4
1465000 695.0
1470000 699.0
1475000 717.8
1480000 694.6
1485000 697.3
1490000 738.8
1495000 716.2
1500000 709.1
1505000 710.8
1510000 730.2
1515000 731.9
1520000 739.0
1525000 717.5
1530000 727.7
1535000 716.3
1540000 731.3
1545000 725.7
1550000 721.5
1555000 749.3
1560000 735.9
1565000 736.7
1570000 748.9
1575000 730.0
1580000 741.4
1585000 736.5
1590000 733.3
1595000 739.6
1600000 742.4
1605000 11.3
1610000 12.3
1615000 19.9
1620000 13.4
1625000 57.1
1630000 334.5
1635000 489.5
1640000 528.1
1645000 596.4
1650000 626.6
1655000 668.8
1660000 666.5
1665000 654.3
1670000 665.5
1675000 730.4
1680000 688.0
1685000 700.2
1690000 717.3
1695000 665.4
1700000 733.8
1705000 738.4
1710000 733.0
1715000 727.1
1720000 732.9
1725000 732.5
1730000 734.1
1735000 707.3
1740000 717.8
1745000 738.3
1750000 738.6
1755000 723.0
1760000 724.9
1765000 726.5
1770000 741.4
1775000 751.7
1780000 743.7
1785000 737.6
1790000 734.0
1795000 751.3
1800000 753.5
1805000 10.3
1810000 13.8
1815000 37.1
1820000 73.5
1825000 226.1
1830000 317.5
1835000 560.2
1840000 629.6
1845000 616.8
1850000 637.1
1855000 640.9
1860000 597.8
1865000 651.0
1870000 671.7
1875000 707.9
1880000 724.7
1885000 708.6
1890000 684.1
1895000 743.3
1900000 738.0
1905000 726.8
1910000 743.3
1915000 720.7
1920000 733.7
1925000 742.7
1930000 741.6
1935000 750.3
1940000 738.8
1945000 732.2
1950000 749.2
1955000 733.4
1960000 732.5
1965000 738.7
1970000 758.2
1975000 744.0
1980000 746.1
1985000 755.6
1990000 757.7
1995000 768.3
2000000 756.4
