5000 16.2
10000 31.1
15000 24.0
20000 19.3
25000 22.9
30000 29.5
35000 29.2
40000 33.3
45000 60.1
50000 137.6
55000 80.3
60000 124.9
65000 73.3
70000 160.2
75000 154.8
80000 141.3
85000 175.4
90000 207.3
95000 224.5
100000 230.3
105000 245.8
110000 275.6
115000 294.3
120000 275.9
125000 310.7
130000 304.9
135000 350.8
140000 356.5
145000 390.9
150000 412.4
155000 424.0
160000 451.9
165000 474.1
170000 485.6
175000 464.4
180000 466.5
185000 494.0
190000 515.3
195000 499.8
200000 558.3
205000 17.8
210000 38.7
215000 15.9
220000 164.7
225000 54.6
230000 74.5
235000 401.3
240000 426.4
245000 547.4
250000 509.5
255000 521.6
260000 541.6
265000 602.8
270000 636.1
275000 638.1
280000 602.9
285000 633.8
290000 655.2
295000 665.5
300000 665.7
305000 641.3
310000 686.5
315000 655.6
320000 680.4
325000 675.9
330000 694.0
335000 695.4
340000 668.5
345000 683.6
350000 682.9
355000 686.4
360000 685.1
365000 683.3
370000 693.3
375000 687.3
380000 689.4
385000 667.4
390000 694.3
395000 701.3
400000 707.8
405000 19.8
410000 32.1
415000 78.4
420000 173.3
425000 198.8
430000 385.4
435000 564.4
440000 612.0
445000 618.2
450000 646.1
455000 669.5
460000 662.2
465000 698.7
470000 691.1
475000 708.3
480000 678.0
485000 695.3
490000 679.9
495000 687.3
500000 698.4
505000 684.9
510000 677.6
515000 686.6
520000 712.4
525000 725.6
530000 705.9
535000 700.0
540000 728.7
545000 716.0
550000 714.5
555000 717.2
560000 724.4
565000 729.8
570000 710.9
575000 725.8
580000 726.0
585000 720.3
590000 736.1
595000 754.8
600000 735.6
605000 18.8
610000 16.2
615000 23.8
620000 134.1
625000 143.7
630000 427.6
635000 601.3
640000 636.5
645000 663.2
650000 692.8
655000 669.6
660000 667.5
665000 680.0
670000 700.8
675000 653.3
680000 649.1
685000 688.8
690000 718.4
695000 718.2
700000 716.5
705000 697.6
710000 739.3
715000 721.0
720000 732.5
725000 744.5
730000 732.5
735000 741.8
740000 716.2
745000 729.7
750000 742.0
755000 729.1
760000 731.4
765000 750.9
770000 745.5
775000 740.7
780000 734.5
785000 741.6
790000 756.3
795000 738.1
800000 742.8
805000 18.3
810000 29.4
815000 15.6
820000 79.3
825000 182.1
830000 467.7
835000 545.5
840000 651.8
845000 642.4
850000 658.2
855000 676.0
860000 711.7
865000 722.3
870000 679.6
875000 687.9
880000 717.4
885000 731.6
890000 712.7
895000 721.3
900000 758.0
905000 738.2
910000 767.9
915000 760.9
920000 757.2
925000 758.9
930000 759.4
935000 756.6
940000 762.5
945000 772.0
950000 753.3
955000 755.7
960000 751.3
965000 759.4
970000 767.6
975000 772.3
980000 765.9
985000 763.5
990000 770.3
995000 778.1
1000000 767.2
1005000 18.5
1010000 10.7
1015000 33.5
1020000 108.4
1025000 216.3
1030000 382.9
1035000 502.9
1040000 656.6
1045000 615.8
1050000 665.0
1055000 718.5
1060000 661.8
1065000 726.7
1070000 675.4
1075000 698.7
1080000 730.8
1085000 692.9
1090000 757.3
1095000 757.7
1100000 756.4
1105000 766.1
1110000 755.2
1115000 766.8
1120000 772.7
1125000 771.1
1130000 762.1
1135000 772.2
1140000 772.9
1145000 789.6
1150000 774.4
1155000 776.5
1160000 768.8
1165000 778.9
1170000 771.0
1175000 792.1
1180000 787.1
1185000 790.6
1190000 766.1
1195000 765.9
1200000 775.7
1205000 16.5
1210000 12.7
1215000 38.2
1220000 94.6
1225000 169.4
1230000 297.6
1235000 428.1
1240000 663.1
1245000 705.9
1250000 731.3
1255000 736.7
1260000 700.6
1265000 716.1
1270000 746.3
1275000 726.5
1280000 757.9
1285000 749.9
1290000 727.5
1295000 746.6
1300000 758.0
1305000 744.9
1310000 751.9
1315000 770.5
1320000 755.7
1325000 768.2
1330000 760.2
1335000 767.0
1340000 752.3
1345000 765.0
1350000 775.8
1355000 779.6
1360000 760.4
1365000 779.5
1370000 780.3
1375000 767.4
1380000 779.1
1385000 772.8
1390000 780.0
1395000 783.8
1400000 767.5
1405000 11.1
1410000 15.9
1415000 36.0
1420000 131.1
1425000 278.2
1430000 429.0
1435000 499.7
1440000 638.9
1445000 677.3
1450000 708.4
1455000 705.1
1460000 741.6
1465000 688.3
1470000 735.2
1475000 763.8
1480000 736.4
1485000 765.0
1490000 756.3
1495000 761.2
1500000 774.8
1505000 773.7
1510000 763.7
1515000 748.2
1520000 782.7
1525000 771.3
1530000 768.6
1535000 778.3
1540000 778.5
1545000 777.6
1550000 772.1
1555000 780.7
1560000 780.9
1565000 785.8
1570000 790.0
1575000 775.5
1580000 782.6
1585000 779.9
1590000 779.0
1595000 783.8
1600000 785.4
1605000 12.4
1610000 17.3
1615000 23.7
1620000 54.0
1625000 161.5
1630000 375.1
1635000 419.0
1640000 625.4
1645000 650.2
1650000 690.5
1655000 720.1
1660000 737.8
1665000 681.7
1670000 683.8
1675000 713.3
1680000 747.7
1685000 759.3
1690000 734.3
1695000 756.5
1700000 765.6
1705000 736.8
1710000 759.6
1715000 765.1
1720000 769.4
1725000 772.2
1730000 769.8
1735000 760.6
1740000 780.6
1745000 754.0
1750000 770.0
1755000 766.5
1760000 782.0
1765000 785.8
1770000 773.8
1775000 789.8
1780000 792.9
1785000 775.1
1790000 788.1
1795000 783.7
1800000 793.1
1805000 10.1
1810000 13.5
1815000 18.1
1820000 112.4
1825000 177.9
1830000 385.6
1835000 540.1
1840000 664.3
1845000 677.6
1850000 728.6
1855000 711.0
1860000 705.0
1865000 730.4
1870000 623.7
1875000 687.4
1880000 693.1
1885000 713.6
1890000 768.8
1895000 765.4
1900000 719.1
1905000 742.1
1910000 777.8
1915000 786.7
1920000 755.8
1925000 764.2
1930000 780.7
1935000 769.7
1940000 782.4
1945000 750.6
1950000 768.1
1955000 780.0
1960000 764.4
1965000 785.8
1970000 796.0
1975000 779.3
1980000 795.9
1985000 798.2
1990000 786.8
1995000 789.1
2000000 788.0
