5000 22.5
10000 26.2
15000 22.3
20000 20.2
25000 30.5
30000 20.7
35000 23.8
40000 42.7
45000 38.3
50000 57.6
55000 59.3
60000 63.9
65000 128.7
70000 156.1
75000 217.1
80000 281.3
85000 304.4
90000 413.4
95000 478.9
100000 505.6
105000 540.9
110000 587.1
115000 583.0
120000 599.8
125000 615.9
130000 620.7
135000 624.0
140000 625.4
145000 640.3
150000 640.5
155000 630.9
160000 632.6
165000 652.7
170000 645.7
175000 651.3
180000 651.9
185000 651.6
190000 659.3
195000 666.8
200000 664.1
205000 17.4
210000 23.3
215000 27.8
220000 107.9
225000 222.5
230000 430.9
235000 438.1
240000 501.8
245000 593.2
250000 622.8
255000 624.3
260000 628.0
265000 662.0
270000 635.9
275000 675.0
280000 665.2
285000 671.4
290000 678.8
295000 637.9
300000 638.4
305000 678.6
310000 651.0
315000 683.6
320000 659.0
325000 687.3
330000 682.8
335000 670.6
340000 699.6
345000 698.2
350000 689.4
355000 694.1
360000 702.4
365000 710.4
370000 715.5
375000 693.5
380000 697.9
385000 709.9
390000 709.5
395000 711.6
400000 702.8
405000 12.0
410000 22.1
415000 30.2
420000 179.5
425000 230.0
430000 520.6
435000 518.7
440000 513.8
445000 557.5
450000 682.8
455000 653.6
460000 681.9
465000 664.2
470000 706.7
475000 723.2
480000 707.4
485000 705.6
490000 721.8
495000 716.7
500000 725.0
505000 719.4
510000 722.1
515000 701.2
520000 712.7
525000 708.2
530000 722.1
535000 705.7
540000 735.5
545000 707.6
550000 688.4
555000 709.1
560000 698.5
565000 714.1
570000 720.4
575000 718.1
580000 725.1
585000 712.4
590000 723.1
595000 732.1
600000 695.8
605000 20.1
610000 12.9
615000 35.1
620000 134.3
625000 331.5
630000 407.1
635000 489.7
640000 641.4
645000 665.8
650000 694.2
655000 667.7
660000 664.0
665000 617.6
670000 689.7
675000 691.3
680000 679.6
685000 716.5
690000 704.7
695000 716.2
700000 727.3
705000 731.7
710000 719.6
715000 734.6
720000 725.8
725000 719.3
730000 721.5
735000 735.0
740000 734.7
745000 724.7
750000 731.0
755000 724.9
760000 740.9
765000 724.7
770000 740.8
775000 727.4
780000 740.2
785000 742.2
790000 743.6
795000 753.9
800000 753.5
805000 13.9
810000 21.8
815000 30.5
820000 113.3
825000 340.7
830000 482.5
835000 611.4
840000 642.3
845000 680.0
850000 641.7
855000 684.3
860000 649.0
865000 724.6
870000 695.2
875000 740.3
880000 702.2
885000 747.1
890000 722.6
895000 746.5
900000 739.6
905000 725.4
910000 722.2
915000 746.5
920000 747.5
925000 740.3
930000 747.2
935000 732.4
940000 750.7
945000 727.8
950000 733.0
955000 733.6
960000 733.1
965000 749.7
970000 736.0
975000 740.2
980000 749.9
985000 727.5
990000 727.8
995000 741.2
1000000 735.2
1005000 18.1
1010000 21.7
1015000 19.8
1020000 196.8
1025000 368.9
1030000 502.7
1035000 600.5
1040000 668.1
1045000 700.8
1050000 645.5
1055000 705.7
1060000 654.8
1065000 721.8
1070000 710.8
1075000 730.7
1080000 710.6
1085000 729.0
1090000 723.5
1095000 732.5
1100000 739.3
1105000 730.7
1110000 753.2
1115000 745.5
1120000 744.2
1125000 747.0
1130000 753.6
1135000 740.6
1140000 741.0
1145000 737.2
1150000 738.6
1155000 754.3
1160000 759.8
1165000 772.7
1170000 764.5
1175000 750.5
1180000 764.4
1185000 749.2
1190000 682.5
1195000 775.2
1200000 777.3
1205000 18.7
1210000 23.3
1215000 31.2
1220000 97.8
1225000 237.6
1230000 419.3
1235000 425.6
1240000 671.2
1245000 692.8
1250000 686.9
1255000 683.3
1260000 699.7
1265000 729.2
1270000 731.2
1275000 723.4
1280000 733.2
1285000 749.7
1290000 745.1
1295000 759.2
1300000 754.3
1305000 747.5
1310000 749.2
1315000 761.7
1320000 761.3
1325000 759.9
1330000 785.2
1335000 750.5
1340000 747.0
1345000 765.6
1350000 769.5
1355000 764.4
1360000 777.3
1365000 771.8
1370000 775.3
1375000 778.9
1380000 765.7
1385000 767.4
1390000 790.0
1395000 774.3
1400000 777.8
1405000 12.3
1410000 17.6
1415000 16.9
1420000 23.3
1425000 166.4
1430000 403.2
1435000 462.6
1440000 549.9
1445000 666.5
1450000 690.3
1455000 689.0
1460000 685.1
1465000 705.1
1470000 709.2
1475000 744.4
1480000 752.6
1485000 750.8
1490000 737.0
1495000 748.3
1500000 746.0
1505000 758.1
1510000 758.1
1515000 739.8
1520000 751.1
1525000 770.7
1530000 761.9
1535000 763.9
1540000 758.3
1545000 756.3
1550000 768.5
1555000 776.6
1560000 771.3
1565000 760.1
1570000 780.7
1575000 778.7
1580000 779.2
1585000 779.7
1590000 786.3
1595000 781.4
1600000 783.2
1605000 16.7
1610000 13.1
1615000 44.0
1620000 46.2
1625000 179.4
1630000 388.8
1635000 544.6
1640000 633.4
1645000 619.4
1650000 634.0
1655000 663.7
1660000 679.9
1665000 690.7
1670000 718.2
1675000 702.6
1680000 698.3
1685000 746.0
1690000 748.2
1695000 741.3
1700000 672.7
1705000 759.8
1710000 756.8
1715000 752.0
1720000 756.5
1725000 712.3
1730000 762.7
1735000 769.4
1740000 780.1
1745000 777.4
1750000 761.8
1755000 763.7
1760000 758.1
1765000 777.6
1770000 789.4
1775000 782.6
1780000 777.5
1785000 784.9
1790000 787.2
1795000 778.6
1800000 781.7
1805000 10.7
1810000 15.4
1815000 26.3
1820000 104.2
1825000 165.1
1830000 436.2
1835000 512.4
1840000 639.6
1845000 646.4
1850000 647.5
1855000 692.2
1860000 705.6
1865000 676.7
1870000 691.2
1875000 720.5
1880000 723.9
1885000 695.5
1890000 722.4
1895000 750.4
1900000 740.9
1905000 751.5
1910000 754.1
1915000 770.9
1920000 773.0
1925000 694.7
1930000 771.4
1935000 774.5
1940000 785.5
1945000 764.0
1950000 769.4
1955000 765.5
1960000 792.1
1965000 792.2
1970000 774.1
1975000 788.6
1980000 782.9
1985000 788.7
1990000 779.5
1995000 778.8
2000000 778.0
