5000 22.2
10000 20.0
15000 23.9
20000 26.9
25000 22.3
30000 28.8
35000 25.8
40000 29.7
45000 62.4
50000 69.5
55000 60.3
60000 131.4
65000 117.6
70000 169.6
75000 273.2
80000 334.4
85000 405.8
90000 412.0
95000 474.5
100000 519.5
105000 469.1
110000 591.1
115000 577.1
120000 607.5
125000 618.1
130000 617.9
135000 633.4
140000 624.8
145000 648.9
150000 663.1
155000 659.5
160000 664.2
165000 662.6
170000 666.9
175000 684.6
180000 695.2
185000 679.5
190000 687.4
195000 702.4
200000 689.8
205000 22.9
210000 21.5
215000 46.1
220000 145.3
225000 336.5
230000 454.9
235000 547.2
240000 642.9
245000 662.9
250000 657.8
255000 648.1
260000 600.9
265000 710.2
270000 657.3
275000 667.2
280000 698.7
285000 719.0
290000 700.2
295000 717.6
300000 678.1
305000 711.2
310000 716.6
315000 710.5
320000 732.6
325000 711.1
330000 728.6
335000 703.5
340000 721.0
345000 731.4
350000 729.5
355000 733.2
360000 742.3
365000 732.9
370000 758.7
375000 748.3
380000 764.5
385000 750.6
390000 751.3
395000 759.4
400000 752.5
405000 16.8
410000 24.8
415000 37.4
420000 222.8
425000 340.3
430000 424.8
435000 524.3
440000 636.4
445000 673.2
450000 663.1
455000 724.7
460000 696.5
465000 729.9
470000 735.0
475000 737.2
480000 695.1
485000 743.5
490000 709.5
495000 699.9
500000 755.0
505000 715.5
510000 755.5
515000 738.1
520000 695.3
525000 766.8
530000 754.2
535000 756.5
540000 755.5
545000 749.0
550000 757.4
555000 766.6
560000 756.8
565000 753.2
570000 756.5
575000 761.6
580000 773.0
585000 766.2
590000 756.9
595000 767.8
600000 765.7
605000 18.7
610000 29.0
615000 37.7
620000 115.7
625000 372.1
630000 524.7
635000 558.8
640000 710.7
645000 735.6
650000 714.8
655000 737.0
660000 744.4
665000 738.4
670000 744.1
675000 681.2
680000 722.6
685000 717.9
690000 750.8
695000 692.7
700000 727.4
705000 754.8
710000 737.3
715000 764.3
720000 744.4
725000 738.8
730000 752.4
735000 755.1
740000 745.8
745000 762.2
750000 769.2
755000 765.6
760000 774.1
765000 764.6
770000 752.7
775000 773.6
780000 771.9
785000 765.0
790000 771.9
795000 771.9
800000 770.9
805000 20.3
810000 21.9
815000 35.9
820000 142.0
825000 179.9
830000 423.3
835000 634.4
840000 661.7
845000 706.8
850000 661.3
855000 678.9
860000 652.3
865000 681.6
870000 645.8
875000 749.6
880000 755.6
885000 669.8
890000 687.9
895000 691.9
900000 732.5
905000 680.4
910000 747.0
915000 738.5
920000 752.1
925000 750.5
930000 758.5
935000 778.7
940000 755.5
945000 762.9
950000 767.3
955000 774.7
960000 774.7
965000 772.7
970000 774.9
975000 772.1
980000 770.7
985000 763.7
990000 767.1
995000 768.8
1000000 750.4
1005000 16.8
1010000 20.4
1015000 43.8
1020000 101.2
1025000 369.0
1030000 357.2
1035000 551.7
1040000 712.9
1045000 749.2
1050000 698.4
1055000 712.7
1060000 740.6
1065000 756.8
1070000 658.7
1075000 739.3
1080000 718.2
1085000 759.8
1090000 749.2
1095000 759.2
1100000 708.6
1105000 752.0
1110000 746.6
1115000 747.1
1120000 786.4
1125000 729.8
1130000 760.0
1135000 779.2
1140000 766.2
1145000 776.4
1150000 744.7
1155000 772.4
1160000 789.4
1165000 775.3
1170000 770.1
1175000 780.3
1180000 766.6
1185000 770.9
1190000 777.4
1195000 771.9
1200000 774.4
1205000 23.8
1210000 14.2
1215000 17.0
1220000 84.1
1225000 210.1
1230000 422.3
1235000 522.2
1240000 603.5
1245000 639.8
1250000 718.4
1255000 711.5
1260000 708.0
1265000 680.8
1270000 728.9
1275000 703.6
1280000 741.8
1285000 765.5
1290000 756.4
1295000 761.1
1300000 753.3
1305000 749.9
1310000 774.9
1315000 763.7
1320000 773.8
1325000 779.1
1330000 756.3
1335000 767.8
1340000 761.9
1345000 662.8
1350000 781.7
1355000 777.1
1360000 754.8
1365000 781.7
1370000 784.6
1375000 781.7
1380000 772.6
1385000 789.2
1390000 776.4
1395000 759.6
1400000 789.1
1405000 10.1
1410000 12.0
1415000 24.6
1420000 89.4
1425000 254.1
1430000 374.6
1435000 483.6
1440000 549.8
1445000 613.9
1450000 702.8
1455000 729.2
1460000 724.4
1465000 730.5
1470000 744.2
1475000 769.8
1480000 655.5
1485000 702.5
1490000 769.4
1495000 781.3
1500000 786.5
1505000 781.4
1510000 773.6
1515000 765.0
1520000 780.3
1525000 783.1
1530000 780.2
1535000 757.8
1540000 773.2
1545000 776.6
1550000 774.5
1555000 777.9
1560000 781.6
1565000 781.4
1570000 763.5
1575000 785.8
1580000 782.2
1585000 777.8
1590000 783.4
1595000 783.3
1600000 779.0
1605000 12.2
1610000 12.7
1615000 28.4
1620000 55.9
1625000 85.5
1630000 311.4
1635000 429.5
1640000 670.6
1645000 688.0
1650000 673.4
1655000 723.9
1660000 736.3
1665000 630.8
1670000 744.5
1675000 742.5
1680000 760.2
1685000 752.8
1690000 758.4
1695000 772.0
1700000 771.4
1705000 772.0
1710000 761.0
1715000 774.9
1720000 785.2
1725000 775.8
1730000 781.6
1735000 782.4
1740000 783.5
1745000 793.8
1750000 780.4
1755000 777.1
1760000 776.1
1765000 745.6
1770000 783.7
1775000 780.7
1780000 782.9
1785000 785.7
1790000 794.8
1795000 780.2
1800000 778.8
1805000 11.2
1810000 12.8
1815000 23.1
1820000 42.0
1825000 182.0
1830000 425.9
1835000 490.4
1840000 642.1
1845000 684.4
1850000 711.0
1855000 694.5
1860000 742.6
1865000 745.6
1870000 756.8
1875000 682.8
1880000 720.8
1885000 745.3
1890000 716.9
1895000 755.2
1900000 722.3
1905000 727.5
1910000 743.2
1915000 763.3
1920000 757.0
1925000 756.4
1930000 776.3
1935000 756.5
1940000 768.3
1945000 773.6
1950000 750.5
1955000 771.4
1960000 784.4
1965000 775.3
1970000 771.6
1975000 779.7
1980000 791.5
1985000 774.3
1990000 741.0
1995000 780.9
2000000 789.8
