5000 15.8
10000 16.8
15000 28.5
20000 28.5
25000 25.1
30000 27.2
35000 34.5
40000 35.2
45000 41.5
50000 42.9
55000 52.0
60000 59.7
65000 37.6
70000 37.6
75000 113.5
80000 132.2
85000 202.8
90000 253.2
95000 291.8
100000 320.5
105000 399.2
110000 408.4
115000 365.7
120000 421.9
125000 441.3
130000 468.8
135000 470.4
140000 497.5
145000 530.9
150000 562.2
155000 560.5
160000 579.9
165000 608.4
170000 589.9
175000 618.9
180000 637.5
185000 645.0
190000 646.9
195000 609.4
200000 657.8
205000 28.6
210000 22.9
215000 23.3
220000 66.9
225000 211.5
230000 349.9
235000 498.1
240000 487.6
245000 608.5
250000 629.5
255000 620.1
260000 611.4
265000 664.3
270000 595.8
275000 653.2
280000 662.4
285000 647.8
290000 673.0
295000 647.4
300000 689.7
305000 685.9
310000 699.5
315000 675.0
320000 710.0
325000 677.5
330000 733.5
335000 719.6
340000 678.0
345000 714.5
350000 721.0
355000 717.8
360000 729.4
365000 714.6
370000 729.6
375000 719.3
380000 733.5
385000 722.8
390000 731.2
395000 739.8
400000 740.6
405000 23.8
410000 25.8
415000 23.2
420000 118.1
425000 120.1
430000 385.4
435000 488.7
440000 269.8
445000 642.0
450000 689.4
455000 677.2
460000 632.5
465000 703.7
470000 717.8
475000 735.4
480000 713.5
485000 734.5
490000 661.9
495000 671.5
500000 747.6
505000 713.4
510000 732.9
515000 679.6
520000 677.1
525000 745.8
530000 753.6
535000 756.4
540000 741.0
545000 759.2
550000 761.3
555000 757.1
560000 749.7
565000 754.5
570000 754.4
575000 740.8
580000 749.3
585000 759.9
590000 731.7
595000 746.3
600000 758.5
605000 26.4
610000 29.3
615000 43.9
620000 111.0
625000 236.7
630000 346.9
635000 442.4
640000 610.9
645000 640.7
650000 701.6
655000 663.1
660000 711.3
665000 715.8
670000 729.3
675000 741.9
680000 746.1
685000 750.6
690000 755.0
695000 720.4
700000 746.9
705000 743.8
710000 732.3
715000 751.8
720000 762.9
725000 755.3
730000 751.2
735000 738.0
740000 758.6
745000 739.1
750000 756.3
755000 725.4
760000 720.2
765000 756.6
770000 765.5
775000 755.5
780000 759.5
785000 761.6
790000 770.9
795000 771.8
800000 770.9
805000 17.6
810000 27.6
815000 15.7
820000 113.0
825000 238.9
830000 319.2
835000 416.0
840000 641.1
845000 683.0
850000 708.4
855000 660.0
860000 718.9
865000 728.0
870000 658.8
875000 747.4
880000 687.2
885000 690.9
890000 708.8
895000 752.6
900000 759.9
905000 761.8
910000 752.4
915000 743.8
920000 758.7
925000 696.0
930000 783.0
935000 751.6
940000 743.9
945000 763.9
950000 761.8
955000 767.3
960000 762.8
965000 781.2
970000 762.5
975000 750.3
980000 758.7
985000 758.0
990000 774.8
995000 768.6
1000000 772.8
1005000 16.9
1010000 17.5
1015000 34.8
1020000 60.8
1025000 277.0
1030000 414.8
1035000 575.0
1040000 628.0
1045000 534.8
1050000 715.6
1055000 716.9
1060000 669.3
1065000 726.7
1070000 740.5
1075000 761.0
1080000 748.9
1085000 693.9
1090000 750.2
1095000 756.1
1100000 776.6
1105000 772.3
1110000 721.2
1115000 761.5
1120000 774.7
1125000 756.6
1130000 755.0
1135000 769.7
1140000 759.3
1145000 755.3
1150000 769.0
1155000 763.3
1160000 767.6
1165000 782.7
1170000 759.9
1175000 774.7
1180000 767.9
1185000 759.9
1190000 744.6
1195000 783.8
1200000 789.1
1205000 19.7
1210000 24.4
1215000 37.0
1220000 20.4
1225000 119.2
1230000 164.2
1235000 380.3
1240000 659.2
1245000 680.2
1250000 721.5
1255000 701.2
1260000 700.5
1265000 698.9
1270000 725.0
1275000 730.8
1280000 524.2
1285000 737.2
1290000 752.1
1295000 755.9
1300000 745.5
1305000 756.3
1310000 758.9
1315000 759.8
1320000 770.0
1325000 769.5
1330000 759.4
1335000 770.7
1340000 764.8
1345000 771.2
1350000 774.0
1355000 776.2
1360000 765.6
1365000 768.8
1370000 771.0
1375000 773.2
1380000 791.1
1385000 779.3
1390000 774.8
1395000 789.1
1400000 791.2
1405000 11.8
1410000 12.8
1415000 17.3
1420000 85.4
1425000 304.0
1430000 300.9
1435000 399.7
1440000 589.2
1445000 618.8
1450000 706.2
1455000 721.0
1460000 717.3
1465000 602.2
1470000 727.3
1475000 757.5
1480000 729.6
1485000 738.6
1490000 749.3
1495000 763.6
1500000 751.1
1505000 746.4
1510000 756.7
1515000 757.4
1520000 761.8
1525000 767.6
1530000 748.6
1535000 753.8
1540000 761.9
1545000 785.2
1550000 780.6
1555000 766.1
1560000 787.2
1565000 786.5
1570000 759.9
1575000 789.3
1580000 778.0
1585000 800.1
1590000 769.8
1595000 783.3
1600000 778.0
1605000 30.6
1610000 32.5
1615000 14.3
1620000 84.3
1625000 228.6
1630000 412.1
1635000 435.9
1640000 219.6
1645000 659.4
1650000 655.4
1655000 698.6
1660000 687.4
1665000 698.8
1670000 688.6
1675000 706.9
1680000 683.3
1685000 648.1
1690000 680.7
1695000 699.8
1700000 713.7
1705000 722.7
1710000 774.7
1715000 773.5
1720000 754.1
1725000 772.4
1730000 778.7
1735000 744.1
1740000 787.6
1745000 758.1
1750000 780.4
1755000 762.5
1760000 780.5
1765000 789.7
1770000 790.0
1775000 774.9
1780000 785.2
1785000 789.5
1790000 791.1
1795000 783.6
1800000 803.4
1805000 15.3
1810000 16.8
1815000 16.1
1820000 74.5
1825000 199.4
1830000 388.8
1835000 489.0
1840000 561.4
1845000 668.7
1850000 697.0
1855000 705.3
1860000 685.8
1865000 705.4
1870000 740.0
1875000 704.9
1880000 691.1
1885000 725.3
1890000 719.8
1895000 729.5
1900000 756.6
1905000 719.6
1910000 737.6
1915000 743.7
1920000 759.7
1925000 698.0
1930000 790.1
1935000 775.7
1940000 786.3
1945000 779.5
1950000 765.3
1955000 756.6
1960000 779.8
1965000 794.6
1970000 778.1
1975000 762.0
1980000 781.8
1985000 773.9
1990000 790.5
1995000 791.6
2000000 768.5
