5000 28.3
10000 24.7
15000 26.3
20000 26.4
25000 26.8
30000 22.3
35000 22.4
40000 43.1
45000 31.2
50000 51.9
55000 43.4
60000 39.8
65000 86.3
70000 117.1
75000 143.6
80000 209.5
85000 298.1
90000 328.6
95000 388.0
100000 407.1
105000 437.9
110000 454.8
115000 497.0
120000 519.7
125000 533.0
130000 563.3
135000 577.6
140000 570.0
145000 580.7
150000 569.6
155000 602.2
160000 593.2
165000 606.8
170000 578.5
175000 598.9
180000 565.1
185000 614.4
190000 621.6
195000 626.9
200000 610.0
205000 19.0
210000 29.5
215000 44.0
220000 158.6
225000 233.8
230000 484.3
235000 535.4
240000 556.2
245000 613.7
250000 608.7
255000 604.3
260000 604.0
265000 604.0
270000 618.1
275000 618.3
280000 584.5
285000 616.6
290000 605.9
295000 631.9
300000 622.4
305000 619.3
310000 617.1
315000 642.5
320000 650.0
325000 657.4
330000 645.9
335000 642.6
340000 610.6
345000 604.3
350000 681.4
355000 662.3
360000 671.5
365000 666.4
370000 670.2
375000 675.1
380000 673.4
385000 672.6
390000 681.1
395000 678.5
400000 686.7
405000 13.4
410000 22.4
415000 32.1
420000 167.6
425000 291.6
430000 508.6
435000 564.5
440000 626.5
445000 588.5
450000 635.5
455000 661.2
460000 636.5
465000 644.0
470000 661.5
475000 639.8
480000 667.2
485000 664.1
490000 675.6
495000 680.6
500000 676.2
505000 688.3
510000 672.2
515000 687.6
520000 698.5
525000 668.6
530000 676.6
535000 698.6
540000 706.6
545000 680.1
550000 706.8
555000 706.6
560000 688.8
565000 709.4
570000 689.3
575000 714.3
580000 720.7
585000 727.1
590000 700.6
595000 723.7
600000 701.1
605000 14.6
610000 30.1
615000 23.7
620000 41.5
625000 341.9
630000 494.0
635000 586.8
640000 655.8
645000 643.3
650000 641.5
655000 653.4
660000 666.7
665000 649.8
670000 677.0
675000 667.9
680000 682.3
685000 717.0
690000 717.2
695000 680.3
700000 685.2
705000 681.4
710000 725.1
715000 706.0
720000 701.4
725000 716.7
730000 693.6
735000 728.3
740000 720.1
745000 716.1
750000 721.9
755000 726.9
760000 725.3
765000 733.1
770000 735.3
775000 723.7
780000 728.2
785000 728.3
790000 727.0
795000 731.1
800000 731.2
805000 18.0
810000 24.8
815000 33.6
820000 37.2
825000 239.2
830000 395.4
835000 568.0
840000 617.1
845000 648.7
850000 625.0
855000 659.1
860000 648.6
865000 678.2
870000 688.1
875000 677.4
880000 704.4
885000 702.3
890000 702.8
895000 693.9
900000 692.8
905000 690.4
910000 723.1
915000 703.8
920000 718.1
925000 727.3
930000 716.1
935000 727.0
940000 734.4
945000 732.2
950000 731.0
955000 748.7
960000 734.9
965000 735.5
970000 748.8
975000 735.0
980000 729.5
985000 747.6
990000 742.6
995000 740.9
1000000 745.6
1005000 18.0
1010000 21.5
1015000 24.8
1020000 84.8
1025000 303.2
1030000 543.7
1035000 630.0
1040000 654.4
1045000 684.5
1050000 694.3
1055000 701.2
1060000 703.4
1065000 690.7
1070000 683.1
1075000 702.4
1080000 691.1
1085000 745.5
1090000 675.0
1095000 728.6
1100000 736.9
1105000 713.2
1110000 748.2
1115000 720.2
1120000 744.9
1125000 741.7
1130000 733.8
1135000 742.8
1140000 731.2
1145000 742.2
1150000 762.8
1155000 741.8
1160000 750.3
1165000 747.7
1170000 747.3
1175000 742.9
1180000 740.6
1185000 766.7
1190000 753.0
1195000 747.8
1200000 771.0
1205000 13.7
1210000 35.5
1215000 15.2
1220000 51.3
1225000 91.3
1230000 391.5
1235000 551.1
1240000 653.9
1245000 670.3
1250000 656.2
1255000 692.1
1260000 658.1
1265000 666.7
1270000 665.4
1275000 731.0
1280000 698.8
1285000 706.1
1290000 729.8
1295000 716.2
1300000 664.6
1305000 734.2
1310000 745.1
1315000 736.3
1320000 735.3
1325000 750.3
1330000 753.5
1335000 752.3
1340000 740.3
1345000 744.1
1350000 757.3
1355000 754.7
1360000 750.6
1365000 750.9
1370000 764.5
1375000 759.9
1380000 759.0
1385000 762.2
1390000 757.7
1395000 750.6
1400000 751.7
1405000 15.3
1410000 29.7
1415000 14.1
1420000 53.7
1425000 157.8
1430000 293.5
1435000 476.8
1440000 528.1
1445000 680.9
1450000 713.9
1455000 713.9
1460000 725.1
1465000 726.0
1470000 737.4
1475000 734.4
1480000 683.1
1485000 745.3
1490000 697.3
1495000 750.4
1500000 747.0
1505000 741.9
1510000 753.8
1515000 695.1
1520000 765.3
1525000 760.0
1530000 760.6
1535000 765.3
1540000 767.5
1545000 763.1
1550000 765.4
1555000 777.2
1560000 768.2
1565000 770.3
1570000 775.2
1575000 752.5
1580000 758.7
1585000 762.4
1590000 774.0
1595000 773.0
1600000 771.2
1605000 15.9
1610000 14.0
1615000 16.6
1620000 81.0
1625000 259.0
1630000 398.2
1635000 508.6
1640000 652.7
1645000 626.5
1650000 639.6
1655000 686.3
1660000 679.2
1665000 697.5
1670000 694.1
1675000 690.8
1680000 731.4
1685000 719.8
1690000 682.8
1695000 747.0
1700000 735.5
1705000 756.8
1710000 736.5
1715000 745.7
1720000 670.6
1725000 764.0
1730000 764.1
1735000 738.5
1740000 748.6
1745000 772.8
1750000 765.0
1755000 768.0
1760000 762.6
1765000 774.8
1770000 764.7
1775000 754.1
1780000 767.9
1785000 776.9
1790000 770.8
1795000 778.4
1800000 781.8
1805000 16.0
1810000 19.3
1815000 39.6
1820000 58.7
1825000 170.9
1830000 367.3
1835000 490.1
1840000 609.5
1845000 619.5
1850000 672.2
1855000 697.1
1860000 686.7
1865000 740.4
1870000 731.8
1875000 751.8
1880000 714.5
1885000 744.2
1890000 671.0
1895000 750.8
1900000 770.2
1905000 703.7
1910000 770.6
1915000 780.4
1920000 768.2
1925000 760.2
1930000 781.9
1935000 792.4
1940000 759.0
1945000 786.6
1950000 770.0
1955000 781.1
1960000 777.7
1965000 781.0
1970000 782.0
1975000 783.0
1980000 772.6
1985000 774.5
1990000 777.1
1995000 792.8
2000000 767.3
