5000 24.8
10000 22.5
15000 23.0
20000 26.4
25000 23.7
30000 22.5
35000 37.0
40000 18.0
45000 49.9
50000 47.2
55000 68.3
60000 82.2
65000 142.0
70000 190.9
75000 290.7
80000 347.4
85000 397.3
90000 447.4
95000 462.9
100000 522.7
105000 513.3
110000 573.9
115000 563.2
120000 599.3
125000 577.2
130000 567.1
135000 578.8
140000 591.8
145000 626.5
150000 611.5
155000 628.3
160000 630.3
165000 641.0
170000 644.4
175000 632.4
180000 638.7
185000 653.8
190000 641.9
195000 660.4
200000 664.2
205000 19.0
210000 16.6
215000 20.9
220000 140.6
225000 371.2
230000 494.7
235000 570.1
240000 551.2
245000 643.0
250000 620.9
255000 645.5
260000 627.7
265000 674.1
270000 686.8
275000 676.5
280000 667.6
285000 666.8
290000 652.3
295000 680.8
300000 655.8
305000 656.3
310000 661.7
315000 685.8
320000 679.8
325000 691.0
330000 680.6
335000 681.6
340000 678.2
345000 677.4
350000 695.9
355000 692.3
360000 693.7
365000 677.1
370000 692.5
375000 690.3
380000 698.1
385000 693.6
390000 689.4
395000 697.0
400000 694.4
405000 13.1
410000 40.5
415000 17.1
420000 103.6
425000 339.7
430000 445.7
435000 556.7
440000 620.3
445000 636.7
450000 634.6
455000 641.5
460000 656.3
465000 650.4
470000 671.4
475000 651.1
480000 664.8
485000 680.7
490000 681.2
495000 688.0
500000 656.0
505000 668.5
510000 684.3
515000 606.2
520000 690.1
525000 699.9
530000 706.9
535000 706.2
540000 709.2
545000 709.8
550000 688.0
555000 716.2
560000 689.0
565000 711.1
570000 680.6
575000 710.1
580000 703.9
585000 721.5
590000 713.5
595000 712.3
600000 701.3
605000 16.6
610000 14.2
615000 31.7
620000 167.3
625000 190.4
630000 396.6
635000 509.9
640000 618.2
645000 631.5
650000 660.5
655000 664.9
660000 655.5
665000 689.1
670000 649.8
675000 679.3
680000 689.8
685000 695.0
690000 707.0
695000 698.9
700000 687.7
705000 694.8
710000 709.2
715000 678.9
720000 694.7
725000 711.8
730000 673.0
735000 712.1
740000 706.9
745000 719.1
750000 688.2
755000 699.1
760000 708.7
765000 709.8
770000 691.2
775000 693.7
780000 721.5
785000 717.4
790000 729.7
795000 714.0
800000 699.5
805000 27.0
810000 21.8
815000 28.3
820000 105.8
825000 187.9
830000 413.7
835000 581.5
840000 619.9
845000 625.3
850000 631.9
855000 632.5
860000 646.0
865000 659.7
870000 675.3
875000 679.5
880000 639.7
885000 667.0
890000 711.1
895000 699.8
900000 672.0
905000 677.3
910000 682.8
915000 713.0
920000 701.9
925000 668.3
930000 680.4
935000 673.1
940000 699.2
945000 689.4
950000 690.2
955000 715.4
960000 716.5
965000 674.9
970000 708.9
975000 702.9
980000 703.7
985000 702.8
990000 689.2
995000 721.1
1000000 718.7
1005000 24.1
1010000 20.6
1015000 33.0
1020000 93.2
1025000 235.7
1030000 440.0
1035000 595.9
1040000 632.7
1045000 636.5
1050000 678.1
1055000 651.9
1060000 670.0
1065000 692.2
1070000 674.9
1075000 701.6
1080000 692.9
1085000 696.9
1090000 702.7
1095000 701.6
1100000 713.0
1105000 720.6
1110000 716.6
1115000 726.9
1120000 721.5
1125000 724.6
1130000 726.5
1135000 725.8
1140000 722.0
1145000 685.1
1150000 737.7
1155000 718.5
1160000 732.9
1165000 740.4
1170000 725.8
1175000 726.0
1180000 734.8
1185000 745.7
1190000 747.6
1195000 740.8
1200000 741.9
1205000 18.3
1210000 12.5
1215000 18.8
1220000 87.1
1225000 129.9
1230000 342.6
1235000 587.6
1240000 644.1
1245000 679.8
1250000 665.0
1255000 646.4
1260000 692.3
1265000 660.3
1270000 685.5
1275000 707.6
1280000 655.1
1285000 727.3
1290000 725.4
1295000 715.5
1300000 721.1
1305000 728.3
1310000 721.6
1315000 725.5
1320000 736.6
1325000 724.1
1330000 734.5
1335000 728.2
1340000 731.2
1345000 733.3
1350000 714.2
1355000 738.1
1360000 738.0
1365000 742.5
1370000 738.0
1375000 726.5
1380000 739.9
1385000 742.0
1390000 724.0
1395000 744.1
1400000 725.3
1405000 19.4
1410000 12.6
1415000 36.1
1420000 92.1
1425000 254.3
1430000 298.2
1435000 593.2
1440000 653.6
1445000 656.6
1450000 637.6
1455000 638.5
1460000 656.8
1465000 653.5
1470000 700.2
1475000 713.8
1480000 728.7
1485000 709.9
1490000 722.9
1495000 734.7
1500000 726.9
1505000 734.4
1510000 726.0
1515000 725.9
1520000 729.9
1525000 743.3
1530000 724.4
1535000 742.3
1540000 732.9
1545000 729.3
1550000 738.9
1555000 754.1
1560000 735.7
1565000 734.1
1570000 749.6
1575000 738.8
1580000 748.4
1585000 748.4
1590000 744.9
1595000 749.7
1600000 745.9
1605000 13.1
1610000 12.2
1615000 22.4
1620000 128.1
1625000 299.7
1630000 472.6
1635000 605.8
1640000 643.0
1645000 659.8
1650000 651.8
1655000 685.3
1660000 671.2
1665000 708.6
1670000 654.2
1675000 716.0
1680000 734.3
1685000 707.9
1690000 723.0
1695000 743.5
1700000 744.3
1705000 737.9
1710000 753.4
1715000 752.7
1720000 735.9
1725000 752.9
1730000 759.6
1735000 752.6
1740000 751.0
1745000 763.2
1750000 751.3
1755000 760.8
1760000 751.7
1765000 756.9
1770000 750.8
1775000 756.1
1780000 749.7
1785000 766.6
1790000 773.6
1795000 761.5
1800000 765.9
1805000 19.9
1810000 14.1
1815000 26.1
1820000 61.3
1825000 181.3
1830000 385.3
1835000 535.4
1840000 564.8
1845000 622.4
1850000 697.4
1855000 711.8
1860000 679.1
1865000 722.5
1870000 718.2
1875000 717.3
1880000 737.9
1885000 740.5
1890000 730.1
1895000 763.4
1900000 752.7
1905000 733.8
1910000 697.2
1915000 737.4
1920000 755.1
1925000 748.1
1930000 757.7
1935000 768.7
1940000 772.7
1945000 766.0
1950000 761.8
1955000 767.5
1960000 767.0
1965000 750.5
1970000 763.9
1975000 770.2
1980000 774.9
1985000 768.2
1990000 754.8
1995000 762.3
2000000 771.1
