5000 24.7
10000 30.8
15000 103.4
20000 60.8
25000 117.9
30000 59.5
35000 86.9
40000 62.2
45000 257.3
50000 58.3
55000 38.7
60000 121.9
65000 63.0
70000 67.9
75000 160.5
80000 11.2
85000 109.9
90000 124.0
95000 114.7
100000 111.6
105000 107.9
110000 47.8
115000 127.1
120000 72.9
125000 121.9
130000 33.5
135000 25.9
140000 124.6
145000 126.2
150000 115.4
155000 127.5
160000 286.7
165000 222.4
170000 117.2
175000 271.1
180000 16.0
185000 73.1
190000 79.0
195000 161.5
200000 125.9
205000 230.4
210000 134.9
215000 201.8
220000 169.5
225000 189.1
230000 386.1
235000 196.3
240000 196.2
245000 301.2
250000 427.8
255000 407.7
260000 478.9
265000 208.3
270000 444.7
275000 511.8
280000 498.9
285000 486.1
290000 540.5
295000 391.5
300000 496.9
305000 542.2
310000 399.6
315000 394.6
320000 541.2
325000 613.5
330000 452.0
335000 626.9
340000 632.2
345000 622.3
350000 622.0
355000 608.4
360000 540.9
365000 615.0
370000 621.6
375000 596.2
380000 664.1
385000 604.7
390000 562.1
395000 661.6
400000 615.5
405000 599.1
410000 616.6
415000 628.2
420000 577.9
425000 665.4
430000 600.9
435000 626.2
440000 634.6
445000 608.8
450000 643.3
455000 626.8
460000 605.1
465000 599.6
470000 634.4
475000 613.2
480000 636.6
485000 621.0
490000 598.1
495000 639.4
500000 650.3
505000 641.8
510000 630.5
515000 693.5
520000 657.8
525000 643.5
530000 653.3
535000 675.7
540000 624.0
545000 689.3
550000 724.1
555000 627.1
560000 624.9
565000 670.3
570000 664.9
575000 677.8
580000 665.3
585000 674.3
590000 670.5
595000 674.3
600000 713.2
605000 681.6
610000 736.2
615000 687.5
620000 692.3
625000 679.8
630000 698.2
635000 709.0
640000 733.4
645000 723.7
650000 739.7
655000 724.8
660000 753.9
665000 750.8
670000 707.9
675000 747.8
680000 712.6
685000 757.3
690000 761.8
695000 766.2
700000 745.2
705000 750.9
710000 722.6
715000 472.4
720000 383.6
725000 759.2
730000 732.7
735000 760.1
740000 747.5
745000 775.9
750000 719.8
755000 735.2
760000 730.3
765000 732.1
770000 743.4
775000 727.8
780000 734.5
785000 757.5
790000 742.9
795000 793.2
800000 754.8
805000 703.6
810000 773.1
815000 758.4
820000 761.1
825000 771.0
830000 759.7
835000 777.8
840000 739.6
845000 789.6
850000 789.6
855000 761.4
860000 760.0
865000 764.4
870000 777.7
875000 796.3
880000 800.3
885000 761.0
890000 783.7
895000 807.3
900000 783.5
905000 781.9
910000 755.3
915000 731.7
920000 781.8
925000 811.7
930000 775.1
935000 806.5
940000 776.6
945000 786.1
950000 779.5
955000 787.5
960000 784.8
965000 767.6
970000 780.3
975000 800.3
980000 806.5
985000 780.9
990000 803.8
995000 770.4
1000000 802.2
1005000 831.1
1010000 803.8
1015000 829.9
1020000 725.2
1025000 799.9
1030000 805.1
1035000 810.3
1040000 804.9
1045000 809.3
1050000 798.3
1055000 813.7
1060000 823.0
1065000 789.3
1070000 801.6
1075000 810.9
1080000 796.5
1085000 808.7
1090000 828.1
1095000 792.8
1100000 824.4
1105000 819.2
1110000 829.4
1115000 813.0
1120000 832.6
1125000 802.1
1130000 820.2
1135000 797.0
1140000 825.1
1145000 787.1
1150000 802.3
1155000 817.9
1160000 804.8
1165000 832.1
1170000 850.7
1175000 819.8
1180000 802.3
1185000 800.4
1190000 816.9
1195000 812.4
1200000 804.0
1205000 819.2
1210000 830.7
1215000 803.3
1220000 824.9
1225000 833.1
1230000 644.9
1235000 828.7
1240000 807.7
1245000 796.0
1250000 819.7
1255000 810.5
1260000 822.7
1265000 847.7
1270000 824.8
1275000 818.2
1280000 809.9
1285000 807.5
1290000 821.4
1295000 830.5
1300000 779.0
1305000 833.7
1310000 813.3
1315000 826.9
1320000 827.6
1325000 835.0
1330000 836.2
1335000 823.6
1340000 844.3
1345000 855.1
1350000 836.4
1355000 828.7
1360000 843.6
1365000 846.3
1370000 841.3
1375000 835.5
1380000 829.5
1385000 819.3
1390000 824.5
1395000 818.2
1400000 821.0
1405000 828.6
1410000 830.5
1415000 856.4
1420000 820.9
1425000 830.5
1430000 826.3
1435000 830.1
1440000 831.0
1445000 820.3
1450000 823.3
1455000 824.1
1460000 815.1
1465000 826.2
1470000 854.3
1475000 850.5
1480000 846.2
1485000 832.0
1490000 851.6
1495000 835.2
1500000 832.3
1505000 832.3
1510000 829.6
1515000 838.3
1520000 829.3
1525000 852.8
1530000 824.0
1535000 847.3
1540000 862.3
1545000 841.4
1550000 864.7
1555000 851.4
1560000 851.9
1565000 827.7
1570000 874.0
1575000 822.3
1580000 874.4
1585000 861.5
1590000 862.4
1595000 843.7
1600000 848.8
1605000 853.9
1610000 876.4
1615000 885.7
1620000 860.0
1625000 879.9
1630000 863.6
1635000 868.3
1640000 843.7
1645000 860.9
1650000 859.9
1655000 875.0
1660000 883.5
1665000 873.0
1670000 880.4
1675000 891.6
1680000 871.8
1685000 879.6
1690000 877.9
1695000 891.6
1700000 857.8
1705000 866.0
1710000 917.5
1715000 901.3
1720000 890.0
1725000 898.6
1730000 882.0
1735000 895.3
1740000 876.5
1745000 880.5
1750000 870.9
1755000 875.0
1760000 862.2
1765000 869.6
1770000 868.0
1775000 824.9
1780000 878.7
1785000 879.6
1790000 883.6
1795000 899.8
1800000 887.9
1805000 882.9
1810000 867.6
1815000 889.1
1820000 865.5
1825000 879.9
1830000 878.0
1835000 876.1
1840000 868.7
1845000 874.2
1850000 887.2
1855000 873.6
1860000 889.8
1865000 864.3
1870000 861.7
1875000 860.3
1880000 888.0
1885000 867.6
1890000 808.8
1895000 878.3
1900000 855.5
1905000 871.0
1910000 886.4
1915000 898.4
1920000 875.6
1925000 877.2
1930000 873.6
1935000 877.4
1940000 856.0
1945000 831.2
1950000 875.9
1955000 880.9
1960000 877.2
1965000 882.1
1970000 886.8
1975000 881.4
1980000 868.1
1985000 843.7
1990000 884.9
1995000 852.1
2000000 869.8
