5000 40.0
10000 42.0
15000 102.1
20000 153.8
25000 88.9
30000 109.1
35000 18.5
40000 73.5
45000 55.7
50000 8.7
55000 85.1
60000 57.7
65000 10.7
70000 219.9
75000 163.1
80000 134.7
85000 21.8
90000 23.6
95000 8.7
100000 13.8
105000 117.1
110000 110.6
115000 153.1
120000 277.7
125000 16.3
130000 54.2
135000 163.5
140000 43.9
145000 12.8
150000 108.3
155000 76.4
160000 116.3
165000 84.8
170000 78.7
175000 119.7
180000 117.1
185000 20.9
190000 135.3
195000 34.2
200000 78.2
205000 96.8
210000 163.4
215000 65.5
220000 221.4
225000 257.1
230000 257.0
235000 257.0
240000 281.2
245000 257.6
250000 133.6
255000 263.4
260000 312.2
265000 281.7
270000 311.8
275000 279.4
280000 373.8
285000 305.0
290000 336.3
295000 365.3
300000 282.9
305000 287.2
310000 280.8
315000 286.7
320000 354.2
325000 246.2
330000 367.1
335000 350.9
340000 320.3
345000 322.7
350000 372.7
355000 329.6
360000 281.9
365000 461.2
370000 290.6
375000 382.3
380000 350.2
385000 331.3
390000 375.3
395000 337.5
400000 366.0
405000 286.4
410000 389.0
415000 300.8
420000 336.9
425000 293.5
430000 328.6
435000 392.1
440000 378.3
445000 338.9
450000 293.9
455000 314.8
460000 427.1
465000 250.3
470000 244.8
475000 405.2
480000 259.4
485000 381.2
490000 347.7
495000 292.4
500000 336.9
505000 244.5
510000 302.0
515000 291.1
520000 384.2
525000 292.6
530000 306.2
535000 248.7
540000 339.3
545000 298.1
550000 427.8
555000 296.2
560000 336.5
565000 452.4
570000 419.7
575000 347.5
580000 392.4
585000 349.1
590000 329.8
595000 279.8
600000 345.0
605000 424.3
610000 374.3
615000 390.9
620000 269.2
625000 394.8
630000 284.1
635000 343.2
640000 438.9
645000 394.0
650000 562.1
655000 390.6
660000 346.1
665000 381.3
670000 487.2
675000 489.0
680000 516.1
685000 462.4
690000 591.6
695000 387.7
700000 335.2
705000 535.0
710000 513.1
715000 392.1
720000 477.4
725000 167.8
730000 359.0
735000 284.5
740000 428.1
745000 404.4
750000 507.7
755000 581.5
760000 556.0
765000 620.1
770000 429.4
775000 529.3
780000 577.7
785000 516.7
790000 583.8
795000 509.1
800000 681.1
805000 612.8
810000 520.6
815000 397.7
820000 604.0
825000 544.3
830000 625.1
835000 697.7
840000 655.2
845000 468.3
850000 481.8
855000 577.3
860000 674.3
865000 664.5
870000 720.3
875000 664.6
880000 656.8
885000 649.1
890000 674.6
895000 727.1
900000 591.6
905000 567.2
910000 610.0
915000 563.7
920000 583.6
925000 544.4
930000 519.8
935000 700.8
940000 657.0
945000 624.0
950000 573.1
955000 693.3
960000 679.1
965000 696.2
970000 630.9
975000 430.3
980000 491.7
985000 535.2
990000 529.3
995000 604.4
1000000 571.0
1005000 615.1
1010000 721.2
1015000 593.1
1020000 637.4
1025000 675.5
1030000 660.9
1035000 732.9
1040000 708.2
1045000 680.8
1050000 660.5
1055000 694.8
1060000 648.5
1065000 699.0
1070000 719.1
1075000 696.8
1080000 712.1
1085000 683.5
1090000 728.6
1095000 702.6
1100000 697.5
1105000 774.4
1110000 748.8
1115000 442.0
1120000 728.4
1125000 741.0
1130000 529.9
1135000 769.0
1140000 706.2
1145000 746.2
1150000 718.4
1155000 742.3
1160000 734.3
1165000 722.6
1170000 735.6
1175000 694.2
1180000 744.3
1185000 704.7
1190000 711.8
1195000 751.9
1200000 713.9
1205000 735.6
1210000 713.6
1215000 712.7
1220000 739.5
1225000 741.6
1230000 764.9
1235000 767.1
1240000 721.5
1245000 731.4
1250000 738.9
1255000 756.6
1260000 751.4
1265000 760.6
1270000 716.4
1275000 719.0
1280000 761.3
1285000 773.2
1290000 794.3
1295000 682.5
1300000 750.5
1305000 668.3
1310000 717.8
1315000 732.9
1320000 762.9
1325000 738.2
1330000 733.5
1335000 758.3
1340000 781.5
1345000 733.9
1350000 751.1
1355000 703.1
1360000 775.7
1365000 770.8
1370000 743.4
1375000 739.5
1380000 740.7
1385000 771.7
1390000 732.1
1395000 738.9
1400000 735.1
1405000 757.2
1410000 694.7
1415000 747.9
1420000 713.5
1425000 730.5
1430000 742.3
1435000 777.8
1440000 783.5
1445000 708.9
1450000 774.1
1455000 788.1
1460000 689.1
1465000 627.9
1470000 774.2
1475000 766.2
1480000 774.6
1485000 712.2
1490000 742.2
1495000 717.7
1500000 736.6
1505000 770.1
1510000 760.2
1515000 728.4
1520000 739.9
1525000 788.9
1530000 699.7
1535000 779.6
1540000 764.1
1545000 712.2
1550000 761.8
1555000 729.0
1560000 740.0
1565000 770.2
1570000 792.2
1575000 765.1
1580000 787.4
1585000 777.1
1590000 797.6
1595000 800.3
1600000 738.5
1605000 771.6
1610000 710.7
1615000 766.4
1620000 713.4
1625000 778.9
1630000 762.3
1635000 767.6
1640000 767.4
1645000 778.3
1650000 785.3
1655000 785.6
1660000 791.1
1665000 766.1
1670000 774.6
1675000 764.5
1680000 755.8
1685000 766.5
1690000 797.3
1695000 778.7
1700000 771.9
1705000 755.9
1710000 779.4
1715000 797.3
1720000 768.9
1725000 779.8
1730000 782.8
1735000 750.1
1740000 792.1
1745000 767.1
1750000 782.6
1755000 756.4
1760000 799.7
1765000 798.5
1770000 778.8
1775000 792.0
1780000 784.5
1785000 779.2
1790000 789.8
1795000 787.5
1800000 774.5
1805000 774.6
1810000 770.4
1815000 748.4
1820000 739.2
1825000 784.9
1830000 803.2
1835000 763.5
1840000 803.1
1845000 782.7
1850000 758.6
1855000 777.4
1860000 807.5
1865000 667.5
1870000 712.4
1875000 762.7
1880000 726.5
1885000 744.4
1890000 745.0
1895000 739.9
1900000 770.7
1905000 795.4
1910000 774.8
1915000 752.2
1920000 805.4
1925000 765.7
1930000 772.4
1935000 778.5
1940000 778.7
1945000 729.1
1950000 810.4
1955000 791.1
1960000 816.0
1965000 811.4
1970000 780.3
1975000 796.2
1980000 804.2
1985000 786.0
1990000 772.6
1995000 832.8
2000000 788.7
