5000 115.1
10000 191.7
15000 236.1
20000 157.1
25000 56.9
30000 105.5
35000 160.6
40000 70.1
45000 109.4
50000 105.3
55000 11.5
60000 257.4
65000 107.5
70000 116.4
75000 63.0
80000 139.3
85000 77.3
90000 90.6
95000 99.9
100000 47.1
105000 51.9
110000 44.1
115000 33.9
120000 18.8
125000 206.1
130000 167.2
135000 65.0
140000 34.0
145000 74.0
150000 194.0
155000 112.9
160000 67.7
165000 87.0
170000 157.5
175000 159.7
180000 208.3
185000 119.0
190000 62.3
195000 174.6
200000 248.5
205000 30.5
210000 100.3
215000 231.9
220000 263.9
225000 311.2
230000 212.2
235000 231.2
240000 329.4
245000 506.6
250000 529.8
255000 563.2
260000 481.3
265000 521.3
270000 624.6
275000 608.4
280000 581.4
285000 580.7
290000 572.1
295000 596.8
300000 596.8
305000 590.2
310000 591.3
315000 616.9
320000 615.0
325000 607.1
330000 609.6
335000 606.4
340000 607.6
345000 587.6
350000 615.2
355000 635.0
360000 583.1
365000 629.0
370000 562.4
375000 540.4
380000 642.9
385000 628.2
390000 581.2
395000 665.6
400000 616.3
405000 666.1
410000 674.0
415000 627.3
420000 615.8
425000 660.0
430000 670.3
435000 689.3
440000 699.3
445000 675.7
450000 707.0
455000 672.3
460000 718.6
465000 662.7
470000 732.9
475000 745.7
480000 685.1
485000 713.8
490000 715.1
495000 719.3
500000 747.4
505000 761.1
510000 703.1
515000 691.3
520000 714.2
525000 722.8
530000 747.2
535000 740.1
540000 756.3
545000 701.5
550000 770.1
555000 769.0
560000 754.8
565000 770.9
570000 763.1
575000 798.8
580000 779.0
585000 721.1
590000 681.5
595000 779.2
600000 715.3
605000 756.2
610000 737.0
615000 767.1
620000 789.3
625000 729.1
630000 790.7
635000 801.9
640000 775.1
645000 764.1
650000 745.4
655000 762.4
660000 799.5
665000 765.3
670000 772.0
675000 780.4
680000 744.9
685000 779.4
690000 765.5
695000 791.8
700000 762.5
705000 770.6
710000 781.3
715000 791.8
720000 794.8
725000 754.0
730000 771.3
735000 793.2
740000 765.6
745000 787.6
750000 779.4
755000 783.3
760000 796.6
765000 812.9
770000 773.2
775000 780.6
780000 771.6
785000 767.5
790000 764.6
795000 766.6
800000 777.9
805000 764.2
810000 771.1
815000 781.0
820000 783.5
825000 737.7
830000 775.4
835000 780.8
840000 774.5
845000 720.0
850000 766.2
855000 756.3
860000 764.3
865000 775.4
870000 752.8
875000 786.5
880000 732.0
885000 788.9
890000 770.3
895000 790.7
900000 805.6
905000 746.1
910000 789.2
915000 771.0
920000 814.6
925000 804.1
930000 796.9
935000 799.9
940000 779.0
945000 786.1
950000 793.7
955000 783.8
960000 787.2
965000 808.5
970000 785.5
975000 793.3
980000 797.1
985000 778.9
990000 744.4
995000 811.8
1000000 790.8
1005000 818.4
1010000 795.1
1015000 783.2
1020000 786.6
1025000 803.7
1030000 791.4
1035000 804.4
1040000 810.8
1045000 789.1
1050000 804.2
1055000 796.5
1060000 785.5
1065000 727.1
1070000 799.0
1075000 800.6
1080000 768.7
1085000 795.0
1090000 818.1
1095000 808.0
1100000 825.0
1105000 808.5
1110000 765.4
1115000 780.5
1120000 798.5
1125000 821.6
1130000 803.8
1135000 832.4
1140000 800.4
1145000 830.3
1150000 770.3
1155000 792.9
1160000 795.7
1165000 829.0
1170000 825.5
1175000 813.6
1180000 813.6
1185000 799.0
1190000 808.4
1195000 816.9
1200000 787.8
1205000 810.3
1210000 821.6
1215000 822.1
1220000 805.4
1225000 819.2
1230000 827.3
1235000 803.4
1240000 820.0
1245000 821.3
1250000 816.6
1255000 796.6
1260000 752.8
1265000 825.1
1270000 819.8
1275000 809.9
1280000 843.7
1285000 817.6
1290000 810.6
1295000 793.7
1300000 836.8
1305000 827.7
1310000 804.6
1315000 837.5
1320000 826.7
1325000 833.3
1330000 857.0
1335000 846.2
1340000 818.2
1345000 832.2
1350000 812.4
1355000 810.6
1360000 801.8
1365000 804.1
1370000 820.0
1375000 842.4
1380000 820.3
1385000 826.9
1390000 842.8
1395000 817.8
1400000 846.3
1405000 827.4
1410000 819.8
1415000 842.8
1420000 826.8
1425000 844.7
1430000 835.2
1435000 828.8
1440000 840.3
1445000 845.5
1450000 816.0
1455000 843.9
1460000 842.9
1465000 839.4
1470000 850.5
1475000 831.3
1480000 833.3
1485000 845.0
1490000 831.1
1495000 811.4
1500000 820.5
1505000 844.6
1510000 824.4
1515000 830.6
1520000 834.2
1525000 833.7
1530000 813.1
1535000 824.8
1540000 863.3
1545000 840.2
1550000 833.1
1555000 817.1
1560000 829.3
1565000 814.1
1570000 825.9
1575000 802.8
1580000 848.2
1585000 852.6
1590000 833.7
1595000 783.8
1600000 761.0
1605000 819.1
1610000 830.7
1615000 836.4
1620000 841.8
1625000 861.0
1630000 871.1
1635000 836.7
1640000 854.5
1645000 827.2
1650000 872.0
1655000 853.8
1660000 834.6
1665000 846.9
1670000 853.6
1675000 866.5
1680000 855.6
1685000 814.1
1690000 847.4
1695000 811.9
1700000 854.3
1705000 842.7
1710000 868.3
1715000 866.6
1720000 865.8
1725000 834.8
1730000 846.6
1735000 853.3
1740000 836.1
1745000 846.6
1750000 872.7
1755000 845.8
1760000 850.1
1765000 842.1
1770000 870.6
1775000 861.6
1780000 852.3
1785000 852.2
1790000 860.2
1795000 831.7
1800000 863.8
1805000 858.2
1810000 861.8
1815000 842.3
1820000 852.4
1825000 849.2
1830000 824.5
1835000 849.4
1840000 836.2
1845000 855.5
1850000 863.4
1855000 864.9
1860000 855.1
1865000 851.4
1870000 858.2
1875000 853.0
1880000 858.9
1885000 852.4
1890000 859.4
1895000 859.6
1900000 861.2
1905000 853.3
1910000 844.7
1915000 850.4
1920000 859.9
1925000 855.4
1930000 854.5
1935000 867.0
1940000 839.6
1945000 831.5
1950000 782.4
1955000 852.3
1960000 857.3
1965000 852.0
1970000 846.9
1975000 803.9
1980000 867.9
1985000 847.2
1990000 857.5
1995000 847.8
2000000 840.2
