5000 70.9
10000 26.5
15000 16.6
20000 97.7
25000 248.9
30000 156.3
35000 57.2
40000 153.3
45000 58.4
50000 157.8
55000 56.3
60000 210.9
65000 111.2
70000 20.6
75000 42.2
80000 17.3
85000 115.2
90000 74.1
95000 42.9
100000 14.2
105000 214.6
110000 11.5
115000 18.6
120000 154.8
125000 20.9
130000 156.0
135000 65.5
140000 168.5
145000 154.6
150000 226.8
155000 55.0
160000 205.6
165000 88.4
170000 250.4
175000 162.1
180000 167.3
185000 256.7
190000 333.1
195000 318.6
200000 368.8
205000 210.2
210000 165.2
215000 224.9
220000 185.5
225000 237.4
230000 264.3
235000 320.0
240000 191.9
245000 284.7
250000 226.2
255000 216.9
260000 317.1
265000 327.6
270000 293.0
275000 315.3
280000 255.8
285000 193.0
290000 303.1
295000 255.9
300000 259.5
305000 236.5
310000 196.5
315000 310.7
320000 286.2
325000 413.2
330000 239.0
335000 379.9
340000 286.9
345000 304.3
350000 372.3
355000 447.5
360000 449.3
365000 301.1
370000 456.7
375000 430.9
380000 439.0
385000 553.6
390000 618.2
395000 539.8
400000 582.7
405000 643.7
410000 567.2
415000 613.2
420000 639.2
425000 581.5
430000 640.4
435000 650.9
440000 653.5
445000 640.8
450000 669.9
455000 613.8
460000 617.1
465000 666.6
470000 680.3
475000 629.6
480000 640.0
485000 663.9
490000 665.2
495000 706.7
500000 668.7
505000 693.3
510000 642.3
515000 655.3
520000 647.1
525000 637.4
530000 750.7
535000 684.6
540000 706.4
545000 686.0
550000 705.3
555000 716.6
560000 677.5
565000 694.6
570000 721.2
575000 712.8
580000 658.0
585000 712.1
590000 677.0
595000 700.2
600000 767.8
605000 729.3
610000 721.2
615000 735.1
620000 752.5
625000 735.9
630000 741.7
635000 736.4
640000 730.1
645000 745.9
650000 773.0
655000 759.3
660000 732.6
665000 750.4
670000 759.8
675000 754.5
680000 745.8
685000 755.7
690000 750.8
695000 759.8
700000 763.6
705000 707.3
710000 734.3
715000 750.5
720000 761.5
725000 769.0
730000 746.1
735000 781.0
740000 760.6
745000 730.5
750000 773.7
755000 756.3
760000 749.5
765000 738.6
770000 734.6
775000 760.9
780000 778.9
785000 765.9
790000 759.5
795000 748.6
800000 757.8
805000 760.9
810000 751.1
815000 742.7
820000 764.4
825000 772.2
830000 769.6
835000 752.4
840000 758.4
845000 162.3
850000 387.3
855000 349.8
860000 462.5
865000 767.3
870000 769.8
875000 788.9
880000 732.1
885000 781.2
890000 763.7
895000 776.8
900000 786.1
905000 760.1
910000 733.4
915000 788.4
920000 780.6
925000 769.2
930000 789.6
935000 769.8
940000 784.8
945000 782.4
950000 796.5
955000 784.2
960000 803.0
965000 777.2
970000 758.7
975000 795.2
980000 746.4
985000 761.0
990000 726.2
995000 770.8
1000000 773.7
1005000 762.9
1010000 763.5
1015000 792.1
1020000 784.1
1025000 770.3
1030000 772.2
1035000 767.4
1040000 765.6
1045000 780.2
1050000 786.1
1055000 777.8
1060000 774.3
1065000 780.9
1070000 775.5
1075000 780.8
1080000 755.2
1085000 790.6
1090000 801.0
1095000 785.6
1100000 794.6
1105000 781.5
1110000 783.4
1115000 765.3
1120000 767.8
1125000 787.9
1130000 801.6
1135000 800.0
1140000 811.8
1145000 795.2
1150000 790.4
1155000 808.5
1160000 818.4
1165000 806.8
1170000 802.9
1175000 814.2
1180000 780.4
1185000 780.1
1190000 807.9
1195000 802.7
1200000 819.2
1205000 795.6
1210000 806.7
1215000 797.5
1220000 805.1
1225000 785.4
1230000 795.0
1235000 789.2
1240000 804.9
1245000 798.4
1250000 792.5
1255000 822.5
1260000 812.4
1265000 796.2
1270000 804.8
1275000 789.3
1280000 783.5
1285000 772.6
1290000 800.5
1295000 811.8
1300000 810.0
1305000 805.7
1310000 809.3
1315000 806.6
1320000 821.4
1325000 817.6
1330000 822.1
1335000 801.0
1340000 801.4
1345000 776.1
1350000 800.2
1355000 809.6
1360000 795.2
1365000 804.2
1370000 817.8
1375000 800.1
1380000 808.5
1385000 828.5
1390000 819.5
1395000 814.5
1400000 801.7
1405000 815.1
1410000 786.4
1415000 830.8
1420000 813.4
1425000 831.5
1430000 806.8
1435000 825.9
1440000 832.6
1445000 789.4
1450000 800.5
1455000 815.8
1460000 811.1
1465000 823.6
1470000 835.5
1475000 845.9
1480000 831.2
1485000 787.7
1490000 829.6
1495000 807.2
1500000 851.8
1505000 828.3
1510000 841.7
1515000 832.3
1520000 850.2
1525000 846.3
1530000 848.4
1535000 835.4
1540000 818.0
1545000 855.1
1550000 846.3
1555000 847.3
1560000 826.7
1565000 845.8
1570000 846.3
1575000 846.1
1580000 827.2
1585000 823.6
1590000 813.7
1595000 799.7
1600000 848.9
1605000 831.1
1610000 827.1
1615000 833.8
1620000 825.9
1625000 816.3
1630000 838.8
1635000 829.1
1640000 814.6
1645000 810.1
1650000 833.5
1655000 853.9
1660000 829.5
1665000 836.4
1670000 834.5
1675000 835.2
1680000 840.8
1685000 851.2
1690000 830.1
1695000 854.1
1700000 853.1
1705000 831.9
1710000 813.8
1715000 833.5
1720000 850.7
1725000 824.8
1730000 818.6
1735000 839.1
1740000 847.6
1745000 838.4
1750000 829.5
1755000 823.3
1760000 832.4
1765000 831.8
1770000 802.9
1775000 814.5
1780000 804.9
1785000 828.1
1790000 815.9
1795000 814.4
1800000 828.6
1805000 846.6
1810000 821.6
1815000 810.5
1820000 854.9
1825000 822.4
1830000 824.6
1835000 838.3
1840000 825.0
1845000 854.1
1850000 804.2
1855000 846.6
1860000 833.9
1865000 850.8
1870000 853.6
1875000 850.5
1880000 851.9
1885000 836.7
1890000 842.0
1895000 850.2
1900000 844.6
1905000 852.8
1910000 837.5
1915000 849.0
1920000 860.4
1925000 870.6
1930000 838.7
1935000 851.2
1940000 852.9
1945000 814.3
1950000 855.1
1955000 821.1
1960000 853.9
1965000 859.0
1970000 838.4
1975000 858.1
1980000 861.9
1985000 860.1
1990000 850.9
1995000 862.2
2000000 842.7
