5000 78.9
10000 143.7
15000 150.1
20000 104.2
25000 66.7
30000 53.3
35000 8.3
40000 103.9
45000 93.7
50000 24.9
55000 42.8
60000 123.2
65000 157.3
70000 110.9
75000 265.1
80000 57.3
85000 158.4
90000 119.3
95000 22.1
100000 114.8
105000 59.8
110000 170.1
115000 134.0
120000 130.9
125000 89.5
130000 99.7
135000 148.4
140000 54.2
145000 148.9
150000 153.0
155000 179.1
160000 149.0
165000 240.1
170000 194.2
175000 340.1
180000 91.6
185000 171.7
190000 70.4
195000 152.3
200000 196.9
205000 55.7
210000 94.5
215000 153.9
220000 99.1
225000 210.9
230000 94.1
235000 98.7
240000 212.8
245000 121.9
250000 128.4
255000 149.3
260000 106.0
265000 77.8
270000 150.3
275000 100.8
280000 228.7
285000 290.1
290000 293.9
295000 200.6
300000 161.3
305000 96.6
310000 153.9
315000 161.9
320000 140.8
325000 141.6
330000 212.9
335000 276.5
340000 143.2
345000 186.7
350000 170.8
355000 220.2
360000 146.5
365000 206.2
370000 228.5
375000 139.5
380000 190.9
385000 362.8
390000 249.5
395000 121.8
400000 253.4
405000 174.2
410000 147.8
415000 291.8
420000 478.2
425000 323.2
430000 225.2
435000 351.5
440000 247.3
445000 386.5
450000 317.6
455000 288.1
460000 336.9
465000 301.0
470000 368.3
475000 286.4
480000 187.7
485000 260.2
490000 350.5
495000 372.6
500000 244.2
505000 325.7
510000 231.4
515000 297.3
520000 417.5
525000 279.3
530000 317.9
535000 260.1
540000 451.2
545000 497.5
550000 365.4
555000 258.2
560000 457.9
565000 275.2
570000 280.1
575000 375.0
580000 369.6
585000 320.2
590000 368.7
595000 249.1
600000 261.8
605000 317.9
610000 336.5
615000 293.4
620000 317.6
625000 226.3
630000 444.6
635000 454.1
640000 340.9
645000 363.1
650000 362.7
655000 401.8
660000 268.7
665000 444.1
670000 383.9
675000 417.0
680000 302.1
685000 487.6
690000 537.3
695000 329.9
700000 448.0
705000 562.9
710000 642.3
715000 424.8
720000 324.9
725000 325.8
730000 410.2
735000 332.3
740000 374.8
745000 272.1
750000 377.0
755000 329.2
760000 323.1
765000 329.2
770000 389.4
775000 550.1
780000 333.1
785000 358.5
790000 534.8
795000 302.5
800000 490.2
805000 385.2
810000 330.8
815000 436.5
820000 517.5
825000 441.9
830000 439.1
835000 434.0
840000 363.1
845000 286.5
850000 330.8
855000 451.6
860000 334.8
865000 377.4
870000 327.8
875000 437.3
880000 275.5
885000 399.2
890000 421.1
895000 290.3
900000 329.5
905000 458.9
910000 458.1
915000 506.6
920000 415.3
925000 398.8
930000 383.3
935000 326.1
940000 389.7
945000 429.2
950000 270.5
955000 579.3
960000 336.6
965000 390.9
970000 399.7
975000 487.9
980000 344.9
985000 378.2
990000 334.2
995000 395.4
1000000 335.0
1005000 475.4
1010000 393.7
1015000 333.2
1020000 462.9
1025000 337.8
1030000 490.8
1035000 327.4
1040000 465.9
1045000 455.8
1050000 334.7
1055000 283.8
1060000 527.0
1065000 385.8
1070000 466.4
1075000 272.0
1080000 403.4
1085000 336.9
1090000 338.2
1095000 309.8
1100000 269.9
1105000 342.0
1110000 381.1
1115000 380.5
1120000 382.1
1125000 334.5
1130000 337.9
1135000 382.6
1140000 336.7
1145000 407.6
1150000 495.5
1155000 403.0
1160000 470.5
1165000 331.9
1170000 401.6
1175000 341.3
1180000 465.3
1185000 394.6
1190000 404.8
1195000 467.8
1200000 411.3
1205000 528.7
1210000 403.1
1215000 537.5
1220000 408.2
1225000 337.5
1230000 403.2
1235000 389.9
1240000 466.1
1245000 273.3
1250000 399.8
1255000 272.9
1260000 465.2
1265000 462.5
1270000 335.5
1275000 403.8
1280000 468.6
1285000 352.4
1290000 400.2
1295000 272.9
1300000 473.7
1305000 401.6
1310000 605.8
1315000 340.2
1320000 346.2
1325000 475.9
1330000 467.4
1335000 277.6
1340000 339.4
1345000 278.0
1350000 545.5
1355000 340.7
1360000 409.2
1365000 406.3
1370000 339.0
1375000 408.1
1380000 472.8
1385000 408.0
1390000 339.7
1395000 406.4
1400000 668.4
1405000 470.0
1410000 401.2
1415000 475.4
1420000 676.2
1425000 275.7
1430000 407.0
1435000 522.0
1440000 475.1
1445000 337.8
1450000 402.5
1455000 342.7
1460000 542.7
1465000 412.6
1470000 539.8
1475000 274.5
1480000 406.6
1485000 407.8
1490000 615.2
1495000 476.8
1500000 342.0
1505000 468.3
1510000 411.0
1515000 547.7
1520000 471.3
1525000 339.4
1530000 470.0
1535000 273.9
1540000 341.5
1545000 275.2
1550000 409.8
1555000 401.9
1560000 405.2
1565000 403.9
1570000 274.3
1575000 401.7
1580000 407.1
1585000 600.4
1590000 343.5
1595000 528.3
1600000 406.7
1605000 339.4
1610000 474.0
1615000 341.2
1620000 404.9
1625000 408.9
1630000 472.3
1635000 437.9
1640000 743.0
1645000 274.0
1650000 277.0
1655000 405.5
1660000 406.2
1665000 478.4
1670000 542.6
1675000 352.3
1680000 470.7
1685000 612.8
1690000 477.3
1695000 477.5
1700000 477.5
1705000 412.7
1710000 544.2
1715000 401.0
1720000 472.6
1725000 407.1
1730000 344.7
1735000 463.8
1740000 344.5
1745000 466.2
1750000 543.1
1755000 403.0
1760000 337.6
1765000 406.4
1770000 410.9
1775000 476.3
1780000 475.7
1785000 516.0
1790000 410.9
1795000 402.7
1800000 410.5
1805000 408.3
1810000 474.6
1815000 476.8
1820000 407.3
1825000 411.3
1830000 412.6
1835000 479.6
1840000 420.4
1845000 345.7
1850000 477.9
1855000 344.3
1860000 476.5
1865000 506.5
1870000 469.3
1875000 482.4
1880000 413.3
1885000 407.3
1890000 410.7
1895000 340.4
1900000 514.6
1905000 409.7
1910000 340.2
1915000 479.5
1920000 537.4
1925000 686.0
1930000 550.5
1935000 345.8
1940000 486.7
1945000 345.3
1950000 551.4
1955000 479.0
1960000 485.6
1965000 693.9
1970000 560.7
1975000 420.9
1980000 550.7
1985000 416.3
1990000 414.9
1995000 481.9
2000000 690.3
