5000 22.4
10000 38.9
15000 104.1
20000 7.9
25000 62.7
30000 10.8
35000 18.2
40000 112.1
45000 111.7
50000 55.5
55000 34.4
60000 19.4
65000 38.4
70000 54.4
75000 22.7
80000 36.5
85000 36.8
90000 70.2
95000 17.5
100000 55.9
105000 27.1
110000 14.4
115000 119.6
120000 134.4
125000 144.9
130000 181.4
135000 66.0
140000 285.0
145000 194.8
150000 230.2
155000 55.1
160000 198.9
165000 273.3
170000 125.0
175000 80.8
180000 222.6
185000 197.8
190000 303.8
195000 262.0
200000 254.0
205000 305.6
210000 241.2
215000 293.1
220000 307.6
225000 320.7
230000 216.3
235000 309.4
240000 285.8
245000 203.5
250000 315.4
255000 242.8
260000 273.7
265000 299.0
270000 372.4
275000 347.6
280000 340.3
285000 244.1
290000 394.2
295000 355.7
300000 310.7
305000 268.9
310000 301.3
315000 323.5
320000 339.0
325000 325.8
330000 319.5
335000 348.0
340000 270.5
345000 301.9
350000 326.4
355000 320.6
360000 347.3
365000 346.5
370000 288.7
375000 250.2
380000 326.9
385000 326.6
390000 341.0
395000 395.1
400000 412.1
405000 425.9
410000 378.0
415000 479.2
420000 401.0
425000 324.8
430000 314.3
435000 446.0
440000 487.4
445000 481.5
450000 479.8
455000 479.9
460000 478.9
465000 481.9
470000 478.0
475000 490.1
480000 483.3
485000 483.8
490000 477.9
495000 479.6
500000 475.3
505000 481.6
510000 474.7
515000 497.6
520000 480.3
525000 502.4
530000 490.0
535000 494.1
540000 500.4
545000 492.8
550000 484.2
555000 471.8
560000 461.2
565000 483.3
570000 517.6
575000 500.9
580000 555.7
585000 494.6
590000 510.1
595000 507.7
600000 561.3
605000 564.8
610000 610.8
615000 587.7
620000 634.4
625000 617.9
630000 653.2
635000 609.5
640000 631.2
645000 648.6
650000 683.9
655000 650.6
660000 675.8
665000 685.8
670000 666.7
675000 739.1
680000 643.7
685000 705.2
690000 648.0
695000 725.2
700000 669.6
705000 650.9
710000 719.7
715000 688.3
720000 727.4
725000 709.2
730000 757.9
735000 734.4
740000 741.6
745000 708.0
750000 719.4
755000 756.6
760000 759.8
765000 759.6
770000 757.4
775000 765.9
780000 744.1
785000 742.0
790000 748.1
795000 765.5
800000 788.7
805000 772.2
810000 762.6
815000 765.4
820000 782.9
825000 793.8
830000 770.9
835000 805.2
840000 777.0
845000 791.4
850000 808.0
855000 811.2
860000 762.6
865000 798.6
870000 793.0
875000 708.3
880000 810.6
885000 790.0
890000 705.6
895000 813.1
900000 805.5
905000 805.3
910000 822.9
915000 818.9
920000 797.5
925000 830.3
930000 797.9
935000 800.0
940000 807.5
945000 808.7
950000 803.5
955000 838.0
960000 810.3
965000 844.8
970000 816.6
975000 814.5
980000 820.2
985000 837.2
990000 812.1
995000 825.8
1000000 811.5
1005000 848.2
1010000 857.3
1015000 801.5
1020000 823.8
1025000 829.2
1030000 855.1
1035000 839.7
1040000 845.5
1045000 822.4
1050000 825.6
1055000 851.6
1060000 860.1
1065000 831.3
1070000 846.6
1075000 845.6
1080000 852.7
1085000 842.7
1090000 854.1
1095000 850.4
1100000 827.0
1105000 843.6
1110000 862.8
1115000 846.2
1120000 845.0
1125000 874.9
1130000 858.1
1135000 859.9
1140000 843.7
1145000 872.6
1150000 853.3
1155000 856.9
1160000 851.0
1165000 854.0
1170000 836.5
1175000 880.6
1180000 872.0
1185000 863.2
1190000 873.1
1195000 890.6
1200000 847.6
1205000 878.4
1210000 871.2
1215000 840.5
1220000 872.7
1225000 861.3
1230000 875.1
1235000 867.0
1240000 882.3
1245000 863.1
1250000 857.2
1255000 865.0
1260000 871.2
1265000 884.5
1270000 879.6
1275000 875.1
1280000 882.5
1285000 884.7
1290000 876.4
1295000 878.9
1300000 907.3
1305000 884.6
1310000 883.2
1315000 886.0
1320000 882.4
1325000 876.3
1330000 883.3
1335000 878.9
1340000 876.5
1345000 876.2
1350000 878.1
1355000 888.8
1360000 894.8
1365000 907.3
1370000 898.4
1375000 882.6
1380000 904.3
1385000 897.8
1390000 891.0
1395000 899.4
1400000 902.6
1405000 880.3
1410000 887.7
1415000 913.3
1420000 903.9
1425000 892.9
1430000 923.2
1435000 922.5
1440000 906.3
1445000 898.2
1450000 902.4
1455000 880.5
1460000 909.0
1465000 895.6
1470000 885.3
1475000 915.6
1480000 900.0
1485000 906.2
1490000 892.5
1495000 901.5
1500000 920.1
1505000 921.0
1510000 895.4
1515000 916.6
1520000 924.8
1525000 921.8
1530000 938.0
1535000 917.2
1540000 933.7
1545000 880.3
1550000 931.5
1555000 933.1
1560000 921.7
1565000 896.1
1570000 927.3
1575000 895.3
1580000 912.2
1585000 910.1
1590000 925.0
1595000 905.1
1600000 929.1
1605000 919.3
1610000 913.8
1615000 919.8
1620000 918.2
1625000 919.1
1630000 927.9
1635000 945.0
1640000 924.4
1645000 920.9
1650000 929.5
1655000 934.8
1660000 926.1
1665000 934.4
1670000 901.3
1675000 933.8
1680000 918.4
1685000 932.0
1690000 938.7
1695000 940.1
1700000 935.5
1705000 909.2
1710000 936.0
1715000 917.4
1720000 924.3
1725000 913.7
1730000 932.7
1735000 913.2
1740000 928.1
1745000 910.8
1750000 919.9
1755000 903.8
1760000 913.5
1765000 944.8
1770000 934.8
1775000 942.1
1780000 924.1
1785000 933.9
1790000 936.7
1795000 931.3
1800000 949.2
1805000 927.2
1810000 922.9
1815000 938.5
1820000 942.1
1825000 943.1
1830000 937.8
1835000 918.1
1840000 903.0
1845000 942.7
1850000 925.5
1855000 923.5
1860000 925.6
1865000 917.0
1870000 933.8
1875000 940.7
1880000 951.7
1885000 934.5
1890000 854.1
1895000 870.3
1900000 924.2
1905000 941.3
1910000 942.6
1915000 934.8
1920000 939.9
1925000 938.8
1930000 940.7
1935000 933.4
1940000 922.4
1945000 929.0
1950000 922.7
1955000 929.5
1960000 950.2
1965000 939.7
1970000 926.0
1975000 924.6
1980000 942.2
1985000 923.1
1990000 940.0
1995000 931.4
2000000 933.2
