5000 19.9
10000 29.0
15000 42.4
20000 60.1
25000 252.2
30000 205.5
35000 203.9
40000 120.8
45000 55.7
50000 205.0
55000 17.3
60000 70.0
65000 10.9
70000 26.1
75000 20.0
80000 81.0
85000 40.5
90000 212.7
95000 70.6
100000 68.1
105000 75.8
110000 42.4
115000 89.9
120000 185.9
125000 135.9
130000 113.2
135000 196.6
140000 169.9
145000 86.8
150000 173.7
155000 172.7
160000 166.3
165000 82.2
170000 155.0
175000 140.8
180000 249.5
185000 118.4
190000 37.2
195000 267.0
200000 101.0
205000 142.1
210000 274.8
215000 136.0
220000 212.5
225000 237.2
230000 219.5
235000 105.4
240000 229.7
245000 139.6
250000 116.1
255000 175.0
260000 281.6
265000 339.0
270000 289.9
275000 319.1
280000 374.9
285000 434.0
290000 381.8
295000 381.7
300000 399.9
305000 454.0
310000 425.5
315000 508.7
320000 438.1
325000 470.9
330000 523.7
335000 527.4
340000 488.9
345000 519.4
350000 540.3
355000 571.4
360000 395.5
365000 534.2
370000 552.2
375000 543.8
380000 511.6
385000 566.6
390000 481.3
395000 568.1
400000 579.1
405000 547.3
410000 598.4
415000 596.3
420000 617.8
425000 575.3
430000 620.4
435000 585.3
440000 628.1
445000 589.2
450000 636.6
455000 595.4
460000 591.4
465000 609.5
470000 629.3
475000 578.1
480000 617.9
485000 623.0
490000 629.4
495000 606.1
500000 610.8
505000 645.6
510000 635.1
515000 634.0
520000 596.1
525000 628.2
530000 668.2
535000 636.1
540000 655.6
545000 672.0
550000 668.1
555000 692.0
560000 639.7
565000 647.9
570000 693.6
575000 695.6
580000 647.7
585000 686.6
590000 678.0
595000 647.0
600000 682.8
605000 729.9
610000 703.9
615000 736.7
620000 734.5
625000 701.7
630000 720.6
635000 729.9
640000 691.6
645000 703.8
650000 717.1
655000 694.3
660000 731.5
665000 713.6
670000 667.6
675000 675.0
680000 684.5
685000 719.3
690000 686.6
695000 710.4
700000 719.1
705000 640.8
710000 680.6
715000 664.4
720000 717.8
725000 743.8
730000 759.9
735000 742.9
740000 732.3
745000 669.9
750000 706.8
755000 721.5
760000 703.8
765000 745.5
770000 731.9
775000 732.5
780000 706.1
785000 733.5
790000 754.3
795000 717.9
800000 735.8
805000 723.5
810000 694.1
815000 751.5
820000 733.6
825000 703.2
830000 722.6
835000 731.8
840000 713.0
845000 679.0
850000 707.6
855000 702.9
860000 725.1
865000 737.1
870000 726.2
875000 723.1
880000 743.0
885000 728.7
890000 757.9
895000 744.4
900000 718.3
905000 686.3
910000 757.5
915000 707.2
920000 744.9
925000 716.7
930000 712.8
935000 778.2
940000 730.3
945000 758.4
950000 734.9
955000 781.8
960000 712.4
965000 749.5
970000 795.1
975000 768.2
980000 741.8
985000 760.4
990000 751.7
995000 764.9
1000000 778.6
1005000 774.1
1010000 737.7
1015000 755.3
1020000 794.7
1025000 772.7
1030000 791.9
1035000 772.7
1040000 759.7
1045000 803.0
1050000 788.0
1055000 794.9
1060000 752.4
1065000 778.6
1070000 798.2
1075000 773.2
1080000 787.7
1085000 700.5
1090000 774.4
1095000 794.5
1100000 770.4
1105000 792.7
1110000 796.3
1115000 705.6
1120000 787.7
1125000 802.1
1130000 793.5
1135000 780.1
1140000 741.8
1145000 782.7
1150000 797.3
1155000 804.0
1160000 819.1
1165000 808.7
1170000 789.9
1175000 804.0
1180000 796.8
1185000 715.5
1190000 797.6
1195000 759.8
1200000 792.6
1205000 789.5
1210000 797.1
1215000 778.5
1220000 782.0
1225000 780.3
1230000 785.1
1235000 828.2
1240000 760.7
1245000 785.4
1250000 788.4
1255000 790.5
1260000 774.2
1265000 819.1
1270000 812.9
1275000 816.5
1280000 802.8
1285000 799.8
1290000 831.3
1295000 768.6
1300000 807.8
1305000 820.4
1310000 790.9
1315000 796.6
1320000 804.6
1325000 779.8
1330000 799.9
1335000 804.1
1340000 831.6
1345000 778.9
1350000 807.5
1355000 812.7
1360000 819.9
1365000 826.5
1370000 833.0
1375000 787.4
1380000 821.5
1385000 806.5
1390000 809.4
1395000 793.2
1400000 809.0
1405000 831.9
1410000 816.4
1415000 855.7
1420000 840.6
1425000 804.6
1430000 815.1
1435000 847.7
1440000 815.9
1445000 846.4
1450000 812.0
1455000 815.7
1460000 851.5
1465000 869.1
1470000 824.6
1475000 839.7
1480000 816.7
1485000 836.7
1490000 863.1
1495000 851.8
1500000 843.5
1505000 841.4
1510000 849.0
1515000 882.7
1520000 851.8
1525000 864.5
1530000 847.8
1535000 869.6
1540000 829.2
1545000 859.4
1550000 866.0
1555000 851.7
1560000 862.7
1565000 880.1
1570000 858.6
1575000 862.4
1580000 888.5
1585000 860.9
1590000 862.2
1595000 882.2
1600000 891.1
1605000 863.0
1610000 837.4
1615000 872.4
1620000 871.6
1625000 874.3
1630000 874.1
1635000 892.8
1640000 876.3
1645000 872.9
1650000 870.9
1655000 855.2
1660000 870.5
1665000 882.3
1670000 889.9
1675000 812.5
1680000 867.3
1685000 854.5
1690000 882.3
1695000 861.7
1700000 882.3
1705000 878.2
1710000 886.7
1715000 869.3
1720000 866.2
1725000 860.8
1730000 870.5
1735000 876.6
1740000 875.1
1745000 865.9
1750000 875.9
1755000 845.0
1760000 876.3
1765000 868.3
1770000 871.4
1775000 882.9
1780000 889.8
1785000 896.8
1790000 869.7
1795000 891.7
1800000 876.0
1805000 887.9
1810000 865.3
1815000 895.0
1820000 874.2
1825000 862.9
1830000 866.2
1835000 857.7
1840000 890.6
1845000 861.6
1850000 903.8
1855000 884.8
1860000 855.4
1865000 881.5
1870000 873.8
1875000 860.5
1880000 873.7
1885000 867.6
1890000 871.7
1895000 875.1
1900000 868.3
1905000 853.9
1910000 870.1
1915000 887.6
1920000 888.3
1925000 851.6
1930000 889.2
1935000 882.6
1940000 882.1
1945000 870.5
1950000 884.7
1955000 894.0
1960000 876.9
1965000 868.5
1970000 890.4
1975000 888.9
1980000 863.9
1985000 886.1
1990000 894.5
1995000 857.8
2000000 902.3
