5000 133.7
10000 89.7
15000 149.3
20000 111.4
25000 106.6
30000 201.9
35000 104.5
40000 79.1
45000 205.4
50000 102.6
55000 109.0
60000 121.6
65000 110.7
70000 26.1
75000 59.4
80000 70.8
85000 74.0
90000 175.2
95000 217.3
100000 73.9
105000 117.8
110000 130.5
115000 77.0
120000 137.5
125000 148.4
130000 226.5
135000 197.0
140000 158.2
145000 241.2
150000 310.5
155000 142.5
160000 210.7
165000 324.2
170000 178.2
175000 220.8
180000 292.6
185000 322.9
190000 268.6
195000 126.1
200000 243.9
205000 329.1
210000 280.2
215000 303.4
220000 322.3
225000 300.6
230000 300.9
235000 299.7
240000 300.8
245000 330.6
250000 248.6
255000 313.7
260000 280.6
265000 337.0
270000 259.7
275000 219.2
280000 329.0
285000 328.6
290000 329.5
295000 273.1
300000 445.9
305000 438.3
310000 483.4
315000 512.1
320000 498.6
325000 527.3
330000 525.9
335000 495.6
340000 376.1
345000 531.3
350000 560.8
355000 612.7
360000 586.5
365000 562.1
370000 545.3
375000 595.0
380000 623.5
385000 588.5
390000 598.7
395000 605.9
400000 656.2
405000 656.8
410000 609.5
415000 627.9
420000 634.0
425000 638.1
430000 605.4
435000 650.5
440000 640.3
445000 658.5
450000 655.5
455000 652.6
460000 644.7
465000 656.0
470000 663.6
475000 656.6
480000 659.1
485000 656.9
490000 682.8
495000 682.8
500000 702.0
505000 673.5
510000 706.2
515000 676.3
520000 699.2
525000 644.1
530000 679.4
535000 638.2
540000 700.9
545000 717.2
550000 680.5
555000 698.7
560000 721.1
565000 717.1
570000 706.1
575000 718.4
580000 693.4
585000 683.5
590000 677.5
595000 715.1
600000 690.5
605000 701.9
610000 709.8
615000 706.5
620000 718.3
625000 704.7
630000 719.0
635000 701.0
640000 686.7
645000 709.4
650000 727.5
655000 658.1
660000 698.7
665000 706.0
670000 711.5
675000 689.8
680000 702.7
685000 720.7
690000 717.5
695000 704.2
700000 705.8
705000 697.0
710000 707.5
715000 715.2
720000 714.1
725000 732.0
730000 711.2
735000 711.8
740000 736.1
745000 731.0
750000 736.0
755000 742.5
760000 743.8
765000 728.0
770000 723.7
775000 718.3
780000 720.6
785000 730.3
790000 723.9
795000 726.5
800000 729.5
805000 720.4
810000 723.0
815000 698.7
820000 710.2
825000 716.6
830000 703.6
835000 732.0
840000 719.7
845000 737.8
850000 745.7
855000 736.9
860000 742.1
865000 716.6
870000 752.5
875000 756.2
880000 738.4
885000 736.0
890000 715.1
895000 749.6
900000 725.4
905000 750.6
910000 753.7
915000 754.2
920000 747.4
925000 755.1
930000 753.6
935000 743.3
940000 747.1
945000 737.6
950000 720.9
955000 769.9
960000 740.6
965000 766.7
970000 747.7
975000 758.5
980000 750.3
985000 737.8
990000 774.6
995000 739.8
1000000 782.9
1005000 741.1
1010000 754.0
1015000 749.5
1020000 736.9
1025000 764.4
1030000 747.6
1035000 766.5
1040000 758.4
1045000 762.3
1050000 782.1
1055000 762.2
1060000 754.1
1065000 771.8
1070000 759.6
1075000 741.5
1080000 781.8
1085000 795.8
1090000 751.2
1095000 758.9
1100000 768.6
1105000 755.5
1110000 772.2
1115000 763.5
1120000 780.0
1125000 797.0
1130000 768.2
1135000 750.7
1140000 787.0
1145000 800.3
1150000 760.0
1155000 775.2
1160000 775.3
1165000 778.2
1170000 789.7
1175000 753.9
1180000 752.2
1185000 785.3
1190000 803.7
1195000 790.1
1200000 787.4
1205000 786.3
1210000 782.6
1215000 793.6
1220000 784.6
1225000 771.4
1230000 784.4
1235000 795.0
1240000 776.7
1245000 802.1
1250000 810.3
1255000 793.1
1260000 805.7
1265000 809.5
1270000 782.5
1275000 822.1
1280000 793.8
1285000 805.8
1290000 811.1
1295000 809.7
1300000 821.1
1305000 802.2
1310000 819.9
1315000 818.4
1320000 818.8
1325000 820.1
1330000 819.2
1335000 808.8
1340000 814.3
1345000 790.9
1350000 813.8
1355000 828.3
1360000 804.7
1365000 823.7
1370000 820.3
1375000 813.2
1380000 813.2
1385000 819.3
1390000 814.2
1395000 821.2
1400000 825.3
1405000 805.0
1410000 816.4
1415000 796.3
1420000 828.2
1425000 822.7
1430000 827.1
1435000 827.7
1440000 827.9
1445000 821.2
1450000 828.1
1455000 821.4
1460000 818.8
1465000 828.7
1470000 804.4
1475000 808.8
1480000 803.1
1485000 829.1
1490000 824.0
1495000 794.9
1500000 830.7
1505000 832.4
1510000 839.7
1515000 802.4
1520000 805.0
1525000 822.8
1530000 812.4
1535000 830.7
1540000 828.4
1545000 805.3
1550000 825.1
1555000 815.4
1560000 818.9
1565000 833.1
1570000 820.4
1575000 814.6
1580000 822.6
1585000 833.9
1590000 827.9
1595000 834.5
1600000 820.1
1605000 828.8
1610000 831.4
1615000 834.9
1620000 837.1
1625000 838.5
1630000 840.6
1635000 858.7
1640000 851.0
1645000 849.0
1650000 834.1
1655000 831.0
1660000 829.7
1665000 821.6
1670000 848.9
1675000 845.0
1680000 837.0
1685000 820.9
1690000 832.0
1695000 835.2
1700000 834.1
1705000 840.9
1710000 840.1
1715000 833.6
1720000 830.0
1725000 840.1
1730000 847.0
1735000 853.4
1740000 825.3
1745000 841.6
1750000 840.2
1755000 842.8
1760000 848.0
1765000 826.6
1770000 854.7
1775000 837.6
1780000 853.6
1785000 842.3
1790000 841.0
1795000 849.7
1800000 840.5
1805000 851.9
1810000 843.7
1815000 843.4
1820000 841.2
1825000 844.7
1830000 850.2
1835000 815.2
1840000 835.2
1845000 837.9
1850000 845.7
1855000 855.4
1860000 852.1
1865000 833.9
1870000 842.3
1875000 845.3
1880000 841.4
1885000 838.0
1890000 845.2
1895000 854.2
1900000 853.3
1905000 853.9
1910000 844.0
1915000 851.8
1920000 832.8
1925000 853.0
1930000 845.2
1935000 843.2
1940000 856.9
1945000 853.2
1950000 845.0
1955000 831.9
1960000 858.2
1965000 849.8
1970000 851.2
1975000 851.6
1980000 860.2
1985000 844.0
1990000 847.7
1995000 838.2
2000000 824.0
