5000 167.6
10000 60.8
15000 57.6
20000 61.7
25000 201.9
30000 31.8
35000 60.0
40000 13.6
45000 153.2
50000 61.0
55000 157.5
60000 115.2
65000 111.0
70000 157.3
75000 257.6
80000 107.9
85000 61.0
90000 14.3
95000 66.7
100000 63.0
105000 15.9
110000 113.8
115000 115.0
120000 15.5
125000 14.6
130000 88.4
135000 66.5
140000 78.6
145000 15.0
150000 44.3
155000 65.6
160000 90.6
165000 120.1
170000 123.5
175000 77.6
180000 98.5
185000 76.0
190000 27.1
195000 168.0
200000 196.1
205000 136.7
210000 41.1
215000 187.9
220000 38.1
225000 86.7
230000 237.5
235000 326.7
240000 206.2
245000 171.2
250000 220.4
255000 174.8
260000 284.4
265000 302.9
270000 295.1
275000 298.9
280000 329.1
285000 240.7
290000 327.9
295000 286.6
300000 367.1
305000 283.2
310000 299.5
315000 267.5
320000 246.7
325000 300.3
330000 345.7
335000 270.9
340000 272.6
345000 367.9
350000 304.3
355000 286.1
360000 256.5
365000 446.5
370000 364.1
375000 261.3
380000 344.1
385000 119.5
390000 276.2
395000 323.3
400000 287.0
405000 284.1
410000 285.5
415000 366.3
420000 325.0
425000 365.1
430000 324.8
435000 339.3
440000 332.1
445000 333.6
450000 285.9
455000 287.7
460000 476.3
465000 327.2
470000 325.0
475000 384.4
480000 316.3
485000 336.9
490000 291.0
495000 460.5
500000 247.4
505000 284.7
510000 243.7
515000 291.2
520000 340.0
525000 383.4
530000 252.0
535000 332.7
540000 319.4
545000 292.9
550000 384.9
555000 298.4
560000 295.0
565000 398.5
570000 245.6
575000 242.3
580000 334.8
585000 341.9
590000 292.6
595000 303.4
600000 246.6
605000 339.2
610000 293.0
615000 346.5
620000 298.3
625000 393.6
630000 341.1
635000 246.3
640000 243.1
645000 297.9
650000 338.5
655000 389.0
660000 297.6
665000 348.8
670000 444.5
675000 397.5
680000 249.5
685000 346.6
690000 246.8
695000 289.7
700000 379.2
705000 286.6
710000 490.9
715000 397.2
720000 392.0
725000 452.4
730000 344.7
735000 246.5
740000 499.8
745000 304.2
750000 385.9
755000 299.6
760000 400.2
765000 403.6
770000 356.2
775000 396.2
780000 351.0
785000 298.4
790000 432.4
795000 502.2
800000 357.3
805000 482.1
810000 290.7
815000 253.5
820000 246.4
825000 249.7
830000 406.1
835000 394.0
840000 442.8
845000 407.6
850000 294.8
855000 459.3
860000 403.0
865000 294.0
870000 304.6
875000 343.9
880000 583.7
885000 558.8
890000 543.3
895000 666.6
900000 575.5
905000 684.0
910000 624.5
915000 538.9
920000 750.8
925000 627.2
930000 693.9
935000 709.4
940000 749.3
945000 739.0
950000 730.1
955000 750.7
960000 749.0
965000 741.5
970000 746.9
975000 751.0
980000 766.6
985000 745.5
990000 771.4
995000 744.6
1000000 768.0
1005000 738.1
1010000 788.6
1015000 774.3
1020000 769.6
1025000 771.4
1030000 745.0
1035000 780.8
1040000 800.1
1045000 772.2
1050000 794.3
1055000 767.2
1060000 791.2
1065000 785.0
1070000 756.5
1075000 803.0
1080000 768.0
1085000 788.6
1090000 745.6
1095000 800.6
1100000 786.4
1105000 805.7
1110000 706.6
1115000 767.5
1120000 812.1
1125000 809.4
1130000 822.2
1135000 791.0
1140000 741.9
1145000 830.5
1150000 794.8
1155000 770.9
1160000 778.8
1165000 797.1
1170000 741.8
1175000 827.4
1180000 780.6
1185000 832.8
1190000 775.5
1195000 831.6
1200000 773.5
1205000 796.9
1210000 825.7
1215000 837.8
1220000 844.3
1225000 813.4
1230000 818.5
1235000 828.6
1240000 829.3
1245000 835.7
1250000 838.8
1255000 832.1
1260000 856.7
1265000 823.3
1270000 816.7
1275000 837.0
1280000 822.4
1285000 840.8
1290000 821.1
1295000 837.8
1300000 845.1
1305000 849.4
1310000 831.3
1315000 832.0
1320000 840.7
1325000 844.8
1330000 829.3
1335000 830.8
1340000 863.6
1345000 849.0
1350000 848.4
1355000 824.6
1360000 861.1
1365000 860.2
1370000 854.5
1375000 851.4
1380000 845.9
1385000 844.5
1390000 847.7
1395000 864.9
1400000 852.5
1405000 856.0
1410000 850.5
1415000 831.2
1420000 858.3
1425000 853.7
1430000 873.1
1435000 840.3
1440000 862.1
1445000 839.0
1450000 855.4
1455000 851.9
1460000 864.0
1465000 861.8
1470000 803.5
1475000 845.9
1480000 847.9
1485000 764.7
1490000 854.2
1495000 878.1
1500000 839.0
1505000 855.6
1510000 859.7
1515000 856.5
1520000 868.0
1525000 847.9
1530000 872.0
1535000 855.8
1540000 879.4
1545000 851.5
1550000 845.0
1555000 880.5
1560000 869.1
1565000 839.8
1570000 866.3
1575000 858.6
1580000 874.2
1585000 867.0
1590000 878.1
1595000 870.4
1600000 874.7
1605000 863.4
1610000 882.4
1615000 867.1
1620000 875.9
1625000 866.2
1630000 882.8
1635000 885.9
1640000 871.5
1645000 873.1
1650000 859.2
1655000 866.3
1660000 873.7
1665000 856.9
1670000 882.7
1675000 876.5
1680000 866.9
1685000 872.5
1690000 844.8
1695000 879.1
1700000 886.1
1705000 872.5
1710000 865.7
1715000 883.3
1720000 866.0
1725000 882.1
1730000 879.5
1735000 872.4
1740000 870.0
1745000 859.6
1750000 891.6
1755000 890.5
1760000 888.9
1765000 877.9
1770000 866.0
1775000 863.9
1780000 868.2
1785000 886.0
1790000 905.7
1795000 894.0
1800000 899.3
1805000 884.0
1810000 892.3
1815000 900.3
1820000 896.2
1825000 898.8
1830000 878.5
1835000 869.8
1840000 892.2
1845000 885.8
1850000 882.9
1855000 893.9
1860000 891.9
1865000 912.6
1870000 889.3
1875000 880.1
1880000 888.2
1885000 909.6
1890000 802.8
1895000 865.9
1900000 884.4
1905000 911.4
1910000 824.5
1915000 901.7
1920000 891.9
1925000 913.3
1930000 899.0
1935000 910.4
1940000 902.6
1945000 896.9
1950000 881.2
1955000 902.8
1960000 902.2
1965000 879.1
1970000 905.6
1975000 914.3
1980000 912.2
1985000 894.8
1990000 897.4
1995000 894.6
2000000 895.1
