5000 65.2
10000 143.1
15000 151.8
20000 106.9
25000 109.5
30000 37.1
35000 162.5
40000 155.5
45000 157.0
50000 92.5
55000 210.8
60000 160.1
65000 157.8
70000 35.2
75000 116.4
80000 121.2
85000 262.7
90000 154.5
95000 17.2
100000 66.1
105000 46.3
110000 83.4
115000 178.5
120000 32.8
125000 91.3
130000 127.0
135000 37.6
140000 76.4
145000 67.0
150000 153.4
155000 246.8
160000 184.7
165000 214.4
170000 116.5
175000 309.1
180000 282.1
185000 236.7
190000 217.3
195000 195.5
200000 180.9
205000 253.6
210000 308.5
215000 336.0
220000 349.6
225000 319.4
230000 403.6
235000 443.6
240000 459.7
245000 402.2
250000 407.3
255000 440.2
260000 430.6
265000 466.3
270000 429.5
275000 468.0
280000 467.2
285000 457.1
290000 471.9
295000 438.8
300000 427.5
305000 447.9
310000 460.3
315000 381.0
320000 467.4
325000 470.8
330000 455.2
335000 452.0
340000 474.2
345000 444.8
350000 463.0
355000 478.9
360000 453.2
365000 459.2
370000 451.3
375000 447.9
380000 473.2
385000 472.4
390000 466.6
395000 452.5
400000 468.2
405000 450.6
410000 454.7
415000 397.6
420000 453.9
425000 473.2
430000 450.0
435000 469.1
440000 478.0
445000 482.8
450000 483.6
455000 471.9
460000 480.4
465000 464.9
470000 473.1
475000 452.2
480000 482.6
485000 453.8
490000 470.1
495000 465.4
500000 464.2
505000 467.5
510000 469.4
515000 478.4
520000 472.0
525000 469.0
530000 471.9
535000 478.8
540000 464.3
545000 451.0
550000 457.2
555000 472.8
560000 480.3
565000 473.7
570000 454.7
575000 486.0
580000 476.6
585000 473.7
590000 485.7
595000 489.9
600000 511.0
605000 493.0
610000 478.3
615000 474.8
620000 477.7
625000 479.0
630000 480.6
635000 518.7
640000 523.0
645000 491.2
650000 536.4
655000 510.4
660000 488.7
665000 537.5
670000 530.8
675000 529.9
680000 512.6
685000 520.2
690000 518.4
695000 555.6
700000 507.2
705000 561.6
710000 552.0
715000 538.6
720000 559.1
725000 530.5
730000 548.3
735000 507.0
740000 516.9
745000 527.6
750000 583.7
755000 538.9
760000 548.4
765000 591.5
770000 572.3
775000 592.1
780000 575.7
785000 582.2
790000 586.3
795000 582.3
800000 595.9
805000 611.5
810000 474.6
815000 596.4
820000 601.2
825000 614.7
830000 609.2
835000 592.4
840000 614.2
845000 592.9
850000 602.8
855000 613.2
860000 599.6
865000 598.8
870000 623.4
875000 597.9
880000 632.8
885000 633.6
890000 639.1
895000 615.9
900000 621.1
905000 609.4
910000 602.1
915000 632.6
920000 578.7
925000 649.8
930000 641.8
935000 603.7
940000 642.6
945000 624.9
950000 647.9
955000 657.5
960000 651.4
965000 559.9
970000 643.9
975000 631.0
980000 642.8
985000 643.9
990000 626.2
995000 625.7
1000000 632.7
1005000 670.9
1010000 550.9
1015000 666.0
1020000 631.9
1025000 658.5
1030000 670.5
1035000 726.7
1040000 663.3
1045000 675.0
1050000 689.5
1055000 644.8
1060000 674.8
1065000 695.2
1070000 691.2
1075000 694.9
1080000 697.1
1085000 701.4
1090000 622.1
1095000 700.3
1100000 706.5
1105000 716.0
1110000 671.1
1115000 736.0
1120000 698.1
1125000 680.7
1130000 672.0
1135000 709.4
1140000 654.7
1145000 728.1
1150000 745.0
1155000 734.1
1160000 718.2
1165000 715.0
1170000 556.3
1175000 762.9
1180000 704.0
1185000 728.9
1190000 717.5
1195000 749.1
1200000 745.5
1205000 705.0
1210000 745.2
1215000 752.3
1220000 743.6
1225000 736.2
1230000 751.4
1235000 750.1
1240000 803.8
1245000 727.5
1250000 800.7
1255000 753.7
1260000 780.5
1265000 680.5
1270000 795.7
1275000 800.7
1280000 724.2
1285000 795.3
1290000 652.5
1295000 798.9
1300000 777.3
1305000 791.8
1310000 837.8
1315000 824.7
1320000 804.1
1325000 769.6
1330000 771.5
1335000 816.7
1340000 764.0
1345000 762.3
1350000 703.4
1355000 733.5
1360000 814.8
1365000 769.5
1370000 819.2
1375000 789.1
1380000 802.9
1385000 819.6
1390000 818.7
1395000 811.7
1400000 770.3
1405000 850.3
1410000 794.4
1415000 834.9
1420000 787.8
1425000 833.4
1430000 826.3
1435000 844.6
1440000 853.2
1445000 886.9
1450000 872.4
1455000 840.0
1460000 821.9
1465000 868.8
1470000 871.2
1475000 811.2
1480000 846.6
1485000 840.1
1490000 869.5
1495000 828.8
1500000 810.5
1505000 861.4
1510000 859.6
1515000 860.6
1520000 849.5
1525000 866.1
1530000 863.4
1535000 848.9
1540000 871.8
1545000 881.1
1550000 883.7
1555000 877.4
1560000 844.4
1565000 879.7
1570000 840.2
1575000 774.6
1580000 842.2
1585000 828.1
1590000 877.4
1595000 822.3
1600000 886.2
1605000 874.1
1610000 850.9
1615000 866.8
1620000 894.2
1625000 813.4
1630000 889.5
1635000 873.5
1640000 912.2
1645000 830.5
1650000 855.9
1655000 908.3
1660000 853.9
1665000 819.2
1670000 867.5
1675000 825.5
1680000 845.2
1685000 831.5
1690000 873.2
1695000 871.9
1700000 898.6
1705000 854.3
1710000 899.3
1715000 867.9
1720000 841.1
1725000 874.7
1730000 874.3
1735000 908.2
1740000 888.5
1745000 886.3
1750000 875.4
1755000 876.2
1760000 857.5
1765000 870.4
1770000 858.6
1775000 866.3
1780000 845.7
1785000 880.5
1790000 854.5
1795000 849.5
1800000 866.2
1805000 872.5
1810000 884.7
1815000 879.2
1820000 869.3
1825000 899.1
1830000 885.9
1835000 866.2
1840000 875.0
1845000 881.4
1850000 880.1
1855000 876.8
1860000 896.0
1865000 885.6
1870000 865.2
1875000 851.7
1880000 827.4
1885000 875.5
1890000 878.8
1895000 880.4
1900000 872.5
1905000 888.8
1910000 871.2
1915000 911.0
1920000 886.7
1925000 883.1
1930000 862.4
1935000 833.5
1940000 877.2
1945000 872.8
1950000 861.3
1955000 876.8
1960000 887.6
1965000 905.8
1970000 935.7
1975000 859.7
1980000 894.6
1985000 884.5
1990000 895.3
1995000 926.4
2000000 907.3
