5000 3.6
10000 4.2
15000 4.5
20000 4.9
25000 5.0
30000 5.0
35000 6.4
40000 4.0
45000 4.1
50000 3.0
55000 4.7
60000 4.9
65000 4.7
70000 3.7
75000 6.0
80000 4.8
85000 5.3
90000 7.9
95000 6.6
100000 5.2
105000 4.7
110000 7.6
115000 6.4
120000 10.4
125000 16.1
130000 91.7
135000 27.5
140000 85.8
145000 72.6
150000 135.1
155000 98.9
160000 61.0
165000 67.1
170000 122.9
175000 85.6
180000 108.2
185000 58.6
190000 124.0
195000 3.9
200000 28.7
205000 118.6
210000 172.4
215000 226.3
220000 195.4
225000 195.2
230000 16.4
235000 213.9
240000 269.7
245000 79.0
250000 152.0
255000 233.8
260000 250.1
265000 65.6
270000 7.3
275000 297.9
280000 158.9
285000 91.5
290000 356.7
295000 200.6
300000 313.6
305000 140.0
310000 240.7
315000 247.6
320000 377.1
325000 285.5
330000 323.0
335000 301.2
340000 302.5
345000 213.6
350000 149.7
355000 129.6
360000 258.8
365000 96.7
370000 6.5
375000 373.3
380000 322.6
385000 21.7
390000 312.5
395000 322.2
400000 307.2
405000 344.6
410000 394.8
415000 452.9
420000 432.1
425000 16.6
430000 436.4
435000 408.9
440000 413.8
445000 419.0
450000 354.6
455000 351.2
460000 434.1
465000 416.4
470000 441.0
475000 436.0
480000 473.6
485000 483.1
490000 474.7
495000 7.6
500000 481.8
505000 504.1
510000 686.0
515000 566.3
520000 619.5
525000 597.1
530000 663.4
535000 247.0
540000 562.6
545000 590.5
550000 773.6
555000 700.9
560000 760.4
565000 732.5
570000 779.1
575000 819.0
580000 833.6
585000 843.3
590000 846.2
595000 794.8
600000 818.6
605000 413.8
610000 772.1
615000 741.1
620000 785.4
625000 829.7
630000 845.8
635000 788.3
640000 860.4
645000 845.8
650000 848.2
655000 850.8
660000 842.6
665000 890.4
670000 780.5
675000 832.1
680000 854.8
685000 865.3
690000 880.0
695000 858.0
700000 871.3
705000 891.6
710000 848.0
715000 884.3
720000 899.9
725000 891.4
730000 879.9
735000 908.4
740000 888.9
745000 6.2
750000 839.5
755000 872.8
760000 885.1
765000 448.1
770000 861.6
775000 900.1
780000 888.3
785000 901.0
790000 885.6
795000 896.9
800000 900.6
805000 702.5
810000 757.4
815000 849.6
820000 837.2
825000 862.1
830000 887.9
835000 844.3
840000 823.4
845000 856.4
850000 867.3
855000 871.9
860000 826.6
865000 865.1
870000 872.4
875000 871.4
880000 871.7
885000 888.3
890000 911.0
895000 897.4
900000 30.0
905000 855.9
910000 890.4
915000 798.1
920000 887.6
925000 886.9
930000 922.8
935000 887.2
940000 896.6
945000 904.4
950000 912.4
955000 898.4
960000 866.7
965000 881.8
970000 890.5
975000 886.7
980000 868.3
985000 894.6
990000 871.2
995000 896.8
1000000 875.3
1005000 501.3
1010000 593.2
1015000 824.0
1020000 758.7
1025000 871.3
1030000 875.6
1035000 835.3
1040000 897.9
1045000 894.6
1050000 887.9
1055000 909.4
1060000 853.3
1065000 918.1
1070000 907.8
1075000 837.2
1080000 899.1
1085000 880.0
1090000 906.9
1095000 893.6
1100000 892.6
1105000 900.9
1110000 904.5
1115000 6.3
1120000 894.1
1125000 888.3
1130000 906.2
1135000 898.7
1140000 847.1
1145000 891.5
1150000 894.1
1155000 902.9
1160000 885.1
1165000 868.5
1170000 885.7
1175000 920.8
1180000 884.4
1185000 905.7
1190000 898.3
1195000 884.1
1200000 648.7
1205000 221.6
1210000 541.9
1215000 783.9
1220000 812.5
1225000 888.5
1230000 883.6
1235000 857.6
1240000 854.4
1245000 868.8
1250000 804.8
1255000 822.9
1260000 6.1
1265000 899.6
1270000 281.6
1275000 878.8
1280000 896.0
1285000 844.7
1290000 30.8
1295000 911.9
1300000 903.3
1305000 860.9
1310000 899.4
1315000 869.5
1320000 887.8
1325000 836.4
1330000 806.1
1335000 908.0
1340000 907.9
1345000 6.9
1350000 5.8
1355000 21.0
1360000 837.7
1365000 683.6
1370000 874.7
1375000 7.8
1380000 914.7
1385000 685.2
1390000 826.6
1395000 907.0
1400000 7.5
1405000 200.3
1410000 749.2
1415000 540.8
1420000 862.3
1425000 721.3
1430000 852.5
1435000 681.2
1440000 736.8
1445000 751.9
1450000 813.8
1455000 710.9
1460000 671.5
1465000 813.4
1470000 409.1
1475000 732.1
1480000 856.8
1485000 792.3
1490000 902.8
1495000 869.4
1500000 6.5
1505000 738.5
1510000 123.1
1515000 880.6
1520000 499.7
1525000 812.8
1530000 905.0
1535000 872.7
1540000 71.8
1545000 807.8
1550000 522.5
1555000 824.1
1560000 827.7
1565000 860.5
1570000 869.1
1575000 837.9
1580000 5.0
1585000 464.7
1590000 5.2
1595000 815.0
1600000 828.8
1605000 175.5
1610000 432.3
1615000 384.4
1620000 748.8
1625000 681.7
1630000 518.8
1635000 784.6
1640000 830.0
1645000 817.9
1650000 892.6
1655000 845.7
1660000 800.1
1665000 729.7
1670000 21.1
1675000 6.5
1680000 722.7
1685000 900.3
1690000 900.8
1695000 907.2
1700000 505.0
1705000 804.3
1710000 841.1
1715000 570.2
1720000 806.6
1725000 847.9
1730000 4.9
1735000 901.6
1740000 812.3
1745000 868.5
1750000 536.1
1755000 913.5
1760000 632.6
1765000 895.9
1770000 810.5
1775000 879.8
1780000 4.7
1785000 814.0
1790000 829.8
1795000 860.7
1800000 905.2
1805000 252.3
1810000 602.1
1815000 752.8
1820000 790.7
1825000 698.6
1830000 829.3
1835000 492.4
1840000 189.5
1845000 886.4
1850000 877.8
1855000 95.8
1860000 902.2
1865000 889.5
1870000 905.3
1875000 905.1
1880000 755.9
1885000 854.9
1890000 903.5
1895000 896.4
1900000 11.1
1905000 910.7
1910000 872.0
1915000 903.5
1920000 905.1
1925000 97.9
1930000 883.2
1935000 891.6
1940000 907.3
1945000 846.0
1950000 536.6
1955000 91.3
1960000 899.0
1965000 919.5
1970000 8.4
1975000 863.6
1980000 27.4
1985000 863.9
1990000 8.5
1995000 758.0
2000000 924.1
