5000 3.4
10000 5.4
15000 3.8
20000 4.8
25000 4.8
30000 2.4
35000 6.3
40000 5.4
45000 5.2
50000 5.1
55000 4.5
60000 4.2
65000 6.2
70000 5.5
75000 6.1
80000 6.2
85000 5.4
90000 5.5
95000 4.8
100000 5.0
105000 4.2
110000 3.4
115000 4.1
120000 8.0
125000 5.3
130000 6.0
135000 6.9
140000 6.6
145000 9.1
150000 14.4
155000 13.4
160000 12.6
165000 5.8
170000 21.9
175000 5.5
180000 71.6
185000 12.3
190000 19.5
195000 9.2
200000 26.6
205000 131.0
210000 78.0
215000 37.8
220000 180.0
225000 130.4
230000 79.8
235000 65.6
240000 149.4
245000 190.2
250000 168.7
255000 172.7
260000 4.9
265000 195.8
270000 185.4
275000 230.6
280000 135.4
285000 101.7
290000 165.9
295000 339.7
300000 7.6
305000 258.8
310000 167.8
315000 347.8
320000 216.3
325000 110.8
330000 195.0
335000 6.9
340000 5.7
345000 354.2
350000 2.1
355000 114.3
360000 205.2
365000 22.9
370000 6.5
375000 400.8
380000 59.8
385000 100.4
390000 454.5
395000 4.7
400000 5.5
405000 349.3
410000 430.2
415000 386.1
420000 478.7
425000 465.7
430000 426.9
435000 485.8
440000 457.4
445000 476.3
450000 502.0
455000 466.9
460000 493.9
465000 509.0
470000 509.8
475000 7.5
480000 588.8
485000 529.1
490000 551.9
495000 9.1
500000 567.1
505000 570.0
510000 570.6
515000 572.6
520000 563.5
525000 604.1
530000 559.9
535000 566.5
540000 607.2
545000 598.7
550000 637.4
555000 603.2
560000 633.3
565000 341.6
570000 605.1
575000 606.5
580000 634.3
585000 694.4
590000 682.6
595000 750.5
600000 755.0
605000 388.8
610000 617.1
615000 636.4
620000 702.3
625000 789.9
630000 817.6
635000 794.6
640000 790.3
645000 797.2
650000 792.5
655000 746.0
660000 792.5
665000 810.4
670000 825.1
675000 795.9
680000 746.0
685000 815.3
690000 803.5
695000 810.4
700000 811.8
705000 845.2
710000 841.8
715000 783.7
720000 805.7
725000 839.0
730000 826.4
735000 786.0
740000 834.9
745000 786.1
750000 853.3
755000 810.4
760000 821.4
765000 783.7
770000 820.2
775000 857.6
780000 851.5
785000 844.9
790000 865.1
795000 780.9
800000 835.8
805000 467.6
810000 680.5
815000 813.7
820000 846.3
825000 827.8
830000 844.0
835000 849.9
840000 869.5
845000 864.8
850000 854.8
855000 839.6
860000 882.2
865000 850.5
870000 861.5
875000 859.3
880000 876.6
885000 876.3
890000 839.1
895000 860.7
900000 778.7
905000 868.3
910000 864.2
915000 885.2
920000 893.8
925000 849.2
930000 5.0
935000 884.5
940000 892.6
945000 792.6
950000 895.0
955000 884.0
960000 888.2
965000 876.5
970000 837.4
975000 894.8
980000 894.2
985000 891.5
990000 878.6
995000 896.6
1000000 902.2
1005000 511.0
1010000 712.0
1015000 689.6
1020000 792.0
1025000 873.6
1030000 888.4
1035000 881.1
1040000 894.3
1045000 884.2
1050000 871.2
1055000 894.4
1060000 904.0
1065000 891.9
1070000 891.1
1075000 884.5
1080000 889.6
1085000 886.1
1090000 897.2
1095000 873.1
1100000 874.3
1105000 896.6
1110000 878.5
1115000 887.8
1120000 892.7
1125000 884.8
1130000 904.4
1135000 898.1
1140000 908.8
1145000 901.6
1150000 900.4
1155000 908.3
1160000 889.4
1165000 901.4
1170000 896.5
1175000 898.3
1180000 896.0
1185000 883.7
1190000 869.3
1195000 20.6
1200000 866.9
1205000 358.5
1210000 771.6
1215000 821.0
1220000 844.6
1225000 836.9
1230000 859.8
1235000 821.0
1240000 436.9
1245000 355.8
1250000 899.0
1255000 869.3
1260000 833.4
1265000 857.8
1270000 875.2
1275000 886.2
1280000 893.7
1285000 880.6
1290000 446.6
1295000 803.7
1300000 890.3
1305000 5.0
1310000 890.7
1315000 90.2
1320000 110.1
1325000 871.9
1330000 725.5
1335000 845.9
1340000 870.2
1345000 880.3
1350000 591.6
1355000 907.0
1360000 5.8
1365000 868.2
1370000 889.5
1375000 848.7
1380000 286.2
1385000 877.8
1390000 6.3
1395000 829.7
1400000 906.0
1405000 93.9
1410000 587.9
1415000 716.6
1420000 733.4
1425000 713.2
1430000 761.9
1435000 861.8
1440000 542.6
1445000 5.2
1450000 873.7
1455000 838.7
1460000 819.7
1465000 794.0
1470000 723.3
1475000 823.7
1480000 870.9
1485000 809.0
1490000 856.1
1495000 858.9
1500000 164.8
1505000 868.9
1510000 851.3
1515000 868.8
1520000 845.5
1525000 7.7
1530000 870.9
1535000 874.6
1540000 884.6
1545000 868.5
1550000 3.9
1555000 891.5
1560000 860.1
1565000 811.6
1570000 9.1
1575000 882.4
1580000 874.0
1585000 247.1
1590000 892.4
1595000 834.3
1600000 726.1
1605000 266.3
1610000 304.5
1615000 538.2
1620000 580.9
1625000 733.7
1630000 717.3
1635000 674.7
1640000 667.5
1645000 755.2
1650000 862.6
1655000 851.2
1660000 340.7
1665000 826.8
1670000 894.4
1675000 861.1
1680000 879.1
1685000 869.8
1690000 880.7
1695000 863.3
1700000 885.3
1705000 5.1
1710000 866.5
1715000 832.6
1720000 744.8
1725000 869.2
1730000 885.7
1735000 869.8
1740000 872.4
1745000 768.4
1750000 901.2
1755000 918.2
1760000 772.5
1765000 866.2
1770000 824.1
1775000 7.4
1780000 887.0
1785000 894.3
1790000 779.0
1795000 6.4
1800000 896.5
1805000 307.4
1810000 415.4
1815000 630.8
1820000 679.0
1825000 791.1
1830000 783.7
1835000 725.2
1840000 657.2
1845000 820.4
1850000 870.1
1855000 841.6
1860000 863.4
1865000 877.1
1870000 871.7
1875000 877.3
1880000 883.3
1885000 740.4
1890000 864.6
1895000 859.3
1900000 874.8
1905000 898.5
1910000 484.2
1915000 869.2
1920000 776.3
1925000 890.7
1930000 874.8
1935000 881.4
1940000 874.1
1945000 880.3
1950000 879.4
1955000 547.9
1960000 882.7
1965000 27.5
1970000 186.0
1975000 4.7
1980000 698.6
1985000 879.2
1990000 890.4
1995000 881.2
2000000 905.3
