5000 4.0
10000 5.9
15000 5.0
20000 5.3
25000 4.8
30000 3.8
35000 5.4
40000 4.2
45000 6.6
50000 4.5
55000 5.6
60000 4.3
65000 6.0
70000 6.0
75000 3.8
80000 7.1
85000 4.1
90000 6.5
95000 6.9
100000 6.4
105000 5.5
110000 7.4
115000 6.4
120000 6.8
125000 8.7
130000 8.0
135000 6.2
140000 43.7
145000 41.6
150000 82.7
155000 136.6
160000 102.3
165000 146.2
170000 23.0
175000 112.4
180000 4.2
185000 19.2
190000 177.1
195000 143.8
200000 161.6
205000 41.9
210000 160.9
215000 157.6
220000 202.3
225000 213.2
230000 213.3
235000 234.1
240000 206.4
245000 299.2
250000 283.5
255000 7.2
260000 209.2
265000 285.5
270000 78.1
275000 296.2
280000 277.0
285000 276.8
290000 316.5
295000 275.5
300000 273.6
305000 169.7
310000 209.1
315000 330.0
320000 311.8
325000 314.1
330000 57.9
335000 360.9
340000 349.1
345000 311.3
350000 336.4
355000 374.0
360000 380.4
365000 354.4
370000 50.7
375000 355.6
380000 410.0
385000 381.0
390000 16.7
395000 370.8
400000 6.5
405000 281.9
410000 387.4
415000 402.2
420000 401.9
425000 459.1
430000 394.5
435000 410.5
440000 462.2
445000 451.1
450000 487.2
455000 176.7
460000 461.4
465000 511.8
470000 464.3
475000 505.2
480000 504.8
485000 518.0
490000 35.4
495000 505.4
500000 523.5
505000 500.7
510000 530.5
515000 529.6
520000 532.3
525000 541.7
530000 554.8
535000 507.1
540000 537.4
545000 572.1
550000 578.5
555000 564.2
560000 508.9
565000 551.9
570000 565.1
575000 551.8
580000 583.6
585000 592.2
590000 616.2
595000 38.5
600000 610.3
605000 328.9
610000 425.3
615000 595.6
620000 573.8
625000 635.1
630000 688.7
635000 667.4
640000 664.7
645000 662.1
650000 639.2
655000 684.7
660000 715.0
665000 786.4
670000 687.2
675000 767.9
680000 767.6
685000 744.2
690000 726.3
695000 714.5
700000 861.3
705000 820.0
710000 829.2
715000 831.2
720000 813.2
725000 820.6
730000 864.1
735000 840.6
740000 788.2
745000 799.6
750000 854.5
755000 770.9
760000 876.3
765000 862.4
770000 808.5
775000 862.6
780000 868.8
785000 859.3
790000 11.8
795000 861.4
800000 865.9
805000 347.9
810000 605.8
815000 808.8
820000 761.3
825000 661.2
830000 831.0
835000 850.2
840000 799.9
845000 769.8
850000 810.1
855000 847.2
860000 834.7
865000 785.1
870000 883.6
875000 847.4
880000 852.6
885000 867.4
890000 852.6
895000 867.6
900000 876.6
905000 815.1
910000 893.1
915000 859.0
920000 847.8
925000 863.3
930000 843.4
935000 854.5
940000 863.3
945000 875.7
950000 856.8
955000 865.9
960000 876.4
965000 879.9
970000 892.3
975000 884.6
980000 861.4
985000 852.8
990000 897.6
995000 889.3
1000000 875.3
1005000 335.0
1010000 621.2
1015000 733.3
1020000 742.6
1025000 861.6
1030000 869.0
1035000 854.2
1040000 796.9
1045000 855.6
1050000 853.5
1055000 855.1
1060000 868.2
1065000 891.0
1070000 887.4
1075000 871.8
1080000 884.7
1085000 832.4
1090000 870.1
1095000 877.2
1100000 877.9
1105000 885.6
1110000 888.9
1115000 881.1
1120000 893.2
1125000 887.2
1130000 5.9
1135000 853.7
1140000 858.0
1145000 889.0
1150000 36.4
1155000 886.0
1160000 872.9
1165000 903.9
1170000 899.7
1175000 901.9
1180000 888.9
1185000 889.6
1190000 891.1
1195000 783.5
1200000 879.4
1205000 261.9
1210000 659.6
1215000 758.7
1220000 802.7
1225000 776.6
1230000 848.6
1235000 866.8
1240000 881.7
1245000 853.0
1250000 4.0
1255000 814.6
1260000 801.7
1265000 853.6
1270000 839.5
1275000 443.6
1280000 882.4
1285000 880.0
1290000 859.7
1295000 828.1
1300000 807.5
1305000 886.9
1310000 822.2
1315000 887.2
1320000 6.0
1325000 884.9
1330000 866.2
1335000 865.6
1340000 845.9
1345000 894.4
1350000 846.2
1355000 878.5
1360000 801.6
1365000 859.7
1370000 866.7
1375000 778.9
1380000 880.4
1385000 162.6
1390000 879.1
1395000 905.9
1400000 887.0
1405000 94.8
1410000 256.4
1415000 523.7
1420000 589.5
1425000 755.1
1430000 824.0
1435000 784.0
1440000 495.2
1445000 807.5
1450000 821.5
1455000 269.8
1460000 751.4
1465000 813.1
1470000 855.1
1475000 853.8
1480000 866.1
1485000 775.7
1490000 855.3
1495000 756.4
1500000 806.4
1505000 856.3
1510000 875.8
1515000 817.5
1520000 5.1
1525000 91.7
1530000 5.3
1535000 843.7
1540000 862.7
1545000 399.2
1550000 817.6
1555000 409.4
1560000 877.4
1565000 629.1
1570000 857.5
1575000 885.1
1580000 793.5
1585000 547.1
1590000 716.2
1595000 4.6
1600000 505.6
1605000 213.3
1610000 133.5
1615000 333.0
1620000 513.4
1625000 95.9
1630000 603.5
1635000 573.6
1640000 729.7
1645000 578.9
1650000 705.2
1655000 751.8
1660000 734.8
1665000 779.7
1670000 825.3
1675000 693.6
1680000 768.4
1685000 865.6
1690000 163.4
1695000 664.9
1700000 771.3
1705000 771.9
1710000 783.8
1715000 706.8
1720000 740.8
1725000 706.8
1730000 175.2
1735000 872.4
1740000 865.2
1745000 4.2
1750000 170.4
1755000 834.2
1760000 741.3
1765000 823.0
1770000 615.8
1775000 885.2
1780000 603.6
1785000 856.4
1790000 808.7
1795000 887.4
1800000 775.9
1805000 198.4
1810000 369.5
1815000 527.4
1820000 598.0
1825000 691.7
1830000 725.2
1835000 4.9
1840000 6.8
1845000 535.9
1850000 761.4
1855000 854.5
1860000 744.9
1865000 787.6
1870000 695.2
1875000 42.2
1880000 863.9
1885000 822.1
1890000 840.5
1895000 881.1
1900000 433.6
1905000 794.5
1910000 617.1
1915000 833.9
1920000 865.7
1925000 885.7
1930000 617.4
1935000 852.1
1940000 179.8
1945000 875.1
1950000 825.6
1955000 249.8
1960000 700.7
1965000 435.8
1970000 881.6
1975000 788.6
1980000 875.6
1985000 669.9
1990000 866.5
1995000 854.7
2000000 183.3
