5000 4.9
10000 4.4
15000 4.3
20000 4.7
25000 4.0
30000 4.4
35000 4.4
40000 5.3
45000 6.3
50000 5.4
55000 6.2
60000 4.7
65000 6.3
70000 6.1
75000 5.2
80000 6.0
85000 6.5
90000 6.3
95000 7.5
100000 7.2
105000 8.5
110000 26.5
115000 37.2
120000 153.7
125000 27.2
130000 174.3
135000 29.3
140000 112.3
145000 139.8
150000 197.5
155000 153.4
160000 133.4
165000 24.2
170000 153.6
175000 157.8
180000 194.1
185000 142.4
190000 199.6
195000 4.7
200000 6.0
205000 205.2
210000 205.8
215000 219.8
220000 247.9
225000 166.7
230000 251.5
235000 241.4
240000 225.5
245000 233.3
250000 229.5
255000 308.5
260000 91.4
265000 198.1
270000 6.0
275000 12.7
280000 72.5
285000 84.4
290000 5.6
295000 7.7
300000 383.5
305000 36.1
310000 310.6
315000 5.1
320000 4.2
325000 6.0
330000 451.5
335000 457.9
340000 448.8
345000 466.8
350000 409.1
355000 419.5
360000 200.4
365000 387.7
370000 6.2
375000 6.6
380000 382.8
385000 455.1
390000 527.3
395000 528.9
400000 502.2
405000 472.8
410000 441.4
415000 554.8
420000 511.5
425000 568.0
430000 597.2
435000 723.4
440000 651.5
445000 578.5
450000 647.1
455000 760.1
460000 827.7
465000 773.5
470000 767.6
475000 845.9
480000 849.6
485000 814.4
490000 824.6
495000 878.5
500000 847.7
505000 819.5
510000 837.5
515000 505.0
520000 856.3
525000 863.1
530000 858.3
535000 879.2
540000 812.1
545000 866.7
550000 874.6
555000 866.0
560000 895.1
565000 867.9
570000 878.8
575000 887.3
580000 891.2
585000 871.8
590000 874.8
595000 903.6
600000 856.4
605000 622.6
610000 866.0
615000 655.2
620000 883.9
625000 899.4
630000 823.6
635000 745.2
640000 906.0
645000 888.7
650000 883.2
655000 875.3
660000 903.6
665000 876.3
670000 867.4
675000 892.5
680000 838.9
685000 916.0
690000 873.9
695000 909.7
700000 912.8
705000 908.2
710000 911.8
715000 884.7
720000 887.1
725000 904.8
730000 912.7
735000 881.8
740000 886.9
745000 881.1
750000 785.7
755000 911.3
760000 914.4
765000 890.6
770000 915.4
775000 907.7
780000 893.5
785000 911.1
790000 94.9
795000 900.5
800000 908.3
805000 591.5
810000 813.5
815000 687.7
820000 688.6
825000 776.5
830000 884.0
835000 680.8
840000 810.8
845000 883.9
850000 877.8
855000 747.2
860000 698.3
865000 879.3
870000 679.9
875000 888.2
880000 901.0
885000 909.5
890000 895.6
895000 905.6
900000 902.5
905000 911.4
910000 874.4
915000 910.4
920000 896.3
925000 908.7
930000 789.4
935000 902.5
940000 724.5
945000 893.6
950000 913.7
955000 94.8
960000 906.6
965000 903.9
970000 829.8
975000 921.6
980000 911.2
985000 876.5
990000 897.7
995000 874.9
1000000 916.3
1005000 385.7
1010000 728.6
1015000 774.4
1020000 835.6
1025000 887.0
1030000 851.3
1035000 832.0
1040000 897.6
1045000 820.1
1050000 886.5
1055000 843.3
1060000 893.2
1065000 866.1
1070000 378.4
1075000 732.6
1080000 747.5
1085000 907.6
1090000 897.8
1095000 886.2
1100000 896.9
1105000 882.2
1110000 745.9
1115000 6.3
1120000 910.9
1125000 910.5
1130000 921.3
1135000 921.0
1140000 910.7
1145000 924.6
1150000 803.3
1155000 881.2
1160000 893.6
1165000 893.3
1170000 837.9
1175000 866.7
1180000 904.2
1185000 892.0
1190000 801.7
1195000 6.0
1200000 762.2
1205000 319.6
1210000 819.9
1215000 773.6
1220000 604.2
1225000 753.7
1230000 888.7
1235000 749.5
1240000 327.4
1245000 60.3
1250000 838.3
1255000 752.1
1260000 906.9
1265000 895.3
1270000 909.2
1275000 886.7
1280000 909.3
1285000 268.5
1290000 903.3
1295000 892.5
1300000 850.0
1305000 140.8
1310000 366.8
1315000 794.2
1320000 845.1
1325000 909.5
1330000 876.0
1335000 442.0
1340000 370.8
1345000 900.2
1350000 871.3
1355000 907.9
1360000 5.7
1365000 641.5
1370000 897.1
1375000 788.0
1380000 897.2
1385000 126.8
1390000 911.4
1395000 880.7
1400000 4.3
1405000 250.7
1410000 389.9
1415000 357.6
1420000 530.2
1425000 511.1
1430000 684.4
1435000 592.9
1440000 687.3
1445000 792.6
1450000 538.3
1455000 810.3
1460000 851.5
1465000 901.0
1470000 314.3
1475000 383.9
1480000 635.2
1485000 894.5
1490000 825.7
1495000 691.6
1500000 901.0
1505000 573.5
1510000 845.6
1515000 738.8
1520000 754.1
1525000 358.3
1530000 898.6
1535000 5.6
1540000 888.4
1545000 884.7
1550000 670.6
1555000 879.6
1560000 357.4
1565000 870.7
1570000 882.6
1575000 888.5
1580000 878.3
1585000 857.9
1590000 404.1
1595000 891.8
1600000 906.8
1605000 285.9
1610000 518.1
1615000 681.0
1620000 716.0
1625000 723.2
1630000 689.4
1635000 888.2
1640000 839.0
1645000 731.2
1650000 755.0
1655000 842.9
1660000 505.2
1665000 852.8
1670000 357.0
1675000 884.1
1680000 844.7
1685000 863.8
1690000 879.8
1695000 882.7
1700000 908.4
1705000 800.5
1710000 819.9
1715000 892.4
1720000 914.3
1725000 903.0
1730000 923.4
1735000 462.4
1740000 907.7
1745000 923.8
1750000 914.3
1755000 843.2
1760000 778.8
1765000 922.3
1770000 921.3
1775000 917.1
1780000 466.7
1785000 923.2
1790000 910.8
1795000 893.4
1800000 788.8
1805000 384.0
1810000 835.5
1815000 633.8
1820000 853.2
1825000 917.9
1830000 799.4
1835000 861.2
1840000 563.2
1845000 904.7
1850000 900.8
1855000 722.4
1860000 897.2
1865000 483.2
1870000 5.8
1875000 896.3
1880000 901.6
1885000 751.8
1890000 70.5
1895000 926.8
1900000 911.0
1905000 910.7
1910000 920.2
1915000 904.4
1920000 919.2
1925000 510.0
1930000 915.1
1935000 891.8
1940000 914.0
1945000 867.9
1950000 108.6
1955000 913.5
1960000 14.0
1965000 901.4
1970000 892.6
1975000 916.4
1980000 906.5
1985000 925.3
1990000 24.4
1995000 896.4
2000000 888.6
