5000 4.2
10000 5.8
15000 4.3
20000 3.7
25000 5.4
30000 3.5
35000 3.4
40000 3.0
45000 7.1
50000 3.9
55000 3.9
60000 4.5
65000 5.7
70000 5.3
75000 5.6
80000 6.7
85000 4.4
90000 6.2
95000 6.6
100000 5.8
105000 6.1
110000 7.2
115000 8.0
120000 8.5
125000 3.7
130000 8.3
135000 7.3
140000 7.7
145000 5.5
150000 6.1
155000 7.3
160000 11.2
165000 11.0
170000 30.8
175000 12.8
180000 34.3
185000 18.2
190000 25.7
195000 21.2
200000 19.8
205000 79.9
210000 32.2
215000 66.9
220000 102.1
225000 27.6
230000 45.0
235000 72.5
240000 10.0
245000 47.0
250000 36.2
255000 31.7
260000 6.6
265000 6.3
270000 131.8
275000 126.7
280000 7.9
285000 95.8
290000 12.4
295000 11.2
300000 100.0
305000 9.9
310000 167.4
315000 181.9
320000 80.0
325000 294.5
330000 255.3
335000 226.5
340000 375.3
345000 262.3
350000 6.8
355000 274.7
360000 201.7
365000 269.7
370000 281.9
375000 4.4
380000 5.6
385000 360.3
390000 5.5
395000 285.6
400000 380.8
405000 322.6
410000 313.0
415000 390.3
420000 370.3
425000 382.0
430000 382.8
435000 391.5
440000 386.2
445000 387.3
450000 441.7
455000 422.6
460000 283.6
465000 391.7
470000 416.1
475000 385.0
480000 436.2
485000 406.3
490000 459.6
495000 448.6
500000 450.1
505000 468.0
510000 455.8
515000 468.4
520000 466.3
525000 455.0
530000 471.0
535000 447.3
540000 386.9
545000 525.8
550000 542.3
555000 455.9
560000 520.4
565000 494.6
570000 494.4
575000 540.1
580000 515.1
585000 541.4
590000 544.9
595000 517.3
600000 594.1
605000 380.0
610000 471.7
615000 563.1
620000 564.4
625000 585.1
630000 694.7
635000 687.4
640000 684.1
645000 776.6
650000 743.5
655000 801.2
660000 807.0
665000 816.7
670000 786.7
675000 798.2
680000 833.4
685000 746.9
690000 809.7
695000 854.2
700000 833.9
705000 861.3
710000 846.2
715000 811.9
720000 820.3
725000 856.6
730000 852.2
735000 870.4
740000 855.5
745000 857.1
750000 853.6
755000 836.1
760000 830.8
765000 872.2
770000 797.4
775000 568.2
780000 888.7
785000 862.7
790000 886.3
795000 854.9
800000 842.2
805000 494.8
810000 749.6
815000 846.4
820000 722.7
825000 782.2
830000 708.8
835000 822.1
840000 864.9
845000 880.7
850000 879.6
855000 881.2
860000 905.7
865000 876.3
870000 877.2
875000 896.0
880000 829.9
885000 870.5
890000 847.1
895000 868.7
900000 859.7
905000 870.1
910000 875.5
915000 868.2
920000 843.2
925000 861.9
930000 906.3
935000 852.1
940000 849.9
945000 869.0
950000 861.9
955000 868.8
960000 886.1
965000 875.9
970000 858.4
975000 829.4
980000 895.3
985000 903.9
990000 908.2
995000 892.6
1000000 897.5
1005000 455.2
1010000 805.4
1015000 877.9
1020000 837.4
1025000 769.2
1030000 792.6
1035000 870.5
1040000 886.2
1045000 875.3
1050000 879.0
1055000 893.2
1060000 896.9
1065000 914.0
1070000 914.6
1075000 894.7
1080000 903.9
1085000 894.2
1090000 908.3
1095000 904.4
1100000 890.2
1105000 775.7
1110000 867.4
1115000 900.5
1120000 896.6
1125000 908.6
1130000 897.9
1135000 905.4
1140000 897.9
1145000 906.5
1150000 902.8
1155000 8.0
1160000 880.3
1165000 906.7
1170000 883.1
1175000 3.5
1180000 872.3
1185000 908.5
1190000 906.8
1195000 870.3
1200000 184.7
1205000 439.5
1210000 610.3
1215000 789.7
1220000 758.2
1225000 667.2
1230000 780.3
1235000 849.7
1240000 870.6
1245000 609.8
1250000 890.0
1255000 865.0
1260000 889.2
1265000 501.6
1270000 872.2
1275000 805.8
1280000 898.9
1285000 5.9
1290000 4.6
1295000 812.0
1300000 5.0
1305000 795.5
1310000 874.8
1315000 6.1
1320000 6.0
1325000 6.6
1330000 916.6
1335000 893.7
1340000 697.4
1345000 905.4
1350000 891.8
1355000 903.3
1360000 892.2
1365000 9.4
1370000 907.1
1375000 916.5
1380000 914.1
1385000 894.0
1390000 857.5
1395000 901.7
1400000 28.3
1405000 285.9
1410000 597.3
1415000 4.2
1420000 698.6
1425000 837.3
1430000 703.6
1435000 880.1
1440000 756.7
1445000 876.2
1450000 862.9
1455000 828.2
1460000 816.7
1465000 898.2
1470000 9.2
1475000 884.9
1480000 897.8
1485000 893.2
1490000 899.7
1495000 886.5
1500000 818.9
1505000 855.5
1510000 835.3
1515000 822.1
1520000 6.0
1525000 96.8
1530000 12.8
1535000 887.3
1540000 900.0
1545000 900.6
1550000 898.2
1555000 837.3
1560000 6.4
1565000 798.2
1570000 9.5
1575000 276.0
1580000 904.0
1585000 713.5
1590000 455.3
1595000 918.9
1600000 868.5
1605000 252.3
1610000 342.5
1615000 498.8
1620000 662.6
1625000 629.8
1630000 668.2
1635000 510.3
1640000 848.2
1645000 233.3
1650000 865.6
1655000 819.5
1660000 30.0
1665000 623.5
1670000 896.0
1675000 839.7
1680000 847.4
1685000 6.1
1690000 875.1
1695000 916.4
1700000 883.2
1705000 905.8
1710000 863.7
1715000 637.0
1720000 895.7
1725000 6.9
1730000 898.2
1735000 6.3
1740000 283.8
1745000 866.4
1750000 866.6
1755000 407.2
1760000 707.2
1765000 898.5
1770000 885.1
1775000 904.6
1780000 910.0
1785000 21.1
1790000 796.0
1795000 893.3
1800000 893.5
1805000 320.3
1810000 436.9
1815000 619.8
1820000 16.3
1825000 780.3
1830000 794.3
1835000 127.7
1840000 627.7
1845000 74.2
1850000 824.3
1855000 730.3
1860000 780.4
1865000 806.5
1870000 889.2
1875000 902.7
1880000 891.6
1885000 815.5
1890000 915.7
1895000 526.9
1900000 723.1
1905000 806.0
1910000 717.1
1915000 867.9
1920000 864.9
1925000 884.9
1930000 904.6
1935000 871.4
1940000 887.6
1945000 732.8
1950000 892.9
1955000 881.9
1960000 893.6
1965000 793.9
1970000 889.1
1975000 890.2
1980000 907.4
1985000 886.6
1990000 873.7
1995000 383.2
2000000 881.3
