5000 4.5
10000 5.3
15000 4.4
20000 3.2
25000 3.5
30000 5.9
35000 3.8
40000 4.5
45000 3.8
50000 6.3
55000 5.4
60000 6.7
65000 6.9
70000 3.6
75000 4.6
80000 6.2
85000 6.0
90000 6.4
95000 6.2
100000 3.9
105000 6.5
110000 5.1
115000 10.9
120000 5.7
125000 24.4
130000 8.2
135000 6.3
140000 4.7
145000 90.1
150000 13.1
155000 33.7
160000 31.7
165000 5.6
170000 46.6
175000 25.3
180000 134.1
185000 11.7
190000 260.8
195000 19.2
200000 89.7
205000 200.9
210000 271.1
215000 64.1
220000 260.2
225000 17.9
230000 128.8
235000 191.6
240000 268.5
245000 258.0
250000 294.0
255000 337.3
260000 249.7
265000 284.5
270000 257.5
275000 336.0
280000 339.0
285000 326.5
290000 332.8
295000 245.5
300000 235.7
305000 342.1
310000 362.3
315000 12.6
320000 399.0
325000 98.6
330000 326.9
335000 323.0
340000 352.6
345000 354.0
350000 358.1
355000 7.0
360000 402.2
365000 387.3
370000 374.4
375000 400.9
380000 376.1
385000 408.7
390000 392.1
395000 49.4
400000 445.5
405000 417.0
410000 448.6
415000 455.4
420000 423.8
425000 470.8
430000 452.2
435000 419.5
440000 470.7
445000 503.1
450000 497.8
455000 483.5
460000 490.8
465000 506.1
470000 485.8
475000 487.3
480000 529.5
485000 494.9
490000 487.3
495000 522.0
500000 526.6
505000 507.1
510000 511.8
515000 544.6
520000 535.7
525000 536.3
530000 536.6
535000 527.9
540000 535.4
545000 529.6
550000 533.1
555000 26.3
560000 531.7
565000 551.9
570000 541.7
575000 550.8
580000 571.3
585000 568.8
590000 569.7
595000 568.3
600000 595.3
605000 454.7
610000 496.7
615000 558.2
620000 557.2
625000 578.3
630000 572.6
635000 586.7
640000 571.6
645000 614.2
650000 580.9
655000 609.7
660000 641.3
665000 647.7
670000 657.8
675000 645.8
680000 641.0
685000 677.0
690000 612.3
695000 671.1
700000 720.4
705000 722.2
710000 675.4
715000 712.0
720000 800.9
725000 807.8
730000 836.1
735000 793.3
740000 786.9
745000 729.6
750000 813.9
755000 792.4
760000 841.5
765000 763.7
770000 767.3
775000 835.6
780000 5.6
785000 816.3
790000 779.8
795000 808.0
800000 809.2
805000 438.8
810000 574.2
815000 663.1
820000 710.2
825000 852.0
830000 727.7
835000 700.4
840000 875.5
845000 855.3
850000 864.9
855000 843.0
860000 749.0
865000 820.2
870000 809.4
875000 882.6
880000 883.2
885000 833.4
890000 801.3
895000 817.2
900000 876.3
905000 820.8
910000 885.8
915000 6.2
920000 818.0
925000 830.8
930000 877.4
935000 865.2
940000 891.2
945000 21.4
950000 855.1
955000 907.3
960000 887.3
965000 896.1
970000 902.1
975000 899.7
980000 909.1
985000 901.8
990000 891.4
995000 895.2
1000000 872.1
1005000 441.9
1010000 684.0
1015000 715.0
1020000 817.0
1025000 827.8
1030000 848.6
1035000 813.5
1040000 891.9
1045000 796.6
1050000 888.8
1055000 878.1
1060000 885.4
1065000 825.5
1070000 792.1
1075000 883.2
1080000 867.7
1085000 902.7
1090000 904.2
1095000 896.5
1100000 859.5
1105000 819.1
1110000 910.8
1115000 841.1
1120000 903.0
1125000 891.7
1130000 102.5
1135000 905.1
1140000 856.8
1145000 893.1
1150000 904.4
1155000 828.1
1160000 891.3
1165000 892.4
1170000 902.9
1175000 904.4
1180000 901.6
1185000 829.0
1190000 841.1
1195000 13.5
1200000 779.6
1205000 354.5
1210000 690.6
1215000 754.5
1220000 873.0
1225000 577.9
1230000 883.2
1235000 880.4
1240000 843.6
1245000 788.1
1250000 856.8
1255000 897.7
1260000 883.4
1265000 892.3
1270000 455.3
1275000 8.9
1280000 860.5
1285000 5.2
1290000 883.6
1295000 756.2
1300000 889.4
1305000 871.5
1310000 889.9
1315000 6.9
1320000 5.9
1325000 881.2
1330000 865.2
1335000 875.4
1340000 7.5
1345000 5.7
1350000 911.6
1355000 895.1
1360000 907.6
1365000 804.6
1370000 810.8
1375000 910.0
1380000 727.1
1385000 888.2
1390000 890.4
1395000 892.6
1400000 865.0
1405000 161.6
1410000 520.8
1415000 777.1
1420000 778.3
1425000 857.1
1430000 879.8
1435000 888.4
1440000 880.0
1445000 820.3
1450000 913.4
1455000 872.8
1460000 850.6
1465000 906.0
1470000 905.6
1475000 904.0
1480000 871.9
1485000 840.5
1490000 510.0
1495000 8.1
1500000 903.7
1505000 909.8
1510000 904.3
1515000 891.7
1520000 859.7
1525000 900.6
1530000 866.4
1535000 885.9
1540000 420.9
1545000 895.0
1550000 5.5
1555000 839.8
1560000 921.9
1565000 876.4
1570000 902.2
1575000 897.6
1580000 872.9
1585000 912.4
1590000 275.8
1595000 640.7
1600000 424.2
1605000 125.3
1610000 339.4
1615000 539.3
1620000 657.9
1625000 98.5
1630000 722.0
1635000 847.8
1640000 838.7
1645000 731.7
1650000 884.3
1655000 818.9
1660000 710.1
1665000 884.6
1670000 872.4
1675000 868.8
1680000 755.9
1685000 843.0
1690000 889.8
1695000 883.3
1700000 687.8
1705000 362.4
1710000 860.4
1715000 851.2
1720000 884.7
1725000 883.7
1730000 885.9
1735000 731.3
1740000 622.8
1745000 814.1
1750000 699.0
1755000 797.1
1760000 741.0
1765000 830.6
1770000 856.4
1775000 14.8
1780000 894.9
1785000 556.5
1790000 878.3
1795000 805.1
1800000 902.6
1805000 286.8
1810000 412.1
1815000 547.2
1820000 658.4
1825000 658.6
1830000 722.3
1835000 675.7
1840000 11.8
1845000 51.6
1850000 870.8
1855000 835.7
1860000 885.2
1865000 765.1
1870000 780.2
1875000 845.9
1880000 870.5
1885000 742.7
1890000 876.5
1895000 872.9
1900000 899.0
1905000 884.4
1910000 892.9
1915000 890.3
1920000 540.7
1925000 891.1
1930000 850.6
1935000 879.9
1940000 4.3
1945000 864.1
1950000 892.4
1955000 735.9
1960000 760.6
1965000 707.2
1970000 831.9
1975000 831.3
1980000 856.8
1985000 130.4
1990000 867.8
1995000 659.4
2000000 846.4
