5000 3.4
10000 6.3
15000 4.8
20000 5.0
25000 3.8
30000 4.2
35000 4.3
40000 5.8
45000 4.2
50000 3.4
55000 3.1
60000 7.1
65000 6.2
70000 5.5
75000 5.0
80000 6.5
85000 6.7
90000 5.7
95000 5.4
100000 59.1
105000 29.3
110000 121.0
115000 4.6
120000 61.6
125000 93.6
130000 45.6
135000 158.6
140000 170.3
145000 114.4
150000 163.7
155000 6.3
160000 5.5
165000 59.6
170000 19.8
175000 7.6
180000 79.4
185000 29.1
190000 165.0
195000 37.5
200000 40.5
205000 234.6
210000 223.0
215000 198.8
220000 260.3
225000 216.8
230000 61.8
235000 104.9
240000 25.4
245000 165.4
250000 97.9
255000 205.9
260000 227.5
265000 7.0
270000 76.8
275000 33.3
280000 290.6
285000 216.3
290000 236.0
295000 228.9
300000 3.9
305000 4.0
310000 7.6
315000 275.2
320000 224.1
325000 232.8
330000 232.4
335000 314.5
340000 328.8
345000 298.9
350000 262.8
355000 5.5
360000 4.8
365000 4.1
370000 4.5
375000 7.5
380000 4.3
385000 5.0
390000 4.8
395000 4.6
400000 4.2
405000 378.8
410000 433.5
415000 450.7
420000 463.0
425000 443.6
430000 452.4
435000 467.9
440000 427.4
445000 422.3
450000 476.0
455000 459.7
460000 465.8
465000 484.0
470000 481.7
475000 483.2
480000 487.4
485000 478.6
490000 450.5
495000 479.7
500000 491.3
505000 525.9
510000 538.9
515000 501.5
520000 517.7
525000 525.1
530000 549.6
535000 543.6
540000 532.4
545000 539.8
550000 550.1
555000 542.7
560000 562.4
565000 571.4
570000 563.3
575000 567.0
580000 586.6
585000 512.7
590000 599.7
595000 586.3
600000 558.5
605000 493.7
610000 570.1
615000 568.2
620000 616.2
625000 503.6
630000 643.1
635000 618.4
640000 588.6
645000 606.4
650000 616.1
655000 626.7
660000 644.1
665000 633.8
670000 620.7
675000 635.0
680000 681.8
685000 653.1
690000 693.9
695000 640.4
700000 710.1
705000 713.6
710000 688.9
715000 701.9
720000 686.5
725000 745.1
730000 685.4
735000 788.5
740000 731.7
745000 772.6
750000 811.5
755000 800.5
760000 774.0
765000 847.3
770000 861.6
775000 832.8
780000 843.2
785000 793.5
790000 875.2
795000 832.5
800000 870.4
805000 446.7
810000 645.5
815000 704.4
820000 744.2
825000 781.8
830000 778.0
835000 768.6
840000 836.8
845000 763.2
850000 776.4
855000 903.6
860000 827.5
865000 809.3
870000 842.4
875000 908.2
880000 835.5
885000 741.1
890000 912.2
895000 894.7
900000 905.3
905000 909.8
910000 905.8
915000 901.4
920000 915.1
925000 924.2
930000 878.4
935000 904.2
940000 871.7
945000 909.1
950000 862.4
955000 884.9
960000 889.3
965000 919.5
970000 856.8
975000 916.1
980000 908.9
985000 923.7
990000 917.4
995000 914.5
1000000 903.5
1005000 427.7
1010000 631.3
1015000 824.2
1020000 839.6
1025000 857.3
1030000 889.6
1035000 901.3
1040000 889.6
1045000 919.8
1050000 907.7
1055000 909.2
1060000 907.5
1065000 913.4
1070000 919.6
1075000 917.4
1080000 921.1
1085000 919.5
1090000 920.8
1095000 875.2
1100000 905.6
1105000 899.8
1110000 919.9
1115000 919.8
1120000 907.8
1125000 915.8
1130000 913.4
1135000 910.6
1140000 889.4
1145000 933.1
1150000 908.5
1155000 913.9
1160000 925.1
1165000 911.9
1170000 913.5
1175000 906.0
1180000 905.0
1185000 894.3
1190000 887.9
1195000 5.5
1200000 927.0
1205000 390.9
1210000 536.8
1215000 693.8
1220000 828.2
1225000 837.0
1230000 797.4
1235000 899.9
1240000 877.2
1245000 905.4
1250000 873.9
1255000 870.1
1260000 848.5
1265000 890.0
1270000 885.3
1275000 878.2
1280000 857.3
1285000 884.9
1290000 918.9
1295000 889.5
1300000 905.6
1305000 835.3
1310000 872.2
1315000 906.7
1320000 90.9
1325000 5.7
1330000 839.3
1335000 843.0
1340000 798.2
1345000 889.1
1350000 12.7
1355000 780.2
1360000 843.1
1365000 873.4
1370000 897.2
1375000 884.3
1380000 906.5
1385000 744.2
1390000 897.9
1395000 894.7
1400000 807.8
1405000 231.1
1410000 541.2
1415000 56.0
1420000 656.4
1425000 693.3
1430000 59.2
1435000 815.6
1440000 825.5
1445000 744.8
1450000 831.4
1455000 9.6
1460000 862.3
1465000 870.8
1470000 820.3
1475000 853.9
1480000 822.6
1485000 873.9
1490000 811.3
1495000 780.6
1500000 906.7
1505000 744.8
1510000 900.6
1515000 909.0
1520000 918.1
1525000 906.3
1530000 903.2
1535000 914.2
1540000 872.9
1545000 892.7
1550000 788.2
1555000 914.5
1560000 920.4
1565000 870.1
1570000 782.8
1575000 868.1
1580000 903.0
1585000 866.7
1590000 898.2
1595000 905.6
1600000 519.0
1605000 278.0
1610000 480.1
1615000 493.0
1620000 694.7
1625000 716.9
1630000 683.6
1635000 863.9
1640000 868.2
1645000 817.8
1650000 803.9
1655000 872.3
1660000 873.2
1665000 891.7
1670000 774.4
1675000 5.5
1680000 882.5
1685000 921.4
1690000 808.1
1695000 883.5
1700000 887.9
1705000 913.4
1710000 8.3
1715000 85.3
1720000 634.8
1725000 883.9
1730000 927.0
1735000 900.1
1740000 548.7
1745000 3.4
1750000 810.3
1755000 681.3
1760000 697.8
1765000 219.7
1770000 917.5
1775000 917.1
1780000 925.5
1785000 833.6
1790000 849.7
1795000 794.1
1800000 833.4
1805000 108.5
1810000 445.8
1815000 480.6
1820000 570.6
1825000 729.1
1830000 673.7
1835000 795.1
1840000 638.0
1845000 842.8
1850000 6.2
1855000 756.4
1860000 853.4
1865000 853.7
1870000 820.9
1875000 858.4
1880000 877.3
1885000 871.6
1890000 841.2
1895000 880.6
1900000 3.9
1905000 916.0
1910000 849.2
1915000 782.7
1920000 906.8
1925000 917.9
1930000 847.2
1935000 914.5
1940000 703.5
1945000 905.1
1950000 705.6
1955000 875.6
1960000 899.6
1965000 738.7
1970000 894.3
1975000 903.5
1980000 915.4
1985000 880.5
1990000 901.6
1995000 468.8
2000000 925.3
