5000 4.2
10000 7.6
15000 5.3
20000 3.1
25000 3.9
30000 4.1
35000 6.1
40000 4.9
45000 5.0
50000 5.0
55000 4.9
60000 7.6
65000 4.0
70000 6.4
75000 4.6
80000 5.7
85000 5.8
90000 6.6
95000 7.4
100000 8.5
105000 4.4
110000 6.8
115000 5.9
120000 4.9
125000 30.9
130000 4.9
135000 3.4
140000 6.4
145000 7.8
150000 15.4
155000 34.8
160000 5.3
165000 79.4
170000 6.1
175000 57.3
180000 52.6
185000 5.9
190000 7.5
195000 57.8
200000 12.4
205000 85.4
210000 112.9
215000 122.1
220000 156.6
225000 138.8
230000 172.1
235000 43.1
240000 163.6
245000 222.3
250000 168.5
255000 214.2
260000 86.4
265000 232.8
270000 238.3
275000 226.6
280000 197.0
285000 158.4
290000 266.2
295000 5.3
300000 278.4
305000 202.5
310000 282.4
315000 285.2
320000 8.2
325000 66.2
330000 250.4
335000 255.8
340000 279.3
345000 260.2
350000 356.4
355000 335.0
360000 333.3
365000 8.3
370000 306.6
375000 366.7
380000 355.6
385000 185.8
390000 400.6
395000 122.6
400000 259.5
405000 253.1
410000 330.7
415000 369.6
420000 427.3
425000 401.8
430000 436.7
435000 452.5
440000 505.7
445000 492.9
450000 477.4
455000 497.1
460000 504.5
465000 577.5
470000 524.4
475000 583.1
480000 529.1
485000 513.3
490000 513.7
495000 637.6
500000 629.3
505000 358.3
510000 591.5
515000 445.0
520000 627.7
525000 647.3
530000 722.4
535000 696.0
540000 766.8
545000 702.9
550000 651.8
555000 767.8
560000 789.7
565000 760.1
570000 799.2
575000 470.2
580000 853.6
585000 693.8
590000 764.7
595000 805.3
600000 673.7
605000 653.8
610000 665.7
615000 799.1
620000 768.5
625000 876.4
630000 864.5
635000 871.4
640000 849.7
645000 850.9
650000 818.3
655000 836.5
660000 865.9
665000 860.4
670000 883.6
675000 869.9
680000 869.7
685000 877.1
690000 848.1
695000 833.3
700000 884.6
705000 865.4
710000 874.1
715000 861.8
720000 875.1
725000 875.9
730000 880.3
735000 873.5
740000 860.2
745000 873.4
750000 894.2
755000 884.3
760000 880.9
765000 883.3
770000 889.0
775000 877.4
780000 869.5
785000 883.7
790000 894.3
795000 788.5
800000 868.7
805000 539.0
810000 809.5
815000 731.6
820000 878.2
825000 843.3
830000 824.9
835000 839.6
840000 847.6
845000 839.8
850000 870.4
855000 863.8
860000 867.7
865000 872.1
870000 893.4
875000 877.5
880000 877.7
885000 888.5
890000 867.9
895000 789.4
900000 856.8
905000 879.7
910000 892.8
915000 859.7
920000 863.2
925000 847.5
930000 874.4
935000 859.5
940000 879.7
945000 894.1
950000 863.1
955000 797.4
960000 862.0
965000 900.3
970000 873.4
975000 882.8
980000 876.3
985000 884.8
990000 876.9
995000 881.7
1000000 891.0
1005000 677.5
1010000 815.9
1015000 889.5
1020000 882.0
1025000 821.0
1030000 811.8
1035000 886.7
1040000 889.2
1045000 887.4
1050000 837.6
1055000 875.3
1060000 862.2
1065000 860.7
1070000 841.7
1075000 874.2
1080000 881.2
1085000 886.2
1090000 866.9
1095000 884.4
1100000 881.6
1105000 892.6
1110000 883.9
1115000 186.1
1120000 888.8
1125000 879.0
1130000 877.4
1135000 880.5
1140000 887.8
1145000 896.1
1150000 842.1
1155000 889.8
1160000 7.2
1165000 888.5
1170000 889.1
1175000 888.1
1180000 904.1
1185000 895.9
1190000 4.8
1195000 880.6
1200000 896.1
1205000 249.8
1210000 533.1
1215000 792.7
1220000 809.7
1225000 876.2
1230000 796.3
1235000 709.1
1240000 806.1
1245000 14.1
1250000 565.4
1255000 816.0
1260000 846.0
1265000 880.2
1270000 777.7
1275000 881.4
1280000 768.7
1285000 822.1
1290000 165.1
1295000 893.0
1300000 850.1
1305000 884.9
1310000 853.5
1315000 888.4
1320000 885.5
1325000 7.2
1330000 7.6
1335000 3.5
1340000 6.4
1345000 3.6
1350000 3.2
1355000 4.8
1360000 5.7
1365000 5.9
1370000 3.3
1375000 5.1
1380000 5.8
1385000 6.8
1390000 5.8
1395000 4.5
1400000 3.9
1405000 196.9
1410000 332.8
1415000 722.7
1420000 579.2
1425000 711.7
1430000 745.2
1435000 633.3
1440000 846.0
1445000 746.3
1450000 666.6
1455000 872.9
1460000 631.3
1465000 852.5
1470000 749.3
1475000 771.7
1480000 799.4
1485000 844.0
1490000 842.7
1495000 771.6
1500000 481.4
1505000 829.3
1510000 867.0
1515000 891.9
1520000 845.0
1525000 885.8
1530000 835.0
1535000 869.7
1540000 901.4
1545000 616.3
1550000 603.0
1555000 868.7
1560000 874.2
1565000 850.4
1570000 816.4
1575000 868.8
1580000 707.6
1585000 577.4
1590000 898.5
1595000 862.9
1600000 872.2
1605000 264.8
1610000 377.8
1615000 598.0
1620000 640.4
1625000 369.0
1630000 664.8
1635000 761.2
1640000 551.0
1645000 864.2
1650000 608.6
1655000 765.1
1660000 824.2
1665000 783.9
1670000 6.1
1675000 739.0
1680000 868.5
1685000 864.3
1690000 102.8
1695000 896.3
1700000 540.9
1705000 783.5
1710000 896.8
1715000 795.0
1720000 300.1
1725000 890.0
1730000 906.5
1735000 279.8
1740000 886.9
1745000 871.7
1750000 701.0
1755000 861.2
1760000 744.3
1765000 871.7
1770000 5.7
1775000 568.8
1780000 5.2
1785000 864.6
1790000 716.1
1795000 512.4
1800000 11.0
1805000 285.4
1810000 715.0
1815000 761.8
1820000 720.2
1825000 882.8
1830000 828.9
1835000 816.9
1840000 810.2
1845000 838.0
1850000 883.9
1855000 878.2
1860000 554.3
1865000 632.0
1870000 799.3
1875000 885.1
1880000 859.1
1885000 821.6
1890000 822.8
1895000 889.6
1900000 819.3
1905000 864.7
1910000 854.8
1915000 912.2
1920000 870.9
1925000 877.1
1930000 910.6
1935000 893.5
1940000 750.0
1945000 6.3
1950000 4.9
1955000 904.3
1960000 901.0
1965000 872.3
1970000 886.9
1975000 773.4
1980000 526.7
1985000 906.4
1990000 914.8
1995000 806.5
2000000 907.2
