5000 4.6
10000 4.5
15000 6.1
20000 3.7
25000 4.9
30000 4.8
35000 6.0
40000 4.9
45000 6.5
50000 3.2
55000 5.4
60000 6.4
65000 5.8
70000 4.8
75000 6.3
80000 4.1
85000 4.4
90000 6.4
95000 3.0
100000 5.6
105000 5.7
110000 6.4
115000 6.7
120000 7.1
125000 6.1
130000 5.7
135000 6.9
140000 3.8
145000 6.4
150000 6.6
155000 5.2
160000 5.2
165000 9.3
170000 6.2
175000 7.5
180000 7.9
185000 3.9
190000 10.0
195000 13.1
200000 4.2
205000 7.0
210000 36.5
215000 61.3
220000 60.2
225000 69.9
230000 88.4
235000 17.8
240000 123.9
245000 165.7
250000 62.8
255000 4.6
260000 184.1
265000 165.2
270000 112.8
275000 180.8
280000 191.7
285000 182.7
290000 209.7
295000 195.8
300000 4.5
305000 228.6
310000 107.7
315000 64.9
320000 76.1
325000 5.5
330000 171.1
335000 191.6
340000 172.4
345000 5.9
350000 285.8
355000 277.7
360000 5.3
365000 353.1
370000 339.3
375000 280.7
380000 318.3
385000 4.9
390000 369.7
395000 22.0
400000 374.9
405000 228.5
410000 321.3
415000 353.5
420000 380.3
425000 344.1
430000 364.6
435000 398.8
440000 364.2
445000 403.5
450000 393.2
455000 371.2
460000 407.7
465000 436.8
470000 405.3
475000 457.8
480000 409.3
485000 467.3
490000 438.8
495000 473.9
500000 473.2
505000 461.7
510000 450.6
515000 469.4
520000 467.9
525000 399.2
530000 507.3
535000 494.4
540000 490.6
545000 461.9
550000 495.3
555000 506.9
560000 11.6
565000 526.5
570000 520.1
575000 544.9
580000 523.2
585000 548.1
590000 544.6
595000 662.6
600000 622.2
605000 267.7
610000 482.2
615000 581.4
620000 601.0
625000 666.7
630000 677.9
635000 676.1
640000 656.7
645000 697.9
650000 701.7
655000 704.4
660000 699.8
665000 660.3
670000 777.9
675000 661.3
680000 710.0
685000 665.5
690000 643.1
695000 685.8
700000 682.3
705000 799.0
710000 707.1
715000 787.9
720000 832.6
725000 796.5
730000 799.3
735000 782.5
740000 786.1
745000 832.5
750000 804.3
755000 833.2
760000 864.7
765000 803.1
770000 846.0
775000 836.9
780000 806.7
785000 834.8
790000 860.4
795000 873.7
800000 863.1
805000 336.2
810000 596.1
815000 860.8
820000 724.7
825000 803.6
830000 677.4
835000 862.3
840000 785.1
845000 810.4
850000 821.3
855000 856.7
860000 707.2
865000 793.9
870000 817.2
875000 853.6
880000 816.8
885000 843.7
890000 861.8
895000 881.8
900000 854.3
905000 842.9
910000 874.0
915000 832.4
920000 892.8
925000 879.9
930000 844.7
935000 797.1
940000 797.9
945000 847.4
950000 885.2
955000 878.8
960000 879.5
965000 863.6
970000 867.2
975000 873.0
980000 848.1
985000 259.9
990000 894.5
995000 898.7
1000000 895.8
1005000 380.6
1010000 521.1
1015000 746.0
1020000 744.2
1025000 861.3
1030000 766.5
1035000 869.8
1040000 855.4
1045000 732.1
1050000 886.5
1055000 830.2
1060000 863.9
1065000 876.9
1070000 880.4
1075000 873.2
1080000 889.8
1085000 893.2
1090000 881.0
1095000 839.7
1100000 815.6
1105000 904.7
1110000 877.4
1115000 886.8
1120000 900.6
1125000 863.7
1130000 835.3
1135000 909.7
1140000 902.7
1145000 902.4
1150000 877.8
1155000 901.8
1160000 7.0
1165000 890.5
1170000 891.4
1175000 884.3
1180000 890.7
1185000 906.7
1190000 899.0
1195000 885.0
1200000 835.9
1205000 291.9
1210000 530.2
1215000 850.2
1220000 857.0
1225000 735.9
1230000 6.4
1235000 883.7
1240000 854.7
1245000 767.7
1250000 7.7
1255000 852.4
1260000 880.9
1265000 888.0
1270000 898.0
1275000 526.9
1280000 817.8
1285000 907.1
1290000 906.3
1295000 876.7
1300000 186.6
1305000 871.7
1310000 890.5
1315000 861.1
1320000 856.8
1325000 889.6
1330000 894.0
1335000 5.8
1340000 909.1
1345000 11.2
1350000 4.5
1355000 902.4
1360000 905.1
1365000 803.3
1370000 903.0
1375000 769.1
1380000 4.0
1385000 849.7
1390000 884.1
1395000 877.6
1400000 826.3
1405000 120.4
1410000 513.5
1415000 532.4
1420000 809.4
1425000 385.9
1430000 665.3
1435000 745.0
1440000 775.1
1445000 5.5
1450000 751.1
1455000 4.5
1460000 910.9
1465000 818.2
1470000 781.0
1475000 706.1
1480000 625.5
1485000 558.6
1490000 884.5
1495000 607.6
1500000 829.1
1505000 94.0
1510000 866.5
1515000 6.2
1520000 287.7
1525000 138.8
1530000 875.9
1535000 810.3
1540000 352.1
1545000 858.3
1550000 647.4
1555000 806.4
1560000 445.4
1565000 910.7
1570000 872.3
1575000 884.9
1580000 916.7
1585000 911.1
1590000 5.9
1595000 891.6
1600000 896.3
1605000 161.0
1610000 336.2
1615000 403.9
1620000 7.8
1625000 635.9
1630000 717.0
1635000 739.5
1640000 757.5
1645000 678.7
1650000 836.9
1655000 337.3
1660000 867.8
1665000 888.3
1670000 891.1
1675000 251.9
1680000 860.2
1685000 359.7
1690000 754.1
1695000 3.9
1700000 873.6
1705000 452.0
1710000 779.6
1715000 806.2
1720000 854.6
1725000 871.4
1730000 899.6
1735000 787.4
1740000 889.4
1745000 90.2
1750000 865.5
1755000 532.7
1760000 26.5
1765000 879.0
1770000 795.2
1775000 863.9
1780000 897.8
1785000 893.2
1790000 875.4
1795000 357.1
1800000 895.7
1805000 235.6
1810000 490.8
1815000 656.9
1820000 576.1
1825000 626.1
1830000 802.1
1835000 671.9
1840000 729.2
1845000 753.8
1850000 537.4
1855000 853.8
1860000 525.6
1865000 868.6
1870000 769.0
1875000 867.2
1880000 903.4
1885000 816.8
1890000 24.8
1895000 382.3
1900000 361.4
1905000 855.3
1910000 705.3
1915000 822.2
1920000 783.4
1925000 887.7
1930000 91.0
1935000 900.8
1940000 724.4
1945000 918.2
1950000 896.1
1955000 517.2
1960000 735.2
1965000 194.0
1970000 814.6
1975000 5.7
1980000 873.7
1985000 6.0
1990000 906.3
1995000 907.7
2000000 806.1
