5000 7.6
10000 4.0
15000 3.8
20000 6.7
25000 6.3
30000 2.4
35000 7.5
40000 3.8
45000 4.0
50000 4.8
55000 6.3
60000 4.8
65000 6.0
70000 5.6
75000 5.8
80000 5.2
85000 5.8
90000 8.1
95000 8.8
100000 6.3
105000 4.6
110000 7.2
115000 8.2
120000 7.7
125000 3.1
130000 6.0
135000 6.3
140000 3.4
145000 13.1
150000 6.6
155000 9.2
160000 5.1
165000 10.0
170000 7.0
175000 13.0
180000 4.4
185000 3.6
190000 9.7
195000 8.6
200000 43.1
205000 23.4
210000 130.9
215000 145.5
220000 64.4
225000 144.3
230000 85.0
235000 6.1
240000 5.9
245000 40.3
250000 125.5
255000 16.4
260000 48.0
265000 6.1
270000 3.5
275000 141.6
280000 4.3
285000 6.1
290000 4.1
295000 176.3
300000 93.5
305000 5.9
310000 4.6
315000 6.0
320000 134.7
325000 85.7
330000 36.9
335000 4.8
340000 5.1
345000 5.7
350000 221.3
355000 195.1
360000 281.1
365000 262.2
370000 258.4
375000 187.4
380000 61.5
385000 266.8
390000 171.8
395000 348.8
400000 334.8
405000 303.9
410000 263.2
415000 307.3
420000 310.9
425000 322.2
430000 336.8
435000 297.5
440000 343.1
445000 345.9
450000 351.0
455000 304.1
460000 321.7
465000 293.7
470000 324.0
475000 200.4
480000 386.9
485000 6.5
490000 342.9
495000 406.0
500000 379.6
505000 423.9
510000 354.6
515000 379.8
520000 378.4
525000 376.4
530000 404.0
535000 457.2
540000 415.1
545000 407.1
550000 415.8
555000 429.3
560000 429.6
565000 440.8
570000 422.8
575000 402.6
580000 456.1
585000 438.0
590000 434.1
595000 449.2
600000 426.1
605000 302.0
610000 445.8
615000 440.5
620000 503.7
625000 420.9
630000 525.1
635000 522.9
640000 575.6
645000 521.0
650000 546.7
655000 596.1
660000 652.4
665000 590.7
670000 666.2
675000 610.2
680000 739.7
685000 768.3
690000 797.2
695000 763.8
700000 800.9
705000 864.0
710000 830.7
715000 827.0
720000 866.1
725000 856.7
730000 847.6
735000 873.9
740000 699.5
745000 867.0
750000 855.9
755000 876.9
760000 887.5
765000 878.0
770000 864.2
775000 880.8
780000 866.7
785000 878.9
790000 875.8
795000 839.6
800000 897.8
805000 369.8
810000 686.1
815000 777.9
820000 811.3
825000 861.9
830000 832.2
835000 895.9
840000 852.7
845000 852.0
850000 862.7
855000 862.7
860000 872.2
865000 881.1
870000 823.6
875000 832.6
880000 838.5
885000 859.3
890000 859.6
895000 853.6
900000 872.1
905000 846.2
910000 904.3
915000 877.9
920000 878.4
925000 907.6
930000 867.9
935000 881.3
940000 854.2
945000 869.9
950000 896.0
955000 862.0
960000 834.3
965000 888.8
970000 871.0
975000 889.0
980000 874.7
985000 879.0
990000 910.0
995000 872.5
1000000 893.7
1005000 314.5
1010000 797.9
1015000 741.1
1020000 787.4
1025000 819.5
1030000 774.1
1035000 817.2
1040000 863.2
1045000 888.5
1050000 831.2
1055000 869.8
1060000 791.0
1065000 891.7
1070000 792.6
1075000 903.8
1080000 868.0
1085000 884.1
1090000 854.9
1095000 854.3
1100000 872.4
1105000 900.8
1110000 885.1
1115000 904.6
1120000 897.2
1125000 885.2
1130000 892.7
1135000 903.6
1140000 895.7
1145000 892.7
1150000 885.6
1155000 879.4
1160000 6.4
1165000 896.6
1170000 899.7
1175000 874.2
1180000 895.0
1185000 881.0
1190000 879.0
1195000 622.4
1200000 904.6
1205000 338.8
1210000 750.8
1215000 876.6
1220000 789.9
1225000 855.5
1230000 786.1
1235000 7.1
1240000 870.6
1245000 870.6
1250000 10.8
1255000 860.0
1260000 863.1
1265000 810.9
1270000 878.3
1275000 871.2
1280000 889.7
1285000 874.8
1290000 898.4
1295000 838.9
1300000 868.3
1305000 883.0
1310000 733.8
1315000 873.9
1320000 532.3
1325000 882.1
1330000 895.2
1335000 902.5
1340000 258.1
1345000 4.4
1350000 887.9
1355000 810.2
1360000 817.7
1365000 506.5
1370000 9.5
1375000 894.0
1380000 49.3
1385000 4.3
1390000 848.0
1395000 869.2
1400000 815.7
1405000 238.5
1410000 629.9
1415000 534.2
1420000 759.5
1425000 758.0
1430000 803.3
1435000 861.0
1440000 5.4
1445000 749.9
1450000 853.3
1455000 818.2
1460000 849.5
1465000 844.5
1470000 4.5
1475000 821.5
1480000 857.6
1485000 779.6
1490000 875.5
1495000 848.2
1500000 369.0
1505000 796.0
1510000 895.8
1515000 4.5
1520000 841.3
1525000 802.3
1530000 832.8
1535000 822.7
1540000 828.1
1545000 273.2
1550000 881.7
1555000 483.8
1560000 6.3
1565000 577.6
1570000 551.0
1575000 901.1
1580000 314.7
1585000 819.8
1590000 854.5
1595000 808.3
1600000 894.8
1605000 205.8
1610000 330.6
1615000 438.7
1620000 670.1
1625000 628.3
1630000 3.5
1635000 454.9
1640000 780.8
1645000 660.9
1650000 797.1
1655000 853.5
1660000 883.8
1665000 842.1
1670000 850.2
1675000 136.7
1680000 764.9
1685000 697.3
1690000 20.0
1695000 860.7
1700000 770.7
1705000 871.7
1710000 728.8
1715000 484.4
1720000 899.8
1725000 843.8
1730000 810.3
1735000 5.2
1740000 880.9
1745000 879.0
1750000 809.8
1755000 907.4
1760000 894.7
1765000 904.4
1770000 167.9
1775000 864.5
1780000 799.9
1785000 811.7
1790000 822.5
1795000 897.1
1800000 876.0
1805000 232.5
1810000 400.6
1815000 473.4
1820000 597.8
1825000 702.8
1830000 617.0
1835000 784.8
1840000 786.5
1845000 784.4
1850000 860.7
1855000 773.9
1860000 713.2
1865000 785.1
1870000 849.2
1875000 822.0
1880000 775.7
1885000 868.3
1890000 835.0
1895000 890.4
1900000 572.4
1905000 881.5
1910000 857.8
1915000 5.6
1920000 823.2
1925000 720.9
1930000 789.1
1935000 860.4
1940000 883.1
1945000 889.5
1950000 644.4
1955000 5.2
1960000 853.4
1965000 855.0
1970000 824.5
1975000 819.9
1980000 890.4
1985000 876.8
1990000 875.0
1995000 869.8
2000000 792.7
