10000 1.1
20000 2.6
30000 2.6
40000 13.4
50000 6.1
60000 6.9
70000 3.2
80000 5.6
90000 3.1
100000 0.8
110000 0.9
120000 10.6
130000 0.7
140000 5.1
150000 1.7
160000 4.1
170000 4.9
180000 2.0
190000 8.4
200000 6.3
210000 7.6
220000 1.8
230000 5.5
240000 13.3
250000 2.9
260000 10.6
270000 8.8
280000 2.9
290000 2.3
300000 3.6
310000 14.3
320000 3.3
330000 11.2
340000 3.9
350000 0.0
360000 1.0
370000 6.0
380000 7.3
390000 10.2
400000 3.2
410000 1.5
420000 8.9
430000 19.3
440000 93.7
450000 22.9
460000 18.5
470000 95.5
480000 78.6
490000 171.6
500000 245.3
510000 353.7
520000 479.6
530000 530.4
540000 361.1
550000 356.1
560000 680.0
570000 642.9
580000 687.6
590000 751.2
600000 752.6
610000 668.7
620000 764.1
630000 725.3
640000 775.7
650000 734.4
660000 688.3
670000 755.0
680000 704.8
690000 629.1
700000 799.3
710000 765.0
720000 826.5
730000 781.8
740000 841.3
750000 801.3
760000 822.1
770000 586.8
780000 594.8
790000 477.7
800000 354.4
810000 811.6
820000 589.3
830000 407.4
840000 376.2
850000 700.5
860000 708.2
870000 856.1
880000 803.3
890000 864.8
900000 704.9
910000 724.3
920000 722.8
930000 883.0
940000 822.2
950000 784.7
960000 759.1
970000 886.4
980000 635.9
990000 850.8
1000000 621.7
