10000 0.9
20000 2.7
30000 2.3
40000 7.2
50000 4.3
60000 1.8
70000 8.3
80000 10.0
90000 52.4
100000 48.7
110000 6.7
120000 84.9
130000 77.6
140000 98.2
150000 188.1
160000 132.5
170000 84.9
180000 163.2
190000 132.2
200000 134.0
210000 147.2
220000 171.7
230000 175.5
240000 153.3
250000 130.9
260000 237.9
270000 143.6
280000 326.0
290000 255.3
300000 309.0
310000 380.0
320000 437.6
330000 281.7
340000 649.6
350000 592.7
360000 613.7
370000 451.0
380000 524.0
390000 679.4
400000 746.3
410000 698.3
420000 685.9
430000 799.5
440000 734.6
450000 596.1
460000 642.6
470000 810.9
480000 715.2
490000 750.7
500000 819.5
510000 728.0
520000 768.3
530000 804.0
540000 804.3
550000 760.5
560000 615.6
570000 772.9
580000 849.7
590000 767.7
600000 753.4
610000 716.6
620000 776.0
630000 850.2
640000 853.1
650000 862.2
660000 763.1
670000 831.7
680000 636.6
690000 439.2
700000 808.6
710000 798.6
720000 867.7
730000 774.1
740000 873.9
750000 867.2
760000 764.9
770000 796.8
780000 885.4
790000 856.7
800000 835.1
810000 799.0
820000 903.5
830000 863.8
840000 923.0
850000 789.3
860000 898.6
870000 880.5
880000 874.3
890000 726.5
900000 797.3
910000 871.4
920000 689.6
930000 742.5
940000 816.9
950000 770.3
960000 893.8
970000 789.5
980000 846.7
990000 896.6
1000000 709.1
