10000 1.0
20000 2.9
30000 7.0
40000 5.5
50000 13.2
60000 3.4
70000 28.2
80000 135.2
90000 486.9
100000 632.8
110000 642.8
120000 680.1
130000 671.6
140000 710.8
150000 697.2
160000 613.7
170000 595.1
180000 759.8
190000 660.2
200000 695.1
210000 602.6
220000 762.9
230000 832.3
240000 765.9
250000 782.9
260000 819.4
270000 795.4
280000 873.8
290000 742.4
300000 831.5
310000 827.9
320000 777.8
330000 859.5
340000 868.4
350000 870.5
360000 866.9
370000 775.9
380000 720.7
390000 840.4
400000 857.8
410000 772.2
420000 813.2
430000 807.1
440000 605.4
450000 843.3
460000 863.2
470000 846.5
480000 828.9
490000 686.3
500000 777.6
510000 870.3
520000 710.5
530000 830.5
540000 573.3
550000 808.2
560000 758.2
570000 859.2
580000 777.2
590000 795.0
600000 831.6
610000 789.9
620000 735.0
630000 719.2
640000 855.7
650000 822.7
660000 893.4
670000 860.0
680000 757.6
690000 780.2
700000 881.3
710000 821.7
720000 881.0
730000 849.5
740000 861.9
750000 797.1
760000 822.1
770000 905.6
780000 907.6
790000 821.2
800000 836.6
810000 782.1
820000 771.6
830000 816.0
840000 869.4
850000 844.9
860000 854.5
870000 783.5
880000 866.4
890000 794.2
900000 852.6
910000 815.3
920000 819.8
930000 920.4
940000 899.5
950000 875.6
960000 781.4
970000 897.8
980000 874.1
990000 927.3
1000000 866.2
