10000 0.5
20000 2.0
30000 1.3
40000 1.1
50000 1.4
60000 3.0
70000 5.8
80000 6.4
90000 3.2
100000 5.1
110000 6.2
120000 62.6
130000 29.9
140000 24.8
150000 41.3
160000 150.0
170000 409.1
180000 700.7
190000 839.7
200000 804.2
210000 829.0
220000 820.0
230000 842.3
240000 843.5
250000 849.6
260000 812.3
270000 835.4
280000 853.9
290000 845.8
300000 874.9
310000 870.6
320000 883.5
330000 893.9
340000 900.6
350000 904.8
360000 920.8
370000 902.3
380000 841.8
390000 881.5
400000 899.4
410000 888.4
420000 897.5
430000 876.3
440000 894.3
450000 895.3
460000 899.3
470000 878.3
480000 910.7
490000 934.7
500000 900.8
510000 873.6
520000 912.6
530000 924.1
540000 916.3
550000 931.9
560000 909.5
570000 909.5
580000 930.6
590000 925.0
600000 915.0
610000 900.6
620000 796.8
630000 924.6
640000 862.5
650000 903.1
660000 922.2
670000 923.8
680000 911.9
690000 943.3
700000 925.9
710000 913.8
720000 868.6
730000 920.0
740000 905.5
750000 922.5
760000 916.7
770000 927.2
780000 915.5
790000 828.1
800000 930.2
810000 896.0
820000 926.9
830000 791.0
840000 931.4
850000 913.1
860000 883.2
870000 835.1
880000 870.9
890000 915.4
900000 925.7
910000 918.9
920000 947.4
930000 907.1
940000 927.6
950000 877.2
960000 927.5
970000 931.0
980000 923.7
990000 935.3
1000000 902.9
