10000 0.0
20000 0.7
30000 1.2
40000 5.2
50000 17.4
60000 3.0
70000 5.3
80000 2.2
90000 1.3
100000 6.1
110000 7.1
120000 3.9
130000 6.8
140000 2.4
150000 4.1
160000 2.4
170000 4.4
180000 3.3
190000 4.1
200000 1.3
210000 5.8
220000 9.5
230000 1.8
240000 11.5
250000 4.5
260000 7.4
270000 11.5
280000 15.6
290000 72.7
300000 142.4
310000 119.0
320000 178.2
330000 220.8
340000 310.1
350000 253.7
360000 276.3
370000 460.7
380000 380.7
390000 655.8
400000 625.6
410000 782.4
420000 791.6
430000 826.0
440000 829.8
450000 740.0
460000 800.3
470000 838.6
480000 575.3
490000 832.9
500000 742.9
510000 821.9
520000 263.4
530000 241.4
540000 452.9
550000 420.1
560000 117.4
570000 88.2
580000 44.8
590000 195.8
600000 47.8
610000 73.9
620000 496.2
630000 452.5
640000 683.3
650000 705.1
660000 848.3
670000 827.7
680000 850.7
690000 844.7
700000 863.0
710000 845.9
720000 836.4
730000 874.5
740000 767.4
750000 792.9
760000 842.2
770000 798.9
780000 892.5
790000 824.2
800000 908.9
810000 858.1
820000 878.5
830000 888.4
840000 873.9
850000 796.4
860000 822.0
870000 882.9
880000 922.6
890000 901.1
900000 890.8
910000 880.2
920000 826.3
930000 913.3
940000 906.9
950000 911.1
960000 888.1
970000 877.8
980000 904.5
990000 918.2
1000000 884.2
