10000 1.7
20000 2.6
30000 7.9
40000 0.8
50000 6.8
60000 6.2
70000 10.1
80000 16.5
90000 21.8
100000 7.8
110000 1.7
120000 11.6
130000 18.6
140000 37.7
150000 60.5
160000 229.6
170000 224.6
180000 239.7
190000 241.9
200000 273.6
210000 339.0
220000 346.9
230000 404.9
240000 375.5
250000 388.1
260000 427.3
270000 439.0
280000 599.8
290000 585.4
300000 733.3
310000 737.1
320000 762.0
330000 754.1
340000 772.6
350000 765.1
360000 800.9
370000 791.8
380000 752.6
390000 828.8
400000 795.6
410000 826.7
420000 866.9
430000 861.8
440000 844.9
450000 755.9
460000 869.2
470000 720.0
480000 854.4
490000 832.0
500000 788.5
510000 838.9
520000 816.9
530000 849.7
540000 779.2
550000 865.0
560000 876.3
570000 826.1
580000 880.2
590000 830.8
600000 794.1
610000 898.7
620000 879.1
630000 874.3
640000 796.0
650000 797.0
660000 877.5
670000 880.7
680000 889.7
690000 863.7
700000 816.9
710000 900.3
720000 837.7
730000 822.2
740000 876.0
750000 779.1
760000 838.3
770000 892.2
780000 886.7
790000 870.2
800000 826.2
810000 853.6
820000 683.9
830000 896.8
840000 598.2
850000 876.3
860000 819.4
870000 711.2
880000 852.2
890000 606.6
900000 722.6
910000 755.6
920000 772.9
930000 753.1
940000 836.7
950000 820.6
960000 841.7
970000 721.4
980000 835.3
990000 881.5
1000000 863.3
