10000 6.1
20000 3.6
30000 1.3
40000 10.6
50000 10.5
60000 10.2
70000 12.4
80000 317.3
90000 502.8
100000 723.1
110000 806.4
120000 777.1
130000 728.6
140000 742.6
150000 736.1
160000 768.3
170000 865.2
180000 864.9
190000 891.2
200000 857.8
210000 908.0
220000 882.0
230000 901.9
240000 862.4
250000 846.8
260000 914.2
270000 884.4
280000 818.0
290000 908.2
300000 890.3
310000 908.6
320000 857.2
330000 891.6
340000 907.2
350000 889.8
360000 911.9
370000 894.8
380000 916.0
390000 802.4
400000 911.1
410000 911.8
420000 895.3
430000 832.2
440000 903.6
450000 933.7
460000 931.4
470000 915.8
480000 907.9
490000 848.6
500000 907.4
510000 887.0
520000 916.6
530000 930.5
540000 891.7
550000 909.7
560000 883.7
570000 852.7
580000 840.8
590000 875.8
600000 736.1
610000 812.6
620000 872.9
630000 934.2
640000 884.9
650000 838.3
660000 909.4
670000 841.5
680000 884.4
690000 889.5
700000 836.1
710000 884.6
720000 915.6
730000 913.7
740000 924.5
750000 903.6
760000 921.0
770000 876.6
780000 863.2
790000 794.9
800000 893.5
810000 928.4
820000 898.2
830000 914.7
840000 814.7
850000 917.5
860000 910.6
870000 897.8
880000 918.1
890000 907.0
900000 908.3
910000 905.4
920000 925.1
930000 928.5
940000 863.5
950000 925.5
960000 901.6
970000 838.1
980000 864.0
990000 871.0
1000000 901.8
