10000 0.3
20000 0.5
30000 0.6
40000 1.1
50000 0.3
60000 2.5
70000 0.6
80000 0.0
90000 0.4
100000 0.5
110000 0.0
120000 0.0
130000 4.5
140000 1.5
150000 0.0
160000 1.1
170000 4.0
180000 6.8
190000 7.1
200000 4.5
210000 3.1
220000 13.8
230000 7.0
240000 14.5
250000 8.7
260000 20.4
270000 92.9
280000 28.0
290000 9.7
300000 107.7
310000 223.5
320000 223.5
330000 475.3
340000 466.6
350000 814.7
360000 847.1
370000 790.2
380000 794.4
390000 855.5
400000 764.6
410000 781.6
420000 857.9
430000 843.1
440000 838.6
450000 842.2
460000 862.9
470000 880.4
480000 801.6
490000 792.1
500000 894.6
510000 865.7
520000 901.2
530000 905.5
540000 914.8
550000 884.5
560000 808.2
570000 898.8
580000 801.8
590000 867.8
600000 612.6
610000 672.7
620000 799.6
630000 866.6
640000 904.3
650000 909.1
660000 918.0
670000 899.0
680000 879.6
690000 901.3
700000 879.3
710000 825.6
720000 920.9
730000 896.8
740000 907.8
750000 878.7
760000 830.5
770000 875.3
780000 911.6
790000 846.2
800000 901.3
810000 932.0
820000 895.7
830000 802.7
840000 653.7
850000 915.8
860000 752.3
870000 883.2
880000 903.5
890000 868.1
900000 875.1
910000 845.8
920000 847.6
930000 721.6
940000 811.0
950000 913.8
960000 911.8
970000 916.7
980000 910.4
990000 871.9
1000000 924.1
