10000 4.7
20000 1.6
30000 2.5
40000 4.1
50000 13.8
60000 5.5
70000 1.6
80000 10.4
90000 1.4
100000 1.6
110000 2.4
120000 0.0
130000 0.0
140000 0.4
150000 2.7
160000 3.2
170000 5.6
180000 4.2
190000 1.3
200000 0.0
210000 0.6
220000 1.5
230000 1.0
240000 6.3
250000 3.3
260000 9.4
270000 5.3
280000 4.0
290000 1.9
300000 6.5
310000 6.2
320000 0.7
330000 13.4
340000 11.9
350000 8.2
360000 2.0
370000 8.2
380000 11.5
390000 7.1
400000 6.2
410000 1.1
420000 0.7
430000 1.0
440000 2.7
450000 3.4
460000 3.0
470000 86.9
480000 14.6
490000 118.3
500000 94.8
510000 99.1
520000 13.8
530000 20.0
540000 14.9
550000 7.5
560000 34.2
570000 49.3
580000 31.3
590000 39.9
600000 18.3
610000 103.6
620000 172.6
630000 94.7
640000 62.6
650000 236.8
660000 161.3
670000 243.3
680000 133.0
690000 180.3
700000 154.3
710000 210.3
720000 505.5
730000 640.2
740000 639.1
750000 565.9
760000 684.7
770000 641.3
780000 748.4
790000 619.0
800000 632.2
810000 711.6
820000 648.8
830000 661.0
840000 767.3
850000 686.0
860000 656.6
870000 743.6
880000 749.6
890000 735.3
900000 797.5
910000 775.6
920000 796.1
930000 727.0
940000 736.5
950000 674.2
960000 801.5
970000 847.8
980000 766.4
990000 762.0
1000000 805.5
