10000 4.7
20000 2.6
30000 4.4
40000 5.6
50000 4.3
60000 1.3
70000 7.7
80000 3.0
90000 3.6
100000 4.6
110000 2.2
120000 3.5
130000 7.2
140000 9.8
150000 4.5
160000 6.6
170000 4.3
180000 80.9
190000 13.5
200000 19.1
210000 44.4
220000 169.7
230000 228.9
240000 419.4
250000 668.6
260000 690.0
270000 727.3
280000 623.1
290000 764.3
300000 640.0
310000 758.0
320000 793.4
330000 824.1
340000 812.4
350000 842.0
360000 782.0
370000 874.1
380000 851.8
390000 790.1
400000 868.9
410000 792.2
420000 886.2
430000 899.2
440000 807.6
450000 873.3
460000 880.5
470000 876.2
480000 867.4
490000 756.3
500000 910.2
510000 903.9
520000 908.1
530000 896.1
540000 826.4
550000 878.5
560000 803.1
570000 820.8
580000 879.0
590000 908.2
600000 806.4
610000 822.6
620000 880.1
630000 817.0
640000 858.4
650000 813.3
660000 915.5
670000 874.7
680000 877.3
690000 792.5
700000 888.9
710000 891.6
720000 907.1
730000 912.0
740000 868.2
750000 827.1
760000 782.3
770000 898.0
780000 884.1
790000 760.0
800000 834.1
810000 867.2
820000 725.6
830000 885.1
840000 801.3
850000 850.6
860000 769.7
870000 866.5
880000 894.6
890000 897.6
900000 892.8
910000 901.0
920000 893.9
930000 905.9
940000 885.8
950000 918.1
960000 905.8
970000 888.6
980000 894.6
990000 905.4
1000000 911.5
