10000 0.0
20000 0.0
30000 1.0
40000 0.0
50000 1.6
60000 0.0
70000 0.0
80000 6.1
90000 0.0
100000 3.1
110000 9.0
120000 0.0
130000 100.0
140000 1.2
150000 76.4
160000 87.5
170000 92.4
180000 100.0
190000 97.9
200000 0.0
210000 0.0
220000 0.0
230000 185.7
240000 200.0
250000 187.2
260000 93.6
270000 561.8
280000 239.3
290000 606.6
300000 351.7
310000 677.7
320000 547.1
330000 769.7
340000 543.6
350000 660.0
360000 593.7
370000 549.3
380000 422.2
390000 827.1
400000 801.2
410000 727.2
420000 855.9
430000 826.4
440000 806.6
450000 797.4
460000 811.5
470000 820.2
480000 773.9
490000 839.3
500000 845.2
510000 824.1
520000 794.9
530000 825.5
540000 792.5
550000 871.8
560000 862.1
570000 854.9
580000 837.6
590000 829.6
600000 701.3
610000 851.7
620000 782.0
630000 875.3
640000 877.1
650000 835.2
660000 885.9
670000 823.8
680000 803.0
690000 844.1
700000 894.0
710000 807.9
720000 843.1
730000 785.6
740000 878.3
750000 879.9
760000 821.5
770000 834.1
780000 834.4
790000 865.6
800000 841.4
810000 841.7
820000 819.3
830000 860.9
840000 882.9
850000 812.5
860000 806.7
870000 844.0
880000 843.9
890000 815.5
900000 806.4
910000 839.6
920000 875.9
930000 851.2
940000 787.8
950000 806.1
960000 856.5
970000 900.0
980000 832.9
990000 854.9
1000000 819.7
