10000 0.0
20000 0.0
30000 0.0
40000 0.0
50000 0.0
60000 21.8
70000 0.0
80000 113.8
90000 295.2
100000 94.4
110000 100.0
120000 192.8
130000 93.6
140000 285.6
150000 296.3
160000 100.0
170000 0.0
180000 193.4
190000 285.1
200000 186.1
210000 383.2
220000 193.1
230000 279.3
240000 385.4
250000 279.1
260000 0.0
270000 619.9
280000 250.5
290000 584.2
300000 583.0
310000 660.4
320000 502.6
330000 611.6
340000 768.9
350000 731.1
360000 844.1
370000 604.8
380000 833.4
390000 842.0
400000 824.3
410000 811.4
420000 823.6
430000 841.7
440000 856.7
450000 873.8
460000 766.9
470000 850.1
480000 844.8
490000 802.5
500000 870.5
510000 836.4
520000 824.2
530000 858.5
540000 851.5
550000 830.2
560000 811.6
570000 895.3
580000 888.0
590000 827.8
600000 854.9
610000 861.4
620000 850.1
630000 843.4
640000 873.9
650000 874.3
660000 827.5
670000 852.2
680000 841.0
690000 819.9
700000 864.6
710000 803.5
720000 803.6
730000 876.2
740000 897.2
750000 805.6
760000 815.8
770000 816.7
780000 849.1
790000 827.0
800000 844.3
810000 837.5
820000 882.1
830000 786.5
840000 794.5
850000 837.1
860000 733.8
870000 860.6
880000 736.1
890000 727.8
900000 780.4
910000 826.1
920000 852.0
930000 862.6
940000 869.1
950000 870.9
960000 867.1
970000 824.3
980000 859.4
990000 829.0
1000000 860.2
