10000 1.6
20000 0.0
30000 0.0
40000 2.1
50000 0.0
60000 0.9
70000 0.0
80000 0.0
90000 200.0
100000 100.0
110000 0.0
120000 100.0
130000 83.2
140000 100.0
150000 4.5
160000 100.0
170000 213.0
180000 0.0
190000 100.0
200000 200.0
210000 0.0
220000 99.5
230000 100.0
240000 100.0
250000 0.0
260000 0.0
270000 0.0
280000 1.9
290000 100.0
300000 6.3
310000 100.0
320000 100.0
330000 12.2
340000 98.9
350000 100.0
360000 0.0
370000 0.0
380000 98.0
390000 11.5
400000 0.0
410000 112.4
420000 9.6
430000 0.0
440000 13.5
450000 0.0
460000 386.5
470000 287.7
480000 193.9
490000 100.0
500000 280.6
510000 187.7
520000 192.7
530000 93.7
540000 193.0
550000 280.5
560000 93.6
570000 0.0
580000 193.6
590000 186.3
600000 287.2
610000 100.0
620000 100.0
630000 93.0
640000 185.5
650000 0.0
660000 283.7
670000 292.9
680000 397.7
690000 93.4
700000 187.8
710000 0.0
720000 116.5
730000 0.0
740000 0.0
750000 193.4
760000 93.8
770000 287.0
780000 93.6
790000 287.1
800000 187.2
810000 193.6
820000 193.1
830000 287.5
840000 286.7
850000 93.9
860000 200.0
870000 485.6
880000 186.2
890000 287.5
900000 186.2
910000 0.0
920000 193.9
930000 187.1
940000 100.8
950000 187.5
960000 100.0
970000 390.9
980000 0.0
990000 188.0
1000000 288.0
