10000 0.0
20000 0.0
30000 1.8
40000 0.0
50000 0.0
60000 0.0
70000 14.5
80000 6.4
90000 7.2
100000 78.9
110000 243.4
120000 274.7
130000 287.0
140000 603.2
150000 682.2
160000 839.6
170000 601.7
180000 768.6
190000 618.7
200000 594.8
210000 845.9
220000 846.4
230000 839.3
240000 791.3
250000 862.5
260000 868.5
270000 834.9
280000 832.3
290000 820.0
300000 838.8
310000 830.4
320000 888.3
330000 809.5
340000 800.2
350000 839.6
360000 830.0
370000 846.9
380000 807.9
390000 754.7
400000 819.6
410000 842.9
420000 777.8
430000 870.5
440000 869.9
450000 870.9
460000 814.9
470000 829.5
480000 765.8
490000 810.0
500000 769.3
510000 870.3
520000 773.6
530000 861.5
540000 852.7
550000 841.8
560000 856.5
570000 902.7
580000 846.5
590000 844.7
600000 835.7
610000 817.5
620000 874.9
630000 831.0
640000 859.5
650000 818.9
660000 840.0
670000 872.2
680000 820.2
690000 824.2
700000 811.6
710000 810.2
720000 796.9
730000 792.3
740000 781.8
750000 823.2
760000 824.6
770000 834.9
780000 827.4
790000 785.2
800000 809.3
810000 843.4
820000 879.2
830000 792.2
840000 861.2
850000 842.6
860000 824.4
870000 814.1
880000 849.6
890000 804.2
900000 844.5
910000 881.8
920000 814.0
930000 834.5
940000 821.6
950000 854.8
960000 782.2
970000 797.7
980000 902.9
990000 819.2
1000000 918.7
