10000 0.0
20000 2.0
30000 2.2
40000 0.0
50000 2.5
60000 0.0
70000 2.8
80000 0.6
90000 5.9
100000 7.5
110000 17.4
120000 5.5
130000 6.2
140000 7.2
150000 0.0
160000 19.1
170000 18.6
180000 5.3
190000 12.1
200000 10.9
210000 5.5
220000 22.8
230000 31.9
240000 19.3
250000 36.2
260000 30.1
270000 33.2
280000 17.2
290000 21.7
300000 15.7
310000 11.6
320000 28.6
330000 20.8
340000 45.6
350000 37.4
360000 28.5
370000 96.4
380000 90.4
390000 193.5
400000 174.2
410000 122.5
420000 166.4
430000 161.1
440000 153.4
450000 110.4
460000 786.3
470000 746.1
480000 691.9
490000 511.0
500000 661.4
510000 677.3
520000 772.2
530000 830.8
540000 866.5
550000 813.3
560000 661.4
570000 764.9
580000 671.2
590000 805.9
600000 814.6
610000 819.3
620000 849.9
630000 843.8
640000 740.5
650000 855.8
660000 804.3
670000 779.9
680000 761.4
690000 811.1
700000 845.9
710000 838.6
720000 796.1
730000 792.3
740000 764.0
750000 777.0
760000 866.9
770000 861.4
780000 818.6
790000 788.6
800000 818.7
810000 789.9
820000 825.8
830000 754.3
840000 821.2
850000 806.3
860000 796.1
870000 795.2
880000 820.4
890000 797.9
900000 769.9
910000 862.0
920000 810.7
930000 748.6
940000 809.6
950000 824.1
960000 831.4
970000 791.1
980000 806.3
990000 784.7
1000000 915.3
