10000 0.0
20000 0.0
30000 0.6
40000 2.4
50000 43.9
60000 98.5
70000 0.0
80000 297.5
90000 100.0
100000 198.3
110000 0.0
120000 100.0
130000 0.0
140000 300.0
150000 98.6
160000 0.0
170000 0.0
180000 0.0
190000 0.0
200000 100.0
210000 0.0
220000 398.9
230000 100.0
240000 100.0
250000 0.0
260000 0.0
270000 0.0
280000 197.8
290000 0.0
300000 0.0
310000 0.0
320000 99.5
330000 0.0
340000 0.0
350000 0.0
360000 104.0
370000 100.0
380000 0.0
390000 98.9
400000 0.0
410000 89.5
420000 100.0
430000 100.0
440000 200.0
450000 98.5
460000 114.1
470000 98.5
480000 0.0
490000 98.4
500000 113.0
510000 0.0
520000 200.0
530000 0.0
540000 0.0
550000 0.0
560000 0.0
570000 100.0
580000 0.0
590000 97.3
600000 0.0
610000 0.0
620000 0.0
630000 0.0
640000 200.0
650000 96.7
660000 19.4
670000 0.0
680000 0.0
690000 0.0
700000 99.0
710000 0.0
720000 100.0
730000 0.0
740000 100.0
750000 200.0
760000 99.7
770000 198.9
780000 100.0
790000 99.0
800000 0.0
810000 0.0
820000 0.0
830000 0.0
840000 93.9
850000 0.0
860000 0.0
870000 0.0
880000 0.0
890000 95.6
900000 0.0
910000 100.0
920000 98.9
930000 0.0
940000 193.9
950000 0.0
960000 0.0
970000 0.0
980000 100.0
990000 0.0
1000000 0.0
