10000 0.0
20000 0.0
30000 0.0
40000 0.0
50000 0.0
60000 0.4
70000 0.0
80000 18.2
90000 2.0
100000 0.0
110000 0.0
120000 0.0
130000 0.0
140000 17.8
150000 22.4
160000 63.8
170000 57.3
180000 41.5
190000 96.2
200000 53.5
210000 85.2
220000 118.4
230000 57.9
240000 57.5
250000 104.9
260000 91.1
270000 111.4
280000 120.3
290000 90.2
300000 142.9
310000 93.2
320000 126.0
330000 140.7
340000 158.6
350000 266.4
360000 578.1
370000 703.3
380000 699.7
390000 668.7
400000 444.6
410000 861.7
420000 767.8
430000 645.0
440000 664.5
450000 831.4
460000 882.0
470000 876.8
480000 835.7
490000 835.8
500000 775.2
510000 791.4
520000 858.5
530000 858.3
540000 806.1
550000 843.6
560000 820.5
570000 836.2
580000 832.7
590000 792.2
600000 798.6
610000 878.8
620000 804.2
630000 862.1
640000 795.7
650000 866.7
660000 840.0
670000 797.4
680000 821.7
690000 797.2
700000 858.9
710000 797.6
720000 833.3
730000 817.7
740000 894.4
750000 795.4
760000 904.1
770000 832.7
780000 844.6
790000 824.0
800000 818.8
810000 812.6
820000 797.6
830000 821.4
840000 880.3
850000 834.6
860000 870.4
870000 837.9
880000 866.0
890000 856.9
900000 899.6
910000 800.0
920000 798.0
930000 862.3
940000 891.2
950000 846.3
960000 854.8
970000 858.3
980000 812.9
990000 841.9
1000000 850.2
