10000 0.0
20000 1.2
30000 5.9
40000 0.0
50000 100.0
60000 0.0
70000 0.0
80000 0.0
90000 0.0
100000 200.0
110000 0.0
120000 100.0
130000 0.0
140000 92.1
150000 12.9
160000 0.0
170000 0.0
180000 0.0
190000 187.2
200000 191.9
210000 193.9
220000 185.7
230000 193.2
240000 93.0
250000 464.6
260000 187.0
270000 287.5
280000 100.0
290000 293.2
300000 201.3
310000 193.4
320000 283.7
330000 281.4
340000 287.7
350000 0.0
360000 93.4
370000 193.7
380000 96.0
390000 93.2
400000 0.0
410000 100.0
420000 187.5
430000 0.0
440000 0.0
450000 196.4
460000 285.4
470000 292.4
480000 91.5
490000 100.0
500000 91.0
510000 200.0
520000 93.1
530000 187.7
540000 92.2
550000 92.6
560000 0.0
570000 186.0
580000 93.5
590000 0.0
600000 123.9
610000 162.2
620000 424.1
630000 342.3
640000 533.8
650000 758.0
660000 527.1
670000 636.2
680000 601.0
690000 561.0
700000 602.0
710000 837.9
720000 727.2
730000 768.7
740000 852.3
750000 738.9
760000 765.8
770000 815.7
780000 799.6
790000 808.5
800000 842.1
810000 869.6
820000 795.5
830000 886.6
840000 868.6
850000 839.7
860000 864.9
870000 859.7
880000 858.5
890000 855.2
900000 820.6
910000 826.3
920000 817.9
930000 847.3
940000 758.8
950000 838.4
960000 836.1
970000 788.7
980000 824.7
990000 795.3
1000000 809.8
