10000 2.1
20000 0.0
30000 1.5
40000 0.0
50000 0.0
60000 11.6
70000 5.5
80000 5.5
90000 11.4
100000 19.3
110000 17.5
120000 13.9
130000 6.2
140000 28.3
150000 5.3
160000 0.0
170000 100.0
180000 105.1
190000 92.7
200000 5.9
210000 113.1
220000 285.3
230000 391.9
240000 190.0
250000 298.5
260000 89.0
270000 100.4
280000 106.5
290000 0.0
300000 93.2
310000 186.5
320000 97.0
330000 93.1
340000 92.6
350000 93.3
360000 193.3
370000 0.0
380000 286.7
390000 380.5
400000 253.5
410000 238.0
420000 279.1
430000 187.3
440000 179.6
450000 515.3
460000 449.0
470000 354.8
480000 169.9
490000 359.8
500000 463.2
510000 435.6
520000 765.8
530000 663.8
540000 826.9
550000 576.0
560000 869.0
570000 856.2
580000 788.1
590000 832.9
600000 838.6
610000 809.1
620000 792.5
630000 800.0
640000 834.3
650000 861.0
660000 843.4
670000 804.4
680000 883.7
690000 861.0
700000 859.9
710000 879.8
720000 853.9
730000 831.0
740000 798.1
750000 830.7
760000 867.2
770000 872.7
780000 831.3
790000 859.3
800000 791.2
810000 875.4
820000 848.8
830000 864.7
840000 814.1
850000 792.7
860000 780.0
870000 799.2
880000 852.1
890000 906.1
900000 840.7
910000 863.6
920000 819.5
930000 826.2
940000 811.3
950000 881.7
960000 803.6
970000 756.1
980000 840.6
990000 808.2
1000000 840.3
