10000 1.9
20000 0.0
30000 0.0
40000 0.0
50000 0.0
60000 0.0
70000 0.0
80000 300.0
90000 0.0
100000 98.1
110000 0.0
120000 0.0
130000 0.0
140000 0.0
150000 199.3
160000 98.9
170000 300.0
180000 100.0
190000 85.5
200000 100.0
210000 0.0
220000 0.0
230000 100.0
240000 0.0
250000 0.0
260000 198.5
270000 99.7
280000 0.0
290000 100.0
300000 0.0
310000 0.0
320000 0.0
330000 198.8
340000 100.0
350000 373.9
360000 93.3
370000 192.7
380000 94.4
390000 184.0
400000 197.0
410000 284.6
420000 92.6
430000 290.5
440000 93.4
450000 186.4
460000 185.8
470000 92.8
480000 181.6
490000 514.6
500000 276.2
510000 284.0
520000 188.2
530000 300.0
540000 0.0
550000 189.8
560000 521.1
570000 285.3
580000 97.1
590000 544.6
600000 591.9
610000 407.4
620000 779.7
630000 522.5
640000 628.1
650000 849.8
660000 735.5
670000 670.7
680000 748.5
690000 798.2
700000 809.8
710000 753.2
720000 830.6
730000 813.3
740000 811.3
750000 878.5
760000 803.4
770000 800.6
780000 806.9
790000 847.2
800000 783.9
810000 813.9
820000 799.5
830000 852.6
840000 784.4
850000 714.3
860000 697.2
870000 130.3
880000 820.0
890000 766.8
900000 856.6
910000 787.9
920000 872.7
930000 807.1
940000 772.0
950000 798.0
960000 833.7
970000 772.9
980000 837.9
990000 825.4
1000000 840.4
