5000 53.4
10000 81.9
15000 101.7
20000 60.7
25000 72.9
30000 151.0
35000 79.6
40000 69.6
45000 55.3
50000 62.3
55000 74.4
60000 62.4
65000 182.6
70000 87.3
75000 120.9
80000 59.8
85000 66.0
90000 127.7
95000 128.6
100000 82.2
105000 127.7
110000 111.8
115000 56.3
120000 100.7
125000 73.3
130000 84.3
135000 62.8
140000 51.2
145000 73.6
150000 120.3
155000 70.4
160000 70.8
165000 90.9
170000 48.7
175000 157.8
180000 126.2
185000 134.6
190000 162.6
195000 95.2
200000 77.8
205000 62.5
210000 63.0
215000 50.7
220000 145.0
225000 94.1
230000 66.0
235000 53.1
240000 79.7
245000 128.1
250000 92.5
255000 171.4
260000 82.2
265000 117.8
270000 89.8
275000 83.7
280000 123.5
285000 232.8
290000 91.8
295000 122.3
300000 124.9
305000 182.2
310000 74.4
315000 183.8
320000 142.8
325000 86.9
330000 231.1
335000 124.8
340000 114.9
345000 199.7
350000 357.6
355000 64.6
360000 189.3
365000 151.0
370000 244.3
375000 44.2
380000 72.4
385000 206.1
390000 277.1
395000 88.2
400000 195.3
405000 52.3
410000 82.8
415000 66.4
420000 77.2
425000 60.5
430000 59.6
435000 64.9
440000 68.6
445000 96.9
450000 140.2
455000 78.1
460000 66.0
465000 90.6
470000 96.0
475000 132.3
480000 88.5
485000 124.6
490000 201.5
495000 108.5
500000 77.4
505000 123.1
510000 132.7
515000 150.1
520000 65.9
525000 59.7
530000 166.8
535000 68.2
540000 119.2
545000 184.9
550000 163.7
555000 92.3
560000 196.1
565000 163.5
570000 94.7
575000 152.9
580000 130.4
585000 226.2
590000 82.4
595000 241.0
600000 366.1
605000 69.2
610000 135.8
615000 80.8
620000 51.7
625000 79.4
630000 121.9
635000 85.9
640000 124.7
645000 61.3
650000 75.8
655000 153.5
660000 178.8
665000 59.3
670000 150.3
675000 166.9
680000 82.3
685000 125.6
690000 104.1
695000 136.9
700000 157.9
705000 77.2
710000 260.6
715000 90.8
720000 93.9
725000 56.1
730000 113.8
735000 80.6
740000 113.1
745000 157.6
750000 238.5
755000 168.0
760000 210.5
765000 159.3
770000 272.4
775000 142.2
780000 286.2
785000 56.8
790000 162.1
795000 112.9
800000 246.5
805000 134.4
810000 84.7
815000 78.3
820000 73.6
825000 71.2
830000 105.3
835000 111.4
840000 136.0
845000 82.8
850000 51.7
855000 256.2
860000 87.1
865000 167.6
870000 59.4
875000 195.6
880000 137.4
885000 107.7
890000 239.6
895000 131.3
900000 290.1
905000 118.2
910000 152.4
915000 149.3
920000 256.3
925000 64.0
930000 227.6
935000 131.4
940000 378.0
945000 209.6
950000 167.9
955000 130.6
960000 212.6
965000 272.3
970000 193.4
975000 274.0
980000 165.9
985000 310.0
990000 203.4
995000 226.6
1000000 218.7
1005000 83.4
1010000 66.6
1015000 182.2
1020000 122.5
1025000 68.5
1030000 98.3
1035000 75.7
1040000 94.8
1045000 62.2
1050000 93.4
1055000 106.1
1060000 170.0
1065000 82.7
1070000 305.9
1075000 99.0
1080000 176.5
1085000 175.7
1090000 174.8
1095000 162.8
1100000 341.8
1105000 158.5
1110000 77.0
1115000 170.1
1120000 114.0
1125000 213.4
1130000 111.3
1135000 169.7
1140000 166.3
1145000 415.0
1150000 282.3
1155000 191.6
1160000 267.7
1165000 301.5
1170000 291.7
1175000 170.7
1180000 295.4
1185000 412.9
1190000 218.1
1195000 201.5
1200000 343.7
1205000 71.2
1210000 76.3
1215000 76.9
1220000 70.5
1225000 67.6
1230000 75.2
1235000 162.3
1240000 87.6
1245000 84.2
1250000 107.0
1255000 230.2
1260000 73.5
1265000 125.5
1270000 227.9
1275000 176.1
1280000 142.1
1285000 211.5
1290000 332.0
1295000 395.0
1300000 309.8
1305000 115.3
1310000 280.1
1315000 83.9
1320000 139.6
1325000 249.8
1330000 372.6
1335000 137.0
1340000 196.9
1345000 173.6
1350000 230.3
1355000 233.3
1360000 283.7
1365000 249.0
1370000 175.2
1375000 212.6
1380000 445.0
1385000 369.1
1390000 350.6
1395000 360.7
1400000 310.4
1405000 65.8
1410000 73.4
1415000 45.3
1420000 98.6
1425000 67.5
1430000 72.5
1435000 127.9
1440000 258.7
1445000 78.5
1450000 55.4
1455000 70.3
1460000 306.1
1465000 202.6
1470000 286.9
1475000 323.9
1480000 100.6
1485000 190.8
1490000 158.4
1495000 188.7
1500000 91.6
1505000 215.0
1510000 280.3
1515000 279.9
1520000 350.2
1525000 406.3
1530000 344.3
1535000 231.4
1540000 216.8
1545000 333.2
1550000 402.3
1555000 272.4
1560000 267.9
1565000 274.6
1570000 329.9
1575000 523.9
1580000 138.6
1585000 103.1
1590000 163.4
1595000 361.6
1600000 223.2
1605000 67.6
1610000 98.1
1615000 58.0
1620000 104.7
1625000 68.4
1630000 150.9
1635000 60.9
1640000 74.4
1645000 70.8
1650000 76.6
1655000 122.9
1660000 117.2
1665000 105.5
1670000 88.5
1675000 102.5
1680000 280.4
1685000 150.0
1690000 215.9
1695000 71.0
1700000 252.3
1705000 314.5
1710000 206.5
1715000 188.9
1720000 143.5
1725000 389.1
1730000 144.7
1735000 443.0
1740000 358.6
1745000 103.4
1750000 249.6
1755000 428.1
1760000 350.1
1765000 220.2
1770000 310.3
1775000 307.4
1780000 438.2
1785000 293.3
1790000 328.5
1795000 257.1
1800000 299.7
1805000 50.0
1810000 71.4
1815000 158.3
1820000 47.4
1825000 68.3
1830000 119.1
1835000 85.7
1840000 161.6
1845000 150.0
1850000 379.4
1855000 171.7
1860000 65.1
1865000 197.6
1870000 81.5
1875000 284.8
1880000 153.1
1885000 353.7
1890000 124.7
1895000 218.2
1900000 334.7
1905000 266.1
1910000 277.9
1915000 196.1
1920000 132.7
1925000 191.2
1930000 465.5
1935000 138.9
1940000 314.2
1945000 309.2
1950000 228.9
1955000 382.3
1960000 408.6
1965000 353.5
1970000 231.5
1975000 273.9
1980000 216.6
1985000 185.7
1990000 129.4
1995000 551.4
2000000 216.2
