5000 84.6
10000 67.6
15000 98.1
20000 59.0
25000 57.2
30000 74.5
35000 72.3
40000 90.5
45000 77.8
50000 166.1
55000 73.5
60000 86.0
65000 54.1
70000 68.4
75000 68.4
80000 58.2
85000 96.1
90000 47.8
95000 74.6
100000 82.5
105000 79.5
110000 89.5
115000 73.7
120000 138.9
125000 105.7
130000 138.3
135000 78.4
140000 99.1
145000 96.2
150000 121.7
155000 93.2
160000 114.0
165000 255.6
170000 73.9
175000 92.5
180000 173.3
185000 84.0
190000 127.1
195000 50.9
200000 80.7
205000 69.0
210000 57.5
215000 57.5
220000 87.2
225000 58.8
230000 158.8
235000 68.8
240000 177.4
245000 182.4
250000 76.9
255000 68.8
260000 61.5
265000 209.8
270000 207.5
275000 93.4
280000 90.6
285000 103.7
290000 98.4
295000 143.4
300000 219.2
305000 194.8
310000 78.7
315000 127.2
320000 98.5
325000 77.9
330000 172.2
335000 163.5
340000 176.9
345000 130.3
350000 181.6
355000 206.8
360000 143.2
365000 160.6
370000 120.0
375000 303.9
380000 82.4
385000 66.5
390000 151.1
395000 106.8
400000 158.6
405000 76.1
410000 84.7
415000 54.5
420000 57.9
425000 80.9
430000 103.9
435000 60.4
440000 124.9
445000 122.5
450000 55.7
455000 123.1
460000 313.7
465000 213.8
470000 100.5
475000 56.5
480000 144.6
485000 58.9
490000 148.6
495000 379.0
500000 60.9
505000 76.3
510000 123.1
515000 365.3
520000 240.6
525000 95.4
530000 249.4
535000 127.5
540000 130.8
545000 130.2
550000 324.1
555000 72.6
560000 181.1
565000 267.2
570000 318.5
575000 197.6
580000 293.3
585000 263.8
590000 172.6
595000 84.7
600000 279.9
605000 45.7
610000 64.5
615000 66.3
620000 57.6
625000 86.8
630000 151.7
635000 82.1
640000 189.0
645000 212.9
650000 173.3
655000 167.5
660000 123.0
665000 118.0
670000 417.6
675000 207.7
680000 412.4
685000 163.9
690000 171.3
695000 136.5
700000 222.9
705000 58.7
710000 231.9
715000 485.7
720000 250.9
725000 257.7
730000 331.7
735000 195.6
740000 251.0
745000 422.4
750000 142.7
755000 276.5
760000 376.2
765000 246.4
770000 253.9
775000 459.3
780000 388.4
785000 412.6
790000 280.5
795000 357.0
800000 379.1
805000 67.3
810000 58.8
815000 58.5
820000 75.5
825000 63.1
830000 69.9
835000 68.6
840000 178.9
845000 236.6
850000 265.2
855000 200.8
860000 94.0
865000 374.8
870000 231.4
875000 314.8
880000 347.9
885000 467.9
890000 430.7
895000 394.3
900000 260.6
905000 565.4
910000 223.4
915000 419.2
920000 441.3
925000 270.0
930000 392.3
935000 212.5
940000 231.0
945000 327.2
950000 294.1
955000 350.9
960000 395.1
965000 184.9
970000 348.5
975000 510.2
980000 349.7
985000 504.3
990000 520.2
995000 281.4
1000000 259.2
1005000 90.8
1010000 85.1
1015000 75.6
1020000 55.8
1025000 89.7
1030000 93.3
1035000 79.5
1040000 134.2
1045000 274.2
1050000 154.4
1055000 179.1
1060000 155.2
1065000 249.1
1070000 419.5
1075000 301.6
1080000 351.5
1085000 203.9
1090000 438.7
1095000 385.0
1100000 454.8
1105000 497.4
1110000 335.2
1115000 354.1
1120000 381.7
1125000 404.3
1130000 329.0
1135000 427.6
1140000 169.5
1145000 353.4
1150000 397.7
1155000 520.7
1160000 541.8
1165000 301.9
1170000 508.5
1175000 485.1
1180000 443.0
1185000 294.6
1190000 344.3
1195000 755.1
1200000 277.9
1205000 55.8
1210000 109.7
1215000 78.0
1220000 66.4
1225000 60.0
1230000 78.5
1235000 80.9
1240000 62.9
1245000 203.4
1250000 252.4
1255000 207.9
1260000 275.6
1265000 349.9
1270000 412.3
1275000 370.0
1280000 484.0
1285000 563.9
1290000 270.5
1295000 315.4
1300000 346.0
1305000 445.4
1310000 490.7
1315000 435.6
1320000 561.3
1325000 371.3
1330000 468.5
1335000 440.9
1340000 559.2
1345000 539.9
1350000 482.1
1355000 322.0
1360000 671.4
1365000 262.4
1370000 502.9
1375000 422.2
1380000 543.5
1385000 343.1
1390000 685.5
1395000 403.4
1400000 396.2
1405000 70.6
1410000 77.5
1415000 59.9
1420000 64.0
1425000 67.6
1430000 73.3
1435000 127.8
1440000 219.0
1445000 196.9
1450000 359.7
1455000 215.9
1460000 245.0
1465000 179.1
1470000 298.1
1475000 269.1
1480000 324.8
1485000 305.1
1490000 493.8
1495000 332.7
1500000 549.0
1505000 473.0
1510000 388.4
1515000 514.8
1520000 324.8
1525000 359.3
1530000 653.0
1535000 391.6
1540000 554.3
1545000 499.1
1550000 311.7
1555000 719.9
1560000 245.5
1565000 294.0
1570000 486.6
1575000 550.4
1580000 557.4
1585000 534.4
1590000 440.4
1595000 670.8
1600000 316.3
1605000 85.3
1610000 111.9
1615000 107.2
1620000 59.7
1625000 108.0
1630000 141.9
1635000 225.6
1640000 298.2
1645000 293.8
1650000 189.0
1655000 219.2
1660000 223.9
1665000 224.7
1670000 418.4
1675000 394.3
1680000 418.3
1685000 524.7
1690000 260.1
1695000 381.0
1700000 447.4
1705000 246.2
1710000 411.3
1715000 596.3
1720000 273.6
1725000 416.2
1730000 465.9
1735000 442.0
1740000 610.3
1745000 427.7
1750000 392.8
1755000 389.6
1760000 584.7
1765000 721.4
1770000 462.0
1775000 490.7
1780000 486.5
1785000 451.2
1790000 486.7
1795000 380.0
1800000 503.3
1805000 66.1
1810000 71.8
1815000 59.7
1820000 71.4
1825000 107.6
1830000 109.3
1835000 157.5
1840000 168.5
1845000 207.0
1850000 275.5
1855000 440.5
1860000 260.9
1865000 420.0
1870000 156.2
1875000 191.0
1880000 400.9
1885000 535.2
1890000 212.3
1895000 369.1
1900000 501.7
1905000 485.0
1910000 433.4
1915000 326.5
1920000 335.5
1925000 353.5
1930000 433.7
1935000 421.6
1940000 530.7
1945000 375.8
1950000 528.4
1955000 479.9
1960000 409.1
1965000 516.5
1970000 453.9
1975000 585.3
1980000 540.3
1985000 625.8
1990000 341.6
1995000 357.0
2000000 468.9
