5000 71.5
10000 86.3
15000 50.0
20000 69.0
25000 70.9
30000 65.2
35000 89.9
40000 152.4
45000 85.3
50000 73.4
55000 120.2
60000 73.6
65000 57.5
70000 68.7
75000 150.7
80000 67.7
85000 103.1
90000 52.0
95000 72.7
100000 149.1
105000 123.1
110000 58.0
115000 134.8
120000 94.8
125000 61.6
130000 83.4
135000 71.4
140000 65.5
145000 157.0
150000 54.2
155000 77.4
160000 121.7
165000 105.9
170000 148.7
175000 115.7
180000 94.8
185000 190.9
190000 82.7
195000 103.8
200000 103.9
205000 75.3
210000 63.9
215000 86.7
220000 71.9
225000 75.0
230000 69.0
235000 213.7
240000 85.2
245000 48.6
250000 174.5
255000 58.6
260000 90.1
265000 113.4
270000 161.3
275000 153.0
280000 126.5
285000 64.0
290000 53.6
295000 157.9
300000 214.4
305000 200.1
310000 147.9
315000 206.0
320000 70.9
325000 132.0
330000 155.2
335000 103.5
340000 124.4
345000 159.7
350000 97.9
355000 331.1
360000 106.5
365000 212.1
370000 164.9
375000 94.9
380000 158.1
385000 104.5
390000 67.0
395000 115.9
400000 130.5
405000 87.6
410000 95.9
415000 59.1
420000 75.3
425000 118.1
430000 66.3
435000 182.7
440000 38.5
445000 203.3
450000 86.5
455000 117.9
460000 77.2
465000 124.2
470000 168.2
475000 107.3
480000 152.2
485000 194.6
490000 65.5
495000 164.0
500000 136.7
505000 78.8
510000 133.3
515000 175.2
520000 109.1
525000 212.5
530000 202.3
535000 151.4
540000 52.9
545000 125.0
550000 310.0
555000 173.5
560000 259.2
565000 256.4
570000 214.9
575000 212.3
580000 71.5
585000 88.6
590000 93.0
595000 117.5
600000 464.8
605000 63.1
610000 75.3
615000 174.7
620000 86.5
625000 105.6
630000 54.3
635000 62.1
640000 143.5
645000 317.7
650000 194.1
655000 333.5
660000 126.3
665000 329.4
670000 287.2
675000 81.5
680000 142.5
685000 181.0
690000 73.5
695000 207.2
700000 299.8
705000 288.3
710000 282.1
715000 129.8
720000 118.7
725000 154.3
730000 286.5
735000 252.0
740000 357.0
745000 196.5
750000 443.1
755000 241.1
760000 330.4
765000 252.3
770000 213.7
775000 147.2
780000 355.4
785000 90.6
790000 269.6
795000 185.4
800000 272.4
805000 60.2
810000 91.9
815000 66.6
820000 70.0
825000 73.8
830000 58.8
835000 84.3
840000 148.3
845000 158.3
850000 294.4
855000 51.4
860000 75.9
865000 266.7
870000 145.5
875000 154.0
880000 140.5
885000 353.0
890000 314.9
895000 63.1
900000 362.9
905000 408.7
910000 263.6
915000 219.0
920000 206.5
925000 359.6
930000 246.5
935000 278.2
940000 285.6
945000 333.3
950000 258.5
955000 266.4
960000 368.9
965000 249.5
970000 368.4
975000 369.2
980000 551.2
985000 259.7
990000 242.8
995000 288.1
1000000 287.1
1005000 159.6
1010000 80.6
1015000 57.6
1020000 76.8
1025000 96.7
1030000 64.8
1035000 113.7
1040000 127.9
1045000 125.4
1050000 65.0
1055000 257.3
1060000 302.1
1065000 180.0
1070000 315.5
1075000 92.1
1080000 234.8
1085000 267.2
1090000 377.3
1095000 220.6
1100000 234.0
1105000 435.0
1110000 297.5
1115000 252.4
1120000 437.6
1125000 62.4
1130000 350.8
1135000 462.3
1140000 218.9
1145000 383.3
1150000 326.2
1155000 386.2
1160000 405.7
1165000 342.1
1170000 246.4
1175000 132.2
1180000 450.2
1185000 492.8
1190000 221.7
1195000 209.1
1200000 363.9
1205000 70.1
1210000 151.9
1215000 45.8
1220000 158.4
1225000 38.5
1230000 60.0
1235000 62.6
1240000 71.5
1245000 262.7
1250000 129.6
1255000 422.4
1260000 105.9
1265000 279.9
1270000 278.3
1275000 199.7
1280000 351.0
1285000 388.8
1290000 205.5
1295000 314.7
1300000 472.8
1305000 134.2
1310000 430.1
1315000 288.8
1320000 414.1
1325000 469.8
1330000 307.5
1335000 335.0
1340000 267.2
1345000 421.6
1350000 502.2
1355000 445.5
1360000 365.3
1365000 517.3
1370000 423.5
1375000 491.6
1380000 229.9
1385000 228.3
1390000 400.9
1395000 219.6
1400000 517.4
1405000 57.4
1410000 84.7
1415000 163.1
1420000 56.1
1425000 61.5
1430000 68.7
1435000 100.8
1440000 146.2
1445000 240.7
1450000 368.7
1455000 312.0
1460000 116.1
1465000 241.8
1470000 362.1
1475000 216.5
1480000 347.0
1485000 268.5
1490000 598.5
1495000 403.9
1500000 367.8
1505000 462.1
1510000 489.5
1515000 351.7
1520000 326.5
1525000 477.1
1530000 330.6
1535000 317.6
1540000 210.5
1545000 376.7
1550000 137.0
1555000 310.5
1560000 527.9
1565000 462.3
1570000 412.9
1575000 480.9
1580000 270.6
1585000 520.1
1590000 472.3
1595000 205.2
1600000 557.7
1605000 51.7
1610000 71.3
1615000 62.0
1620000 94.2
1625000 113.5
1630000 65.1
1635000 260.2
1640000 114.3
1645000 155.3
1650000 150.7
1655000 254.3
1660000 198.4
1665000 186.9
1670000 299.0
1675000 238.5
1680000 183.0
1685000 279.1
1690000 220.8
1695000 363.5
1700000 232.0
1705000 345.0
1710000 272.5
1715000 298.8
1720000 188.2
1725000 235.8
1730000 265.8
1735000 156.9
1740000 267.3
1745000 284.9
1750000 398.6
1755000 429.1
1760000 144.0
1765000 279.4
1770000 387.2
1775000 312.5
1780000 298.6
1785000 385.7
1790000 525.5
1795000 321.3
1800000 306.7
1805000 77.3
1810000 71.0
1815000 44.5
1820000 58.2
1825000 83.1
1830000 77.4
1835000 79.0
1840000 218.7
1845000 194.7
1850000 204.7
1855000 178.2
1860000 185.4
1865000 229.8
1870000 326.3
1875000 231.2
1880000 276.6
1885000 390.2
1890000 430.1
1895000 224.0
1900000 232.8
1905000 315.7
1910000 244.8
1915000 475.4
1920000 296.6
1925000 350.8
1930000 381.1
1935000 317.4
1940000 284.8
1945000 414.5
1950000 388.7
1955000 264.5
1960000 232.2
1965000 428.8
1970000 537.0
1975000 410.3
1980000 563.3
1985000 231.5
1990000 531.7
1995000 422.5
2000000 482.0
