5000 51.9
10000 58.7
15000 75.0
20000 64.3
25000 80.3
30000 73.4
35000 93.8
40000 73.1
45000 88.3
50000 66.1
55000 57.8
60000 62.8
65000 67.8
70000 124.7
75000 53.9
80000 84.7
85000 58.9
90000 80.4
95000 89.3
100000 70.1
105000 75.1
110000 71.3
115000 121.4
120000 106.0
125000 54.3
130000 104.9
135000 119.7
140000 58.8
145000 75.8
150000 106.7
155000 166.9
160000 63.8
165000 67.3
170000 82.3
175000 78.7
180000 78.8
185000 106.0
190000 70.0
195000 63.9
200000 59.0
205000 48.9
210000 89.1
215000 57.6
220000 75.2
225000 64.6
230000 128.4
235000 93.9
240000 83.1
245000 173.2
250000 126.5
255000 96.1
260000 81.1
265000 89.0
270000 86.4
275000 39.4
280000 150.7
285000 69.1
290000 57.4
295000 92.1
300000 141.9
305000 78.0
310000 319.4
315000 63.1
320000 93.2
325000 85.9
330000 165.9
335000 66.5
340000 53.0
345000 74.8
350000 127.0
355000 152.9
360000 65.8
365000 60.5
370000 157.8
375000 86.7
380000 99.6
385000 104.5
390000 56.4
395000 73.5
400000 126.1
405000 66.8
410000 42.1
415000 137.7
420000 65.2
425000 131.9
430000 123.2
435000 59.9
440000 87.1
445000 42.9
450000 89.9
455000 121.7
460000 57.8
465000 109.9
470000 94.2
475000 70.5
480000 79.2
485000 100.6
490000 82.4
495000 225.4
500000 292.0
505000 92.3
510000 188.6
515000 155.8
520000 104.9
525000 198.5
530000 136.4
535000 166.7
540000 330.8
545000 232.1
550000 328.8
555000 127.6
560000 125.0
565000 207.2
570000 253.9
575000 382.4
580000 292.5
585000 127.3
590000 213.4
595000 154.0
600000 259.7
605000 44.8
610000 60.0
615000 188.4
620000 119.8
625000 73.4
630000 62.8
635000 99.0
640000 127.3
645000 141.5
650000 104.1
655000 149.3
660000 157.2
665000 87.6
670000 143.2
675000 106.5
680000 79.7
685000 152.1
690000 88.7
695000 190.1
700000 195.3
705000 134.2
710000 265.6
715000 205.8
720000 204.3
725000 158.3
730000 73.9
735000 149.4
740000 168.1
745000 172.5
750000 157.0
755000 287.4
760000 339.1
765000 457.7
770000 142.0
775000 287.7
780000 220.7
785000 315.7
790000 374.9
795000 318.7
800000 353.5
805000 83.8
810000 62.8
815000 154.9
820000 45.8
825000 41.0
830000 76.8
835000 104.3
840000 91.7
845000 265.0
850000 192.7
855000 85.2
860000 274.5
865000 309.9
870000 389.9
875000 365.0
880000 217.3
885000 262.6
890000 269.4
895000 276.9
900000 288.1
905000 93.9
910000 198.1
915000 312.4
920000 350.3
925000 375.7
930000 329.1
935000 425.2
940000 301.8
945000 569.6
950000 341.1
955000 509.6
960000 201.4
965000 293.3
970000 332.1
975000 254.0
980000 281.1
985000 304.5
990000 317.1
995000 244.0
1000000 341.2
1005000 56.2
1010000 48.4
1015000 100.8
1020000 45.2
1025000 154.8
1030000 56.0
1035000 82.0
1040000 88.5
1045000 164.1
1050000 166.8
1055000 273.8
1060000 370.7
1065000 353.2
1070000 356.5
1075000 462.6
1080000 160.9
1085000 399.2
1090000 381.7
1095000 325.7
1100000 289.6
1105000 519.8
1110000 392.8
1115000 382.8
1120000 355.4
1125000 424.6
1130000 556.7
1135000 430.0
1140000 596.4
1145000 477.5
1150000 341.5
1155000 405.8
1160000 422.7
1165000 425.6
1170000 425.3
1175000 413.3
1180000 347.3
1185000 481.5
1190000 469.0
1195000 373.4
1200000 621.3
1205000 80.4
1210000 96.6
1215000 65.0
1220000 56.2
1225000 75.8
1230000 39.8
1235000 69.0
1240000 92.9
1245000 191.7
1250000 175.6
1255000 181.3
1260000 345.5
1265000 202.5
1270000 237.4
1275000 359.7
1280000 323.1
1285000 359.2
1290000 144.0
1295000 425.7
1300000 297.6
1305000 441.0
1310000 416.2
1315000 373.1
1320000 287.9
1325000 289.8
1330000 254.7
1335000 449.7
1340000 485.4
1345000 506.3
1350000 580.3
1355000 447.3
1360000 384.2
1365000 342.0
1370000 409.1
1375000 538.9
1380000 342.3
1385000 350.0
1390000 581.4
1395000 466.8
1400000 361.9
1405000 90.2
1410000 82.9
1415000 126.0
1420000 49.1
1425000 63.2
1430000 94.7
1435000 106.2
1440000 258.5
1445000 156.3
1450000 237.7
1455000 404.3
1460000 286.2
1465000 506.9
1470000 311.3
1475000 388.5
1480000 269.8
1485000 243.3
1490000 194.4
1495000 199.4
1500000 386.1
1505000 423.5
1510000 397.4
1515000 237.5
1520000 501.9
1525000 475.6
1530000 490.7
1535000 354.4
1540000 350.1
1545000 571.6
1550000 382.4
1555000 479.1
1560000 296.9
1565000 296.1
1570000 510.0
1575000 366.6
1580000 115.9
1585000 326.4
1590000 369.3
1595000 355.0
1600000 385.8
1605000 86.1
1610000 58.2
1615000 77.9
1620000 86.2
1625000 59.5
1630000 56.3
1635000 52.6
1640000 198.0
1645000 146.4
1650000 416.7
1655000 170.9
1660000 203.1
1665000 564.5
1670000 408.7
1675000 356.6
1680000 693.7
1685000 350.3
1690000 370.8
1695000 406.9
1700000 447.2
1705000 385.1
1710000 466.3
1715000 482.9
1720000 410.5
1725000 576.7
1730000 368.2
1735000 434.9
1740000 482.0
1745000 407.3
1750000 411.9
1755000 345.0
1760000 476.7
1765000 355.9
1770000 611.7
1775000 333.3
1780000 646.4
1785000 329.4
1790000 505.1
1795000 325.5
1800000 449.8
1805000 51.2
1810000 61.5
1815000 83.0
1820000 98.0
1825000 61.7
1830000 55.7
1835000 176.7
1840000 166.6
1845000 92.5
1850000 267.7
1855000 198.1
1860000 76.9
1865000 275.1
1870000 101.5
1875000 181.7
1880000 316.9
1885000 621.0
1890000 544.3
1895000 299.1
1900000 338.5
1905000 366.6
1910000 585.1
1915000 330.5
1920000 487.0
1925000 473.7
1930000 391.6
1935000 434.1
1940000 551.2
1945000 421.0
1950000 234.6
1955000 524.3
1960000 360.0
1965000 407.3
1970000 457.2
1975000 649.8
1980000 537.3
1985000 335.7
1990000 420.1
1995000 424.5
2000000 540.8
