5000 49.0
10000 77.9
15000 75.5
20000 53.8
25000 92.3
30000 126.3
35000 83.4
40000 84.8
45000 65.7
50000 119.8
55000 69.7
60000 82.1
65000 96.4
70000 54.6
75000 51.8
80000 77.0
85000 80.1
90000 156.5
95000 246.5
100000 99.4
105000 190.0
110000 77.7
115000 153.4
120000 137.3
125000 107.0
130000 115.4
135000 175.2
140000 86.1
145000 85.9
150000 63.7
155000 138.1
160000 114.8
165000 76.9
170000 60.8
175000 90.0
180000 68.1
185000 120.4
190000 95.2
195000 88.1
200000 128.1
205000 67.1
210000 71.4
215000 39.1
220000 65.8
225000 132.1
230000 63.0
235000 63.0
240000 87.0
245000 66.9
250000 65.0
255000 59.1
260000 59.3
265000 102.1
270000 119.1
275000 146.1
280000 243.0
285000 49.0
290000 62.2
295000 68.7
300000 121.5
305000 123.1
310000 158.5
315000 188.7
320000 48.2
325000 126.0
330000 127.3
335000 119.6
340000 134.8
345000 81.5
350000 168.8
355000 128.8
360000 147.2
365000 68.4
370000 60.6
375000 157.7
380000 115.7
385000 184.7
390000 71.1
395000 171.6
400000 178.8
405000 88.4
410000 67.5
415000 96.3
420000 73.9
425000 66.4
430000 117.6
435000 159.9
440000 68.2
445000 76.2
450000 106.8
455000 69.0
460000 74.5
465000 136.0
470000 78.2
475000 126.5
480000 193.7
485000 205.3
490000 109.8
495000 161.2
500000 76.9
505000 147.4
510000 78.1
515000 76.8
520000 127.5
525000 132.7
530000 153.0
535000 109.0
540000 83.8
545000 240.6
550000 54.4
555000 106.3
560000 223.3
565000 128.8
570000 340.1
575000 295.3
580000 141.6
585000 82.2
590000 74.8
595000 178.7
600000 156.2
605000 41.3
610000 127.0
615000 65.7
620000 126.6
625000 134.4
630000 115.7
635000 129.2
640000 172.4
645000 81.3
650000 73.9
655000 99.7
660000 273.6
665000 303.7
670000 121.0
675000 77.4
680000 304.3
685000 57.5
690000 177.0
695000 351.5
700000 108.8
705000 230.7
710000 219.2
715000 245.2
720000 102.4
725000 367.2
730000 371.7
735000 293.5
740000 216.8
745000 255.1
750000 229.5
755000 371.2
760000 272.8
765000 455.4
770000 322.4
775000 202.8
780000 331.5
785000 290.8
790000 271.3
795000 106.1
800000 306.2
805000 136.6
810000 56.5
815000 70.0
820000 84.1
825000 68.2
830000 90.9
835000 90.1
840000 156.3
845000 64.9
850000 176.5
855000 237.8
860000 99.4
865000 223.4
870000 370.4
875000 279.6
880000 279.5
885000 334.7
890000 343.5
895000 385.4
900000 143.8
905000 388.6
910000 314.5
915000 229.0
920000 299.1
925000 275.5
930000 245.0
935000 328.4
940000 305.7
945000 223.3
950000 572.4
955000 353.3
960000 637.4
965000 588.5
970000 323.1
975000 256.4
980000 514.0
985000 424.2
990000 449.1
995000 506.2
1000000 292.6
1005000 45.6
1010000 70.8
1015000 74.4
1020000 60.8
1025000 57.8
1030000 113.9
1035000 70.8
1040000 230.0
1045000 199.8
1050000 224.3
1055000 266.2
1060000 237.6
1065000 410.2
1070000 320.8
1075000 257.1
1080000 294.9
1085000 208.6
1090000 604.7
1095000 359.2
1100000 545.5
1105000 271.4
1110000 323.3
1115000 426.3
1120000 414.3
1125000 485.2
1130000 305.2
1135000 407.0
1140000 433.6
1145000 368.3
1150000 315.0
1155000 424.8
1160000 515.5
1165000 411.2
1170000 612.2
1175000 456.3
1180000 321.5
1185000 428.9
1190000 392.3
1195000 568.9
1200000 516.8
1205000 62.5
1210000 60.2
1215000 71.5
1220000 89.0
1225000 130.4
1230000 92.8
1235000 97.8
1240000 281.1
1245000 158.9
1250000 123.1
1255000 217.2
1260000 234.5
1265000 151.2
1270000 331.0
1275000 201.1
1280000 284.7
1285000 381.6
1290000 359.3
1295000 285.5
1300000 219.2
1305000 198.5
1310000 265.1
1315000 274.9
1320000 416.9
1325000 400.2
1330000 432.7
1335000 391.9
1340000 241.8
1345000 554.3
1350000 279.7
1355000 330.6
1360000 445.3
1365000 409.1
1370000 478.9
1375000 525.0
1380000 435.5
1385000 601.6
1390000 402.7
1395000 495.5
1400000 495.3
1405000 77.8
1410000 54.2
1415000 75.5
1420000 123.1
1425000 58.1
1430000 76.5
1435000 54.1
1440000 79.0
1445000 95.8
1450000 167.3
1455000 247.3
1460000 257.1
1465000 312.4
1470000 367.5
1475000 325.6
1480000 439.4
1485000 445.8
1490000 327.1
1495000 371.5
1500000 303.6
1505000 304.4
1510000 527.4
1515000 283.1
1520000 107.4
1525000 358.5
1530000 241.0
1535000 454.8
1540000 593.1
1545000 454.6
1550000 302.3
1555000 533.7
1560000 506.2
1565000 382.9
1570000 341.0
1575000 504.3
1580000 517.7
1585000 381.3
1590000 547.5
1595000 615.8
1600000 339.9
1605000 61.6
1610000 61.6
1615000 66.9
1620000 61.7
1625000 53.6
1630000 57.8
1635000 108.0
1640000 187.8
1645000 139.7
1650000 179.7
1655000 262.1
1660000 109.5
1665000 238.5
1670000 346.2
1675000 314.8
1680000 278.8
1685000 226.3
1690000 275.5
1695000 276.2
1700000 261.3
1705000 423.7
1710000 289.1
1715000 267.3
1720000 208.6
1725000 490.0
1730000 230.9
1735000 462.0
1740000 355.8
1745000 298.7
1750000 253.8
1755000 553.9
1760000 507.8
1765000 233.4
1770000 416.0
1775000 580.8
1780000 343.7
1785000 316.3
1790000 477.0
1795000 545.4
1800000 331.5
1805000 59.9
1810000 67.5
1815000 59.2
1820000 50.8
1825000 84.2
1830000 147.8
1835000 229.8
1840000 169.8
1845000 258.1
1850000 266.8
1855000 273.4
1860000 216.8
1865000 275.3
1870000 464.3
1875000 373.1
1880000 364.2
1885000 228.9
1890000 310.3
1895000 431.8
1900000 461.1
1905000 278.5
1910000 384.2
1915000 376.6
1920000 460.0
1925000 301.4
1930000 537.2
1935000 516.6
1940000 586.5
1945000 454.1
1950000 434.3
1955000 497.1
1960000 467.3
1965000 552.9
1970000 219.9
1975000 523.2
1980000 417.8
1985000 405.6
1990000 447.3
1995000 500.0
2000000 459.2
