5000 66.4
10000 55.1
15000 75.5
20000 64.7
25000 123.4
30000 58.1
35000 67.1
40000 66.7
45000 86.9
50000 80.4
55000 86.1
60000 55.2
65000 59.2
70000 65.9
75000 123.2
80000 72.5
85000 114.9
90000 68.4
95000 131.0
100000 61.4
105000 102.5
110000 70.0
115000 112.2
120000 129.2
125000 94.2
130000 54.3
135000 133.4
140000 84.6
145000 49.4
150000 62.9
155000 144.2
160000 135.9
165000 241.3
170000 221.3
175000 204.9
180000 150.2
185000 104.4
190000 115.3
195000 109.3
200000 110.6
205000 79.3
210000 86.8
215000 68.7
220000 72.7
225000 66.1
230000 66.1
235000 86.4
240000 71.7
245000 75.1
250000 87.1
255000 61.5
260000 108.2
265000 81.4
270000 75.0
275000 49.7
280000 82.4
285000 86.4
290000 88.9
295000 74.9
300000 57.4
305000 80.1
310000 78.7
315000 66.0
320000 97.8
325000 84.2
330000 74.6
335000 109.3
340000 215.4
345000 144.1
350000 59.3
355000 132.3
360000 134.5
365000 128.6
370000 204.1
375000 167.9
380000 107.0
385000 79.6
390000 80.0
395000 227.0
400000 83.2
405000 82.0
410000 90.4
415000 122.1
420000 71.4
425000 67.8
430000 65.5
435000 80.2
440000 67.7
445000 52.4
450000 81.3
455000 71.5
460000 93.6
465000 50.5
470000 128.1
475000 170.5
480000 51.1
485000 172.4
490000 102.0
495000 110.4
500000 158.2
505000 230.3
510000 145.8
515000 187.9
520000 135.0
525000 170.6
530000 201.0
535000 176.7
540000 138.9
545000 153.8
550000 60.6
555000 195.5
560000 155.7
565000 122.3
570000 144.5
575000 156.9
580000 302.7
585000 143.4
590000 119.2
595000 102.8
600000 157.1
605000 55.7
610000 66.6
615000 140.5
620000 78.7
625000 78.2
630000 65.6
635000 57.5
640000 85.1
645000 66.0
650000 61.1
655000 88.7
660000 125.5
665000 144.1
670000 103.3
675000 194.7
680000 151.9
685000 247.3
690000 100.8
695000 84.2
700000 202.9
705000 122.1
710000 190.9
715000 210.9
720000 91.1
725000 65.2
730000 62.9
735000 147.5
740000 179.7
745000 267.5
750000 75.3
755000 162.1
760000 182.4
765000 162.8
770000 160.3
775000 274.9
780000 110.3
785000 248.6
790000 272.0
795000 55.0
800000 106.5
805000 57.1
810000 122.5
815000 57.0
820000 60.0
825000 57.1
830000 141.7
835000 109.4
840000 68.2
845000 214.3
850000 179.7
855000 86.1
860000 87.8
865000 192.8
870000 232.7
875000 99.3
880000 294.6
885000 386.6
890000 138.6
895000 111.8
900000 236.1
905000 218.1
910000 176.5
915000 201.0
920000 62.7
925000 278.6
930000 210.5
935000 147.2
940000 345.3
945000 207.6
950000 60.3
955000 89.8
960000 357.8
965000 268.8
970000 231.4
975000 199.9
980000 174.6
985000 325.9
990000 109.9
995000 281.8
1000000 263.5
1005000 51.4
1010000 61.5
1015000 79.1
1020000 57.2
1025000 67.5
1030000 47.9
1035000 83.5
1040000 148.7
1045000 169.3
1050000 223.1
1055000 139.9
1060000 76.9
1065000 268.3
1070000 158.9
1075000 141.5
1080000 203.0
1085000 234.9
1090000 184.1
1095000 482.9
1100000 202.9
1105000 222.5
1110000 150.9
1115000 313.0
1120000 326.3
1125000 161.2
1130000 139.4
1135000 372.1
1140000 75.9
1145000 339.0
1150000 281.2
1155000 432.5
1160000 236.7
1165000 238.5
1170000 401.2
1175000 146.0
1180000 68.5
1185000 132.0
1190000 172.2
1195000 197.1
1200000 330.1
1205000 116.1
1210000 83.4
1215000 78.1
1220000 62.4
1225000 60.7
1230000 173.6
1235000 88.2
1240000 167.3
1245000 51.6
1250000 131.5
1255000 175.5
1260000 154.0
1265000 265.9
1270000 147.8
1275000 161.7
1280000 152.1
1285000 144.7
1290000 296.9
1295000 171.5
1300000 201.7
1305000 72.1
1310000 249.9
1315000 257.3
1320000 221.3
1325000 196.8
1330000 89.1
1335000 217.1
1340000 226.9
1345000 210.5
1350000 302.0
1355000 136.6
1360000 455.8
1365000 134.3
1370000 204.6
1375000 227.0
1380000 266.7
1385000 279.6
1390000 349.2
1395000 446.2
1400000 442.4
1405000 80.5
1410000 97.3
1415000 84.8
1420000 70.8
1425000 68.0
1430000 63.8
1435000 115.5
1440000 76.6
1445000 65.0
1450000 171.5
1455000 53.9
1460000 177.7
1465000 63.4
1470000 123.5
1475000 110.5
1480000 215.8
1485000 182.0
1490000 101.9
1495000 143.3
1500000 93.8
1505000 166.0
1510000 222.4
1515000 315.8
1520000 292.2
1525000 278.6
1530000 139.2
1535000 182.7
1540000 279.5
1545000 251.2
1550000 208.4
1555000 251.4
1560000 334.7
1565000 243.9
1570000 271.6
1575000 75.0
1580000 436.6
1585000 285.2
1590000 499.0
1595000 179.7
1600000 246.5
1605000 64.8
1610000 145.3
1615000 55.7
1620000 84.4
1625000 97.3
1630000 130.2
1635000 142.5
1640000 89.7
1645000 143.7
1650000 72.9
1655000 79.5
1660000 174.9
1665000 173.1
1670000 172.4
1675000 207.8
1680000 220.2
1685000 165.0
1690000 165.4
1695000 175.5
1700000 136.6
1705000 261.3
1710000 220.7
1715000 218.7
1720000 130.5
1725000 306.5
1730000 280.8
1735000 69.9
1740000 61.9
1745000 310.1
1750000 211.8
1755000 354.9
1760000 287.6
1765000 131.6
1770000 308.8
1775000 94.2
1780000 192.2
1785000 143.6
1790000 417.3
1795000 337.8
1800000 264.6
1805000 251.6
1810000 91.8
1815000 95.7
1820000 156.5
1825000 60.1
1830000 108.5
1835000 70.8
1840000 252.9
1845000 219.0
1850000 53.6
1855000 81.7
1860000 98.2
1865000 62.3
1870000 129.5
1875000 117.5
1880000 78.9
1885000 59.8
1890000 247.4
1895000 113.9
1900000 207.9
1905000 284.3
1910000 253.4
1915000 184.1
1920000 213.5
1925000 84.8
1930000 190.3
1935000 195.4
1940000 56.1
1945000 223.2
1950000 296.7
1955000 55.9
1960000 276.6
1965000 205.5
1970000 416.5
1975000 228.2
1980000 336.8
1985000 157.0
1990000 192.1
1995000 277.3
2000000 358.3
