5000 189.6
10000 55.5
15000 75.6
20000 71.3
25000 60.0
30000 150.4
35000 70.1
40000 126.9
45000 73.0
50000 78.9
55000 83.0
60000 90.2
65000 148.6
70000 78.7
75000 74.4
80000 58.9
85000 93.8
90000 223.7
95000 82.5
100000 71.5
105000 111.9
110000 64.5
115000 100.1
120000 103.5
125000 83.7
130000 101.7
135000 106.3
140000 112.8
145000 71.1
150000 123.9
155000 56.4
160000 63.2
165000 97.2
170000 52.1
175000 109.7
180000 86.3
185000 80.6
190000 99.3
195000 87.4
200000 67.8
205000 57.0
210000 53.5
215000 71.7
220000 111.4
225000 73.9
230000 77.6
235000 155.6
240000 77.8
245000 64.8
250000 121.3
255000 113.5
260000 156.3
265000 106.1
270000 120.4
275000 167.1
280000 197.7
285000 77.4
290000 118.1
295000 175.9
300000 159.2
305000 90.0
310000 78.5
315000 68.2
320000 67.8
325000 226.5
330000 181.1
335000 175.6
340000 161.4
345000 64.7
350000 93.2
355000 85.0
360000 61.1
365000 208.3
370000 103.1
375000 293.3
380000 221.0
385000 146.9
390000 344.8
395000 98.8
400000 137.2
405000 168.6
410000 121.3
415000 63.7
420000 66.8
425000 83.7
430000 58.3
435000 100.7
440000 146.6
445000 160.6
450000 101.4
455000 124.0
460000 163.7
465000 212.5
470000 111.3
475000 253.6
480000 89.5
485000 128.0
490000 83.0
495000 270.1
500000 64.7
505000 193.0
510000 73.0
515000 180.0
520000 58.8
525000 82.8
530000 283.9
535000 147.9
540000 163.0
545000 93.5
550000 142.1
555000 236.4
560000 289.1
565000 77.4
570000 105.6
575000 69.4
580000 144.2
585000 129.0
590000 197.0
595000 189.3
600000 128.1
605000 71.5
610000 57.5
615000 52.9
620000 66.4
625000 58.6
630000 63.9
635000 66.0
640000 50.9
645000 247.8
650000 65.7
655000 63.0
660000 131.4
665000 108.4
670000 102.5
675000 133.3
680000 139.0
685000 167.6
690000 54.3
695000 68.7
700000 237.3
705000 313.8
710000 121.2
715000 311.8
720000 72.3
725000 364.9
730000 127.7
735000 142.7
740000 170.2
745000 156.2
750000 65.1
755000 109.0
760000 125.0
765000 278.6
770000 313.5
775000 129.5
780000 258.5
785000 85.7
790000 317.0
795000 179.2
800000 388.2
805000 81.3
810000 87.6
815000 50.7
820000 76.8
825000 53.3
830000 59.7
835000 48.0
840000 78.2
845000 53.8
850000 106.9
855000 200.8
860000 148.7
865000 92.7
870000 342.7
875000 172.7
880000 109.4
885000 60.1
890000 108.8
895000 183.4
900000 199.8
905000 63.6
910000 220.9
915000 212.0
920000 265.1
925000 222.8
930000 142.5
935000 285.6
940000 278.4
945000 270.1
950000 272.2
955000 308.8
960000 177.4
965000 266.3
970000 113.2
975000 463.3
980000 173.7
985000 486.1
990000 167.3
995000 158.0
1000000 361.5
1005000 84.1
1010000 112.1
1015000 112.4
1020000 137.9
1025000 67.9
1030000 54.6
1035000 75.9
1040000 84.3
1045000 211.5
1050000 128.2
1055000 185.9
1060000 214.2
1065000 112.2
1070000 135.8
1075000 261.0
1080000 292.6
1085000 330.7
1090000 495.8
1095000 200.8
1100000 243.2
1105000 483.1
1110000 209.1
1115000 247.2
1120000 402.1
1125000 185.6
1130000 405.1
1135000 160.8
1140000 322.5
1145000 62.6
1150000 380.0
1155000 473.8
1160000 492.2
1165000 428.1
1170000 390.5
1175000 361.2
1180000 357.5
1185000 412.6
1190000 495.3
1195000 384.9
1200000 502.9
1205000 61.4
1210000 56.3
1215000 77.3
1220000 84.1
1225000 69.9
1230000 70.2
1235000 52.1
1240000 101.0
1245000 228.0
1250000 174.0
1255000 297.9
1260000 268.3
1265000 324.8
1270000 277.8
1275000 221.6
1280000 300.6
1285000 413.2
1290000 359.8
1295000 387.4
1300000 424.1
1305000 327.6
1310000 160.1
1315000 124.8
1320000 256.5
1325000 479.7
1330000 442.8
1335000 215.4
1340000 308.6
1345000 126.6
1350000 311.8
1355000 309.4
1360000 347.8
1365000 259.7
1370000 303.9
1375000 333.6
1380000 291.4
1385000 510.6
1390000 506.8
1395000 493.3
1400000 193.6
1405000 63.7
1410000 190.7
1415000 95.3
1420000 66.4
1425000 62.0
1430000 119.0
1435000 136.7
1440000 63.6
1445000 107.8
1450000 153.9
1455000 242.3
1460000 290.1
1465000 444.0
1470000 460.9
1475000 329.1
1480000 561.5
1485000 360.5
1490000 154.2
1495000 403.4
1500000 291.4
1505000 533.0
1510000 299.6
1515000 391.1
1520000 346.1
1525000 512.1
1530000 413.2
1535000 498.8
1540000 399.0
1545000 460.4
1550000 393.9
1555000 754.3
1560000 239.7
1565000 563.4
1570000 432.6
1575000 461.9
1580000 368.7
1585000 349.0
1590000 571.9
1595000 308.1
1600000 163.9
1605000 75.6
1610000 57.1
1615000 169.5
1620000 62.8
1625000 99.1
1630000 119.8
1635000 264.0
1640000 151.1
1645000 150.3
1650000 205.8
1655000 306.3
1660000 301.8
1665000 235.8
1670000 443.7
1675000 608.2
1680000 358.9
1685000 283.9
1690000 416.8
1695000 318.0
1700000 323.0
1705000 476.0
1710000 388.1
1715000 374.0
1720000 391.5
1725000 304.5
1730000 379.3
1735000 226.3
1740000 417.6
1745000 115.3
1750000 153.7
1755000 449.6
1760000 279.0
1765000 479.1
1770000 481.6
1775000 446.2
1780000 437.4
1785000 579.6
1790000 598.5
1795000 425.0
1800000 648.8
1805000 57.9
1810000 68.4
1815000 153.9
1820000 70.3
1825000 60.2
1830000 192.7
1835000 191.3
1840000 130.6
1845000 174.1
1850000 190.6
1855000 120.8
1860000 64.1
1865000 193.1
1870000 116.8
1875000 419.3
1880000 278.3
1885000 340.2
1890000 457.0
1895000 615.2
1900000 252.0
1905000 217.1
1910000 151.8
1915000 219.8
1920000 458.6
1925000 457.8
1930000 470.7
1935000 270.4
1940000 382.6
1945000 459.0
1950000 458.7
1955000 373.5
1960000 374.2
1965000 623.4
1970000 361.9
1975000 222.6
1980000 427.6
1985000 273.9
1990000 375.3
1995000 133.3
2000000 346.5
