5000 69.4
10000 154.2
15000 105.1
20000 50.4
25000 50.3
30000 83.5
35000 70.2
40000 125.8
45000 96.9
50000 79.4
55000 78.6
60000 59.4
65000 51.4
70000 64.8
75000 63.4
80000 84.2
85000 74.2
90000 63.8
95000 149.1
100000 50.7
105000 46.2
110000 63.9
115000 81.6
120000 80.2
125000 68.8
130000 163.8
135000 70.2
140000 83.8
145000 103.6
150000 65.7
155000 86.8
160000 81.6
165000 101.2
170000 99.6
175000 187.3
180000 114.2
185000 64.2
190000 47.9
195000 102.2
200000 66.5
205000 54.7
210000 76.5
215000 53.6
220000 76.8
225000 84.4
230000 51.1
235000 71.1
240000 111.1
245000 89.6
250000 58.9
255000 91.9
260000 84.7
265000 55.0
270000 66.6
275000 71.8
280000 146.1
285000 82.5
290000 82.0
295000 91.8
300000 77.2
305000 118.3
310000 62.4
315000 89.8
320000 63.2
325000 137.3
330000 75.7
335000 58.4
340000 113.7
345000 57.8
350000 76.8
355000 97.0
360000 121.0
365000 203.1
370000 99.0
375000 78.9
380000 41.6
385000 44.2
390000 67.6
395000 159.7
400000 77.0
405000 93.2
410000 106.9
415000 127.5
420000 96.3
425000 80.4
430000 79.9
435000 75.1
440000 77.9
445000 93.1
450000 67.5
455000 72.8
460000 70.2
465000 93.6
470000 43.1
475000 67.5
480000 71.1
485000 63.5
490000 69.9
495000 107.6
500000 68.7
505000 65.5
510000 107.0
515000 67.4
520000 94.8
525000 101.6
530000 82.5
535000 73.7
540000 183.5
545000 83.4
550000 41.5
555000 105.8
560000 111.0
565000 153.5
570000 76.4
575000 161.7
580000 72.6
585000 87.4
590000 77.0
595000 144.7
600000 80.6
605000 51.7
610000 134.5
615000 73.2
620000 82.1
625000 49.1
630000 72.7
635000 52.7
640000 67.9
645000 55.9
650000 57.0
655000 70.8
660000 75.7
665000 57.0
670000 84.5
675000 198.0
680000 200.6
685000 60.9
690000 147.3
695000 96.4
700000 50.3
705000 63.3
710000 61.5
715000 97.0
720000 56.1
725000 56.9
730000 73.6
735000 78.9
740000 56.4
745000 77.4
750000 48.8
755000 66.0
760000 85.3
765000 75.8
770000 160.2
775000 106.4
780000 70.5
785000 115.8
790000 94.4
795000 51.1
800000 111.5
805000 68.8
810000 40.8
815000 65.2
820000 83.6
825000 71.9
830000 143.8
835000 67.3
840000 50.9
845000 144.6
850000 87.9
855000 97.3
860000 90.0
865000 68.7
870000 74.3
875000 79.9
880000 76.2
885000 70.9
890000 49.5
895000 105.0
900000 136.0
905000 83.4
910000 61.7
915000 127.5
920000 97.9
925000 240.1
930000 64.4
935000 87.6
940000 124.1
945000 125.6
950000 80.1
955000 160.2
960000 162.5
965000 79.8
970000 112.0
975000 207.0
980000 179.3
985000 191.9
990000 223.4
995000 72.0
1000000 142.9
1005000 48.0
1010000 51.2
1015000 72.8
1020000 66.4
1025000 74.8
1030000 50.3
1035000 82.6
1040000 77.7
1045000 101.0
1050000 136.4
1055000 150.6
1060000 67.9
1065000 86.8
1070000 98.3
1075000 115.2
1080000 69.4
1085000 119.7
1090000 96.1
1095000 153.9
1100000 69.9
1105000 131.9
1110000 103.1
1115000 171.6
1120000 97.4
1125000 79.7
1130000 209.2
1135000 87.8
1140000 67.7
1145000 212.9
1150000 123.4
1155000 110.3
1160000 100.4
1165000 50.4
1170000 204.0
1175000 311.8
1180000 145.2
1185000 257.2
1190000 239.6
1195000 145.1
1200000 79.2
1205000 69.2
1210000 74.6
1215000 142.9
1220000 60.6
1225000 102.5
1230000 58.0
1235000 64.8
1240000 105.6
1245000 59.4
1250000 86.9
1255000 59.0
1260000 62.8
1265000 66.3
1270000 76.1
1275000 231.2
1280000 155.0
1285000 111.3
1290000 196.5
1295000 165.6
1300000 83.0
1305000 184.0
1310000 241.7
1315000 181.6
1320000 280.4
1325000 117.2
1330000 139.6
1335000 232.2
1340000 173.4
1345000 256.3
1350000 199.1
1355000 107.0
1360000 148.1
1365000 287.1
1370000 398.3
1375000 209.0
1380000 283.8
1385000 200.7
1390000 445.3
1395000 144.2
1400000 195.2
1405000 40.6
1410000 53.9
1415000 42.2
1420000 155.1
1425000 92.4
1430000 102.9
1435000 56.6
1440000 47.4
1445000 149.4
1450000 126.5
1455000 217.1
1460000 122.3
1465000 120.8
1470000 192.9
1475000 99.6
1480000 183.4
1485000 247.9
1490000 172.8
1495000 58.0
1500000 143.4
1505000 271.9
1510000 242.2
1515000 130.6
1520000 205.6
1525000 152.3
1530000 197.9
1535000 124.5
1540000 68.4
1545000 209.3
1550000 146.5
1555000 160.3
1560000 236.9
1565000 118.4
1570000 192.8
1575000 233.6
1580000 242.3
1585000 215.2
1590000 196.7
1595000 151.6
1600000 143.0
1605000 56.3
1610000 127.9
1615000 83.4
1620000 48.0
1625000 133.4
1630000 76.4
1635000 75.8
1640000 53.1
1645000 181.9
1650000 115.8
1655000 75.3
1660000 142.0
1665000 125.4
1670000 61.5
1675000 236.5
1680000 202.1
1685000 231.9
1690000 96.8
1695000 155.3
1700000 163.2
1705000 228.8
1710000 280.9
1715000 69.8
1720000 73.6
1725000 408.8
1730000 170.1
1735000 236.7
1740000 292.2
1745000 249.1
1750000 172.3
1755000 189.4
1760000 354.4
1765000 258.5
1770000 210.3
1775000 396.3
1780000 417.8
1785000 360.9
1790000 344.1
1795000 307.7
1800000 179.9
1805000 63.1
1810000 102.1
1815000 70.5
1820000 115.7
1825000 90.1
1830000 54.1
1835000 116.6
1840000 119.4
1845000 105.1
1850000 117.0
1855000 65.7
1860000 72.1
1865000 62.1
1870000 211.3
1875000 250.0
1880000 185.0
1885000 291.7
1890000 280.0
1895000 199.9
1900000 340.4
1905000 274.4
1910000 236.7
1915000 320.5
1920000 272.5
1925000 224.5
1930000 362.6
1935000 149.4
1940000 181.1
1945000 500.1
1950000 131.6
1955000 303.8
1960000 344.2
1965000 210.9
1970000 367.4
1975000 244.1
1980000 219.8
1985000 151.4
1990000 226.7
1995000 165.7
2000000 265.7
