5000 137.9
10000 104.7
15000 77.7
20000 89.4
25000 92.7
30000 65.2
35000 65.0
40000 136.3
45000 80.4
50000 74.1
55000 137.4
60000 170.6
65000 54.3
70000 119.9
75000 78.1
80000 101.3
85000 57.2
90000 65.6
95000 100.6
100000 52.9
105000 51.5
110000 72.0
115000 42.7
120000 63.4
125000 163.7
130000 109.3
135000 71.5
140000 64.7
145000 63.6
150000 71.3
155000 61.0
160000 79.9
165000 130.6
170000 161.6
175000 135.3
180000 75.7
185000 96.9
190000 178.2
195000 59.4
200000 80.3
205000 98.6
210000 47.9
215000 67.9
220000 60.6
225000 63.2
230000 62.2
235000 71.4
240000 64.0
245000 84.8
250000 78.2
255000 62.4
260000 148.9
265000 136.7
270000 57.7
275000 115.1
280000 151.3
285000 75.8
290000 64.0
295000 63.3
300000 57.3
305000 150.7
310000 190.0
315000 115.1
320000 144.8
325000 73.8
330000 187.4
335000 79.3
340000 216.3
345000 179.8
350000 92.5
355000 156.2
360000 82.9
365000 134.4
370000 132.5
375000 60.0
380000 70.4
385000 164.6
390000 120.6
395000 150.6
400000 136.6
405000 66.2
410000 131.0
415000 76.7
420000 65.5
425000 51.5
430000 78.4
435000 86.9
440000 80.9
445000 60.9
450000 97.8
455000 140.9
460000 75.8
465000 44.3
470000 45.2
475000 60.4
480000 42.7
485000 70.1
490000 83.5
495000 227.0
500000 53.2
505000 183.8
510000 128.2
515000 138.0
520000 83.1
525000 145.1
530000 159.4
535000 140.8
540000 74.4
545000 154.4
550000 193.0
555000 42.5
560000 63.4
565000 114.5
570000 54.9
575000 63.3
580000 296.6
585000 120.0
590000 128.6
595000 218.1
600000 80.2
605000 48.2
610000 87.3
615000 45.0
620000 158.7
625000 58.2
630000 69.8
635000 69.1
640000 62.5
645000 199.3
650000 103.1
655000 64.4
660000 105.5
665000 50.4
670000 56.3
675000 94.0
680000 87.7
685000 126.3
690000 184.0
695000 67.1
700000 214.9
705000 69.7
710000 82.3
715000 107.2
720000 148.8
725000 121.4
730000 187.3
735000 85.2
740000 114.4
745000 148.0
750000 140.0
755000 116.6
760000 64.9
765000 60.3
770000 109.7
775000 133.4
780000 126.8
785000 138.1
790000 105.9
795000 123.7
800000 161.0
805000 73.6
810000 53.2
815000 64.7
820000 67.6
825000 155.9
830000 97.0
835000 97.5
840000 200.8
845000 113.8
850000 127.2
855000 106.5
860000 219.9
865000 119.3
870000 68.7
875000 135.5
880000 166.6
885000 62.5
890000 65.3
895000 101.6
900000 95.7
905000 120.5
910000 94.4
915000 333.7
920000 308.1
925000 101.8
930000 72.0
935000 217.2
940000 169.9
945000 248.1
950000 57.1
955000 241.6
960000 60.9
965000 264.9
970000 52.4
975000 204.3
980000 160.4
985000 134.0
990000 354.4
995000 316.2
1000000 348.7
1005000 51.5
1010000 69.1
1015000 86.3
1020000 89.9
1025000 73.9
1030000 123.4
1035000 81.3
1040000 126.7
1045000 184.2
1050000 67.1
1055000 85.3
1060000 133.1
1065000 224.2
1070000 138.6
1075000 46.5
1080000 77.7
1085000 51.2
1090000 166.4
1095000 198.1
1100000 101.3
1105000 149.0
1110000 179.6
1115000 77.6
1120000 170.0
1125000 175.9
1130000 135.0
1135000 193.7
1140000 313.8
1145000 127.1
1150000 312.9
1155000 274.4
1160000 130.7
1165000 329.0
1170000 62.9
1175000 154.5
1180000 124.2
1185000 244.3
1190000 115.7
1195000 94.3
1200000 197.3
1205000 90.8
1210000 61.5
1215000 97.9
1220000 57.4
1225000 110.6
1230000 45.4
1235000 83.1
1240000 147.5
1245000 164.8
1250000 93.1
1255000 111.0
1260000 193.3
1265000 181.3
1270000 162.2
1275000 198.7
1280000 169.7
1285000 281.2
1290000 439.5
1295000 41.2
1300000 407.1
1305000 148.2
1310000 183.2
1315000 166.1
1320000 261.7
1325000 464.1
1330000 451.1
1335000 415.1
1340000 334.5
1345000 515.3
1350000 420.7
1355000 194.5
1360000 343.6
1365000 218.8
1370000 379.7
1375000 175.2
1380000 511.3
1385000 433.8
1390000 429.6
1395000 58.2
1400000 287.6
1405000 73.8
1410000 59.9
1415000 103.8
1420000 60.4
1425000 102.0
1430000 84.7
1435000 69.9
1440000 98.9
1445000 79.8
1450000 183.6
1455000 239.3
1460000 364.8
1465000 248.4
1470000 189.5
1475000 280.9
1480000 299.5
1485000 226.1
1490000 64.5
1495000 198.2
1500000 443.2
1505000 328.3
1510000 388.0
1515000 473.6
1520000 420.4
1525000 251.1
1530000 457.7
1535000 273.5
1540000 533.8
1545000 477.7
1550000 406.3
1555000 545.4
1560000 262.4
1565000 401.3
1570000 430.8
1575000 532.0
1580000 502.3
1585000 401.2
1590000 440.7
1595000 317.2
1600000 396.6
1605000 97.9
1610000 45.1
1615000 82.1
1620000 63.3
1625000 133.6
1630000 77.3
1635000 74.7
1640000 59.8
1645000 117.3
1650000 152.7
1655000 153.5
1660000 246.8
1665000 419.1
1670000 136.2
1675000 280.6
1680000 216.8
1685000 232.4
1690000 143.3
1695000 363.1
1700000 264.5
1705000 491.7
1710000 359.6
1715000 274.6
1720000 461.9
1725000 212.8
1730000 663.8
1735000 527.4
1740000 277.0
1745000 268.5
1750000 495.3
1755000 453.6
1760000 343.8
1765000 402.1
1770000 383.6
1775000 427.8
1780000 448.2
1785000 535.3
1790000 282.5
1795000 566.1
1800000 215.5
1805000 50.0
1810000 45.6
1815000 47.5
1820000 83.8
1825000 104.5
1830000 84.3
1835000 114.4
1840000 65.2
1845000 313.3
1850000 242.2
1855000 274.8
1860000 176.1
1865000 286.1
1870000 459.7
1875000 390.8
1880000 169.8
1885000 170.9
1890000 321.8
1895000 194.3
1900000 384.6
1905000 341.5
1910000 503.6
1915000 238.1
1920000 249.6
1925000 133.5
1930000 281.3
1935000 488.7
1940000 496.7
1945000 576.1
1950000 346.7
1955000 435.6
1960000 468.6
1965000 357.9
1970000 444.7
1975000 440.7
1980000 593.0
1985000 338.7
1990000 206.9
1995000 459.9
2000000 350.9
