5000 62.2
10000 65.0
15000 64.9
20000 83.5
25000 45.6
30000 65.3
35000 73.5
40000 65.7
45000 91.2
50000 109.8
55000 44.6
60000 127.8
65000 72.0
70000 85.3
75000 55.5
80000 119.8
85000 62.7
90000 79.5
95000 86.7
100000 95.4
105000 75.3
110000 83.9
115000 72.4
120000 95.0
125000 119.0
130000 70.4
135000 112.5
140000 220.1
145000 167.2
150000 84.2
155000 90.8
160000 133.8
165000 231.7
170000 104.7
175000 69.0
180000 86.1
185000 116.0
190000 96.0
195000 148.8
200000 74.5
205000 67.2
210000 162.4
215000 180.5
220000 157.4
225000 65.9
230000 79.4
235000 61.8
240000 65.8
245000 77.6
250000 64.4
255000 49.7
260000 233.9
265000 185.7
270000 243.4
275000 115.6
280000 76.7
285000 74.7
290000 153.8
295000 270.3
300000 99.7
305000 63.6
310000 64.5
315000 66.2
320000 102.9
325000 55.2
330000 105.8
335000 133.1
340000 72.8
345000 169.4
350000 53.7
355000 184.8
360000 106.6
365000 147.5
370000 104.1
375000 78.5
380000 125.2
385000 89.8
390000 284.3
395000 66.8
400000 164.4
405000 58.5
410000 80.9
415000 61.7
420000 62.8
425000 69.3
430000 81.1
435000 162.9
440000 67.0
445000 93.5
450000 71.4
455000 55.4
460000 74.9
465000 238.4
470000 59.8
475000 282.1
480000 169.5
485000 226.2
490000 186.1
495000 190.5
500000 449.6
505000 128.2
510000 397.0
515000 385.8
520000 264.4
525000 328.3
530000 300.9
535000 239.7
540000 144.4
545000 276.2
550000 194.8
555000 297.3
560000 209.9
565000 323.9
570000 353.0
575000 224.9
580000 340.3
585000 241.9
590000 565.4
595000 294.2
600000 400.7
605000 65.5
610000 84.7
615000 50.2
620000 149.4
625000 147.2
630000 76.2
635000 80.2
640000 123.0
645000 297.4
650000 192.1
655000 142.6
660000 214.1
665000 298.8
670000 163.1
675000 422.4
680000 238.9
685000 199.2
690000 170.2
695000 326.0
700000 260.5
705000 189.9
710000 117.0
715000 116.2
720000 213.3
725000 172.8
730000 381.7
735000 405.6
740000 411.7
745000 243.9
750000 294.8
755000 166.3
760000 374.6
765000 120.6
770000 427.6
775000 252.8
780000 271.3
785000 273.8
790000 205.5
795000 462.5
800000 208.5
805000 107.2
810000 48.6
815000 63.6
820000 51.2
825000 80.5
830000 115.0
835000 192.4
840000 107.7
845000 149.0
850000 204.1
855000 136.9
860000 399.5
865000 288.4
870000 169.4
875000 454.1
880000 222.3
885000 240.6
890000 153.2
895000 443.1
900000 335.3
905000 350.7
910000 197.7
915000 382.6
920000 254.5
925000 325.9
930000 547.8
935000 361.0
940000 259.1
945000 236.0
950000 268.5
955000 387.8
960000 347.7
965000 394.1
970000 385.6
975000 122.5
980000 301.1
985000 565.9
990000 345.5
995000 456.7
1000000 429.5
1005000 54.8
1010000 73.5
1015000 68.2
1020000 52.1
1025000 163.1
1030000 122.7
1035000 116.7
1040000 74.1
1045000 189.1
1050000 170.4
1055000 169.9
1060000 131.7
1065000 203.2
1070000 215.5
1075000 168.6
1080000 434.3
1085000 480.2
1090000 457.8
1095000 126.4
1100000 311.3
1105000 372.7
1110000 317.8
1115000 395.2
1120000 645.6
1125000 511.7
1130000 418.6
1135000 421.5
1140000 323.0
1145000 522.7
1150000 490.3
1155000 429.6
1160000 458.0
1165000 370.4
1170000 317.4
1175000 444.4
1180000 626.6
1185000 548.3
1190000 390.0
1195000 510.6
1200000 561.2
1205000 89.0
1210000 55.5
1215000 55.5
1220000 44.3
1225000 116.8
1230000 64.9
1235000 243.0
1240000 230.2
1245000 204.5
1250000 220.4
1255000 352.7
1260000 306.4
1265000 331.0
1270000 329.5
1275000 410.9
1280000 514.8
1285000 415.0
1290000 397.5
1295000 433.4
1300000 206.1
1305000 500.2
1310000 319.1
1315000 641.7
1320000 470.3
1325000 341.7
1330000 453.6
1335000 460.9
1340000 462.1
1345000 238.8
1350000 472.4
1355000 338.8
1360000 265.1
1365000 675.1
1370000 437.9
1375000 411.5
1380000 437.8
1385000 686.0
1390000 509.6
1395000 383.2
1400000 533.1
1405000 102.0
1410000 66.5
1415000 74.7
1420000 64.3
1425000 71.6
1430000 35.7
1435000 57.9
1440000 117.0
1445000 302.0
1450000 188.0
1455000 214.6
1460000 326.2
1465000 279.8
1470000 283.4
1475000 241.3
1480000 305.6
1485000 436.8
1490000 345.6
1495000 258.7
1500000 366.6
1505000 574.2
1510000 314.7
1515000 584.5
1520000 348.7
1525000 234.2
1530000 429.3
1535000 413.9
1540000 484.4
1545000 598.5
1550000 415.1
1555000 396.7
1560000 347.7
1565000 347.6
1570000 468.7
1575000 537.8
1580000 484.8
1585000 604.3
1590000 474.0
1595000 401.6
1600000 518.1
1605000 67.1
1610000 73.9
1615000 59.9
1620000 57.1
1625000 72.3
1630000 82.1
1635000 183.7
1640000 151.2
1645000 401.1
1650000 149.2
1655000 161.5
1660000 242.0
1665000 226.2
1670000 268.8
1675000 265.7
1680000 198.1
1685000 139.7
1690000 446.5
1695000 314.4
1700000 429.2
1705000 215.3
1710000 274.4
1715000 180.0
1720000 592.6
1725000 288.5
1730000 404.3
1735000 463.2
1740000 434.6
1745000 478.9
1750000 475.3
1755000 136.9
1760000 425.3
1765000 628.9
1770000 491.1
1775000 532.0
1780000 583.7
1785000 521.1
1790000 615.1
1795000 495.4
1800000 329.3
1805000 83.5
1810000 47.2
1815000 71.2
1820000 57.6
1825000 54.8
1830000 98.9
1835000 54.8
1840000 188.0
1845000 90.4
1850000 348.8
1855000 413.8
1860000 265.0
1865000 70.5
1870000 315.2
1875000 396.5
1880000 369.1
1885000 592.4
1890000 467.7
1895000 476.8
1900000 532.9
1905000 451.1
1910000 370.4
1915000 614.4
1920000 318.3
1925000 592.4
1930000 495.6
1935000 338.3
1940000 331.1
1945000 336.7
1950000 508.8
1955000 408.4
1960000 438.3
1965000 347.3
1970000 403.3
1975000 279.9
1980000 597.5
1985000 684.7
1990000 373.2
1995000 617.5
2000000 467.6
