10000 451.8
20000 523.2
30000 721.6
40000 848.8
50000 891.4
60000 509.4
70000 858.0
80000 991.4
90000 969.0
100000 969.7
110000 567.9
120000 973.6
130000 992.3
140000 987.2
150000 984.2
160000 493.4
170000 982.0
180000 993.7
190000 992.0
200000 987.3
210000 499.1
220000 988.9
230000 994.6
240000 995.3
250000 993.7
260000 398.0
270000 788.0
280000 996.5
290000 992.1
300000 988.3
310000 417.4
320000 906.5
330000 985.0
340000 996.3
350000 997.4
360000 454.7
370000 948.3
380000 997.0
390000 974.4
400000 996.1
410000 576.6
420000 834.8
430000 995.6
440000 991.8
450000 991.2
460000 267.0
470000 896.4
480000 986.7
490000 997.2
500000 995.2
