10000 400.3
20000 404.6
30000 455.7
40000 805.0
50000 945.0
60000 490.6
70000 941.1
80000 968.2
90000 973.3
100000 974.5
110000 503.9
120000 978.3
130000 990.4
140000 990.1
150000 985.4
160000 401.7
170000 872.5
180000 990.8
190000 986.3
200000 994.9
210000 487.9
220000 932.8
230000 987.9
240000 999.3
250000 996.1
260000 357.8
270000 995.6
280000 995.2
290000 993.5
300000 994.0
310000 287.8
320000 939.0
330000 996.1
340000 994.9
350000 994.5
360000 376.8
370000 514.1
380000 997.2
390000 994.0
400000 993.4
410000 349.5
420000 792.8
430000 989.3
440000 997.7
450000 994.9
460000 182.4
470000 709.5
480000 998.3
490000 998.0
500000 997.0
