10000 391.3
20000 589.8
30000 773.0
40000 727.4
50000 774.1
60000 449.1
70000 989.9
80000 994.9
90000 996.4
100000 992.2
110000 521.8
120000 986.0
130000 997.8
140000 992.1
150000 993.4
160000 382.9
170000 997.8
180000 997.1
190000 993.7
200000 996.3
210000 315.9
220000 838.1
230000 997.2
240000 988.6
250000 994.0
260000 365.1
270000 984.9
280000 985.8
290000 996.7
300000 995.0
310000 298.0
320000 978.1
330000 993.0
340000 995.7
350000 996.5
360000 439.6
370000 928.7
380000 983.9
390000 990.7
400000 989.0
410000 384.0
420000 738.5
430000 994.6
440000 996.6
450000 993.3
460000 411.4
470000 984.7
480000 987.1
490000 986.2
500000 987.2
