10000 310.0
20000 405.5
30000 958.8
40000 978.6
50000 992.0
60000 574.8
70000 985.3
80000 982.6
90000 993.8
100000 994.6
110000 580.5
120000 980.0
130000 993.2
140000 992.1
150000 980.6
160000 436.8
170000 985.9
180000 975.2
190000 992.4
200000 983.8
210000 431.8
220000 966.8
230000 980.3
240000 997.3
250000 992.5
260000 445.7
270000 976.2
280000 998.3
290000 985.8
300000 991.1
310000 663.9
320000 985.5
330000 997.0
340000 998.6
350000 995.5
360000 476.4
370000 980.8
380000 994.6
390000 997.4
400000 989.6
410000 463.5
420000 947.1
430000 985.1
440000 997.2
450000 995.1
460000 384.2
470000 664.2
480000 994.8
490000 996.8
500000 989.1
