10000 356.7
20000 545.1
30000 524.6
40000 986.2
50000 963.7
60000 466.9
70000 748.2
80000 805.4
90000 976.0
100000 965.4
110000 661.5
120000 713.6
130000 978.7
140000 983.6
150000 983.1
160000 667.8
170000 879.8
180000 951.6
190000 983.7
200000 964.6
210000 572.1
220000 902.0
230000 991.1
240000 984.7
250000 989.9
260000 477.3
270000 906.6
280000 957.3
290000 978.5
300000 980.4
310000 471.0
320000 993.0
330000 999.0
340000 998.5
350000 991.8
360000 387.1
370000 779.8
380000 974.1
390000 998.5
400000 979.5
410000 371.3
420000 986.6
430000 992.3
440000 995.7
450000 997.4
460000 532.8
470000 884.1
480000 993.7
490000 998.1
500000 991.7
