10000 351.2
20000 420.3
30000 777.6
40000 935.6
50000 685.1
60000 553.5
70000 678.4
80000 512.3
90000 994.1
100000 989.0
110000 611.2
120000 862.2
130000 988.9
140000 992.7
150000 992.6
160000 500.5
170000 632.5
180000 992.5
190000 993.9
200000 972.7
210000 383.6
220000 993.5
230000 994.3
240000 990.1
250000 995.8
260000 583.4
270000 995.6
280000 961.6
290000 995.2
300000 999.0
310000 432.9
320000 987.4
330000 991.0
340000 993.1
350000 988.2
360000 334.4
370000 855.1
380000 996.9
390000 994.1
400000 992.9
410000 615.0
420000 926.2
430000 998.0
440000 993.8
450000 996.6
460000 444.5
470000 847.3
480000 997.3
490000 999.0
500000 998.4
