10000 228.2
20000 787.6
30000 987.5
40000 978.9
50000 965.6
60000 982.3
70000 995.8
80000 995.4
90000 978.4
100000 995.6
110000 523.9
120000 998.2
130000 981.7
140000 985.9
150000 989.5
160000 598.5
170000 981.4
180000 990.6
190000 985.7
200000 984.6
210000 462.5
220000 969.0
230000 996.6
240000 992.0
250000 990.6
260000 332.2
270000 996.2
280000 986.6
290000 991.8
300000 981.5
310000 422.4
320000 982.6
330000 999.0
340000 997.0
350000 994.4
360000 353.2
370000 963.1
380000 995.1
390000 998.2
400000 998.1
410000 492.2
420000 688.1
430000 986.5
440000 997.1
450000 995.7
460000 222.2
470000 865.5
480000 979.8
490000 998.1
500000 998.7
