10000 331.4
20000 658.9
30000 618.0
40000 993.9
50000 987.5
60000 608.1
70000 584.5
80000 976.3
90000 985.0
100000 986.1
110000 548.5
120000 971.5
130000 987.3
140000 988.4
150000 967.3
160000 495.2
170000 948.4
180000 941.5
190000 956.4
200000 969.6
210000 533.9
220000 917.0
230000 991.9
240000 995.6
250000 987.0
260000 455.2
270000 912.1
280000 970.3
290000 967.0
300000 988.4
310000 408.7
320000 909.1
330000 998.7
340000 991.3
350000 997.5
360000 553.0
370000 931.7
380000 994.9
390000 989.3
400000 991.3
410000 458.7
420000 870.0
430000 991.4
440000 995.7
450000 994.2
460000 509.5
470000 989.2
480000 997.5
490000 998.0
500000 997.4
