10000 421.9
20000 327.3
30000 894.5
40000 998.4
50000 946.7
60000 855.8
70000 980.7
80000 970.4
90000 972.9
100000 967.6
110000 546.3
120000 777.1
130000 989.7
140000 978.4
150000 967.3
160000 531.8
170000 972.3
180000 985.9
190000 995.4
200000 986.4
210000 601.3
220000 625.9
230000 974.0
240000 998.0
250000 998.5
260000 477.2
270000 930.0
280000 994.7
290000 999.1
300000 982.0
310000 451.3
320000 793.4
330000 980.9
340000 994.7
350000 995.9
360000 449.6
370000 934.5
380000 999.2
390000 985.3
400000 997.2
410000 349.6
420000 627.7
430000 980.4
440000 993.5
450000 995.1
460000 328.1
470000 827.5
480000 999.5
490000 990.2
500000 987.6
