10000 268.3
20000 501.1
30000 903.5
40000 940.5
50000 932.8
60000 467.0
70000 665.0
80000 925.9
90000 960.1
100000 955.0
110000 669.8
120000 572.1
130000 960.0
140000 986.9
150000 992.7
160000 480.7
170000 967.6
180000 992.3
190000 987.7
200000 985.2
210000 509.0
220000 922.7
230000 985.1
240000 995.5
250000 982.1
260000 481.6
270000 821.4
280000 994.5
290000 997.1
300000 995.3
310000 311.5
320000 972.7
330000 983.3
340000 995.9
350000 998.2
360000 507.3
370000 641.1
380000 988.0
390000 991.8
400000 996.8
410000 346.8
420000 987.7
430000 987.8
440000 998.7
450000 997.7
460000 515.2
470000 893.6
480000 994.5
490000 996.4
500000 993.0
