10000 0.4
20000 0.6
30000 0.2
40000 1.7
50000 5.2
60000 1.2
70000 19.7
80000 2.3
90000 3.2
100000 0.4
110000 3.2
120000 5.4
130000 0.1
140000 11.5
150000 5.0
160000 1.8
170000 4.2
180000 15.5
190000 13.3
200000 1.6
210000 0.8
220000 0.7
230000 2.3
240000 1.3
250000 11.5
260000 3.5
270000 6.5
280000 22.8
290000 11.9
300000 11.5
310000 2.6
320000 29.1
330000 1.0
340000 4.9
350000 3.6
360000 2.8
370000 2.5
380000 5.1
390000 6.3
400000 15.0
410000 12.5
420000 6.3
430000 7.2
440000 15.0
450000 7.3
460000 19.5
470000 6.1
480000 3.9
490000 8.1
500000 1.6
510000 0.0
520000 2.8
530000 10.6
540000 6.9
550000 5.4
560000 9.7
570000 7.9
580000 0.2
590000 16.2
600000 1.1
610000 18.9
620000 7.5
630000 3.1
640000 6.7
650000 6.8
660000 6.6
670000 3.1
680000 16.1
690000 6.1
700000 2.7
710000 7.4
720000 22.3
730000 5.6
740000 9.8
750000 5.7
760000 18.7
770000 3.9
780000 5.6
790000 4.0
800000 4.8
810000 2.3
820000 0.1
830000 6.4
840000 0.6
850000 0.3
860000 2.2
870000 29.8
880000 6.3
890000 10.4
900000 10.3
910000 4.8
920000 0.1
930000 8.1
940000 2.2
950000 2.5
960000 2.8
970000 8.9
980000 0.6
990000 1.4
1000000 8.7
1010000 14.9
1020000 13.0
1030000 12.8
1040000 0.0
1050000 10.6
1060000 15.9
1070000 7.9
1080000 13.9
1090000 9.8
1100000 10.4
1110000 0.7
1120000 2.0
1130000 16.7
1140000 11.7
1150000 16.7
1160000 9.1
1170000 6.0
1180000 9.8
1190000 19.3
1200000 12.7
1210000 6.9
1220000 2.8
1230000 31.4
1240000 34.2
1250000 17.6
1260000 17.0
1270000 0.6
1280000 2.7
1290000 2.8
1300000 14.4
1310000 5.9
1320000 24.0
1330000 1.7
1340000 9.9
1350000 24.5
1360000 0.1
1370000 14.7
1380000 20.0
1390000 18.2
1400000 6.8
1410000 16.8
1420000 7.3
1430000 15.4
1440000 15.9
1450000 9.0
1460000 1.7
1470000 1.9
1480000 8.9
1490000 5.3
1500000 22.6
1510000 6.4
1520000 1.5
1530000 5.4
1540000 12.2
1550000 2.2
1560000 2.0
1570000 0.9
1580000 18.6
1590000 2.2
1600000 9.3
1610000 17.2
1620000 23.4
1630000 19.7
1640000 11.7
1650000 7.0
1660000 8.8
1670000 0.3
1680000 7.9
1690000 4.1
1700000 1.0
1710000 2.4
1720000 4.1
1730000 10.5
1740000 12.0
1750000 2.8
1760000 0.5
1770000 3.2
1780000 11.9
1790000 3.6
1800000 26.0
1810000 3.6
1820000 6.4
1830000 23.6
1840000 18.8
1850000 0.6
1860000 1.4
1870000 7.0
1880000 23.3
1890000 15.7
1900000 7.9
1910000 5.6
1920000 27.3
1930000 31.8
1940000 5.2
1950000 2.2
1960000 10.2
1970000 14.4
1980000 0.1
1990000 27.2
2000000 10.8
