10000 1.0
20000 5.8
30000 5.8
40000 2.5
50000 6.6
60000 4.3
70000 2.7
80000 18.7
90000 16.2
100000 1.5
110000 14.3
120000 25.2
130000 3.5
140000 5.8
150000 10.8
160000 17.2
170000 2.9
180000 3.4
190000 14.6
200000 2.6
210000 3.0
220000 17.6
230000 7.0
240000 8.2
250000 15.5
260000 5.5
270000 0.7
280000 0.5
290000 10.9
300000 2.5
310000 13.5
320000 7.8
330000 6.7
340000 6.2
350000 6.3
360000 3.2
370000 6.1
380000 0.2
390000 6.5
400000 3.0
410000 21.2
420000 8.1
430000 6.8
440000 0.6
450000 0.5
460000 5.7
470000 15.3
480000 1.2
490000 10.7
500000 0.5
510000 13.2
520000 6.9
530000 3.1
540000 39.4
550000 30.5
560000 16.6
570000 21.0
580000 13.3
590000 4.3
600000 7.2
610000 4.5
620000 17.7
630000 6.9
640000 10.7
650000 2.0
660000 36.5
670000 1.9
680000 6.9
690000 4.7
700000 5.7
710000 3.7
720000 17.5
730000 8.4
740000 17.7
750000 11.8
760000 22.3
770000 4.7
780000 3.8
790000 6.2
800000 14.0
810000 4.5
820000 0.9
830000 0.1
840000 14.3
850000 11.8
860000 14.4
870000 5.9
880000 8.7
890000 20.9
900000 16.5
910000 8.4
920000 24.8
930000 18.1
940000 9.7
950000 1.0
960000 8.7
970000 0.6
980000 7.3
990000 11.8
1000000 20.0
1010000 17.2
1020000 8.0
1030000 15.2
1040000 15.9
1050000 22.5
1060000 11.6
1070000 23.5
1080000 17.2
1090000 18.6
1100000 2.6
1110000 38.2
1120000 6.1
1130000 10.2
1140000 40.9
1150000 2.5
1160000 4.5
1170000 41.2
1180000 13.9
1190000 5.2
1200000 5.7
1210000 13.5
1220000 2.2
1230000 2.9
1240000 0.5
1250000 18.9
1260000 1.8
1270000 11.8
1280000 10.3
1290000 14.3
1300000 13.5
1310000 0.9
1320000 3.4
1330000 1.8
1340000 1.0
1350000 8.2
1360000 5.4
1370000 25.2
1380000 2.2
1390000 6.8
1400000 55.5
1410000 17.3
1420000 3.1
1430000 50.3
1440000 10.4
1450000 15.8
1460000 0.4
1470000 28.1
1480000 1.2
1490000 3.9
1500000 1.3
1510000 15.0
1520000 13.3
1530000 9.2
1540000 13.5
1550000 3.0
1560000 44.2
1570000 20.4
1580000 0.7
1590000 0.7
1600000 1.2
1610000 27.3
1620000 13.6
1630000 4.4
1640000 6.4
1650000 8.8
1660000 37.6
1670000 32.0
1680000 19.6
1690000 37.8
1700000 33.0
1710000 30.1
1720000 12.5
1730000 42.4
1740000 15.3
1750000 1.8
1760000 12.0
1770000 27.6
1780000 17.9
1790000 27.7
1800000 2.9
1810000 44.1
1820000 48.6
1830000 34.6
1840000 14.8
1850000 23.4
1860000 19.2
1870000 0.8
1880000 28.9
1890000 44.6
1900000 2.2
1910000 31.9
1920000 82.9
1930000 22.3
1940000 4.6
1950000 29.8
1960000 0.3
1970000 32.1
1980000 2.8
1990000 47.7
2000000 1.0
