10000 3.0
20000 2.2
30000 5.7
40000 1.1
50000 0.3
60000 0.5
70000 10.7
80000 7.7
90000 10.3
100000 3.6
110000 6.0
120000 7.4
130000 7.1
140000 7.1
150000 3.5
160000 1.6
170000 5.3
180000 7.4
190000 16.0
200000 1.1
210000 0.9
220000 0.4
230000 4.1
240000 4.7
250000 2.0
260000 9.2
270000 0.9
280000 0.8
290000 12.9
300000 0.6
310000 2.1
320000 0.6
330000 9.8
340000 15.0
350000 4.7
360000 0.4
370000 4.6
380000 2.4
390000 7.8
400000 15.3
410000 20.3
420000 6.9
430000 11.0
440000 23.4
450000 14.7
460000 13.5
470000 6.9
480000 14.0
490000 19.5
500000 9.2
510000 6.6
520000 11.9
530000 1.4
540000 0.3
550000 22.3
560000 0.3
570000 4.1
580000 9.9
590000 32.2
600000 8.2
610000 7.6
620000 2.0
630000 5.4
640000 8.2
650000 5.6
660000 22.5
670000 4.5
680000 11.9
690000 9.1
700000 14.6
710000 9.0
720000 5.8
730000 7.4
740000 3.5
750000 1.9
760000 7.8
770000 0.1
780000 2.4
790000 0.0
800000 0.4
810000 6.1
820000 3.2
830000 6.1
840000 16.4
850000 8.5
860000 2.6
870000 4.1
880000 6.0
890000 7.5
900000 0.1
910000 8.0
920000 3.3
930000 16.4
940000 2.5
950000 14.6
960000 7.6
970000 2.5
980000 3.5
990000 2.2
1000000 2.1
1010000 1.9
1020000 3.8
1030000 16.3
1040000 7.4
1050000 16.3
1060000 4.6
1070000 14.2
1080000 5.6
1090000 15.9
1100000 6.0
1110000 6.5
1120000 2.2
1130000 6.6
1140000 3.8
1150000 17.7
1160000 11.2
1170000 7.4
1180000 5.1
1190000 2.1
1200000 6.7
1210000 7.9
1220000 7.8
1230000 14.5
1240000 6.7
1250000 13.0
1260000 29.8
1270000 12.9
1280000 10.5
1290000 15.1
1300000 5.6
1310000 6.7
1320000 2.0
1330000 6.4
1340000 0.1
1350000 1.9
1360000 1.3
1370000 15.0
1380000 11.3
1390000 7.8
1400000 9.8
1410000 13.5
1420000 4.2
1430000 9.6
1440000 26.8
1450000 27.7
1460000 7.8
1470000 13.4
1480000 4.1
1490000 3.4
1500000 5.6
1510000 5.4
1520000 12.5
1530000 31.6
1540000 2.6
1550000 48.9
1560000 25.5
1570000 14.6
1580000 9.4
1590000 13.3
1600000 7.5
1610000 8.8
1620000 4.5
1630000 9.6
1640000 11.2
1650000 2.7
1660000 21.1
1670000 14.6
1680000 12.9
1690000 8.3
1700000 5.4
1710000 7.1
1720000 31.0
1730000 11.8
1740000 13.6
1750000 7.9
1760000 5.6
1770000 11.0
1780000 5.1
1790000 14.9
1800000 9.9
1810000 10.9
1820000 4.9
1830000 9.5
1840000 4.0
1850000 6.4
1860000 5.7
1870000 13.4
1880000 1.7
1890000 6.9
1900000 14.3
1910000 2.9
1920000 10.4
1930000 22.3
1940000 0.2
1950000 26.1
1960000 3.2
1970000 6.6
1980000 5.3
1990000 1.3
2000000 7.6
