10000 4.1
20000 9.8
30000 0.6
40000 0.8
50000 3.6
60000 15.0
70000 12.0
80000 9.0
90000 3.9
100000 1.3
110000 0.1
120000 0.9
130000 8.3
140000 4.0
150000 1.2
160000 11.9
170000 14.3
180000 12.6
190000 0.7
200000 10.9
210000 0.9
220000 16.4
230000 16.8
240000 4.6
250000 0.2
260000 4.7
270000 4.7
280000 25.3
290000 25.4
300000 13.3
310000 17.1
320000 15.3
330000 5.6
340000 16.1
350000 8.4
360000 9.3
370000 0.8
380000 10.9
390000 13.5
400000 4.4
410000 15.2
420000 7.3
430000 15.9
440000 17.0
450000 10.0
460000 11.7
470000 10.8
480000 11.4
490000 4.8
500000 15.0
510000 7.3
520000 14.8
530000 19.9
540000 7.6
550000 9.2
560000 8.5
570000 13.4
580000 1.9
590000 8.1
600000 9.1
610000 8.9
620000 4.7
630000 3.9
640000 15.1
650000 4.1
660000 23.8
670000 17.9
680000 2.7
690000 15.6
700000 2.3
710000 0.8
720000 18.6
730000 13.7
740000 26.5
750000 1.0
760000 19.8
770000 14.8
780000 37.4
790000 3.3
800000 13.2
810000 13.0
820000 14.7
830000 25.8
840000 19.3
850000 8.8
860000 5.4
870000 15.6
880000 8.2
890000 22.6
900000 9.6
910000 15.6
920000 29.2
930000 26.3
940000 0.1
950000 15.8
960000 11.2
970000 23.5
980000 17.7
990000 24.3
1000000 38.3
1010000 20.4
1020000 17.9
1030000 18.7
1040000 42.0
1050000 21.3
1060000 10.4
1070000 44.9
1080000 23.1
1090000 9.2
1100000 15.5
1110000 41.3
1120000 24.3
1130000 7.4
1140000 41.5
1150000 43.8
1160000 7.3
1170000 31.3
1180000 33.1
1190000 44.9
1200000 23.8
1210000 6.8
1220000 27.6
1230000 5.1
1240000 11.7
1250000 13.9
1260000 24.6
1270000 11.8
1280000 15.6
1290000 13.8
1300000 1.0
1310000 2.0
1320000 14.4
1330000 14.2
1340000 12.7
1350000 42.0
1360000 23.6
1370000 49.9
1380000 34.0
1390000 2.6
1400000 16.8
1410000 11.3
1420000 4.1
1430000 26.5
1440000 40.0
1450000 12.2
1460000 5.7
1470000 23.1
1480000 29.8
1490000 25.0
1500000 60.5
1510000 2.8
1520000 19.8
1530000 20.8
1540000 8.3
1550000 18.4
1560000 42.6
1570000 43.1
1580000 10.5
1590000 27.0
1600000 19.8
1610000 8.8
1620000 10.9
1630000 22.4
1640000 7.9
1650000 72.0
1660000 33.7
1670000 0.6
1680000 50.9
1690000 4.9
1700000 33.4
1710000 65.6
1720000 38.0
1730000 40.9
1740000 0.5
1750000 2.7
1760000 4.1
1770000 22.9
1780000 38.5
1790000 9.1
1800000 18.2
1810000 81.8
1820000 10.6
1830000 12.7
1840000 1.4
1850000 25.9
1860000 8.3
1870000 3.9
1880000 15.9
1890000 0.2
1900000 35.9
1910000 14.9
1920000 18.7
1930000 69.0
1940000 37.7
1950000 36.7
1960000 11.2
1970000 12.3
1980000 24.6
1990000 29.0
2000000 19.6
