10000 3.6
20000 0.1
30000 0.0
40000 9.7
50000 11.4
60000 1.6
70000 5.1
80000 4.5
90000 4.5
100000 0.8
110000 0.7
120000 6.1
130000 6.4
140000 5.1
150000 6.8
160000 2.9
170000 4.1
180000 1.0
190000 8.2
200000 7.8
210000 1.4
220000 12.1
230000 3.8
240000 6.3
250000 1.8
260000 18.3
270000 20.8
280000 8.5
290000 0.3
300000 4.6
310000 3.6
320000 8.4
330000 3.7
340000 0.7
350000 20.7
360000 6.7
370000 0.0
380000 10.9
390000 11.7
400000 12.3
410000 1.2
420000 3.5
430000 12.7
440000 13.5
450000 2.0
460000 22.4
470000 3.2
480000 5.3
490000 1.3
500000 37.8
510000 6.8
520000 4.1
530000 22.3
540000 18.5
550000 5.7
560000 12.3
570000 2.5
580000 20.3
590000 17.4
600000 0.7
610000 4.8
620000 22.4
630000 8.1
640000 3.4
650000 12.7
660000 15.3
670000 20.0
680000 0.3
690000 40.2
700000 3.2
710000 3.4
720000 17.6
730000 8.5
740000 3.8
750000 19.2
760000 3.1
770000 11.6
780000 20.9
790000 10.9
800000 23.7
810000 57.7
820000 35.5
830000 3.6
840000 14.9
850000 12.8
860000 10.3
870000 5.2
880000 3.0
890000 35.5
900000 38.1
910000 0.4
920000 12.7
930000 12.1
940000 2.4
950000 2.2
960000 30.0
970000 7.8
980000 25.7
990000 17.6
1000000 0.5
1010000 19.4
1020000 19.6
1030000 11.0
1040000 14.4
1050000 7.9
1060000 6.6
1070000 1.8
1080000 8.6
1090000 3.5
1100000 7.1
1110000 35.0
1120000 11.7
1130000 7.5
1140000 19.3
1150000 7.3
1160000 17.6
1170000 2.3
1180000 6.4
1190000 1.5
1200000 5.1
1210000 0.1
1220000 0.6
1230000 18.5
1240000 24.3
1250000 26.0
1260000 25.9
1270000 48.3
1280000 33.2
1290000 0.4
1300000 31.3
1310000 29.7
1320000 22.9
1330000 9.8
1340000 5.5
1350000 8.1
1360000 4.5
1370000 9.5
1380000 8.8
1390000 5.0
1400000 6.9
1410000 44.7
1420000 47.5
1430000 0.2
1440000 6.6
1450000 43.8
1460000 4.9
1470000 9.6
1480000 20.8
1490000 3.4
1500000 0.9
1510000 0.6
1520000 44.7
1530000 6.8
1540000 7.8
1550000 20.7
1560000 7.9
1570000 2.2
1580000 6.2
1590000 0.5
1600000 25.6
1610000 3.1
1620000 7.0
1630000 9.6
1640000 11.6
1650000 3.3
1660000 0.9
1670000 2.5
1680000 3.8
1690000 10.3
1700000 12.1
1710000 15.8
1720000 6.0
1730000 10.5
1740000 1.4
1750000 4.9
1760000 26.6
1770000 12.7
1780000 17.0
1790000 0.4
1800000 13.2
1810000 21.5
1820000 1.4
1830000 3.4
1840000 0.5
1850000 0.2
1860000 13.7
1870000 31.6
1880000 6.5
1890000 22.7
1900000 24.1
1910000 3.1
1920000 13.6
1930000 10.2
1940000 6.9
1950000 1.4
1960000 25.7
1970000 8.1
1980000 11.7
1990000 29.5
2000000 49.4
