10000 2.3
20000 2.5
30000 1.9
40000 27.9
50000 7.0
60000 3.8
70000 2.7
80000 14.6
90000 0.8
100000 0.4
110000 19.9
120000 0.2
130000 2.8
140000 0.8
150000 0.9
160000 0.7
170000 4.1
180000 0.4
190000 2.5
200000 3.4
210000 17.0
220000 3.6
230000 2.8
240000 8.8
250000 5.8
260000 5.5
270000 3.0
280000 1.3
290000 13.3
300000 5.9
310000 4.5
320000 13.6
330000 16.5
340000 0.1
350000 11.1
360000 4.5
370000 4.7
380000 13.5
390000 8.2
400000 0.7
410000 20.8
420000 15.3
430000 9.2
440000 2.5
450000 2.2
460000 5.3
470000 11.9
480000 12.2
490000 0.4
500000 3.3
510000 12.5
520000 6.5
530000 11.7
540000 21.7
550000 3.2
560000 15.0
570000 6.7
580000 7.0
590000 8.5
600000 11.5
610000 34.8
620000 0.2
630000 14.7
640000 4.6
650000 12.0
660000 26.6
670000 17.4
680000 14.5
690000 11.3
700000 10.5
710000 4.3
720000 11.7
730000 6.3
740000 1.4
750000 2.1
760000 4.1
770000 13.8
780000 16.5
790000 9.3
800000 12.5
810000 2.5
820000 2.2
830000 12.5
840000 9.3
850000 0.8
860000 5.0
870000 6.9
880000 47.0
890000 8.6
900000 21.9
910000 25.1
920000 30.4
930000 4.1
940000 1.7
950000 15.2
960000 6.0
970000 7.1
980000 18.1
990000 25.5
1000000 2.7
1010000 8.6
1020000 11.9
1030000 5.3
1040000 4.9
1050000 20.2
1060000 0.2
1070000 20.1
1080000 14.0
1090000 51.5
1100000 3.8
1110000 1.8
1120000 7.9
1130000 63.4
1140000 37.0
1150000 22.0
1160000 34.3
1170000 9.3
1180000 37.9
1190000 19.9
1200000 4.8
1210000 38.4
1220000 3.7
1230000 0.7
1240000 1.8
1250000 11.7
1260000 8.5
1270000 29.6
1280000 24.1
1290000 13.0
1300000 16.7
1310000 27.4
1320000 41.3
1330000 50.3
1340000 68.4
1350000 4.1
1360000 19.8
1370000 3.8
1380000 3.5
1390000 13.3
1400000 11.2
1410000 19.9
1420000 27.1
1430000 0.0
1440000 2.3
1450000 5.9
1460000 39.3
1470000 5.3
1480000 18.9
1490000 2.7
1500000 38.0
1510000 26.5
1520000 33.2
1530000 55.5
1540000 23.8
1550000 32.2
1560000 37.7
1570000 5.5
1580000 64.0
1590000 35.2
1600000 30.4
1610000 1.5
1620000 0.3
1630000 90.7
1640000 25.3
1650000 19.3
1660000 60.9
1670000 33.1
1680000 0.3
1690000 6.9
1700000 46.9
1710000 42.0
1720000 90.2
1730000 36.5
1740000 2.4
1750000 33.3
1760000 5.1
1770000 33.3
1780000 26.9
1790000 5.6
1800000 8.1
1810000 41.3
1820000 28.9
1830000 44.3
1840000 2.1
1850000 11.3
1860000 0.1
1870000 9.6
1880000 9.4
1890000 30.4
1900000 12.2
1910000 26.3
1920000 79.1
1930000 28.6
1940000 18.3
1950000 46.5
1960000 13.5
1970000 41.0
1980000 0.8
1990000 31.4
2000000 16.1
