10000 7.3
20000 4.1
30000 0.0
40000 0.8
50000 4.1
60000 0.1
70000 18.9
80000 4.7
90000 2.9
100000 4.0
110000 8.5
120000 0.1
130000 1.7
140000 8.2
150000 11.8
160000 5.5
170000 16.1
180000 3.8
190000 1.5
200000 1.0
210000 13.3
220000 6.8
230000 4.4
240000 4.2
250000 0.7
260000 6.4
270000 10.4
280000 5.1
290000 3.9
300000 1.5
310000 7.0
320000 5.4
330000 3.5
340000 0.8
350000 1.9
360000 0.3
370000 2.7
380000 1.2
390000 10.8
400000 10.1
410000 0.5
420000 3.4
430000 11.0
440000 2.9
450000 8.3
460000 4.1
470000 12.7
480000 7.8
490000 1.2
500000 25.0
510000 8.4
520000 0.8
530000 22.0
540000 10.1
550000 19.1
560000 26.3
570000 3.0
580000 9.6
590000 1.7
600000 4.7
610000 5.2
620000 0.8
630000 10.3
640000 12.1
650000 5.8
660000 25.1
670000 6.8
680000 25.6
690000 19.5
700000 37.2
710000 20.6
720000 19.1
730000 11.3
740000 21.3
750000 45.4
760000 8.4
770000 10.0
780000 25.8
790000 12.7
800000 28.6
810000 6.9
820000 6.3
830000 7.3
840000 3.5
850000 11.1
860000 30.8
870000 6.7
880000 20.6
890000 20.6
900000 0.2
910000 8.6
920000 4.7
930000 3.3
940000 12.6
950000 9.3
960000 2.2
970000 4.2
980000 4.5
990000 7.5
1000000 8.3
1010000 7.9
1020000 4.2
1030000 2.4
1040000 14.3
1050000 11.0
1060000 7.5
1070000 13.8
1080000 10.6
1090000 3.0
1100000 8.2
1110000 20.9
1120000 13.9
1130000 4.8
1140000 1.2
1150000 5.4
1160000 4.7
1170000 17.9
1180000 1.4
1190000 2.0
1200000 4.2
1210000 8.5
1220000 3.0
1230000 3.3
1240000 7.5
1250000 5.1
1260000 7.5
1270000 38.4
1280000 0.1
1290000 17.7
1300000 1.7
1310000 7.4
1320000 35.3
1330000 51.5
1340000 16.4
1350000 23.7
1360000 30.4
1370000 21.2
1380000 3.2
1390000 21.5
1400000 5.0
1410000 4.3
1420000 9.4
1430000 8.5
1440000 25.6
1450000 0.5
1460000 1.6
1470000 37.9
1480000 18.3
1490000 28.5
1500000 33.2
1510000 3.4
1520000 47.7
1530000 52.0
1540000 2.2
1550000 0.4
1560000 29.7
1570000 28.1
1580000 23.8
1590000 0.2
1600000 21.3
1610000 1.7
1620000 23.9
1630000 37.9
1640000 2.7
1650000 1.0
1660000 2.4
1670000 38.7
1680000 1.5
1690000 8.1
1700000 27.5
1710000 60.4
1720000 13.3
1730000 1.7
1740000 4.3
1750000 22.9
1760000 7.8
1770000 30.5
1780000 29.7
1790000 10.6
1800000 6.1
1810000 1.5
1820000 0.4
1830000 11.1
1840000 1.3
1850000 5.4
1860000 10.2
1870000 8.4
1880000 14.8
1890000 10.9
1900000 6.8
1910000 5.6
1920000 20.7
1930000 4.4
1940000 23.5
1950000 13.9
1960000 5.4
1970000 7.5
1980000 12.9
1990000 20.7
2000000 27.0
