10000 0.4
20000 0.9
30000 6.3
40000 3.0
50000 1.2
60000 8.3
70000 0.3
80000 10.6
90000 5.2
100000 8.5
110000 6.8
120000 3.3
130000 11.5
140000 0.1
150000 9.2
160000 3.5
170000 4.0
180000 0.8
190000 2.6
200000 0.3
210000 0.0
220000 1.1
230000 4.1
240000 13.4
250000 10.3
260000 3.4
270000 2.1
280000 0.8
290000 4.2
300000 5.4
310000 2.9
320000 2.2
330000 5.9
340000 0.9
350000 4.7
360000 2.0
370000 7.1
380000 0.7
390000 7.5
400000 5.7
410000 0.5
420000 14.7
430000 1.6
440000 12.3
450000 3.9
460000 0.3
470000 4.8
480000 2.3
490000 6.2
500000 1.5
510000 19.8
520000 28.7
530000 1.4
540000 1.7
550000 6.0
560000 1.0
570000 16.0
580000 5.0
590000 6.7
600000 18.1
610000 8.2
620000 6.8
630000 22.1
640000 9.0
650000 7.6
660000 2.0
670000 10.9
680000 8.1
690000 1.0
700000 16.2
710000 4.1
720000 1.6
730000 4.8
740000 19.9
750000 4.3
760000 6.4
770000 6.2
780000 1.0
790000 6.9
800000 6.3
810000 13.3
820000 2.6
830000 1.4
840000 0.4
850000 1.2
860000 10.1
870000 1.4
880000 8.5
890000 8.0
900000 3.1
910000 1.8
920000 1.2
930000 1.2
940000 10.5
950000 4.0
960000 10.7
970000 0.9
980000 3.4
990000 16.2
1000000 16.5
1010000 9.3
1020000 2.6
1030000 7.4
1040000 2.2
1050000 20.9
1060000 6.1
1070000 16.4
1080000 11.9
1090000 29.9
1100000 3.9
1110000 14.6
1120000 0.5
1130000 2.8
1140000 8.3
1150000 0.7
1160000 0.9
1170000 5.8
1180000 0.8
1190000 5.9
1200000 12.1
1210000 0.2
1220000 6.4
1230000 1.6
1240000 14.7
1250000 0.7
1260000 6.0
1270000 8.6
1280000 3.5
1290000 6.6
1300000 5.2
1310000 30.2
1320000 26.6
1330000 13.5
1340000 3.0
1350000 31.6
1360000 55.8
1370000 15.2
1380000 19.2
1390000 1.6
1400000 3.5
1410000 22.1
1420000 3.6
1430000 6.1
1440000 16.2
1450000 0.5
1460000 36.0
1470000 22.6
1480000 13.9
1490000 7.6
1500000 4.3
1510000 1.7
1520000 4.1
1530000 4.8
1540000 28.2
1550000 0.1
1560000 5.1
1570000 1.0
1580000 16.1
1590000 8.1
1600000 0.3
1610000 20.0
1620000 6.8
1630000 11.7
1640000 7.3
1650000 7.2
1660000 0.8
1670000 2.6
1680000 14.0
1690000 4.8
1700000 2.3
1710000 19.6
1720000 13.6
1730000 1.8
1740000 5.1
1750000 4.3
1760000 6.4
1770000 3.8
1780000 9.8
1790000 0.0
1800000 21.0
1810000 26.4
1820000 21.2
1830000 8.1
1840000 1.2
1850000 9.8
1860000 25.8
1870000 16.4
1880000 17.3
1890000 25.6
1900000 6.0
1910000 19.6
1920000 13.2
1930000 53.2
1940000 18.2
1950000 7.0
1960000 5.3
1970000 0.4
1980000 1.0
1990000 8.8
2000000 11.5
