10000 1.0
20000 6.4
30000 0.3
40000 9.7
50000 14.4
60000 5.7
70000 0.4
80000 2.7
90000 1.3
100000 1.3
110000 3.4
120000 20.0
130000 8.9
140000 1.5
150000 4.8
160000 7.4
170000 21.3
180000 6.4
190000 2.9
200000 6.1
210000 15.6
220000 2.2
230000 10.3
240000 0.3
250000 9.3
260000 5.8
270000 7.1
280000 9.4
290000 1.8
300000 0.2
310000 0.1
320000 4.5
330000 27.8
340000 9.4
350000 17.5
360000 20.8
370000 2.7
380000 3.7
390000 3.7
400000 2.2
410000 5.9
420000 9.8
430000 2.2
440000 5.9
450000 43.6
460000 26.9
470000 9.0
480000 2.8
490000 1.2
500000 16.3
510000 2.8
520000 13.3
530000 6.2
540000 15.6
550000 6.6
560000 18.1
570000 7.2
580000 12.4
590000 11.6
600000 15.9
610000 2.2
620000 13.5
630000 10.0
640000 22.1
650000 21.7
660000 17.0
670000 0.5
680000 17.4
690000 12.6
700000 4.5
710000 6.8
720000 8.2
730000 6.6
740000 2.9
750000 1.3
760000 5.9
770000 8.5
780000 18.0
790000 1.4
800000 2.7
810000 13.9
820000 4.6
830000 12.3
840000 7.0
850000 5.5
860000 21.4
870000 1.0
880000 0.7
890000 0.7
900000 2.6
910000 2.5
920000 13.7
930000 6.7
940000 16.0
950000 29.4
960000 3.1
970000 14.5
980000 11.9
990000 8.2
1000000 0.2
1010000 10.4
1020000 4.3
1030000 13.4
1040000 3.7
1050000 10.6
1060000 13.9
1070000 11.2
1080000 21.7
1090000 10.4
1100000 0.5
1110000 5.6
1120000 18.5
1130000 11.0
1140000 10.5
1150000 4.5
1160000 8.9
1170000 32.4
1180000 10.2
1190000 27.5
1200000 4.8
1210000 1.0
1220000 19.3
1230000 15.8
1240000 10.8
1250000 9.9
1260000 0.3
1270000 2.0
1280000 0.6
1290000 1.4
1300000 9.5
1310000 6.7
1320000 11.7
1330000 36.3
1340000 10.8
1350000 29.5
1360000 7.7
1370000 3.1
1380000 24.2
1390000 1.7
1400000 19.2
1410000 5.2
1420000 5.4
1430000 15.5
1440000 13.9
1450000 20.9
1460000 6.9
1470000 0.1
1480000 4.4
1490000 10.7
1500000 27.8
1510000 16.8
1520000 9.6
1530000 0.1
1540000 14.7
1550000 22.8
1560000 3.3
1570000 3.6
1580000 0.3
1590000 10.4
1600000 16.6
1610000 15.0
1620000 17.9
1630000 6.4
1640000 4.3
1650000 4.1
1660000 13.8
1670000 9.7
1680000 8.1
1690000 20.5
1700000 34.4
1710000 1.9
1720000 5.1
1730000 22.5
1740000 15.3
1750000 7.3
1760000 28.7
1770000 21.0
1780000 16.7
1790000 17.1
1800000 31.1
1810000 6.3
1820000 21.5
1830000 1.6
1840000 8.1
1850000 15.8
1860000 12.6
1870000 7.3
1880000 14.9
1890000 21.4
1900000 8.6
1910000 31.8
1920000 6.7
1930000 0.2
1940000 18.0
1950000 8.4
1960000 2.2
1970000 3.1
1980000 8.4
1990000 10.4
2000000 17.8
