10000 4.7
20000 6.5
30000 1.5
40000 21.3
50000 17.1
60000 0.9
70000 20.4
80000 19.1
90000 2.9
100000 9.9
110000 13.4
120000 4.1
130000 5.0
140000 22.7
150000 10.7
160000 2.3
170000 13.2
180000 27.8
190000 32.2
200000 20.9
210000 23.8
220000 14.5
230000 1.5
240000 29.0
250000 12.4
260000 16.2
270000 12.8
280000 5.2
290000 5.5
300000 12.5
310000 1.6
320000 5.0
330000 37.3
340000 9.7
350000 27.6
360000 23.6
370000 33.3
380000 32.8
390000 16.0
400000 30.7
410000 18.5
420000 16.5
430000 29.6
440000 17.1
450000 12.8
460000 18.0
470000 3.5
480000 19.0
490000 1.9
500000 28.2
510000 6.0
520000 40.0
530000 38.2
540000 61.1
550000 30.5
560000 69.9
570000 50.5
580000 49.3
590000 28.8
600000 44.5
610000 22.0
620000 55.8
630000 15.2
640000 54.4
650000 47.7
660000 51.4
670000 10.0
680000 34.3
690000 30.4
700000 57.7
710000 51.0
720000 16.5
730000 28.8
740000 37.9
750000 12.4
760000 6.0
770000 27.6
780000 74.9
790000 13.2
800000 38.0
810000 10.7
820000 27.0
830000 13.6
840000 7.7
850000 27.9
860000 19.1
870000 40.1
880000 29.4
890000 14.3
900000 26.5
910000 34.5
920000 11.1
930000 46.6
940000 78.2
950000 36.1
960000 25.6
970000 55.7
980000 31.8
990000 55.2
1000000 51.2
1010000 45.1
1020000 48.8
1030000 9.3
1040000 26.9
1050000 72.0
1060000 30.8
1070000 50.6
1080000 4.0
1090000 0.6
1100000 22.5
1110000 51.2
1120000 25.9
1130000 31.5
1140000 75.7
1150000 37.5
1160000 28.2
1170000 5.1
1180000 12.9
1190000 58.0
1200000 24.6
1210000 9.2
1220000 0.0
1230000 18.4
1240000 15.3
1250000 22.8
1260000 9.6
1270000 39.2
1280000 36.3
1290000 4.0
1300000 96.7
1310000 36.0
1320000 56.0
1330000 35.8
1340000 79.5
1350000 28.8
1360000 1.3
1370000 52.0
1380000 131.5
1390000 40.7
1400000 38.5
1410000 24.6
1420000 62.9
1430000 33.6
1440000 42.4
1450000 45.4
1460000 55.1
1470000 31.0
1480000 31.7
1490000 21.7
1500000 45.0
1510000 0.9
1520000 96.8
1530000 81.7
1540000 48.5
1550000 80.0
1560000 45.5
1570000 4.2
1580000 57.8
1590000 0.1
1600000 41.5
1610000 54.2
1620000 55.9
1630000 3.7
1640000 77.2
1650000 61.6
1660000 54.1
1670000 31.0
1680000 39.4
1690000 60.7
1700000 25.7
1710000 10.6
1720000 38.5
1730000 54.7
1740000 0.0
1750000 74.2
1760000 61.4
1770000 39.0
1780000 0.5
1790000 90.3
1800000 7.9
1810000 75.7
1820000 0.4
1830000 51.7
1840000 68.0
1850000 34.5
1860000 50.7
1870000 61.8
1880000 67.5
1890000 0.2
1900000 43.2
1910000 16.7
1920000 53.8
1930000 74.8
1940000 82.2
1950000 8.2
1960000 23.7
1970000 13.4
1980000 57.6
1990000 69.0
2000000 2.6
