10000 22.9
20000 31.6
30000 85.3
40000 123.9
50000 118.8
60000 125.3
70000 164.5
80000 171.8
90000 202.0
100000 202.4
110000 223.6
120000 234.8
130000 231.8
140000 223.4
150000 279.1
160000 242.3
170000 277.6
180000 263.3
190000 296.6
200000 302.7
210000 254.5
220000 305.4
230000 300.3
240000 330.2
250000 319.8
260000 332.9
270000 325.2
280000 340.1
290000 360.0
300000 351.7
310000 342.0
320000 349.8
330000 339.7
340000 343.6
350000 345.2
360000 364.4
370000 376.4
380000 358.2
390000 369.2
400000 386.9
410000 187.7
420000 316.6
430000 374.1
440000 377.9
450000 366.1
460000 370.4
470000 372.6
480000 382.2
490000 383.1
500000 381.0
510000 380.7
520000 410.3
530000 389.0
540000 390.1
550000 391.7
560000 397.7
570000 392.1
580000 389.8
590000 343.5
600000 383.8
610000 165.1
620000 356.2
630000 365.6
640000 385.0
650000 385.1
660000 378.3
670000 384.6
680000 383.6
690000 355.3
700000 405.9
710000 395.3
720000 408.0
730000 419.6
740000 403.4
750000 407.5
760000 403.7
770000 384.2
780000 391.4
790000 409.9
800000 400.3
810000 172.1
820000 340.6
830000 380.2
840000 338.6
850000 369.2
860000 381.3
870000 411.4
880000 356.1
890000 376.4
900000 399.5
910000 425.7
920000 409.4
930000 401.0
940000 409.3
950000 388.0
960000 366.6
970000 410.8
980000 388.2
990000 428.2
1000000 386.0
1010000 161.5
1020000 356.9
1030000 398.0
1040000 399.0
1050000 397.1
1060000 393.3
1070000 405.1
1080000 410.8
1090000 399.0
1100000 422.6
1110000 436.7
1120000 372.8
1130000 424.8
1140000 418.0
1150000 426.5
1160000 433.8
1170000 431.7
1180000 424.4
1190000 412.2
1200000 426.9
1210000 190.2
1220000 344.6
1230000 381.0
1240000 399.6
1250000 386.4
1260000 388.9
1270000 399.5
1280000 416.5
1290000 415.0
1300000 429.9
1310000 426.6
1320000 412.6
1330000 409.7
1340000 415.8
1350000 432.2
1360000 416.6
1370000 433.5
1380000 398.5
1390000 428.4
1400000 444.4
1410000 119.1
1420000 338.6
1430000 378.2
1440000 381.2
1450000 402.2
1460000 390.4
1470000 426.8
1480000 419.0
1490000 410.5
1500000 414.2
1510000 435.8
1520000 425.1
1530000 418.3
1540000 423.1
1550000 389.1
1560000 415.6
1570000 422.5
1580000 415.7
1590000 419.5
1600000 436.3
1610000 223.7
1620000 384.3
1630000 423.0
1640000 409.1
1650000 425.5
1660000 423.0
1670000 436.2
1680000 420.7
1690000 420.6
1700000 408.2
1710000 413.3
1720000 389.3
1730000 388.4
1740000 431.5
1750000 428.2
1760000 434.3
1770000 431.9
1780000 409.6
1790000 431.6
1800000 427.6
1810000 212.7
1820000 329.5
1830000 390.4
1840000 376.1
1850000 406.5
1860000 386.6
1870000 427.5
1880000 433.8
1890000 413.1
1900000 414.3
1910000 426.3
1920000 400.5
1930000 434.7
1940000 435.2
1950000 422.8
1960000 441.9
1970000 426.2
1980000 430.2
1990000 425.6
2000000 426.9
