10000 21.6
20000 60.4
30000 116.4
40000 123.8
50000 158.4
60000 161.3
70000 186.0
80000 202.7
90000 221.5
100000 249.3
110000 277.8
120000 301.0
130000 300.9
140000 336.0
150000 355.3
160000 376.1
170000 369.3
180000 378.6
190000 371.5
200000 389.4
210000 293.7
220000 348.6
230000 366.8
240000 419.0
250000 423.6
260000 434.7
270000 462.2
280000 451.9
290000 473.9
300000 455.6
310000 450.3
320000 431.0
330000 448.9
340000 421.5
350000 454.1
360000 469.6
370000 460.7
380000 490.7
390000 491.4
400000 501.1
410000 136.7
420000 364.5
430000 401.3
440000 469.0
450000 496.8
460000 497.1
470000 486.4
480000 544.5
490000 505.5
500000 527.3
510000 538.8
520000 531.3
530000 553.6
540000 557.1
550000 553.8
560000 538.2
570000 536.5
580000 574.0
590000 537.4
600000 519.7
610000 186.2
620000 380.6
630000 544.0
640000 556.7
650000 588.5
660000 544.5
670000 587.4
680000 584.0
690000 595.3
700000 612.9
710000 619.4
720000 627.5
730000 607.0
740000 610.4
750000 621.1
760000 643.5
770000 659.1
780000 647.5
790000 572.3
800000 643.4
810000 155.6
820000 441.3
830000 502.8
840000 528.8
850000 603.0
860000 618.0
870000 606.8
880000 618.6
890000 646.9
900000 609.0
910000 630.7
920000 633.7
930000 615.6
940000 635.8
950000 624.2
960000 621.2
970000 631.8
980000 638.5
990000 645.9
1000000 644.5
1010000 140.1
1020000 293.0
1030000 497.5
1040000 531.1
1050000 592.9
1060000 583.4
1070000 567.7
1080000 613.3
1090000 573.7
1100000 622.2
1110000 595.5
1120000 628.0
1130000 642.0
1140000 628.3
1150000 612.3
1160000 641.2
1170000 641.2
1180000 602.2
1190000 610.6
1200000 592.6
1210000 238.9
1220000 504.9
1230000 585.2
1240000 502.0
1250000 650.5
1260000 623.5
1270000 640.2
1280000 653.4
1290000 636.0
1300000 648.1
1310000 623.0
1320000 672.9
1330000 626.8
1340000 651.3
1350000 665.1
1360000 668.7
1370000 651.1
1380000 666.1
1390000 636.2
1400000 690.4
1410000 97.9
1420000 273.0
1430000 438.8
1440000 548.9
1450000 586.8
1460000 574.5
1470000 629.3
1480000 635.6
1490000 593.5
1500000 582.5
1510000 622.5
1520000 629.7
1530000 651.8
1540000 674.8
1550000 679.0
1560000 683.0
1570000 631.6
1580000 659.7
1590000 677.8
1600000 667.8
1610000 144.8
1620000 519.2
1630000 580.8
1640000 628.2
1650000 562.9
1660000 620.5
1670000 655.7
1680000 601.9
1690000 630.9
1700000 650.6
1710000 667.3
1720000 608.9
1730000 656.6
1740000 613.6
1750000 626.3
1760000 656.2
1770000 650.3
1780000 644.2
1790000 658.3
1800000 663.2
1810000 142.0
1820000 262.7
1830000 478.5
1840000 570.0
1850000 593.9
1860000 585.3
1870000 615.6
1880000 648.7
1890000 632.8
1900000 649.8
1910000 678.8
1920000 579.1
1930000 645.3
1940000 640.2
1950000 661.8
1960000 640.3
1970000 682.3
1980000 650.8
1990000 651.2
2000000 643.7
