10000 24.3
20000 47.8
30000 73.3
40000 105.9
50000 157.5
60000 153.7
70000 162.1
80000 162.0
90000 171.8
100000 177.5
110000 188.6
120000 213.3
130000 217.6
140000 223.7
150000 233.4
160000 217.4
170000 244.2
180000 246.2
190000 254.2
200000 262.3
210000 193.8
220000 268.2
230000 274.9
240000 278.2
250000 304.8
260000 282.9
270000 285.8
280000 326.7
290000 339.9
300000 360.1
310000 368.0
320000 379.3
330000 399.5
340000 416.8
350000 393.6
360000 424.1
370000 418.2
380000 428.4
390000 425.4
400000 449.2
410000 224.0
420000 370.4
430000 398.5
440000 434.9
450000 433.7
460000 483.1
470000 455.3
480000 451.8
490000 509.9
500000 518.5
510000 528.9
520000 537.5
530000 502.6
540000 525.6
550000 506.9
560000 545.1
570000 569.1
580000 542.6
590000 561.6
600000 576.1
610000 74.0
620000 387.4
630000 393.1
640000 536.1
650000 509.9
660000 557.8
670000 533.2
680000 583.7
690000 560.0
700000 585.9
710000 524.7
720000 590.6
730000 602.0
740000 617.0
750000 619.3
760000 568.0
770000 635.2
780000 631.2
790000 610.0
800000 630.8
810000 91.7
820000 394.9
830000 543.8
840000 538.6
850000 584.4
860000 609.6
870000 600.7
880000 605.8
890000 553.2
900000 615.7
910000 625.1
920000 493.5
930000 608.9
940000 612.2
950000 632.8
960000 617.7
970000 618.4
980000 633.9
990000 638.9
1000000 580.3
1010000 92.5
1020000 413.2
1030000 508.4
1040000 596.1
1050000 619.6
1060000 562.9
1070000 596.9
1080000 608.6
1090000 628.7
1100000 608.5
1110000 643.5
1120000 628.8
1130000 625.8
1140000 628.4
1150000 611.5
1160000 648.2
1170000 580.9
1180000 587.0
1190000 649.7
1200000 606.9
1210000 76.4
1220000 444.7
1230000 460.6
1240000 528.1
1250000 552.6
1260000 532.2
1270000 576.3
1280000 601.0
1290000 616.8
1300000 584.1
1310000 577.1
1320000 599.8
1330000 575.9
1340000 605.4
1350000 632.6
1360000 621.7
1370000 622.7
1380000 610.8
1390000 572.2
1400000 595.7
1410000 62.9
1420000 491.1
1430000 536.3
1440000 545.9
1450000 512.4
1460000 595.5
1470000 586.2
1480000 570.0
1490000 572.3
1500000 582.1
1510000 633.5
1520000 634.7
1530000 605.4
1540000 579.0
1550000 621.9
1560000 634.8
1570000 629.3
1580000 617.6
1590000 635.4
1600000 634.1
1610000 136.0
1620000 394.3
1630000 447.3
1640000 556.4
1650000 522.8
1660000 506.0
1670000 567.1
1680000 579.2
1690000 572.8
1700000 637.1
1710000 615.4
1720000 651.9
1730000 639.8
1740000 633.3
1750000 630.7
1760000 619.7
1770000 636.1
1780000 623.4
1790000 645.9
1800000 646.9
1810000 126.6
1820000 530.5
1830000 596.1
1840000 601.6
1850000 617.3
1860000 602.9
1870000 646.2
1880000 569.6
1890000 599.2
1900000 651.3
1910000 627.6
1920000 566.9
1930000 580.6
1940000 646.2
1950000 629.2
1960000 629.4
1970000 647.0
1980000 656.1
1990000 631.0
2000000 636.1
