10000 24.5
20000 86.4
30000 112.2
40000 151.6
50000 155.8
60000 174.3
70000 192.0
80000 221.8
90000 272.6
100000 258.0
110000 307.1
120000 312.0
130000 351.8
140000 327.8
150000 388.5
160000 350.3
170000 375.0
180000 365.6
190000 386.7
200000 391.1
210000 236.9
220000 360.8
230000 392.4
240000 409.1
250000 409.6
260000 401.2
270000 410.4
280000 404.7
290000 422.4
300000 392.7
310000 420.5
320000 419.9
330000 411.5
340000 397.5
350000 445.1
360000 441.9
370000 435.6
380000 438.7
390000 406.2
400000 452.8
410000 127.4
420000 382.4
430000 407.8
440000 437.3
450000 468.5
460000 449.6
470000 443.5
480000 498.4
490000 476.4
500000 489.2
510000 498.2
520000 478.3
530000 509.3
540000 515.2
550000 537.8
560000 541.2
570000 488.7
580000 518.2
590000 517.9
600000 542.4
610000 182.4
620000 417.0
630000 456.2
640000 470.3
650000 509.7
660000 515.4
670000 470.1
680000 542.2
690000 376.3
700000 553.6
710000 550.6
720000 560.5
730000 524.7
740000 557.1
750000 581.8
760000 573.3
770000 576.6
780000 563.5
790000 584.6
800000 583.3
810000 76.0
820000 242.0
830000 367.0
840000 480.7
850000 538.3
860000 497.6
870000 488.9
880000 557.2
890000 537.9
900000 529.0
910000 550.3
920000 553.5
930000 522.1
940000 538.8
950000 495.7
960000 557.1
970000 568.1
980000 564.2
990000 574.9
1000000 525.2
1010000 167.3
1020000 369.5
1030000 513.4
1040000 507.2
1050000 503.3
1060000 498.5
1070000 516.9
1080000 559.1
1090000 520.7
1100000 568.6
1110000 578.5
1120000 586.7
1130000 568.6
1140000 574.3
1150000 586.1
1160000 593.7
1170000 593.9
1180000 596.1
1190000 544.9
1200000 585.2
1210000 99.2
1220000 355.2
1230000 418.5
1240000 425.3
1250000 504.5
1260000 525.5
1270000 529.3
1280000 521.1
1290000 541.2
1300000 567.2
1310000 556.6
1320000 572.7
1330000 590.6
1340000 576.1
1350000 584.9
1360000 578.1
1370000 590.2
1380000 560.6
1390000 588.4
1400000 582.2
1410000 114.0
1420000 475.0
1430000 517.0
1440000 520.3
1450000 536.0
1460000 521.5
1470000 543.9
1480000 574.9
1490000 557.7
1500000 571.3
1510000 547.2
1520000 560.9
1530000 585.1
1540000 534.8
1550000 582.2
1560000 572.1
1570000 516.7
1580000 560.1
1590000 554.0
1600000 573.6
1610000 84.9
1620000 441.5
1630000 471.9
1640000 518.2
1650000 529.2
1660000 556.9
1670000 510.7
1680000 563.5
1690000 535.4
1700000 559.7
1710000 574.7
1720000 565.1
1730000 583.5
1740000 559.5
1750000 564.7
1760000 529.7
1770000 581.5
1780000 576.0
1790000 586.4
1800000 497.4
1810000 189.1
1820000 437.1
1830000 532.5
1840000 520.9
1850000 551.1
1860000 508.1
1870000 540.8
1880000 559.7
1890000 559.6
1900000 560.3
1910000 547.9
1920000 555.7
1930000 528.5
1940000 564.3
1950000 577.8
1960000 564.8
1970000 560.6
1980000 570.7
1990000 584.9
2000000 581.1
