10000 24.8
20000 56.5
30000 64.4
40000 102.2
50000 116.1
60000 134.4
70000 144.2
80000 119.1
90000 92.9
100000 91.9
110000 59.1
120000 48.2
130000 54.3
140000 60.4
150000 28.8
160000 26.1
170000 26.1
180000 21.6
190000 32.1
200000 20.9
210000 64.4
220000 162.5
230000 231.8
240000 238.4
250000 272.4
260000 288.8
270000 303.5
280000 313.4
290000 318.4
300000 321.2
310000 342.0
320000 361.9
330000 353.7
340000 378.2
350000 397.5
360000 410.1
370000 427.5
380000 445.1
390000 442.5
400000 450.7
410000 305.8
420000 445.2
430000 471.8
440000 478.5
450000 476.6
460000 470.7
470000 463.4
480000 490.7
490000 508.5
500000 487.0
510000 494.1
520000 483.8
530000 464.6
540000 491.9
550000 458.2
560000 503.2
570000 518.8
580000 508.8
590000 471.2
600000 536.6
610000 110.6
620000 341.8
630000 464.4
640000 476.4
650000 476.2
660000 493.0
670000 537.7
680000 533.2
690000 548.0
700000 560.0
710000 541.7
720000 550.5
730000 527.7
740000 548.8
750000 565.8
760000 552.3
770000 557.9
780000 567.6
790000 559.8
800000 567.6
810000 163.6
820000 363.9
830000 488.8
840000 499.9
850000 470.4
860000 556.1
870000 536.9
880000 538.1
890000 555.8
900000 546.4
910000 477.0
920000 552.5
930000 550.5
940000 540.2
950000 534.4
960000 506.8
970000 537.8
980000 497.8
990000 567.4
1000000 568.0
1010000 88.9
1020000 368.6
1030000 428.4
1040000 484.9
1050000 518.7
1060000 422.4
1070000 531.8
1080000 509.5
1090000 524.6
1100000 506.6
1110000 552.5
1120000 563.9
1130000 547.7
1140000 557.5
1150000 562.5
1160000 541.0
1170000 557.3
1180000 575.0
1190000 489.2
1200000 571.8
1210000 91.6
1220000 504.0
1230000 500.4
1240000 481.9
1250000 527.4
1260000 473.5
1270000 552.2
1280000 486.9
1290000 531.4
1300000 547.5
1310000 560.5
1320000 538.6
1330000 524.6
1340000 568.9
1350000 536.3
1360000 464.4
1370000 486.0
1380000 582.1
1390000 563.3
1400000 572.7
1410000 138.6
1420000 382.4
1430000 454.9
1440000 439.6
1450000 476.3
1460000 504.2
1470000 543.8
1480000 554.6
1490000 549.9
1500000 567.3
1510000 555.1
1520000 561.7
1530000 566.5
1540000 591.3
1550000 570.2
1560000 570.7
1570000 577.1
1580000 589.9
1590000 590.6
1600000 572.2
1610000 304.6
1620000 473.2
1630000 490.6
1640000 570.1
1650000 519.4
1660000 563.5
1670000 535.4
1680000 571.1
1690000 573.2
1700000 555.2
1710000 573.2
1720000 592.6
1730000 593.6
1740000 592.4
1750000 581.9
1760000 589.4
1770000 539.6
1780000 584.3
1790000 573.3
1800000 591.2
1810000 100.4
1820000 449.4
1830000 442.4
1840000 522.2
1850000 534.6
1860000 543.2
1870000 534.6
1880000 542.4
1890000 558.7
1900000 563.3
1910000 567.1
1920000 539.5
1930000 562.7
1940000 588.9
1950000 575.1
1960000 568.2
1970000 595.2
1980000 591.4
1990000 588.7
2000000 598.5
