10000 29.5
20000 74.5
30000 101.7
40000 148.8
50000 152.3
60000 150.8
70000 160.2
80000 168.9
90000 175.2
100000 177.6
110000 221.1
120000 241.2
130000 278.9
140000 295.9
150000 314.2
160000 346.4
170000 327.8
180000 320.3
190000 368.1
200000 357.7
210000 207.4
220000 344.3
230000 395.2
240000 441.0
250000 443.1
260000 452.6
270000 448.9
280000 477.3
290000 431.7
300000 415.4
310000 496.4
320000 481.4
330000 502.2
340000 498.9
350000 491.4
360000 482.1
370000 457.2
380000 509.2
390000 486.3
400000 482.0
410000 103.8
420000 369.4
430000 465.1
440000 448.2
450000 469.8
460000 491.0
470000 460.0
480000 495.1
490000 500.7
500000 516.5
510000 474.8
520000 509.2
530000 479.5
540000 516.9
550000 504.4
560000 535.3
570000 530.4
580000 511.1
590000 546.5
600000 538.4
610000 147.3
620000 418.8
630000 476.8
640000 438.2
650000 467.2
660000 525.8
670000 520.4
680000 533.7
690000 555.6
700000 475.1
710000 545.0
720000 531.9
730000 514.0
740000 536.3
750000 577.6
760000 524.3
770000 530.2
780000 493.4
790000 516.0
800000 536.9
810000 203.0
820000 398.0
830000 497.2
840000 508.0
850000 527.9
860000 525.6
870000 489.3
880000 483.9
890000 547.6
900000 548.5
910000 536.1
920000 546.7
930000 563.5
940000 528.2
950000 566.8
960000 562.8
970000 534.4
980000 552.1
990000 575.4
1000000 564.2
1010000 81.4
1020000 423.9
1030000 416.5
1040000 479.3
1050000 553.7
1060000 478.0
1070000 530.6
1080000 548.3
1090000 547.2
1100000 511.7
1110000 549.3
1120000 502.8
1130000 558.1
1140000 575.2
1150000 568.5
1160000 580.2
1170000 580.6
1180000 530.6
1190000 545.7
1200000 550.3
1210000 153.9
1220000 389.2
1230000 404.4
1240000 483.3
1250000 550.0
1260000 548.8
1270000 531.4
1280000 541.1
1290000 566.9
1300000 518.7
1310000 564.5
1320000 564.5
1330000 556.6
1340000 578.7
1350000 578.0
1360000 509.1
1370000 576.6
1380000 601.4
1390000 578.2
1400000 598.9
1410000 122.2
1420000 356.0
1430000 509.8
1440000 565.8
1450000 497.4
1460000 547.3
1470000 565.0
1480000 537.2
1490000 579.3
1500000 563.0
1510000 566.8
1520000 580.4
1530000 554.9
1540000 525.6
1550000 556.5
1560000 575.4
1570000 567.6
1580000 594.0
1590000 564.8
1600000 585.4
1610000 137.4
1620000 405.7
1630000 502.7
1640000 510.7
1650000 517.0
1660000 507.0
1670000 535.3
1680000 541.6
1690000 496.1
1700000 547.2
1710000 564.9
1720000 588.8
1730000 597.9
1740000 562.1
1750000 524.5
1760000 507.7
1770000 578.4
1780000 580.6
1790000 570.9
1800000 597.3
1810000 38.8
1820000 349.4
1830000 431.6
1840000 501.0
1850000 482.0
1860000 562.6
1870000 570.8
1880000 559.7
1890000 599.6
1900000 612.8
1910000 611.2
1920000 555.9
1930000 615.1
1940000 617.0
1950000 603.7
1960000 593.0
1970000 616.0
1980000 582.7
1990000 632.5
2000000 614.4
