10000 24.7
20000 63.3
30000 73.0
40000 119.4
50000 136.5
60000 123.5
70000 159.7
80000 113.3
90000 148.7
100000 168.4
110000 180.6
120000 175.5
130000 173.2
140000 172.8
150000 223.2
160000 201.4
170000 249.9
180000 230.9
190000 229.7
200000 273.7
210000 114.0
220000 286.4
230000 292.9
240000 298.5
250000 309.5
260000 318.9
270000 320.9
280000 327.0
290000 334.5
300000 333.0
310000 343.7
320000 343.6
330000 361.9
340000 346.0
350000 357.5
360000 360.1
370000 357.3
380000 384.7
390000 357.7
400000 386.0
410000 252.3
420000 390.1
430000 368.4
440000 363.4
450000 395.1
460000 400.8
470000 398.9
480000 406.2
490000 411.2
500000 406.7
510000 353.7
520000 394.8
530000 392.6
540000 381.4
550000 391.0
560000 401.8
570000 380.2
580000 410.5
590000 403.6
600000 408.5
610000 148.2
620000 352.0
630000 370.8
640000 381.7
650000 418.0
660000 398.6
670000 393.5
680000 407.6
690000 392.7
700000 397.2
710000 400.4
720000 416.4
730000 419.7
740000 422.5
750000 432.9
760000 426.6
770000 400.6
780000 401.7
790000 417.6
800000 428.3
810000 235.6
820000 391.1
830000 376.8
840000 398.8
850000 408.8
860000 375.5
870000 381.2
880000 390.6
890000 422.7
900000 394.3
910000 416.6
920000 417.2
930000 373.7
940000 410.6
950000 413.2
960000 399.9
970000 405.7
980000 415.3
990000 372.1
1000000 404.3
1010000 147.6
1020000 359.7
1030000 395.4
1040000 382.6
1050000 352.3
1060000 406.3
1070000 397.7
1080000 413.1
1090000 396.8
1100000 396.6
1110000 406.3
1120000 413.3
1130000 425.0
1140000 421.1
1150000 400.1
1160000 415.5
1170000 383.6
1180000 412.7
1190000 389.3
1200000 399.3
1210000 193.9
1220000 334.8
1230000 400.6
1240000 393.1
1250000 428.2
1260000 383.5
1270000 407.0
1280000 420.5
1290000 395.7
1300000 425.4
1310000 417.7
1320000 417.5
1330000 415.6
1340000 424.2
1350000 421.2
1360000 422.4
1370000 421.0
1380000 421.5
1390000 422.0
1400000 432.3
1410000 183.5
1420000 352.4
1430000 404.6
1440000 331.9
1450000 394.3
1460000 407.1
1470000 388.8
1480000 350.3
1490000 404.3
1500000 416.4
1510000 409.9
1520000 426.8
1530000 430.1
1540000 434.7
1550000 416.3
1560000 398.3
1570000 359.6
1580000 416.3
1590000 434.2
1600000 399.1
1610000 163.7
1620000 352.3
1630000 402.9
1640000 413.7
1650000 365.1
1660000 385.7
1670000 420.2
1680000 410.3
1690000 412.8
1700000 435.7
1710000 407.9
1720000 393.2
1730000 406.4
1740000 422.7
1750000 423.6
1760000 423.8
1770000 424.5
1780000 423.9
1790000 427.6
1800000 413.6
1810000 139.6
1820000 363.1
1830000 400.6
1840000 392.7
1850000 408.1
1860000 387.5
1870000 403.3
1880000 372.7
1890000 369.7
1900000 393.1
1910000 417.3
1920000 413.4
1930000 412.0
1940000 394.3
1950000 421.4
1960000 405.5
1970000 389.2
1980000 418.2
1990000 421.6
2000000 422.3
