10000 24.2
20000 56.7
30000 96.4
40000 161.3
50000 151.8
60000 163.9
70000 171.8
80000 175.3
90000 184.2
100000 211.7
110000 234.5
120000 249.4
130000 259.0
140000 262.7
150000 271.4
160000 297.0
170000 299.3
180000 337.2
190000 330.3
200000 332.7
210000 181.0
220000 316.7
230000 333.3
240000 344.6
250000 368.4
260000 373.1
270000 340.1
280000 383.3
290000 367.7
300000 389.8
310000 391.8
320000 375.9
330000 410.3
340000 421.0
350000 432.0
360000 452.3
370000 433.0
380000 440.1
390000 443.9
400000 468.9
410000 157.1
420000 372.2
430000 410.9
440000 484.8
450000 459.9
460000 507.7
470000 460.6
480000 506.1
490000 492.8
500000 519.0
510000 533.4
520000 559.3
530000 576.0
540000 569.2
550000 598.2
560000 565.3
570000 611.1
580000 581.3
590000 602.9
600000 606.9
610000 130.5
620000 461.9
630000 548.5
640000 554.6
650000 596.5
660000 600.0
670000 597.4
680000 602.8
690000 623.8
700000 636.0
710000 626.6
720000 617.4
730000 616.7
740000 592.9
750000 620.6
760000 578.5
770000 625.0
780000 635.0
790000 621.8
800000 614.5
810000 141.1
820000 317.5
830000 400.7
840000 479.0
850000 498.9
860000 565.4
870000 575.7
880000 585.4
890000 590.2
900000 640.7
910000 600.9
920000 618.0
930000 619.2
940000 635.8
950000 640.3
960000 646.7
970000 627.7
980000 620.6
990000 629.3
1000000 643.1
1010000 123.6
1020000 437.0
1030000 570.8
1040000 544.2
1050000 604.6
1060000 616.6
1070000 614.2
1080000 620.1
1090000 623.3
1100000 606.1
1110000 592.0
1120000 605.8
1130000 618.2
1140000 645.5
1150000 623.6
1160000 596.4
1170000 654.0
1180000 608.0
1190000 635.6
1200000 640.9
1210000 81.4
1220000 321.0
1230000 459.9
1240000 528.6
1250000 596.3
1260000 502.4
1270000 613.3
1280000 556.8
1290000 596.1
1300000 614.6
1310000 649.4
1320000 603.8
1330000 635.9
1340000 645.6
1350000 616.6
1360000 603.3
1370000 634.1
1380000 644.7
1390000 587.9
1400000 504.8
1410000 153.1
1420000 436.0
1430000 515.4
1440000 559.5
1450000 567.8
1460000 611.9
1470000 628.6
1480000 650.7
1490000 643.9
1500000 637.4
1510000 601.0
1520000 593.5
1530000 670.9
1540000 622.6
1550000 666.1
1560000 616.3
1570000 632.7
1580000 624.4
1590000 654.7
1600000 633.7
1610000 158.0
1620000 446.0
1630000 501.1
1640000 581.2
1650000 613.3
1660000 549.0
1670000 574.5
1680000 616.0
1690000 605.2
1700000 579.4
1710000 613.8
1720000 607.5
1730000 646.8
1740000 611.7
1750000 673.4
1760000 657.8
1770000 635.4
1780000 652.0
1790000 632.2
1800000 655.7
1810000 138.9
1820000 375.4
1830000 556.9
1840000 568.5
1850000 496.3
1860000 605.6
1870000 651.1
1880000 641.5
1890000 624.5
1900000 630.1
1910000 602.9
1920000 633.3
1930000 657.6
1940000 645.8
1950000 639.0
1960000 637.4
1970000 635.6
1980000 636.5
1990000 647.3
2000000 644.5
