10000 28.3
20000 52.7
30000 110.2
40000 138.0
50000 152.4
60000 162.1
70000 155.0
80000 167.8
90000 176.2
100000 204.4
110000 219.4
120000 224.8
130000 216.6
140000 226.3
150000 232.2
160000 245.0
170000 253.6
180000 257.2
190000 277.4
200000 277.5
210000 126.7
220000 280.8
230000 308.5
240000 307.0
250000 320.7
260000 325.4
270000 332.5
280000 330.8
290000 324.5
300000 346.5
310000 347.0
320000 323.6
330000 358.1
340000 352.6
350000 355.3
360000 369.2
370000 380.9
380000 370.4
390000 373.6
400000 384.3
410000 174.3
420000 363.4
430000 341.6
440000 397.6
450000 399.7
460000 407.6
470000 386.1
480000 376.8
490000 398.7
500000 387.6
510000 420.2
520000 413.7
530000 393.3
540000 412.3
550000 412.4
560000 432.3
570000 426.9
580000 438.7
590000 418.4
600000 425.2
610000 145.4
620000 357.9
630000 418.1
640000 429.0
650000 406.9
660000 396.0
670000 385.0
680000 405.8
690000 455.1
700000 453.0
710000 444.9
720000 447.1
730000 448.9
740000 454.8
750000 448.6
760000 422.6
770000 442.7
780000 448.9
790000 437.2
800000 454.5
810000 150.6
820000 411.2
830000 391.0
840000 457.8
850000 440.6
860000 448.6
870000 435.9
880000 446.8
890000 413.6
900000 416.1
910000 441.9
920000 454.4
930000 462.0
940000 470.0
950000 454.9
960000 447.6
970000 450.9
980000 452.5
990000 447.6
1000000 460.3
1010000 213.9
1020000 389.1
1030000 400.7
1040000 450.1
1050000 450.3
1060000 442.0
1070000 451.8
1080000 435.5
1090000 466.6
1100000 444.6
1110000 457.8
1120000 450.6
1130000 465.9
1140000 472.2
1150000 470.8
1160000 446.4
1170000 459.8
1180000 458.5
1190000 451.5
1200000 467.5
1210000 162.2
1220000 431.7
1230000 440.4
1240000 444.3
1250000 466.1
1260000 437.6
1270000 452.0
1280000 455.8
1290000 423.1
1300000 430.3
1310000 460.3
1320000 469.4
1330000 449.7
1340000 471.3
1350000 487.7
1360000 478.1
1370000 474.5
1380000 468.5
1390000 479.2
1400000 426.5
1410000 160.6
1420000 379.2
1430000 416.8
1440000 383.9
1450000 450.9
1460000 462.7
1470000 457.2
1480000 458.8
1490000 470.6
1500000 462.0
1510000 469.9
1520000 459.2
1530000 465.9
1540000 470.4
1550000 444.2
1560000 469.0
1570000 479.5
1580000 470.3
1590000 455.3
1600000 479.6
1610000 213.6
1620000 381.6
1630000 381.9
1640000 456.2
1650000 443.8
1660000 451.8
1670000 473.0
1680000 403.1
1690000 447.2
1700000 474.4
1710000 471.8
1720000 467.5
1730000 485.2
1740000 428.3
1750000 467.3
1760000 453.3
1770000 478.1
1780000 461.1
1790000 471.3
1800000 444.2
1810000 150.3
1820000 408.9
1830000 381.7
1840000 457.9
1850000 451.3
1860000 446.1
1870000 470.0
1880000 444.3
1890000 465.1
1900000 469.8
1910000 466.4
1920000 470.0
1930000 470.8
1940000 475.2
1950000 470.4
1960000 449.8
1970000 481.2
1980000 463.7
1990000 475.2
2000000 467.1
