10000 26.0
20000 36.8
30000 63.6
40000 106.3
50000 145.5
60000 177.9
70000 187.4
80000 189.1
90000 227.0
100000 230.1
110000 233.3
120000 225.6
130000 231.9
140000 244.3
150000 252.8
160000 235.6
170000 253.3
180000 258.6
190000 279.2
200000 269.9
210000 213.4
220000 296.2
230000 313.9
240000 305.5
250000 305.0
260000 317.1
270000 293.5
280000 316.4
290000 310.0
300000 312.2
310000 279.2
320000 256.8
330000 241.0
340000 124.5
350000 98.0
360000 55.5
370000 54.4
380000 37.8
390000 28.2
400000 23.9
410000 151.1
420000 279.5
430000 298.8
440000 298.6
450000 328.0
460000 299.4
470000 321.1
480000 338.9
490000 350.4
500000 367.3
510000 361.6
520000 377.0
530000 371.6
540000 356.0
550000 376.7
560000 374.5
570000 392.2
580000 373.2
590000 389.3
600000 401.8
610000 140.2
620000 324.8
630000 336.5
640000 365.0
650000 389.2
660000 384.5
670000 409.0
680000 389.5
690000 406.1
700000 417.3
710000 416.0
720000 418.7
730000 406.8
740000 403.2
750000 430.4
760000 429.6
770000 422.6
780000 420.2
790000 423.8
800000 443.1
810000 108.7
820000 333.2
830000 379.2
840000 413.2
850000 419.4
860000 348.4
870000 419.6
880000 399.0
890000 426.5
900000 432.1
910000 431.5
920000 440.1
930000 438.3
940000 448.8
950000 449.8
960000 443.6
970000 449.3
980000 449.1
990000 460.4
1000000 465.9
1010000 195.8
1020000 363.8
1030000 331.7
1040000 398.0
1050000 363.0
1060000 437.7
1070000 368.3
1080000 445.9
1090000 448.3
1100000 448.0
1110000 448.8
1120000 460.6
1130000 430.8
1140000 441.4
1150000 482.6
1160000 468.5
1170000 468.7
1180000 473.1
1190000 470.7
1200000 465.8
1210000 289.3
1220000 395.8
1230000 410.0
1240000 442.2
1250000 434.5
1260000 475.5
1270000 480.4
1280000 484.3
1290000 497.9
1300000 484.6
1310000 515.8
1320000 523.3
1330000 553.5
1340000 529.5
1350000 534.1
1360000 567.2
1370000 533.9
1380000 564.0
1390000 500.0
1400000 558.4
1410000 39.3
1420000 458.3
1430000 521.5
1440000 556.8
1450000 559.7
1460000 552.0
1470000 560.7
1480000 558.8
1490000 576.3
1500000 600.6
1510000 605.6
1520000 597.2
1530000 563.5
1540000 612.7
1550000 598.3
1560000 604.0
1570000 610.5
1580000 611.6
1590000 614.9
1600000 612.2
1610000 62.8
1620000 357.3
1630000 520.8
1640000 465.8
1650000 548.5
1660000 589.5
1670000 545.0
1680000 545.3
1690000 572.8
1700000 587.0
1710000 580.2
1720000 612.0
1730000 614.0
1740000 611.6
1750000 590.9
1760000 595.5
1770000 611.7
1780000 608.1
1790000 534.9
1800000 616.8
1810000 170.0
1820000 462.7
1830000 482.2
1840000 457.4
1850000 554.1
1860000 592.6
1870000 557.4
1880000 582.3
1890000 575.4
1900000 573.1
1910000 507.7
1920000 518.5
1930000 570.5
1940000 602.5
1950000 601.8
1960000 531.8
1970000 614.3
1980000 583.7
1990000 567.6
2000000 614.9
