10000 153.6
20000 268.6
30000 16.1
40000 90.4
50000 54.5
60000 47.0
70000 92.9
80000 76.0
90000 37.8
100000 37.0
110000 93.5
120000 73.2
130000 112.1
140000 69.6
150000 56.1
160000 70.0
170000 77.4
180000 37.4
190000 47.8
200000 40.6
210000 56.7
220000 27.7
230000 245.0
240000 156.0
250000 217.5
260000 205.6
270000 217.8
280000 341.2
290000 163.4
300000 153.2
310000 313.0
320000 345.5
330000 340.7
340000 331.8
350000 354.3
360000 407.0
370000 313.4
380000 346.6
390000 376.2
400000 355.3
410000 177.9
420000 253.1
430000 333.5
440000 341.8
450000 394.5
460000 388.5
470000 421.8
480000 350.5
490000 311.0
500000 363.5
510000 412.0
520000 372.9
530000 342.8
540000 374.3
550000 448.6
560000 409.2
570000 370.6
580000 398.8
590000 439.9
600000 360.1
610000 158.4
620000 354.6
630000 365.9
640000 371.5
650000 388.2
660000 437.0
670000 444.3
680000 446.7
690000 455.0
700000 387.0
710000 447.8
720000 342.7
730000 395.2
740000 346.2
750000 345.5
760000 464.7
770000 419.5
780000 444.6
790000 427.7
800000 438.8
810000 157.1
820000 256.5
830000 382.6
840000 358.6
850000 238.1
860000 354.9
870000 451.1
880000 443.2
890000 458.8
900000 392.9
910000 431.6
920000 452.3
930000 445.8
940000 471.1
950000 433.0
960000 375.4
970000 393.1
980000 333.8
990000 452.6
1000000 442.6
1010000 266.5
1020000 365.3
1030000 397.2
1040000 429.0
1050000 438.7
1060000 420.8
1070000 441.8
1080000 472.1
1090000 393.0
1100000 447.9
1110000 403.7
1120000 337.2
1130000 478.6
1140000 429.8
1150000 395.5
1160000 458.5
1170000 483.6
1180000 460.3
1190000 420.5
1200000 470.2
1210000 140.8
1220000 255.1
1230000 378.0
1240000 317.1
1250000 439.9
1260000 438.2
1270000 431.8
1280000 380.4
1290000 396.6
1300000 430.8
1310000 433.9
1320000 403.6
1330000 450.6
1340000 372.2
1350000 431.5
1360000 425.8
1370000 404.8
1380000 417.9
1390000 441.0
1400000 455.0
1410000 253.1
1420000 374.9
1430000 472.6
1440000 405.3
1450000 470.6
1460000 392.0
1470000 332.8
1480000 435.8
1490000 459.0
1500000 448.3
1510000 475.5
1520000 480.8
1530000 449.1
1540000 437.5
1550000 245.0
1560000 458.0
1570000 421.3
1580000 458.3
1590000 470.8
1600000 445.2
1610000 185.4
1620000 379.5
1630000 392.8
1640000 440.3
1650000 459.7
1660000 434.0
1670000 463.5
1680000 462.4
1690000 406.8
1700000 450.7
1710000 443.0
1720000 405.3
1730000 457.0
1740000 466.1
1750000 471.3
1760000 460.8
1770000 452.8
1780000 401.3
1790000 471.9
1800000 468.2
1810000 186.3
1820000 371.1
1830000 422.1
1840000 353.0
1850000 429.0
1860000 384.2
1870000 440.8
1880000 386.7
1890000 468.8
1900000 411.4
1910000 467.7
1920000 443.8
1930000 468.3
1940000 461.8
1950000 479.3
1960000 398.4
1970000 463.6
1980000 447.1
1990000 394.2
2000000 453.9
