10000 155.5
20000 106.5
30000 50.6
40000 100.1
50000 134.9
60000 145.8
70000 147.9
80000 133.4
90000 73.9
100000 65.4
110000 129.1
120000 114.2
130000 83.8
140000 93.9
150000 137.8
160000 115.9
170000 112.7
180000 43.9
190000 108.2
200000 79.2
210000 127.9
220000 218.7
230000 314.7
240000 384.6
250000 310.3
260000 251.6
270000 275.7
280000 283.1
290000 214.5
300000 308.9
310000 266.6
320000 274.3
330000 325.4
340000 244.2
350000 298.5
360000 295.3
370000 401.8
380000 316.1
390000 362.9
400000 341.9
410000 56.7
420000 390.0
430000 326.3
440000 359.4
450000 396.5
460000 387.3
470000 380.7
480000 383.3
490000 275.3
500000 371.3
510000 432.2
520000 385.1
530000 391.1
540000 437.8
550000 431.2
560000 461.5
570000 421.6
580000 452.7
590000 458.5
600000 435.6
610000 220.0
620000 411.3
630000 447.7
640000 463.0
650000 446.9
660000 423.9
670000 420.1
680000 457.8
690000 475.3
700000 429.6
710000 454.9
720000 431.0
730000 442.4
740000 445.5
750000 392.8
760000 385.9
770000 450.7
780000 405.5
790000 399.2
800000 454.5
810000 121.2
820000 435.0
830000 434.1
840000 467.8
850000 421.6
860000 414.3
870000 394.7
880000 469.1
890000 438.5
900000 392.8
910000 411.0
920000 450.6
930000 357.6
940000 448.3
950000 453.2
960000 429.2
970000 422.7
980000 365.7
990000 412.6
1000000 427.9
1010000 89.3
1020000 423.5
1030000 449.1
1040000 283.0
1050000 442.6
1060000 389.0
1070000 451.0
1080000 361.3
1090000 455.2
1100000 364.5
1110000 404.0
1120000 440.9
1130000 459.5
1140000 423.2
1150000 327.8
1160000 460.3
1170000 462.6
1180000 469.5
1190000 439.4
1200000 452.1
1210000 230.3
1220000 424.3
1230000 378.5
1240000 450.4
1250000 443.3
1260000 452.6
1270000 443.7
1280000 444.3
1290000 295.6
1300000 456.8
1310000 459.3
1320000 470.7
1330000 454.5
1340000 429.4
1350000 467.4
1360000 447.1
1370000 455.2
1380000 461.0
1390000 439.0
1400000 396.0
1410000 262.5
1420000 412.6
1430000 421.5
1440000 356.4
1450000 473.5
1460000 403.7
1470000 326.3
1480000 357.8
1490000 458.9
1500000 443.9
1510000 399.4
1520000 457.2
1530000 470.6
1540000 462.9
1550000 470.9
1560000 467.2
1570000 443.7
1580000 459.7
1590000 410.3
1600000 436.7
1610000 231.6
1620000 419.6
1630000 437.0
1640000 440.4
1650000 368.8
1660000 459.7
1670000 455.2
1680000 480.7
1690000 442.7
1700000 448.3
1710000 463.6
1720000 449.6
1730000 486.5
1740000 509.8
1750000 464.9
1760000 449.6
1770000 458.7
1780000 413.2
1790000 476.3
1800000 487.1
1810000 108.2
1820000 460.7
1830000 440.7
1840000 457.1
1850000 497.8
1860000 455.3
1870000 470.9
1880000 476.7
1890000 471.2
1900000 412.6
1910000 466.5
1920000 477.0
1930000 509.8
1940000 500.2
1950000 488.7
1960000 495.5
1970000 457.7
1980000 475.5
1990000 457.1
2000000 468.3
