10000 103.7
20000 179.6
30000 338.5
40000 253.6
50000 164.5
60000 149.0
70000 196.5
80000 241.8
90000 341.4
100000 225.5
110000 233.1
120000 319.2
130000 248.6
140000 303.1
150000 302.4
160000 305.6
170000 304.5
180000 274.3
190000 346.3
200000 301.9
210000 95.2
220000 301.9
230000 409.0
240000 372.7
250000 373.4
260000 391.7
270000 322.4
280000 338.2
290000 358.8
300000 397.6
310000 382.7
320000 358.7
330000 291.4
340000 381.1
350000 387.4
360000 447.3
370000 357.5
380000 388.7
390000 430.2
400000 398.9
410000 207.3
420000 408.5
430000 430.4
440000 421.9
450000 453.9
460000 464.7
470000 418.3
480000 479.0
490000 419.8
500000 384.0
510000 454.8
520000 400.5
530000 423.9
540000 454.6
550000 438.9
560000 441.4
570000 418.4
580000 430.3
590000 460.3
600000 415.8
610000 108.7
620000 432.6
630000 281.0
640000 363.5
650000 464.2
660000 396.9
670000 432.1
680000 423.8
690000 461.1
700000 422.5
710000 424.7
720000 447.9
730000 449.3
740000 467.3
750000 430.6
760000 454.9
770000 382.0
780000 445.0
790000 440.1
800000 436.6
810000 332.8
820000 425.4
830000 390.1
840000 329.1
850000 459.7
860000 438.5
870000 459.3
880000 444.8
890000 433.1
900000 446.0
910000 458.7
920000 378.8
930000 416.5
940000 429.4
950000 497.9
960000 462.0
970000 466.6
980000 459.5
990000 454.7
1000000 463.5
1010000 162.5
1020000 341.8
1030000 457.5
1040000 335.0
1050000 439.5
1060000 350.2
1070000 439.4
1080000 340.5
1090000 457.1
1100000 441.5
1110000 366.2
1120000 466.2
1130000 451.6
1140000 396.0
1150000 366.5
1160000 437.4
1170000 359.5
1180000 426.2
1190000 412.7
1200000 327.9
1210000 323.4
1220000 444.3
1230000 437.7
1240000 503.7
1250000 457.3
1260000 343.8
1270000 377.5
1280000 432.9
1290000 481.6
1300000 415.8
1310000 475.1
1320000 473.0
1330000 372.1
1340000 315.9
1350000 412.2
1360000 427.9
1370000 391.1
1380000 350.3
1390000 421.7
1400000 423.8
1410000 83.9
1420000 471.4
1430000 475.6
1440000 465.3
1450000 382.0
1460000 488.6
1470000 444.0
1480000 401.5
1490000 507.8
1500000 504.3
1510000 429.4
1520000 414.4
1530000 468.6
1540000 485.7
1550000 455.5
1560000 432.0
1570000 433.4
1580000 440.3
1590000 482.4
1600000 482.7
1610000 142.4
1620000 407.2
1630000 365.5
1640000 334.3
1650000 362.3
1660000 377.1
1670000 388.8
1680000 455.1
1690000 484.9
1700000 437.8
1710000 491.7
1720000 450.8
1730000 476.9
1740000 477.2
1750000 460.4
1760000 453.3
1770000 438.4
1780000 481.5
1790000 424.3
1800000 476.1
1810000 193.7
1820000 456.8
1830000 462.6
1840000 386.4
1850000 488.3
1860000 320.3
1870000 430.8
1880000 450.2
1890000 475.6
1900000 399.4
1910000 473.8
1920000 408.3
1930000 493.5
1940000 496.3
1950000 466.4
1960000 475.6
1970000 481.7
1980000 463.5
1990000 519.9
2000000 460.3
