10000 77.4
20000 31.6
30000 33.5
40000 39.1
50000 77.3
60000 43.8
70000 86.3
80000 58.1
90000 53.6
100000 107.1
110000 73.0
120000 206.7
130000 76.2
140000 98.6
150000 265.0
160000 146.9
170000 66.9
180000 84.1
190000 72.0
200000 58.8
210000 202.2
220000 118.9
230000 240.2
240000 193.3
250000 131.0
260000 237.0
270000 185.9
280000 237.7
290000 363.8
300000 229.1
310000 299.3
320000 228.4
330000 320.2
340000 392.5
350000 277.8
360000 393.3
370000 364.5
380000 429.2
390000 401.7
400000 451.5
410000 151.8
420000 374.1
430000 431.3
440000 436.8
450000 457.4
460000 377.9
470000 411.7
480000 454.5
490000 382.5
500000 453.6
510000 461.1
520000 416.4
530000 455.2
540000 380.0
550000 396.1
560000 455.3
570000 414.5
580000 410.0
590000 448.3
600000 430.4
610000 215.8
620000 391.7
630000 407.8
640000 412.5
650000 472.9
660000 412.1
670000 401.2
680000 418.6
690000 305.7
700000 435.7
710000 442.6
720000 435.4
730000 387.8
740000 430.3
750000 445.5
760000 472.9
770000 370.3
780000 412.4
790000 433.3
800000 436.1
810000 205.3
820000 439.5
830000 457.6
840000 446.5
850000 446.4
860000 463.6
870000 430.8
880000 463.6
890000 456.8
900000 416.8
910000 462.4
920000 454.7
930000 430.7
940000 458.3
950000 437.8
960000 452.1
970000 432.8
980000 436.2
990000 406.4
1000000 425.4
1010000 208.9
1020000 452.0
1030000 469.9
1040000 398.8
1050000 472.1
1060000 448.9
1070000 476.6
1080000 472.4
1090000 444.6
1100000 479.9
1110000 410.9
1120000 475.9
1130000 455.0
1140000 481.0
1150000 448.4
1160000 452.2
1170000 475.6
1180000 432.7
1190000 454.7
1200000 388.7
1210000 158.3
1220000 424.0
1230000 458.4
1240000 446.2
1250000 315.4
1260000 457.7
1270000 459.2
1280000 503.2
1290000 492.7
1300000 500.7
1310000 490.2
1320000 454.3
1330000 444.2
1340000 482.2
1350000 502.0
1360000 505.6
1370000 502.9
1380000 475.9
1390000 498.8
1400000 479.5
1410000 132.3
1420000 454.0
1430000 474.4
1440000 447.8
1450000 448.5
1460000 433.1
1470000 451.4
1480000 478.9
1490000 436.2
1500000 459.9
1510000 475.3
1520000 465.2
1530000 436.0
1540000 513.8
1550000 491.8
1560000 502.7
1570000 465.8
1580000 462.2
1590000 486.8
1600000 479.8
1610000 78.0
1620000 457.3
1630000 453.8
1640000 488.9
1650000 471.9
1660000 476.2
1670000 496.1
1680000 497.7
1690000 412.6
1700000 509.7
1710000 496.3
1720000 473.1
1730000 496.1
1740000 414.8
1750000 508.1
1760000 500.8
1770000 412.2
1780000 502.4
1790000 472.3
1800000 496.2
1810000 155.9
1820000 477.4
1830000 420.3
1840000 485.1
1850000 500.6
1860000 456.7
1870000 485.6
1880000 476.8
1890000 481.5
1900000 495.9
1910000 439.6
1920000 500.6
1930000 491.1
1940000 448.6
1950000 456.7
1960000 466.3
1970000 488.6
1980000 464.1
1990000 503.4
2000000 507.4
