10000 250.7
20000 154.3
30000 116.7
40000 74.6
50000 83.4
60000 159.5
70000 62.1
80000 71.7
90000 68.2
100000 147.9
110000 149.5
120000 66.3
130000 121.5
140000 120.2
150000 58.7
160000 49.3
170000 29.8
180000 43.5
190000 28.3
200000 65.3
210000 52.4
220000 160.3
230000 216.4
240000 214.0
250000 204.5
260000 160.9
270000 256.9
280000 184.5
290000 194.8
300000 210.7
310000 306.3
320000 221.0
330000 386.0
340000 369.2
350000 278.0
360000 285.6
370000 356.7
380000 439.5
390000 354.5
400000 338.8
410000 132.3
420000 452.9
430000 468.0
440000 442.0
450000 445.6
460000 442.1
470000 456.9
480000 426.1
490000 445.3
500000 437.2
510000 429.0
520000 409.4
530000 338.5
540000 424.5
550000 471.6
560000 451.4
570000 421.9
580000 394.1
590000 469.2
600000 442.1
610000 127.4
620000 475.6
630000 378.5
640000 380.8
650000 426.7
660000 363.4
670000 408.8
680000 448.0
690000 409.7
700000 450.5
710000 455.7
720000 441.8
730000 461.8
740000 430.6
750000 447.1
760000 444.7
770000 457.6
780000 456.1
790000 398.1
800000 435.8
810000 94.7
820000 393.4
830000 450.4
840000 466.3
850000 466.8
860000 444.5
870000 449.7
880000 429.2
890000 470.2
900000 424.6
910000 411.3
920000 423.6
930000 463.1
940000 417.9
950000 453.9
960000 442.3
970000 470.5
980000 390.3
990000 411.9
1000000 461.7
1010000 233.2
1020000 430.6
1030000 377.0
1040000 464.6
1050000 415.3
1060000 467.5
1070000 460.1
1080000 430.6
1090000 462.9
1100000 489.9
1110000 470.0
1120000 473.1
1130000 453.7
1140000 448.8
1150000 434.6
1160000 472.0
1170000 414.7
1180000 450.5
1190000 358.1
1200000 462.8
1210000 186.8
1220000 402.4
1230000 465.4
1240000 440.9
1250000 443.0
1260000 441.3
1270000 493.9
1280000 466.4
1290000 471.5
1300000 446.6
1310000 471.6
1320000 414.5
1330000 497.3
1340000 457.4
1350000 435.4
1360000 443.1
1370000 484.9
1380000 440.0
1390000 450.6
1400000 476.5
1410000 323.9
1420000 478.5
1430000 473.4
1440000 412.5
1450000 446.0
1460000 495.7
1470000 474.6
1480000 449.8
1490000 466.5
1500000 473.1
1510000 492.8
1520000 483.8
1530000 491.4
1540000 487.9
1550000 499.3
1560000 497.5
1570000 497.1
1580000 492.2
1590000 453.6
1600000 514.0
1610000 181.1
1620000 432.6
1630000 465.2
1640000 429.3
1650000 490.0
1660000 485.8
1670000 455.0
1680000 501.5
1690000 482.4
1700000 487.3
1710000 499.4
1720000 520.7
1730000 523.1
1740000 406.6
1750000 511.2
1760000 500.2
1770000 500.6
1780000 484.8
1790000 491.8
1800000 506.6
1810000 184.7
1820000 448.5
1830000 399.3
1840000 506.4
1850000 489.9
1860000 494.7
1870000 508.9
1880000 498.6
1890000 503.2
1900000 442.4
1910000 493.9
1920000 449.9
1930000 504.7
1940000 494.7
1950000 538.0
1960000 409.3
1970000 494.3
1980000 491.5
1990000 510.9
2000000 488.7
