10000 150.9
20000 43.0
30000 38.1
40000 46.1
50000 55.5
60000 67.9
70000 121.5
80000 85.8
90000 200.1
100000 137.7
110000 123.5
120000 100.3
130000 76.1
140000 73.8
150000 141.8
160000 109.4
170000 175.1
180000 184.8
190000 72.5
200000 125.1
210000 74.3
220000 212.3
230000 243.0
240000 183.1
250000 228.4
260000 210.3
270000 257.8
280000 365.7
290000 191.6
300000 201.9
310000 309.7
320000 191.4
330000 237.4
340000 167.6
350000 41.5
360000 303.9
370000 118.6
380000 223.2
390000 238.1
400000 194.3
410000 7.8
420000 320.1
430000 357.2
440000 383.8
450000 392.1
460000 232.4
470000 296.9
480000 418.4
490000 184.6
500000 335.2
510000 353.5
520000 348.6
530000 307.2
540000 253.2
550000 380.3
560000 308.0
570000 322.8
580000 420.6
590000 409.1
600000 340.8
610000 150.4
620000 380.5
630000 404.0
640000 400.3
650000 414.0
660000 460.1
670000 427.2
680000 426.4
690000 244.0
700000 453.1
710000 461.4
720000 362.8
730000 463.0
740000 453.0
750000 352.0
760000 432.2
770000 386.0
780000 391.5
790000 351.4
800000 446.1
810000 277.9
820000 412.8
830000 448.8
840000 356.7
850000 361.7
860000 432.4
870000 439.1
880000 450.7
890000 460.9
900000 427.1
910000 457.3
920000 458.4
930000 372.6
940000 433.5
950000 442.8
960000 366.9
970000 461.9
980000 449.0
990000 432.0
1000000 384.9
1010000 176.3
1020000 434.9
1030000 352.8
1040000 386.3
1050000 329.7
1060000 422.5
1070000 403.4
1080000 430.6
1090000 441.6
1100000 439.0
1110000 391.8
1120000 383.2
1130000 448.5
1140000 438.3
1150000 415.9
1160000 370.9
1170000 373.2
1180000 461.9
1190000 426.6
1200000 397.4
1210000 168.7
1220000 448.4
1230000 463.4
1240000 460.9
1250000 447.6
1260000 430.6
1270000 474.8
1280000 455.3
1290000 408.9
1300000 415.0
1310000 442.3
1320000 449.5
1330000 392.4
1340000 447.1
1350000 475.6
1360000 456.5
1370000 441.7
1380000 437.8
1390000 400.4
1400000 466.3
1410000 172.1
1420000 375.2
1430000 404.3
1440000 419.8
1450000 385.4
1460000 332.4
1470000 406.2
1480000 383.7
1490000 410.6
1500000 433.0
1510000 398.4
1520000 404.7
1530000 414.6
1540000 435.1
1550000 449.4
1560000 436.7
1570000 456.7
1580000 462.8
1590000 452.4
1600000 415.0
1610000 124.7
1620000 388.9
1630000 425.8
1640000 411.8
1650000 438.6
1660000 445.2
1670000 456.9
1680000 444.0
1690000 465.5
1700000 420.0
1710000 485.9
1720000 413.2
1730000 417.5
1740000 421.9
1750000 388.0
1760000 434.9
1770000 421.8
1780000 398.0
1790000 454.8
1800000 410.7
1810000 136.6
1820000 390.9
1830000 439.0
1840000 429.8
1850000 420.2
1860000 459.7
1870000 387.8
1880000 457.4
1890000 406.1
1900000 442.5
1910000 383.6
1920000 463.9
1930000 440.3
1940000 455.5
1950000 425.1
1960000 467.0
1970000 453.1
1980000 450.0
1990000 470.1
2000000 436.1
