10000 6.2
20000 126.8
30000 188.7
40000 14.9
50000 75.3
60000 216.0
70000 296.9
80000 99.5
90000 91.7
100000 266.2
110000 154.8
120000 176.8
130000 121.3
140000 152.2
150000 41.3
160000 51.7
170000 27.2
180000 114.1
190000 23.7
200000 46.2
210000 106.3
220000 200.9
230000 151.1
240000 294.9
250000 331.5
260000 235.2
270000 373.7
280000 380.0
290000 288.0
300000 391.1
310000 295.4
320000 308.6
330000 323.5
340000 232.3
350000 234.7
360000 393.1
370000 321.4
380000 296.4
390000 290.2
400000 413.4
410000 106.2
420000 421.7
430000 260.3
440000 391.3
450000 463.7
460000 390.0
470000 373.6
480000 402.1
490000 280.1
500000 398.6
510000 404.6
520000 412.4
530000 423.5
540000 430.0
550000 461.7
560000 372.9
570000 418.5
580000 366.0
590000 390.0
600000 434.1
610000 209.6
620000 445.7
630000 414.1
640000 427.4
650000 416.5
660000 364.6
670000 380.7
680000 408.4
690000 423.0
700000 345.5
710000 307.6
720000 461.7
730000 406.3
740000 462.4
750000 402.7
760000 268.4
770000 385.5
780000 416.3
790000 433.8
800000 412.2
810000 150.8
820000 461.8
830000 437.6
840000 367.1
850000 419.2
860000 442.5
870000 282.9
880000 351.0
890000 374.4
900000 416.2
910000 293.2
920000 450.2
930000 442.1
940000 299.8
950000 413.8
960000 315.3
970000 378.2
980000 408.8
990000 339.5
1000000 362.4
1010000 204.4
1020000 405.0
1030000 358.6
1040000 425.9
1050000 383.3
1060000 447.9
1070000 362.0
1080000 301.0
1090000 430.2
1100000 347.9
1110000 406.7
1120000 370.0
1130000 373.4
1140000 451.2
1150000 292.1
1160000 468.0
1170000 409.8
1180000 361.9
1190000 421.5
1200000 377.8
1210000 203.3
1220000 313.5
1230000 396.1
1240000 442.9
1250000 380.1
1260000 421.8
1270000 455.5
1280000 403.3
1290000 399.4
1300000 377.2
1310000 440.8
1320000 369.1
1330000 407.1
1340000 376.8
1350000 342.1
1360000 376.2
1370000 431.4
1380000 445.4
1390000 390.4
1400000 462.4
1410000 6.8
1420000 410.0
1430000 274.7
1440000 425.7
1450000 398.9
1460000 397.0
1470000 412.6
1480000 432.2
1490000 338.0
1500000 353.2
1510000 312.9
1520000 411.3
1530000 454.6
1540000 407.4
1550000 410.0
1560000 394.5
1570000 354.5
1580000 409.6
1590000 411.8
1600000 406.1
1610000 138.6
1620000 415.9
1630000 404.6
1640000 372.8
1650000 338.4
1660000 377.7
1670000 266.1
1680000 392.2
1690000 439.7
1700000 422.5
1710000 355.4
1720000 445.0
1730000 373.4
1740000 421.4
1750000 390.3
1760000 415.0
1770000 405.1
1780000 355.3
1790000 394.4
1800000 348.2
1810000 153.7
1820000 408.5
1830000 405.0
1840000 411.0
1850000 334.0
1860000 401.2
1870000 402.0
1880000 447.4
1890000 417.5
1900000 454.6
1910000 473.5
1920000 376.5
1930000 339.2
1940000 419.4
1950000 416.3
1960000 374.5
1970000 397.9
1980000 398.3
1990000 354.8
2000000 467.1
