10000 153.4
20000 88.0
30000 105.5
40000 89.6
50000 59.8
60000 126.8
70000 100.9
80000 42.9
90000 93.7
100000 63.0
110000 29.8
120000 43.1
130000 92.7
140000 63.5
150000 19.1
160000 116.3
170000 66.9
180000 106.6
190000 92.0
200000 82.5
210000 104.5
220000 155.4
230000 151.4
240000 112.6
250000 142.5
260000 149.0
270000 157.9
280000 128.4
290000 241.2
300000 207.9
310000 214.5
320000 203.7
330000 332.5
340000 262.8
350000 270.4
360000 304.2
370000 329.7
380000 162.4
390000 129.7
400000 197.6
410000 200.5
420000 194.2
430000 351.2
440000 332.1
450000 407.6
460000 275.4
470000 371.1
480000 351.0
490000 397.6
500000 444.6
510000 311.6
520000 309.1
530000 440.6
540000 374.3
550000 376.6
560000 443.4
570000 371.8
580000 415.1
590000 418.1
600000 312.6
610000 140.8
620000 383.6
630000 457.6
640000 388.1
650000 456.8
660000 386.0
670000 435.7
680000 357.9
690000 441.4
700000 378.2
710000 460.2
720000 382.2
730000 431.7
740000 434.1
750000 389.9
760000 452.7
770000 427.1
780000 347.8
790000 447.0
800000 386.8
810000 70.4
820000 424.2
830000 421.9
840000 457.4
850000 438.0
860000 405.4
870000 406.3
880000 412.0
890000 458.2
900000 386.2
910000 401.9
920000 411.7
930000 431.3
940000 447.5
950000 411.2
960000 446.6
970000 435.6
980000 378.2
990000 455.2
1000000 419.5
1010000 126.0
1020000 450.8
1030000 370.6
1040000 346.5
1050000 398.5
1060000 384.0
1070000 451.1
1080000 394.7
1090000 434.7
1100000 423.0
1110000 459.7
1120000 419.2
1130000 467.4
1140000 395.0
1150000 405.9
1160000 399.1
1170000 397.4
1180000 398.5
1190000 427.6
1200000 422.9
1210000 195.0
1220000 458.8
1230000 466.2
1240000 410.5
1250000 431.8
1260000 437.2
1270000 462.1
1280000 421.8
1290000 451.3
1300000 445.5
1310000 438.1
1320000 422.6
1330000 467.0
1340000 453.1
1350000 395.6
1360000 428.9
1370000 458.9
1380000 461.0
1390000 417.1
1400000 443.3
1410000 274.8
1420000 475.4
1430000 450.8
1440000 438.5
1450000 330.0
1460000 443.8
1470000 422.6
1480000 426.0
1490000 448.4
1500000 469.2
1510000 397.4
1520000 441.5
1530000 444.4
1540000 393.2
1550000 402.9
1560000 423.9
1570000 434.6
1580000 420.4
1590000 410.2
1600000 333.2
1610000 184.7
1620000 465.9
1630000 384.2
1640000 457.5
1650000 372.9
1660000 456.3
1670000 444.5
1680000 431.9
1690000 453.6
1700000 384.1
1710000 466.9
1720000 371.7
1730000 444.1
1740000 433.4
1750000 394.3
1760000 454.6
1770000 366.6
1780000 451.2
1790000 452.1
1800000 463.3
1810000 242.2
1820000 436.6
1830000 352.5
1840000 425.0
1850000 367.4
1860000 447.8
1870000 439.4
1880000 470.8
1890000 456.7
1900000 474.5
1910000 472.3
1920000 348.8
1930000 415.0
1940000 412.6
1950000 435.2
1960000 427.6
1970000 441.9
1980000 416.0
1990000 466.9
2000000 469.1
