10000 228.7
20000 154.0
30000 93.1
40000 54.5
50000 119.5
60000 26.0
70000 60.6
80000 223.0
90000 63.4
100000 68.3
110000 96.2
120000 96.3
130000 17.3
140000 53.6
150000 77.2
160000 56.7
170000 55.5
180000 22.7
190000 34.2
200000 44.8
210000 57.6
220000 135.9
230000 164.0
240000 207.1
250000 206.1
260000 241.2
270000 206.6
280000 304.4
290000 160.9
300000 255.4
310000 313.6
320000 272.9
330000 370.5
340000 335.7
350000 315.4
360000 370.3
370000 262.3
380000 275.2
390000 386.2
400000 416.8
410000 131.1
420000 345.0
430000 445.2
440000 338.2
450000 416.5
460000 341.4
470000 286.8
480000 388.3
490000 428.4
500000 338.0
510000 445.5
520000 441.7
530000 457.3
540000 425.3
550000 468.6
560000 424.5
570000 452.4
580000 413.1
590000 466.9
600000 407.9
610000 128.4
620000 416.2
630000 465.7
640000 443.1
650000 462.3
660000 486.6
670000 467.1
680000 467.3
690000 406.9
700000 385.3
710000 451.8
720000 464.7
730000 477.2
740000 460.9
750000 449.6
760000 461.0
770000 428.2
780000 461.0
790000 462.4
800000 475.8
810000 199.2
820000 460.2
830000 454.9
840000 458.9
850000 420.2
860000 470.8
870000 440.6
880000 481.3
890000 444.9
900000 451.6
910000 427.3
920000 471.2
930000 455.2
940000 406.0
950000 429.7
960000 459.3
970000 476.7
980000 438.1
990000 468.4
1000000 453.0
1010000 149.8
1020000 412.6
1030000 429.5
1040000 414.7
1050000 475.1
1060000 397.9
1070000 316.1
1080000 379.7
1090000 465.5
1100000 471.9
1110000 460.7
1120000 434.7
1130000 430.6
1140000 467.3
1150000 461.1
1160000 455.3
1170000 453.7
1180000 457.3
1190000 450.2
1200000 405.1
1210000 129.5
1220000 472.0
1230000 409.4
1240000 435.1
1250000 424.8
1260000 377.6
1270000 433.7
1280000 418.7
1290000 459.2
1300000 452.0
1310000 433.8
1320000 429.8
1330000 468.1
1340000 470.9
1350000 469.0
1360000 390.8
1370000 391.5
1380000 414.9
1390000 418.8
1400000 447.3
1410000 111.3
1420000 478.3
1430000 347.9
1440000 417.0
1450000 464.1
1460000 338.9
1470000 434.4
1480000 478.1
1490000 432.3
1500000 450.9
1510000 370.5
1520000 458.5
1530000 465.9
1540000 470.9
1550000 450.9
1560000 454.1
1570000 416.6
1580000 376.2
1590000 478.8
1600000 454.0
1610000 233.1
1620000 461.7
1630000 392.6
1640000 445.2
1650000 398.5
1660000 453.7
1670000 468.9
1680000 439.9
1690000 465.3
1700000 404.5
1710000 482.8
1720000 460.5
1730000 446.2
1740000 461.2
1750000 468.6
1760000 472.5
1770000 422.5
1780000 414.5
1790000 474.3
1800000 437.5
1810000 132.3
1820000 460.8
1830000 461.5
1840000 462.6
1850000 357.1
1860000 473.5
1870000 431.9
1880000 439.0
1890000 424.2
1900000 467.5
1910000 446.5
1920000 438.5
1930000 490.8
1940000 485.1
1950000 473.2
1960000 465.7
1970000 471.2
1980000 495.3
1990000 428.6
2000000 449.4
