10000 56.1
20000 101.6
30000 112.6
40000 168.5
50000 58.6
60000 136.4
70000 160.1
80000 136.8
90000 125.0
100000 162.2
110000 148.6
120000 126.3
130000 200.1
140000 204.6
150000 163.4
160000 149.4
170000 328.9
180000 180.9
190000 68.6
200000 103.7
210000 29.5
220000 252.2
230000 248.3
240000 232.3
250000 320.0
260000 245.8
270000 284.7
280000 263.1
290000 351.1
300000 335.9
310000 344.8
320000 360.2
330000 341.4
340000 261.1
350000 396.3
360000 417.5
370000 390.6
380000 299.7
390000 368.7
400000 329.5
410000 107.6
420000 387.0
430000 292.7
440000 425.3
450000 440.6
460000 441.0
470000 457.0
480000 369.4
490000 423.2
500000 430.1
510000 442.2
520000 438.2
530000 436.2
540000 460.5
550000 432.3
560000 437.9
570000 373.9
580000 410.9
590000 421.7
600000 360.4
610000 316.2
620000 342.7
630000 438.2
640000 391.3
650000 440.0
660000 436.9
670000 448.7
680000 451.0
690000 442.2
700000 342.3
710000 478.0
720000 439.3
730000 438.7
740000 416.0
750000 431.2
760000 377.4
770000 400.6
780000 439.1
790000 433.2
800000 423.6
810000 231.1
820000 459.9
830000 410.5
840000 393.5
850000 331.6
860000 473.7
870000 458.7
880000 469.9
890000 483.2
900000 478.4
910000 473.9
920000 443.0
930000 423.4
940000 431.6
950000 432.4
960000 477.3
970000 452.4
980000 460.4
990000 455.6
1000000 387.1
1010000 187.8
1020000 451.3
1030000 410.9
1040000 425.3
1050000 458.3
1060000 410.5
1070000 417.9
1080000 471.4
1090000 469.2
1100000 442.5
1110000 446.6
1120000 494.3
1130000 428.3
1140000 444.2
1150000 463.6
1160000 428.0
1170000 510.1
1180000 427.2
1190000 461.7
1200000 498.8
1210000 176.9
1220000 449.9
1230000 283.3
1240000 493.0
1250000 407.8
1260000 519.3
1270000 509.2
1280000 463.1
1290000 443.9
1300000 490.4
1310000 493.8
1320000 427.4
1330000 465.6
1340000 470.4
1350000 435.5
1360000 444.7
1370000 421.7
1380000 475.3
1390000 463.0
1400000 451.7
1410000 231.4
1420000 311.3
1430000 440.2
1440000 458.4
1450000 461.6
1460000 391.7
1470000 480.9
1480000 496.2
1490000 471.4
1500000 516.7
1510000 466.5
1520000 486.0
1530000 509.9
1540000 477.1
1550000 456.9
1560000 502.6
1570000 494.2
1580000 514.3
1590000 493.3
1600000 521.1
1610000 253.2
1620000 455.5
1630000 387.9
1640000 489.7
1650000 505.1
1660000 479.0
1670000 484.0
1680000 471.4
1690000 508.2
1700000 508.3
1710000 493.2
1720000 501.7
1730000 508.0
1740000 479.5
1750000 495.8
1760000 501.9
1770000 467.1
1780000 488.4
1790000 494.0
1800000 476.5
1810000 148.3
1820000 449.4
1830000 423.9
1840000 472.7
1850000 494.8
1860000 458.6
1870000 494.9
1880000 470.4
1890000 503.3
1900000 446.8
1910000 474.3
1920000 512.4
1930000 501.7
1940000 469.4
1950000 494.1
1960000 464.5
1970000 450.6
1980000 475.0
1990000 482.6
2000000 469.1
