5000 33.5
10000 0.8
15000 98.7
20000 96.3
25000 192.7
30000 144.1
35000 213.9
40000 293.6
45000 150.3
50000 329.2
55000 72.2
60000 41.4
65000 45.7
70000 62.2
75000 49.2
80000 38.4
85000 82.4
90000 147.4
95000 392.2
100000 533.1
105000 604.5
110000 600.3
115000 433.5
120000 675.9
125000 432.4
130000 687.0
135000 722.0
140000 735.0
145000 645.6
150000 691.2
155000 681.6
160000 783.2
165000 783.7
170000 800.1
175000 812.8
180000 834.0
185000 66.0
190000 809.7
195000 850.8
200000 856.4
205000 146.5
210000 664.0
215000 722.6
220000 844.3
225000 853.4
230000 868.9
235000 849.0
240000 876.2
245000 874.6
250000 862.5
255000 865.2
260000 876.9
265000 860.4
270000 867.4
275000 874.4
280000 873.1
285000 881.0
290000 884.4
295000 882.9
300000 875.2
305000 842.8
310000 873.6
315000 820.5
320000 877.9
325000 884.3
330000 882.7
335000 890.0
340000 887.2
345000 886.2
350000 890.5
355000 885.7
360000 888.5
365000 889.0
370000 887.3
375000 892.7
380000 896.0
385000 888.7
390000 890.0
395000 894.6
400000 898.0
405000 227.5
410000 540.9
415000 733.6
420000 740.6
425000 795.6
430000 860.9
435000 878.5
440000 883.7
445000 876.2
450000 891.2
455000 881.6
460000 885.5
465000 812.6
470000 880.5
475000 894.4
480000 890.5
485000 886.1
490000 891.6
495000 896.1
500000 888.9
505000 890.1
510000 890.5
515000 890.2
520000 895.6
525000 891.1
530000 820.0
535000 894.0
540000 900.1
545000 893.2
550000 899.2
555000 893.7
560000 896.9
565000 895.8
570000 894.4
575000 895.0
580000 899.3
585000 897.3
590000 896.2
595000 900.7
600000 896.0
605000 136.4
610000 494.3
615000 511.4
620000 760.5
625000 883.4
630000 891.2
635000 900.0
640000 900.1
645000 891.4
650000 892.2
655000 839.5
660000 884.8
665000 898.1
670000 896.4
675000 901.0
680000 897.3
685000 900.2
690000 898.8
695000 902.3
700000 895.9
705000 897.3
710000 905.6
715000 900.8
720000 902.2
725000 905.7
730000 901.3
735000 903.2
740000 903.9
745000 904.0
750000 903.8
755000 905.2
760000 875.4
765000 904.5
770000 896.7
775000 904.4
780000 900.9
785000 905.0
790000 903.8
795000 909.2
800000 903.8
805000 348.4
810000 584.3
815000 753.4
820000 813.3
825000 839.4
830000 717.1
835000 806.7
840000 872.3
845000 871.9
850000 896.8
855000 902.0
860000 892.8
865000 901.2
870000 903.5
875000 900.4
880000 906.7
885000 886.4
890000 903.0
895000 904.0
900000 901.9
905000 906.5
910000 907.9
915000 900.5
920000 907.6
925000 895.6
930000 896.2
935000 893.0
940000 907.6
945000 906.6
950000 908.3
955000 907.7
960000 903.5
965000 906.3
970000 907.6
975000 905.9
980000 905.2
985000 908.4
990000 910.0
995000 908.4
1000000 907.2
1005000 137.6
1010000 422.9
1015000 736.7
1020000 772.0
1025000 889.3
1030000 897.5
1035000 903.8
1040000 896.8
1045000 896.6
1050000 904.9
1055000 886.3
1060000 904.3
1065000 908.3
1070000 905.6
1075000 911.6
1080000 907.0
1085000 907.7
1090000 910.8
1095000 912.1
1100000 908.9
1105000 907.2
1110000 908.7
1115000 912.7
1120000 912.7
1125000 913.1
1130000 910.2
1135000 915.2
1140000 913.7
1145000 912.6
1150000 916.0
1155000 915.0
1160000 916.2
1165000 914.5
1170000 915.0
1175000 917.2
1180000 917.9
1185000 917.4
1190000 899.1
1195000 913.9
1200000 909.3
1205000 56.3
1210000 75.6
1215000 54.9
1220000 517.5
1225000 572.3
1230000 737.2
1235000 866.1
1240000 882.4
1245000 885.4
1250000 905.4
1255000 907.2
1260000 709.6
1265000 910.8
1270000 893.5
1275000 893.0
1280000 908.8
1285000 912.6
1290000 712.1
1295000 682.8
1300000 915.1
1305000 911.5
1310000 916.1
1315000 794.0
1320000 916.1
1325000 917.1
1330000 913.0
1335000 915.3
1340000 916.8
1345000 895.7
1350000 898.0
1355000 916.1
1360000 913.7
1365000 916.5
1370000 915.2
1375000 902.4
1380000 916.7
1385000 916.1
1390000 917.9
1395000 918.9
1400000 916.8
1405000 127.1
1410000 179.2
1415000 564.0
1420000 630.3
1425000 710.3
1430000 886.8
1435000 760.1
1440000 904.8
1445000 904.3
1450000 875.0
1455000 906.0
1460000 912.7
1465000 910.7
1470000 915.6
1475000 914.5
1480000 913.9
1485000 913.1
1490000 913.7
1495000 915.5
1500000 915.8
1505000 916.5
1510000 915.0
1515000 909.2
1520000 911.9
1525000 845.6
1530000 779.8
1535000 917.1
1540000 917.3
1545000 919.1
1550000 916.0
1555000 916.7
1560000 913.9
1565000 916.1
1570000 851.3
1575000 847.9
1580000 917.2
1585000 914.0
1590000 917.8
1595000 917.2
1600000 916.7
1605000 132.3
1610000 119.6
1615000 637.8
1620000 770.0
1625000 841.1
1630000 899.0
1635000 797.5
1640000 907.9
1645000 906.5
1650000 909.0
1655000 895.0
1660000 914.2
1665000 840.8
1670000 913.5
1675000 914.7
1680000 914.6
1685000 910.9
1690000 913.8
1695000 915.1
1700000 914.0
1705000 914.6
1710000 916.0
1715000 914.4
1720000 913.8
1725000 912.8
1730000 916.0
1735000 918.2
1740000 903.7
1745000 916.4
1750000 911.5
1755000 917.0
1760000 835.6
1765000 830.9
1770000 917.9
1775000 915.1
1780000 915.0
1785000 909.6
1790000 916.3
1795000 917.6
1800000 917.5
1805000 121.8
1810000 190.6
1815000 249.7
1820000 803.3
1825000 891.5
1830000 841.6
1835000 899.0
1840000 900.0
1845000 910.7
1850000 849.1
1855000 909.6
1860000 914.1
1865000 916.4
1870000 914.8
1875000 916.2
1880000 909.9
1885000 915.9
1890000 908.3
1895000 913.8
1900000 916.3
1905000 918.0
1910000 915.4
1915000 914.2
1920000 918.3
1925000 918.0
1930000 918.8
1935000 918.7
1940000 917.1
1945000 917.4
1950000 829.3
1955000 755.9
1960000 841.9
1965000 916.0
1970000 916.8
1975000 917.1
1980000 917.4
1985000 917.7
1990000 918.6
1995000 917.7
2000000 918.4
