5000 16.0
10000 1.6
15000 67.5
20000 102.4
25000 229.8
30000 209.8
35000 166.6
40000 252.6
45000 333.7
50000 307.8
55000 298.4
60000 456.3
65000 321.3
70000 355.2
75000 469.2
80000 519.1
85000 216.5
90000 543.8
95000 473.9
100000 653.7
105000 620.2
110000 688.0
115000 559.8
120000 660.3
125000 695.3
130000 717.4
135000 724.3
140000 726.6
145000 687.4
150000 762.3
155000 701.8
160000 759.0
165000 685.5
170000 757.3
175000 767.4
180000 652.1
185000 396.2
190000 778.2
195000 709.9
200000 801.5
205000 90.6
210000 182.4
215000 490.5
220000 702.7
225000 795.9
230000 648.2
235000 802.8
240000 822.6
245000 775.5
250000 793.0
255000 832.4
260000 776.6
265000 814.3
270000 817.6
275000 825.1
280000 820.5
285000 850.7
290000 638.8
295000 866.9
300000 870.7
305000 854.7
310000 879.7
315000 768.0
320000 878.0
325000 885.1
330000 431.0
335000 879.9
340000 834.1
345000 779.7
350000 872.5
355000 829.5
360000 842.7
365000 689.6
370000 838.7
375000 885.7
380000 779.3
385000 875.0
390000 843.1
395000 447.9
400000 892.2
405000 156.2
410000 440.4
415000 562.9
420000 705.4
425000 722.6
430000 801.5
435000 605.1
440000 778.0
445000 534.3
450000 882.0
455000 859.9
460000 877.4
465000 807.7
470000 887.9
475000 880.1
480000 844.9
485000 770.3
490000 859.7
495000 891.5
500000 894.8
505000 882.3
510000 895.9
515000 891.6
520000 897.1
525000 888.8
530000 888.9
535000 804.2
540000 897.3
545000 894.7
550000 896.3
555000 898.4
560000 895.8
565000 897.3
570000 898.5
575000 902.0
580000 897.7
585000 901.9
590000 896.8
595000 902.0
600000 900.4
605000 87.5
610000 246.2
615000 447.8
620000 570.6
625000 508.2
630000 795.0
635000 819.0
640000 862.1
645000 887.2
650000 768.6
655000 885.1
660000 872.6
665000 879.0
670000 883.0
675000 895.8
680000 896.6
685000 890.1
690000 899.7
695000 893.2
700000 887.3
705000 856.8
710000 900.5
715000 897.9
720000 893.2
725000 893.2
730000 891.9
735000 897.7
740000 901.7
745000 898.1
750000 899.9
755000 900.9
760000 901.1
765000 901.7
770000 899.5
775000 897.6
780000 903.2
785000 904.2
790000 904.1
795000 903.9
800000 902.9
805000 63.2
810000 515.1
815000 810.1
820000 823.1
825000 782.6
830000 886.4
835000 800.1
840000 875.8
845000 774.8
850000 886.8
855000 900.9
860000 897.4
865000 902.2
870000 898.6
875000 897.3
880000 901.8
885000 904.4
890000 899.2
895000 900.7
900000 904.4
905000 902.0
910000 898.7
915000 904.0
920000 904.0
925000 906.4
930000 904.5
935000 888.2
940000 906.6
945000 894.9
950000 901.2
955000 901.2
960000 904.0
965000 903.4
970000 903.9
975000 901.8
980000 907.8
985000 903.0
990000 902.8
995000 906.7
1000000 877.2
1005000 109.4
1010000 368.0
1015000 768.0
1020000 635.8
1025000 858.9
1030000 682.5
1035000 882.6
1040000 895.5
1045000 876.2
1050000 901.2
1055000 896.5
1060000 901.5
1065000 866.8
1070000 906.7
1075000 901.9
1080000 759.9
1085000 904.9
1090000 904.6
1095000 906.0
1100000 905.9
1105000 910.2
1110000 910.3
1115000 906.6
1120000 903.3
1125000 907.7
1130000 905.8
1135000 905.9
1140000 908.4
1145000 908.3
1150000 908.1
1155000 909.5
1160000 846.7
1165000 615.1
1170000 909.0
1175000 903.4
1180000 909.4
1185000 910.3
1190000 910.6
1195000 909.3
1200000 907.3
1205000 131.7
1210000 181.1
1215000 320.6
1220000 407.1
1225000 628.5
1230000 615.0
1235000 509.6
1240000 796.5
1245000 817.5
1250000 891.6
1255000 900.3
1260000 896.7
1265000 903.9
1270000 885.7
1275000 909.3
1280000 809.5
1285000 904.4
1290000 876.9
1295000 907.7
1300000 906.3
1305000 907.5
1310000 904.5
1315000 894.5
1320000 875.5
1325000 903.6
1330000 907.9
1335000 910.1
1340000 910.7
1345000 911.6
1350000 907.8
1355000 909.6
1360000 851.5
1365000 908.2
1370000 906.3
1375000 910.3
1380000 910.4
1385000 912.6
1390000 913.2
1395000 912.8
1400000 912.4
1405000 108.8
1410000 80.9
1415000 428.2
1420000 535.7
1425000 498.8
1430000 342.6
1435000 677.2
1440000 694.8
1445000 736.0
1450000 801.9
1455000 597.2
1460000 901.0
1465000 900.1
1470000 907.9
1475000 908.7
1480000 908.4
1485000 818.5
1490000 908.5
1495000 909.7
1500000 908.4
1505000 912.5
1510000 819.0
1515000 767.2
1520000 911.5
1525000 907.4
1530000 910.9
1535000 844.4
1540000 910.8
1545000 908.7
1550000 901.7
1555000 910.6
1560000 909.5
1565000 912.0
1570000 909.4
1575000 912.0
1580000 912.7
1585000 911.7
1590000 912.3
1595000 912.8
1600000 914.0
1605000 140.5
1610000 78.5
1615000 246.3
1620000 613.4
1625000 599.2
1630000 553.5
1635000 756.3
1640000 856.8
1645000 831.7
1650000 705.8
1655000 886.1
1660000 894.5
1665000 905.2
1670000 908.1
1675000 905.3
1680000 829.1
1685000 907.0
1690000 911.2
1695000 909.5
1700000 910.3
1705000 913.4
1710000 747.4
1715000 910.8
1720000 911.9
1725000 914.3
1730000 910.7
1735000 915.2
1740000 911.0
1745000 911.0
1750000 915.1
1755000 911.7
1760000 908.2
1765000 907.8
1770000 911.4
1775000 913.8
1780000 908.2
1785000 912.9
1790000 910.0
1795000 912.3
1800000 915.7
1805000 109.9
1810000 158.3
1815000 548.9
1820000 565.8
1825000 686.2
1830000 696.2
1835000 818.1
1840000 859.7
1845000 884.1
1850000 901.4
1855000 820.1
1860000 837.0
1865000 851.0
1870000 832.8
1875000 909.2
1880000 905.6
1885000 910.5
1890000 910.6
1895000 911.2
1900000 748.2
1905000 907.8
1910000 909.7
1915000 842.3
1920000 916.3
1925000 912.6
1930000 914.5
1935000 915.0
1940000 916.9
1945000 914.4
1950000 905.1
1955000 911.1
1960000 916.4
1965000 917.1
1970000 916.9
1975000 913.7
1980000 893.5
1985000 916.3
1990000 842.8
1995000 910.7
2000000 913.6
