5000 19.9
10000 1.9
15000 76.3
20000 41.5
25000 31.2
30000 76.6
35000 133.7
40000 129.1
45000 170.7
50000 153.9
55000 145.7
60000 309.3
65000 281.2
70000 250.5
75000 294.8
80000 399.4
85000 353.7
90000 231.8
95000 422.1
100000 392.2
105000 531.3
110000 524.9
115000 164.1
120000 574.8
125000 554.9
130000 405.4
135000 620.5
140000 636.4
145000 645.7
150000 613.3
155000 657.3
160000 677.3
165000 621.0
170000 655.6
175000 617.3
180000 710.7
185000 674.4
190000 641.5
195000 114.2
200000 716.1
205000 169.3
210000 589.9
215000 583.2
220000 764.4
225000 694.4
230000 789.6
235000 771.0
240000 800.6
245000 802.3
250000 795.8
255000 798.2
260000 724.9
265000 816.9
270000 854.8
275000 865.3
280000 792.7
285000 869.0
290000 857.4
295000 787.8
300000 807.9
305000 878.4
310000 874.5
315000 834.4
320000 864.9
325000 871.9
330000 883.7
335000 858.9
340000 891.2
345000 757.2
350000 889.4
355000 890.7
360000 889.9
365000 891.9
370000 889.4
375000 894.1
380000 894.3
385000 894.8
390000 889.6
395000 895.9
400000 897.5
405000 142.8
410000 98.9
415000 569.7
420000 639.3
425000 663.6
430000 870.8
435000 883.2
440000 889.0
445000 886.7
450000 897.8
455000 887.9
460000 892.9
465000 895.5
470000 896.8
475000 901.1
480000 894.3
485000 899.6
490000 896.5
495000 901.5
500000 891.9
505000 893.7
510000 903.7
515000 900.3
520000 898.5
525000 899.5
530000 901.7
535000 901.6
540000 896.9
545000 900.0
550000 904.0
555000 902.7
560000 904.2
565000 895.2
570000 902.7
575000 900.6
580000 899.6
585000 907.3
590000 900.0
595000 901.6
600000 903.9
605000 165.3
610000 281.4
615000 795.9
620000 872.6
625000 882.2
630000 881.4
635000 893.6
640000 890.8
645000 904.6
650000 900.3
655000 901.7
660000 900.5
665000 900.4
670000 899.7
675000 901.0
680000 894.0
685000 905.6
690000 905.3
695000 905.4
700000 906.4
705000 903.6
710000 902.7
715000 907.1
720000 907.0
725000 908.1
730000 905.3
735000 906.9
740000 905.9
745000 909.7
750000 906.6
755000 905.6
760000 906.8
765000 911.3
770000 907.7
775000 905.1
780000 907.9
785000 908.4
790000 906.6
795000 907.2
800000 907.2
805000 207.1
810000 300.8
815000 616.9
820000 865.1
825000 831.0
830000 886.9
835000 896.1
840000 890.0
845000 896.6
850000 902.0
855000 906.2
860000 906.5
865000 905.6
870000 907.9
875000 905.3
880000 909.6
885000 903.2
890000 906.5
895000 904.6
900000 903.9
905000 905.3
910000 906.1
915000 910.4
920000 905.6
925000 907.9
930000 911.2
935000 909.2
940000 907.5
945000 906.7
950000 911.7
955000 909.0
960000 910.8
965000 909.4
970000 911.0
975000 911.9
980000 907.2
985000 912.0
990000 910.7
995000 911.1
1000000 911.5
1005000 325.7
1010000 233.2
1015000 573.2
1020000 852.7
1025000 898.3
1030000 722.1
1035000 906.1
1040000 907.4
1045000 903.9
1050000 897.0
1055000 912.8
1060000 761.5
1065000 896.9
1070000 905.2
1075000 905.1
1080000 910.2
1085000 915.5
1090000 907.0
1095000 911.9
1100000 910.3
1105000 913.2
1110000 912.0
1115000 913.1
1120000 912.8
1125000 909.9
1130000 914.6
1135000 914.2
1140000 906.7
1145000 912.8
1150000 902.4
1155000 709.8
1160000 915.6
1165000 917.1
1170000 913.4
1175000 912.2
1180000 914.6
1185000 913.9
1190000 915.1
1195000 916.7
1200000 918.7
1205000 167.9
1210000 121.9
1215000 249.8
1220000 315.6
1225000 797.1
1230000 702.6
1235000 884.8
1240000 904.5
1245000 903.6
1250000 893.2
1255000 888.3
1260000 914.8
1265000 911.7
1270000 905.3
1275000 914.8
1280000 901.2
1285000 903.2
1290000 913.5
1295000 912.4
1300000 910.5
1305000 915.9
1310000 914.7
1315000 913.2
1320000 914.1
1325000 907.5
1330000 911.3
1335000 913.2
1340000 911.3
1345000 914.8
1350000 913.3
1355000 912.2
1360000 919.2
1365000 916.3
1370000 917.1
1375000 913.1
1380000 916.3
1385000 916.5
1390000 918.3
1395000 914.2
1400000 918.1
1405000 105.8
1410000 88.9
1415000 211.5
1420000 694.1
1425000 654.3
1430000 688.7
1435000 825.0
1440000 903.5
1445000 911.1
1450000 913.5
1455000 910.2
1460000 910.9
1465000 912.8
1470000 680.1
1475000 915.6
1480000 915.2
1485000 914.6
1490000 915.0
1495000 916.7
1500000 455.1
1505000 916.3
1510000 919.6
1515000 918.1
1520000 910.5
1525000 916.0
1530000 918.6
1535000 918.0
1540000 910.3
1545000 917.2
1550000 572.6
1555000 911.2
1560000 913.7
1565000 916.2
1570000 910.7
1575000 921.5
1580000 915.9
1585000 912.2
1590000 889.7
1595000 920.5
1600000 921.1
1605000 144.8
1610000 169.0
1615000 645.3
1620000 119.2
1625000 752.3
1630000 805.0
1635000 798.3
1640000 862.6
1645000 910.4
1650000 909.7
1655000 867.6
1660000 914.1
1665000 900.3
1670000 745.5
1675000 915.2
1680000 909.9
1685000 851.1
1690000 916.1
1695000 914.5
1700000 915.3
1705000 867.7
1710000 912.6
1715000 917.5
1720000 911.9
1725000 915.8
1730000 917.3
1735000 918.2
1740000 917.7
1745000 915.8
1750000 851.0
1755000 918.3
1760000 914.2
1765000 916.0
1770000 914.6
1775000 914.7
1780000 913.9
1785000 917.3
1790000 918.5
1795000 920.7
1800000 762.6
1805000 176.6
1810000 384.7
1815000 211.8
1820000 723.6
1825000 822.0
1830000 865.5
1835000 828.7
1840000 898.5
1845000 890.5
1850000 910.2
1855000 368.1
1860000 910.0
1865000 914.0
1870000 918.5
1875000 917.6
1880000 918.0
1885000 917.5
1890000 916.6
1895000 917.4
1900000 915.5
1905000 920.2
1910000 899.4
1915000 918.7
1920000 919.8
1925000 919.6
1930000 918.8
1935000 862.2
1940000 919.2
1945000 921.1
1950000 919.5
1955000 918.6
1960000 920.1
1965000 921.4
1970000 918.2
1975000 920.9
1980000 916.0
1985000 918.7
1990000 920.7
1995000 919.5
2000000 921.5
