5000 8.1
10000 2.7
15000 115.6
20000 85.1
25000 130.3
30000 156.7
35000 234.5
40000 168.2
45000 185.0
50000 187.1
55000 200.5
60000 303.0
65000 213.3
70000 319.2
75000 346.6
80000 316.6
85000 371.8
90000 296.5
95000 346.8
100000 423.9
105000 516.7
110000 479.0
115000 465.4
120000 615.7
125000 686.9
130000 605.3
135000 363.4
140000 723.1
145000 678.3
150000 674.5
155000 159.1
160000 745.1
165000 791.0
170000 787.2
175000 673.0
180000 822.0
185000 765.0
190000 735.8
195000 831.6
200000 755.8
205000 488.7
210000 652.3
215000 827.6
220000 852.3
225000 853.8
230000 881.2
235000 871.3
240000 873.7
245000 875.1
250000 883.9
255000 884.9
260000 884.9
265000 881.3
270000 895.6
275000 866.4
280000 853.8
285000 891.6
290000 892.6
295000 894.3
300000 897.7
305000 757.4
310000 882.8
315000 895.9
320000 900.1
325000 895.8
330000 901.4
335000 900.2
340000 899.7
345000 77.4
350000 898.0
355000 903.0
360000 902.8
365000 901.5
370000 817.5
375000 900.9
380000 903.0
385000 531.1
390000 208.2
395000 892.7
400000 819.4
405000 319.9
410000 614.4
415000 841.8
420000 881.9
425000 842.2
430000 832.6
435000 898.5
440000 900.2
445000 894.6
450000 902.2
455000 899.0
460000 903.5
465000 902.5
470000 906.0
475000 905.7
480000 860.3
485000 904.6
490000 904.7
495000 907.1
500000 904.9
505000 908.7
510000 907.2
515000 896.1
520000 906.5
525000 909.3
530000 909.6
535000 905.4
540000 910.2
545000 907.4
550000 909.6
555000 904.1
560000 909.4
565000 910.0
570000 901.4
575000 908.8
580000 910.6
585000 907.3
590000 910.9
595000 909.5
600000 908.4
605000 428.5
610000 693.2
615000 871.7
620000 881.9
625000 876.3
630000 879.0
635000 901.8
640000 903.0
645000 908.6
650000 905.3
655000 905.7
660000 908.5
665000 909.5
670000 909.6
675000 904.5
680000 907.7
685000 910.8
690000 911.5
695000 910.6
700000 909.5
705000 909.8
710000 911.4
715000 910.4
720000 913.4
725000 911.3
730000 912.9
735000 915.1
740000 912.9
745000 914.6
750000 912.7
755000 910.8
760000 914.9
765000 914.1
770000 915.7
775000 915.1
780000 917.0
785000 915.2
790000 913.2
795000 914.3
800000 914.1
805000 215.1
810000 610.1
815000 794.2
820000 877.2
825000 895.6
830000 904.8
835000 832.8
840000 907.5
845000 904.1
850000 912.0
855000 910.3
860000 913.6
865000 912.8
870000 910.2
875000 914.2
880000 911.1
885000 912.2
890000 916.3
895000 914.5
900000 907.9
905000 914.5
910000 918.3
915000 915.9
920000 914.2
925000 916.2
930000 916.2
935000 908.0
940000 911.7
945000 917.6
950000 913.7
955000 918.1
960000 916.4
965000 917.1
970000 916.9
975000 917.6
980000 917.4
985000 919.2
990000 917.6
995000 917.6
1000000 918.4
1005000 197.9
1010000 689.3
1015000 686.0
1020000 885.8
1025000 901.7
1030000 892.6
1035000 911.8
1040000 916.6
1045000 914.0
1050000 913.2
1055000 916.6
1060000 911.2
1065000 916.2
1070000 916.8
1075000 916.2
1080000 917.2
1085000 918.8
1090000 913.6
1095000 918.3
1100000 919.8
1105000 919.5
1110000 921.1
1115000 920.7
1120000 915.3
1125000 919.7
1130000 920.5
1135000 921.3
1140000 920.7
1145000 920.4
1150000 840.6
1155000 921.2
1160000 915.7
1165000 921.8
1170000 921.3
1175000 921.3
1180000 920.3
1185000 921.5
1190000 912.0
1195000 921.2
1200000 920.1
1205000 187.5
1210000 63.6
1215000 359.2
1220000 530.5
1225000 748.4
1230000 18.3
1235000 863.7
1240000 854.2
1245000 913.1
1250000 915.6
1255000 907.0
1260000 885.1
1265000 908.6
1270000 910.5
1275000 840.0
1280000 917.4
1285000 918.2
1290000 842.5
1295000 922.2
1300000 919.7
1305000 905.0
1310000 912.2
1315000 921.0
1320000 920.1
1325000 847.9
1330000 921.8
1335000 909.5
1340000 917.0
1345000 906.6
1350000 890.4
1355000 906.0
1360000 920.8
1365000 921.5
1370000 848.1
1375000 916.0
1380000 918.3
1385000 919.5
1390000 919.3
1395000 908.3
1400000 922.1
1405000 143.6
1410000 101.5
1415000 216.0
1420000 494.9
1425000 791.1
1430000 848.8
1435000 907.7
1440000 917.8
1445000 918.9
1450000 915.4
1455000 914.6
1460000 850.1
1465000 917.4
1470000 886.5
1475000 901.5
1480000 908.6
1485000 828.1
1490000 920.8
1495000 917.9
1500000 912.1
1505000 920.3
1510000 548.1
1515000 917.0
1520000 920.5
1525000 921.3
1530000 915.9
1535000 690.8
1540000 921.1
1545000 921.7
1550000 921.4
1555000 906.0
1560000 920.2
1565000 921.6
1570000 918.4
1575000 921.0
1580000 921.9
1585000 921.0
1590000 921.7
1595000 921.7
1600000 912.6
1605000 201.9
1610000 184.7
1615000 675.7
1620000 787.4
1625000 904.1
1630000 888.9
1635000 911.3
1640000 906.0
1645000 902.9
1650000 911.6
1655000 912.8
1660000 735.3
1665000 907.6
1670000 912.5
1675000 916.0
1680000 915.1
1685000 914.8
1690000 918.4
1695000 916.8
1700000 911.6
1705000 916.2
1710000 920.6
1715000 919.5
1720000 921.0
1725000 912.2
1730000 920.1
1735000 908.4
1740000 922.7
1745000 922.5
1750000 910.0
1755000 922.7
1760000 914.9
1765000 921.4
1770000 923.2
1775000 915.8
1780000 921.7
1785000 920.5
1790000 921.2
1795000 921.3
1800000 916.6
1805000 139.5
1810000 195.1
1815000 619.4
1820000 654.0
1825000 771.5
1830000 638.3
1835000 533.6
1840000 872.9
1845000 847.4
1850000 905.8
1855000 899.7
1860000 916.9
1865000 892.5
1870000 917.8
1875000 919.0
1880000 920.3
1885000 920.4
1890000 919.1
1895000 922.2
1900000 922.5
1905000 921.9
1910000 921.9
1915000 923.9
1920000 922.0
1925000 923.6
1930000 921.8
1935000 916.8
1940000 923.1
1945000 922.3
1950000 922.6
1955000 923.6
1960000 924.3
1965000 922.9
1970000 924.5
1975000 922.2
1980000 919.3
1985000 922.5
1990000 922.8
1995000 923.4
2000000 923.4
