5000 3.2
10000 0.4
15000 67.9
20000 107.4
25000 156.4
30000 142.0
35000 140.6
40000 156.5
45000 187.8
50000 187.2
55000 227.1
60000 203.6
65000 421.7
70000 301.9
75000 342.2
80000 464.7
85000 455.9
90000 399.8
95000 477.0
100000 580.0
105000 608.9
110000 614.2
115000 633.5
120000 621.2
125000 662.6
130000 670.5
135000 597.3
140000 695.7
145000 601.1
150000 722.3
155000 729.9
160000 698.9
165000 720.1
170000 733.8
175000 754.0
180000 757.9
185000 772.5
190000 788.2
195000 777.1
200000 744.5
205000 277.0
210000 530.3
215000 733.9
220000 711.6
225000 799.3
230000 793.5
235000 825.7
240000 829.6
245000 825.2
250000 850.0
255000 833.8
260000 834.4
265000 833.3
270000 851.5
275000 814.6
280000 818.5
285000 859.4
290000 860.7
295000 860.0
300000 849.5
305000 864.2
310000 875.4
315000 845.4
320000 879.6
325000 876.7
330000 873.6
335000 866.9
340000 877.9
345000 878.4
350000 877.3
355000 879.3
360000 882.6
365000 885.9
370000 863.3
375000 885.4
380000 878.0
385000 886.8
390000 793.9
395000 882.9
400000 887.9
405000 238.0
410000 386.9
415000 549.7
420000 803.8
425000 871.9
430000 845.9
435000 872.8
440000 877.4
445000 881.0
450000 885.2
455000 878.0
460000 886.7
465000 888.1
470000 876.7
475000 867.0
480000 890.3
485000 889.1
490000 893.9
495000 887.8
500000 889.0
505000 896.4
510000 886.0
515000 890.5
520000 893.9
525000 892.9
530000 895.7
535000 895.5
540000 891.9
545000 896.8
550000 889.4
555000 898.3
560000 897.8
565000 893.4
570000 892.5
575000 898.1
580000 899.0
585000 895.9
590000 898.3
595000 898.3
600000 899.6
605000 175.8
610000 151.7
615000 822.4
620000 842.6
625000 859.4
630000 870.1
635000 887.9
640000 884.5
645000 888.6
650000 890.0
655000 883.7
660000 892.0
665000 897.5
670000 890.8
675000 896.5
680000 894.7
685000 898.1
690000 894.8
695000 898.3
700000 896.2
705000 898.2
710000 896.6
715000 899.8
720000 898.2
725000 897.1
730000 898.4
735000 896.4
740000 899.5
745000 897.5
750000 897.9
755000 899.5
760000 900.0
765000 899.9
770000 901.6
775000 901.3
780000 898.9
785000 892.5
790000 900.4
795000 897.4
800000 904.9
805000 268.3
810000 571.5
815000 785.4
820000 820.7
825000 831.4
830000 846.0
835000 890.1
840000 892.2
845000 880.8
850000 895.9
855000 895.9
860000 857.5
865000 875.8
870000 894.6
875000 894.4
880000 897.4
885000 895.3
890000 898.4
895000 901.9
900000 898.8
905000 902.0
910000 893.1
915000 902.6
920000 902.5
925000 900.0
930000 902.5
935000 900.4
940000 904.3
945000 896.1
950000 900.6
955000 904.2
960000 904.4
965000 902.0
970000 904.7
975000 903.4
980000 902.2
985000 904.5
990000 905.2
995000 905.5
1000000 903.8
1005000 159.4
1010000 483.7
1015000 826.1
1020000 878.3
1025000 887.7
1030000 890.4
1035000 865.3
1040000 890.6
1045000 892.8
1050000 856.4
1055000 846.7
1060000 888.6
1065000 897.1
1070000 842.4
1075000 899.5
1080000 900.1
1085000 901.9
1090000 901.9
1095000 904.1
1100000 902.0
1105000 905.2
1110000 905.3
1115000 903.6
1120000 903.1
1125000 904.8
1130000 905.6
1135000 906.6
1140000 906.7
1145000 906.6
1150000 908.0
1155000 906.1
1160000 905.6
1165000 905.6
1170000 908.8
1175000 907.6
1180000 907.2
1185000 907.8
1190000 899.4
1195000 908.6
1200000 907.5
1205000 168.6
1210000 282.5
1215000 260.5
1220000 601.7
1225000 877.4
1230000 848.2
1235000 893.9
1240000 857.9
1245000 874.3
1250000 896.7
1255000 902.5
1260000 901.1
1265000 893.6
1270000 828.3
1275000 904.8
1280000 886.7
1285000 907.8
1290000 908.3
1295000 906.7
1300000 908.5
1305000 908.6
1310000 910.2
1315000 907.6
1320000 909.3
1325000 906.8
1330000 910.7
1335000 909.7
1340000 909.6
1345000 909.1
1350000 909.7
1355000 34.1
1360000 907.1
1365000 907.4
1370000 908.3
1375000 910.6
1380000 909.8
1385000 902.1
1390000 910.7
1395000 911.3
1400000 911.9
1405000 272.1
1410000 533.9
1415000 682.9
1420000 863.6
1425000 892.7
1430000 891.5
1435000 892.5
1440000 899.9
1445000 895.5
1450000 896.8
1455000 906.1
1460000 908.1
1465000 906.1
1470000 910.2
1475000 910.5
1480000 909.5
1485000 911.9
1490000 898.1
1495000 912.3
1500000 904.6
1505000 910.3
1510000 911.6
1515000 912.1
1520000 911.8
1525000 911.2
1530000 912.8
1535000 912.0
1540000 911.5
1545000 912.1
1550000 906.8
1555000 913.4
1560000 911.9
1565000 899.3
1570000 908.5
1575000 849.6
1580000 903.9
1585000 913.2
1590000 905.3
1595000 834.2
1600000 908.4
1605000 98.3
1610000 126.9
1615000 681.1
1620000 862.6
1625000 871.0
1630000 894.9
1635000 843.9
1640000 903.8
1645000 902.1
1650000 904.5
1655000 901.8
1660000 908.4
1665000 902.6
1670000 906.9
1675000 901.2
1680000 909.8
1685000 897.3
1690000 903.7
1695000 910.7
1700000 907.7
1705000 908.5
1710000 909.9
1715000 911.3
1720000 911.5
1725000 911.1
1730000 911.1
1735000 908.5
1740000 905.6
1745000 905.4
1750000 909.4
1755000 910.6
1760000 909.2
1765000 733.0
1770000 907.1
1775000 910.5
1780000 911.3
1785000 912.2
1790000 911.1
1795000 910.7
1800000 901.8
1805000 250.8
1810000 243.2
1815000 535.0
1820000 752.5
1825000 884.6
1830000 882.3
1835000 816.3
1840000 872.8
1845000 858.3
1850000 893.1
1855000 902.0
1860000 904.4
1865000 903.3
1870000 907.6
1875000 911.9
1880000 910.5
1885000 905.7
1890000 809.6
1895000 911.6
1900000 909.7
1905000 912.0
1910000 911.8
1915000 911.9
1920000 900.0
1925000 910.3
1930000 907.4
1935000 914.3
1940000 902.7
1945000 913.3
1950000 911.3
1955000 912.0
1960000 912.8
1965000 914.0
1970000 912.3
1975000 909.9
1980000 913.2
1985000 910.9
1990000 908.7
1995000 912.1
2000000 912.1
