5000 7.1
10000 0.9
15000 128.5
20000 145.0
25000 159.7
30000 181.8
35000 209.9
40000 205.6
45000 227.6
50000 271.6
55000 362.1
60000 312.1
65000 393.6
70000 398.5
75000 282.0
80000 465.1
85000 347.0
90000 452.0
95000 461.1
100000 576.5
105000 524.9
110000 553.2
115000 609.6
120000 523.8
125000 618.2
130000 638.1
135000 671.7
140000 688.7
145000 691.5
150000 262.7
155000 734.7
160000 349.4
165000 750.0
170000 749.4
175000 292.8
180000 701.7
185000 749.8
190000 743.8
195000 759.4
200000 774.7
205000 236.5
210000 238.4
215000 724.5
220000 746.9
225000 790.3
230000 805.2
235000 819.4
240000 807.9
245000 805.0
250000 797.7
255000 827.8
260000 844.4
265000 810.1
270000 839.6
275000 858.8
280000 852.1
285000 851.7
290000 856.0
295000 860.4
300000 848.6
305000 863.1
310000 873.6
315000 878.7
320000 877.5
325000 884.0
330000 881.3
335000 844.3
340000 870.8
345000 880.5
350000 885.7
355000 882.6
360000 882.8
365000 880.6
370000 850.9
375000 879.4
380000 874.5
385000 697.1
390000 880.2
395000 670.0
400000 886.4
405000 202.2
410000 334.9
415000 778.1
420000 774.6
425000 861.4
430000 827.3
435000 863.5
440000 885.5
445000 879.4
450000 880.1
455000 879.2
460000 885.7
465000 886.2
470000 890.1
475000 872.3
480000 879.8
485000 868.7
490000 878.3
495000 845.4
500000 888.2
505000 786.6
510000 876.8
515000 891.2
520000 881.3
525000 825.6
530000 859.8
535000 895.0
540000 887.7
545000 872.2
550000 549.7
555000 847.8
560000 892.0
565000 887.3
570000 864.5
575000 890.4
580000 889.8
585000 869.8
590000 829.1
595000 892.9
600000 900.1
605000 191.3
610000 346.8
615000 807.4
620000 853.2
625000 872.5
630000 821.3
635000 857.0
640000 871.3
645000 842.2
650000 889.4
655000 895.6
660000 882.7
665000 891.6
670000 892.0
675000 887.2
680000 894.8
685000 896.3
690000 882.4
695000 888.2
700000 896.4
705000 899.1
710000 896.4
715000 897.4
720000 896.6
725000 899.9
730000 898.6
735000 901.2
740000 897.8
745000 902.6
750000 898.7
755000 897.6
760000 896.2
765000 898.4
770000 889.3
775000 897.4
780000 861.0
785000 901.0
790000 902.6
795000 888.5
800000 903.4
805000 225.4
810000 505.2
815000 744.8
820000 862.6
825000 825.7
830000 892.3
835000 888.0
840000 890.0
845000 882.0
850000 891.7
855000 895.1
860000 895.9
865000 890.3
870000 890.9
875000 887.1
880000 889.8
885000 896.0
890000 898.5
895000 894.5
900000 896.7
905000 896.1
910000 896.2
915000 896.9
920000 899.6
925000 899.0
930000 902.6
935000 898.4
940000 902.3
945000 901.5
950000 901.4
955000 902.0
960000 900.5
965000 905.6
970000 902.4
975000 904.0
980000 898.3
985000 901.5
990000 907.2
995000 903.7
1000000 906.1
1005000 256.2
1010000 525.3
1015000 806.7
1020000 839.6
1025000 866.8
1030000 852.4
1035000 883.9
1040000 897.2
1045000 898.4
1050000 897.7
1055000 899.9
1060000 890.6
1065000 899.8
1070000 904.8
1075000 904.0
1080000 891.8
1085000 903.1
1090000 905.7
1095000 904.2
1100000 905.3
1105000 905.7
1110000 904.9
1115000 907.6
1120000 906.1
1125000 793.0
1130000 905.4
1135000 908.0
1140000 903.9
1145000 910.0
1150000 909.8
1155000 910.6
1160000 910.1
1165000 911.5
1170000 905.5
1175000 911.0
1180000 616.6
1185000 910.1
1190000 911.7
1195000 909.6
1200000 909.2
1205000 169.5
1210000 202.2
1215000 225.6
1220000 705.9
1225000 853.1
1230000 741.6
1235000 883.0
1240000 878.4
1245000 885.6
1250000 901.2
1255000 900.0
1260000 881.4
1265000 901.9
1270000 903.7
1275000 899.0
1280000 786.0
1285000 904.9
1290000 898.1
1295000 905.8
1300000 882.3
1305000 906.2
1310000 907.6
1315000 906.2
1320000 900.4
1325000 910.4
1330000 911.0
1335000 909.4
1340000 906.9
1345000 912.6
1350000 907.5
1355000 908.9
1360000 910.4
1365000 910.7
1370000 911.0
1375000 908.6
1380000 831.9
1385000 910.0
1390000 913.6
1395000 910.7
1400000 837.6
1405000 166.3
1410000 140.0
1415000 316.4
1420000 748.8
1425000 701.3
1430000 868.0
1435000 772.2
1440000 895.0
1445000 895.4
1450000 891.7
1455000 901.3
1460000 897.6
1465000 902.8
1470000 896.5
1475000 908.0
1480000 908.7
1485000 906.4
1490000 906.9
1495000 909.6
1500000 909.1
1505000 910.9
1510000 907.2
1515000 909.6
1520000 909.9
1525000 910.7
1530000 909.6
1535000 911.0
1540000 910.5
1545000 912.3
1550000 911.6
1555000 910.1
1560000 893.0
1565000 911.2
1570000 912.3
1575000 910.8
1580000 905.9
1585000 913.0
1590000 911.7
1595000 912.7
1600000 910.4
1605000 168.7
1610000 248.2
1615000 323.3
1620000 269.7
1625000 803.4
1630000 839.0
1635000 887.3
1640000 876.9
1645000 869.8
1650000 901.9
1655000 889.1
1660000 906.8
1665000 880.8
1670000 903.1
1675000 908.0
1680000 896.1
1685000 900.7
1690000 906.1
1695000 887.2
1700000 907.1
1705000 915.0
1710000 912.8
1715000 914.9
1720000 907.6
1725000 911.8
1730000 913.3
1735000 913.2
1740000 905.7
1745000 915.1
1750000 910.3
1755000 912.4
1760000 910.8
1765000 914.4
1770000 913.3
1775000 911.9
1780000 909.7
1785000 913.6
1790000 878.3
1795000 913.6
1800000 708.8
1805000 175.1
1810000 245.9
1815000 432.7
1820000 829.1
1825000 832.1
1830000 890.2
1835000 901.6
1840000 897.5
1845000 900.1
1850000 903.2
1855000 900.5
1860000 908.3
1865000 906.9
1870000 910.9
1875000 911.6
1880000 779.6
1885000 909.9
1890000 907.3
1895000 912.3
1900000 911.2
1905000 912.0
1910000 912.5
1915000 912.7
1920000 847.7
1925000 913.0
1930000 911.2
1935000 911.6
1940000 914.4
1945000 914.5
1950000 914.5
1955000 913.8
1960000 914.5
1965000 905.9
1970000 773.2
1975000 915.0
1980000 916.2
1985000 915.1
1990000 915.4
1995000 915.0
2000000 915.9
