5000 15.2
10000 0.5
15000 78.1
20000 115.4
25000 144.5
30000 221.1
35000 175.9
40000 155.7
45000 239.2
50000 160.0
55000 329.7
60000 400.3
65000 229.6
70000 231.0
75000 456.6
80000 355.0
85000 435.6
90000 525.9
95000 400.7
100000 536.7
105000 619.6
110000 629.1
115000 644.2
120000 664.3
125000 60.3
130000 635.6
135000 693.9
140000 707.1
145000 169.2
150000 714.7
155000 481.2
160000 20.7
165000 83.7
170000 40.2
175000 634.3
180000 723.2
185000 404.5
190000 735.2
195000 769.2
200000 770.1
205000 384.7
210000 619.7
215000 722.6
220000 747.9
225000 781.6
230000 781.5
235000 771.7
240000 803.1
245000 799.0
250000 816.5
255000 795.8
260000 806.5
265000 796.2
270000 792.7
275000 822.9
280000 818.0
285000 824.8
290000 826.7
295000 831.8
300000 829.0
305000 825.7
310000 829.7
315000 830.4
320000 839.4
325000 843.1
330000 833.8
335000 836.9
340000 848.3
345000 849.6
350000 847.4
355000 848.0
360000 860.1
365000 853.7
370000 869.6
375000 860.7
380000 850.0
385000 869.5
390000 874.3
395000 865.5
400000 866.4
405000 248.0
410000 182.4
415000 506.6
420000 729.0
425000 821.1
430000 841.5
435000 828.8
440000 847.7
445000 836.6
450000 854.4
455000 864.4
460000 860.6
465000 864.8
470000 862.6
475000 852.9
480000 875.4
485000 869.1
490000 878.3
495000 879.2
500000 893.7
505000 885.8
510000 886.6
515000 882.7
520000 882.9
525000 875.4
530000 884.2
535000 879.8
540000 853.8
545000 893.4
550000 891.2
555000 870.6
560000 894.1
565000 891.9
570000 883.8
575000 896.0
580000 895.1
585000 896.6
590000 878.6
595000 903.7
600000 897.8
605000 202.0
610000 208.2
615000 768.8
620000 795.0
625000 847.2
630000 859.9
635000 877.0
640000 813.2
645000 885.7
650000 889.9
655000 894.2
660000 886.2
665000 879.7
670000 889.7
675000 895.4
680000 890.1
685000 893.9
690000 891.0
695000 900.2
700000 883.8
705000 881.6
710000 899.8
715000 902.7
720000 899.9
725000 897.5
730000 904.1
735000 905.6
740000 906.7
745000 904.2
750000 904.1
755000 906.5
760000 891.2
765000 900.8
770000 905.4
775000 903.7
780000 905.5
785000 904.8
790000 903.8
795000 901.8
800000 905.4
805000 199.4
810000 353.5
815000 777.0
820000 808.2
825000 858.9
830000 875.1
835000 872.0
840000 858.8
845000 895.3
850000 889.7
855000 881.2
860000 874.5
865000 901.7
870000 902.2
875000 903.3
880000 899.8
885000 904.8
890000 905.1
895000 905.5
900000 910.5
905000 901.5
910000 896.6
915000 906.5
920000 908.1
925000 905.0
930000 905.7
935000 907.6
940000 907.7
945000 910.7
950000 907.3
955000 907.5
960000 907.5
965000 910.8
970000 907.6
975000 905.7
980000 907.8
985000 904.8
990000 909.1
995000 910.6
1000000 909.6
1005000 173.9
1010000 420.3
1015000 780.1
1020000 817.7
1025000 705.3
1030000 886.8
1035000 891.7
1040000 884.4
1045000 895.8
1050000 895.2
1055000 905.7
1060000 908.7
1065000 904.3
1070000 902.2
1075000 900.0
1080000 908.6
1085000 908.7
1090000 869.7
1095000 900.6
1100000 908.9
1105000 903.7
1110000 911.2
1115000 914.2
1120000 912.7
1125000 913.4
1130000 869.3
1135000 912.5
1140000 897.3
1145000 914.8
1150000 831.1
1155000 915.4
1160000 913.6
1165000 913.9
1170000 669.7
1175000 886.5
1180000 913.8
1185000 914.2
1190000 914.3
1195000 912.5
1200000 915.7
1205000 178.7
1210000 122.9
1215000 319.4
1220000 617.2
1225000 839.5
1230000 837.9
1235000 895.2
1240000 904.8
1245000 896.1
1250000 910.8
1255000 910.1
1260000 892.3
1265000 912.0
1270000 902.9
1275000 912.3
1280000 906.6
1285000 911.6
1290000 915.4
1295000 908.8
1300000 916.5
1305000 910.7
1310000 873.5
1315000 899.7
1320000 912.6
1325000 904.9
1330000 914.0
1335000 913.8
1340000 772.0
1345000 914.9
1350000 911.9
1355000 912.4
1360000 914.5
1365000 915.9
1370000 907.1
1375000 914.6
1380000 916.0
1385000 861.0
1390000 914.3
1395000 907.8
1400000 910.1
1405000 105.8
1410000 172.3
1415000 381.1
1420000 638.6
1425000 798.5
1430000 854.0
1435000 898.0
1440000 865.1
1445000 880.7
1450000 902.4
1455000 902.6
1460000 896.7
1465000 895.0
1470000 910.5
1475000 912.1
1480000 913.1
1485000 910.8
1490000 885.6
1495000 911.1
1500000 915.2
1505000 911.4
1510000 910.5
1515000 636.0
1520000 885.4
1525000 888.5
1530000 884.1
1535000 915.5
1540000 917.2
1545000 917.1
1550000 918.3
1555000 879.1
1560000 915.2
1565000 877.8
1570000 918.6
1575000 916.3
1580000 917.7
1585000 917.6
1590000 915.0
1595000 917.7
1600000 880.3
1605000 88.4
1610000 109.2
1615000 440.3
1620000 609.2
1625000 831.8
1630000 559.3
1635000 889.4
1640000 896.3
1645000 894.5
1650000 913.3
1655000 908.0
1660000 903.7
1665000 913.6
1670000 912.3
1675000 910.2
1680000 876.8
1685000 912.4
1690000 883.6
1695000 910.8
1700000 914.5
1705000 914.9
1710000 911.9
1715000 710.9
1720000 915.3
1725000 914.6
1730000 886.8
1735000 913.0
1740000 916.0
1745000 913.7
1750000 917.9
1755000 918.3
1760000 916.4
1765000 917.7
1770000 916.6
1775000 915.2
1780000 918.0
1785000 915.3
1790000 913.2
1795000 843.3
1800000 833.2
1805000 222.2
1810000 347.1
1815000 469.5
1820000 666.1
1825000 702.8
1830000 875.0
1835000 877.7
1840000 899.9
1845000 908.7
1850000 909.5
1855000 909.2
1860000 858.4
1865000 915.3
1870000 918.1
1875000 914.2
1880000 903.9
1885000 847.6
1890000 842.7
1895000 906.9
1900000 915.3
1905000 914.7
1910000 916.3
1915000 908.9
1920000 916.6
1925000 916.7
1930000 918.3
1935000 917.5
1940000 916.4
1945000 918.5
1950000 917.6
1955000 830.0
1960000 903.8
1965000 919.3
1970000 917.1
1975000 912.6
1980000 918.4
1985000 916.9
1990000 920.0
1995000 917.7
2000000 917.4
