5000 1.4
10000 0.1
15000 122.8
20000 183.1
25000 191.7
30000 296.2
35000 334.2
40000 294.6
45000 374.6
50000 367.1
55000 450.9
60000 451.0
65000 534.5
70000 353.8
75000 538.9
80000 627.2
85000 608.2
90000 386.0
95000 647.7
100000 647.7
105000 672.9
110000 694.5
115000 712.4
120000 529.1
125000 663.1
130000 750.2
135000 693.0
140000 707.2
145000 800.0
150000 773.8
155000 756.8
160000 783.7
165000 543.8
170000 204.4
175000 746.5
180000 834.2
185000 798.6
190000 468.8
195000 731.7
200000 624.8
205000 191.0
210000 655.2
215000 769.3
220000 794.0
225000 785.7
230000 726.5
235000 832.3
240000 844.6
245000 770.7
250000 840.9
255000 852.9
260000 857.6
265000 856.7
270000 854.1
275000 855.6
280000 837.3
285000 852.5
290000 814.2
295000 854.9
300000 855.8
305000 861.9
310000 653.5
315000 880.8
320000 849.1
325000 857.9
330000 861.5
335000 891.4
340000 889.8
345000 840.0
350000 776.0
355000 808.1
360000 887.9
365000 735.4
370000 832.8
375000 896.4
380000 780.4
385000 858.3
390000 803.1
395000 898.7
400000 587.5
405000 124.9
410000 180.6
415000 453.4
420000 606.3
425000 726.7
430000 829.5
435000 714.9
440000 825.7
445000 691.2
450000 874.8
455000 836.4
460000 883.6
465000 864.5
470000 864.6
475000 894.2
480000 814.2
485000 892.3
490000 820.6
495000 898.9
500000 893.5
505000 893.2
510000 890.7
515000 897.7
520000 886.4
525000 893.6
530000 903.3
535000 896.7
540000 854.1
545000 892.1
550000 894.7
555000 791.0
560000 897.4
565000 826.1
570000 675.5
575000 894.6
580000 780.5
585000 697.8
590000 894.3
595000 777.9
600000 653.4
605000 185.0
610000 169.1
615000 461.8
620000 649.4
625000 745.2
630000 825.4
635000 874.7
640000 895.8
645000 894.2
650000 786.8
655000 557.9
660000 888.6
665000 31.6
670000 895.3
675000 896.8
680000 902.8
685000 885.1
690000 848.5
695000 787.8
700000 903.7
705000 903.6
710000 902.4
715000 903.2
720000 906.8
725000 904.7
730000 893.3
735000 907.9
740000 907.4
745000 899.2
750000 903.7
755000 906.8
760000 810.9
765000 907.3
770000 903.0
775000 907.1
780000 908.1
785000 890.5
790000 907.2
795000 904.9
800000 910.3
805000 179.0
810000 427.4
815000 628.4
820000 478.9
825000 733.5
830000 835.8
835000 869.6
840000 886.9
845000 888.7
850000 897.1
855000 898.3
860000 890.8
865000 903.0
870000 903.8
875000 904.0
880000 905.8
885000 728.4
890000 908.9
895000 904.0
900000 902.6
905000 905.6
910000 903.5
915000 886.5
920000 906.6
925000 883.2
930000 908.9
935000 909.9
940000 908.8
945000 904.5
950000 908.5
955000 903.5
960000 903.9
965000 911.7
970000 909.1
975000 909.3
980000 906.0
985000 908.2
990000 858.0
995000 913.3
1000000 781.8
1005000 90.7
1010000 204.2
1015000 619.8
1020000 667.2
1025000 832.1
1030000 802.3
1035000 887.0
1040000 802.2
1045000 884.4
1050000 899.1
1055000 772.3
1060000 902.8
1065000 902.2
1070000 910.8
1075000 905.9
1080000 906.5
1085000 908.9
1090000 910.4
1095000 907.6
1100000 912.7
1105000 910.3
1110000 907.4
1115000 909.3
1120000 912.0
1125000 907.8
1130000 910.9
1135000 913.3
1140000 911.6
1145000 910.9
1150000 914.0
1155000 909.3
1160000 912.5
1165000 913.8
1170000 909.6
1175000 905.5
1180000 827.9
1185000 881.6
1190000 914.3
1195000 915.0
1200000 914.0
1205000 113.9
1210000 129.8
1215000 231.9
1220000 590.7
1225000 799.0
1230000 661.3
1235000 782.6
1240000 869.5
1245000 861.1
1250000 774.5
1255000 902.2
1260000 828.3
1265000 908.2
1270000 901.0
1275000 896.3
1280000 905.2
1285000 911.0
1290000 907.5
1295000 914.5
1300000 911.7
1305000 908.8
1310000 912.5
1315000 915.1
1320000 912.5
1325000 914.6
1330000 914.5
1335000 907.0
1340000 917.6
1345000 916.7
1350000 916.2
1355000 914.3
1360000 914.4
1365000 915.8
1370000 912.6
1375000 916.2
1380000 913.9
1385000 915.2
1390000 916.8
1395000 910.9
1400000 913.5
1405000 61.5
1410000 154.5
1415000 482.9
1420000 518.2
1425000 750.5
1430000 771.5
1435000 775.0
1440000 871.2
1445000 903.7
1450000 904.7
1455000 907.1
1460000 907.7
1465000 909.6
1470000 913.6
1475000 908.4
1480000 906.6
1485000 904.8
1490000 910.4
1495000 913.2
1500000 907.2
1505000 899.4
1510000 886.7
1515000 913.8
1520000 785.0
1525000 912.6
1530000 905.3
1535000 707.4
1540000 913.2
1545000 917.0
1550000 917.3
1555000 913.7
1560000 914.3
1565000 907.1
1570000 837.0
1575000 915.8
1580000 915.8
1585000 915.3
1590000 918.8
1595000 903.5
1600000 914.7
1605000 67.2
1610000 86.7
1615000 196.7
1620000 396.4
1625000 677.9
1630000 779.6
1635000 638.9
1640000 634.2
1645000 757.2
1650000 852.6
1655000 733.7
1660000 658.6
1665000 531.0
1670000 830.2
1675000 907.6
1680000 890.3
1685000 910.5
1690000 913.6
1695000 913.5
1700000 912.3
1705000 910.9
1710000 913.1
1715000 914.5
1720000 913.5
1725000 910.0
1730000 913.4
1735000 911.8
1740000 913.2
1745000 914.9
1750000 911.3
1755000 916.9
1760000 915.6
1765000 914.9
1770000 914.4
1775000 840.6
1780000 915.3
1785000 915.9
1790000 914.8
1795000 914.8
1800000 913.7
1805000 117.5
1810000 198.0
1815000 369.0
1820000 475.5
1825000 616.6
1830000 812.0
1835000 784.5
1840000 892.2
1845000 903.9
1850000 823.4
1855000 817.6
1860000 915.5
1865000 904.7
1870000 877.3
1875000 837.4
1880000 898.7
1885000 247.9
1890000 910.8
1895000 913.4
1900000 911.5
1905000 912.5
1910000 918.7
1915000 914.3
1920000 914.9
1925000 914.1
1930000 914.9
1935000 915.4
1940000 914.0
1945000 915.8
1950000 919.2
1955000 911.2
1960000 918.5
1965000 913.4
1970000 796.6
1975000 913.1
1980000 918.7
1985000 826.8
1990000 843.7
1995000 844.2
2000000 915.0
