5000 31.4
10000 1.5
15000 80.2
20000 85.2
25000 163.0
30000 146.1
35000 322.3
40000 317.8
45000 475.2
50000 504.0
55000 469.8
60000 574.0
65000 383.9
70000 530.5
75000 523.5
80000 57.0
85000 73.9
90000 47.6
95000 60.0
100000 64.0
105000 25.7
110000 41.6
115000 64.3
120000 93.7
125000 53.8
130000 74.4
135000 81.9
140000 64.2
145000 113.3
150000 90.4
155000 110.0
160000 85.1
165000 133.9
170000 171.9
175000 354.1
180000 468.2
185000 627.1
190000 577.5
195000 610.0
200000 548.8
205000 289.3
210000 468.9
215000 644.0
220000 658.6
225000 726.4
230000 686.7
235000 719.8
240000 725.7
245000 748.1
250000 712.1
255000 752.9
260000 628.8
265000 738.7
270000 773.3
275000 747.7
280000 773.5
285000 692.5
290000 754.9
295000 773.9
300000 778.1
305000 800.0
310000 795.1
315000 819.7
320000 803.0
325000 815.0
330000 822.3
335000 803.2
340000 830.7
345000 825.3
350000 812.4
355000 820.5
360000 827.4
365000 827.9
370000 827.6
375000 843.5
380000 822.0
385000 829.4
390000 830.7
395000 820.8
400000 844.2
405000 71.1
410000 342.5
415000 405.5
420000 714.1
425000 765.1
430000 815.3
435000 835.4
440000 830.9
445000 828.8
450000 823.5
455000 851.2
460000 845.9
465000 866.0
470000 857.6
475000 850.9
480000 799.6
485000 851.8
490000 838.2
495000 874.0
500000 859.8
505000 868.1
510000 869.6
515000 869.8
520000 875.4
525000 863.5
530000 871.9
535000 882.3
540000 885.7
545000 877.9
550000 888.0
555000 857.8
560000 845.1
565000 884.4
570000 886.0
575000 879.6
580000 881.2
585000 885.6
590000 886.1
595000 889.1
600000 892.0
605000 221.7
610000 208.4
615000 720.6
620000 659.4
625000 741.0
630000 789.8
635000 835.4
640000 844.9
645000 803.2
650000 859.8
655000 816.7
660000 822.9
665000 880.1
670000 839.1
675000 884.0
680000 848.2
685000 886.4
690000 892.8
695000 889.4
700000 889.0
705000 891.7
710000 892.7
715000 877.5
720000 894.5
725000 888.7
730000 896.0
735000 892.7
740000 891.2
745000 890.9
750000 892.8
755000 841.6
760000 869.0
765000 855.8
770000 821.8
775000 894.5
780000 891.1
785000 891.0
790000 894.3
795000 883.4
800000 896.5
805000 131.3
810000 541.9
815000 765.6
820000 790.7
825000 803.0
830000 786.2
835000 835.4
840000 827.2
845000 879.7
850000 856.6
855000 859.5
860000 870.4
865000 852.0
870000 891.9
875000 889.0
880000 890.8
885000 883.3
890000 895.2
895000 889.8
900000 894.1
905000 747.7
910000 888.3
915000 892.8
920000 893.7
925000 891.1
930000 891.4
935000 890.9
940000 892.9
945000 896.7
950000 896.4
955000 892.1
960000 892.0
965000 897.2
970000 896.1
975000 894.4
980000 895.1
985000 899.1
990000 832.7
995000 897.6
1000000 899.5
1005000 98.4
1010000 607.6
1015000 723.2
1020000 835.3
1025000 684.3
1030000 875.4
1035000 865.0
1040000 885.2
1045000 888.9
1050000 852.0
1055000 894.8
1060000 877.8
1065000 862.0
1070000 888.8
1075000 886.4
1080000 886.6
1085000 889.9
1090000 892.1
1095000 891.7
1100000 892.4
1105000 895.6
1110000 896.2
1115000 895.6
1120000 896.2
1125000 896.6
1130000 891.9
1135000 896.4
1140000 891.7
1145000 898.3
1150000 896.9
1155000 894.3
1160000 899.8
1165000 895.3
1170000 898.5
1175000 899.7
1180000 897.6
1185000 897.1
1190000 898.4
1195000 52.0
1200000 891.2
1205000 96.0
1210000 59.7
1215000 229.0
1220000 752.6
1225000 806.3
1230000 842.0
1235000 891.0
1240000 862.7
1245000 895.0
1250000 897.7
1255000 892.9
1260000 890.1
1265000 899.1
1270000 896.6
1275000 894.8
1280000 900.1
1285000 898.6
1290000 897.7
1295000 898.5
1300000 896.9
1305000 898.1
1310000 901.3
1315000 899.4
1320000 900.1
1325000 903.0
1330000 903.5
1335000 902.6
1340000 900.0
1345000 903.9
1350000 896.7
1355000 903.0
1360000 900.5
1365000 904.4
1370000 902.2
1375000 901.3
1380000 903.6
1385000 905.0
1390000 898.6
1395000 905.8
1400000 902.4
1405000 125.2
1410000 334.8
1415000 723.5
1420000 825.3
1425000 644.1
1430000 828.9
1435000 889.6
1440000 874.8
1445000 866.6
1450000 890.3
1455000 895.2
1460000 893.5
1465000 900.1
1470000 895.6
1475000 896.7
1480000 898.0
1485000 898.7
1490000 902.8
1495000 900.8
1500000 901.7
1505000 901.4
1510000 905.5
1515000 903.8
1520000 820.0
1525000 901.7
1530000 902.6
1535000 896.7
1540000 903.9
1545000 902.4
1550000 902.7
1555000 902.3
1560000 903.9
1565000 903.6
1570000 903.3
1575000 904.3
1580000 904.3
1585000 903.0
1590000 905.3
1595000 906.1
1600000 901.5
1605000 142.2
1610000 463.2
1615000 580.9
1620000 794.8
1625000 797.1
1630000 750.0
1635000 857.4
1640000 887.7
1645000 872.0
1650000 859.6
1655000 705.0
1660000 866.2
1665000 847.1
1670000 900.4
1675000 902.2
1680000 778.8
1685000 903.4
1690000 900.0
1695000 906.1
1700000 895.0
1705000 906.7
1710000 905.4
1715000 904.6
1720000 904.3
1725000 908.2
1730000 907.1
1735000 905.5
1740000 908.0
1745000 902.6
1750000 903.9
1755000 906.4
1760000 905.8
1765000 906.4
1770000 907.9
1775000 904.8
1780000 906.6
1785000 908.0
1790000 907.6
1795000 908.5
1800000 904.9
1805000 65.6
1810000 177.0
1815000 351.7
1820000 729.9
1825000 831.5
1830000 854.8
1835000 888.7
1840000 894.5
1845000 897.9
1850000 896.1
1855000 887.9
1860000 902.9
1865000 902.1
1870000 905.4
1875000 906.0
1880000 905.3
1885000 905.2
1890000 905.6
1895000 906.4
1900000 907.0
1905000 906.1
1910000 906.4
1915000 907.4
1920000 907.8
1925000 908.1
1930000 907.0
1935000 909.5
1940000 908.6
1945000 907.6
1950000 905.0
1955000 909.2
1960000 908.2
1965000 908.5
1970000 748.0
1975000 909.7
1980000 839.0
1985000 910.1
1990000 910.0
1995000 909.4
2000000 910.2
