5000 5.1
10000 1.8
15000 83.1
20000 130.8
25000 100.9
30000 204.4
35000 174.9
40000 303.7
45000 167.5
50000 277.2
55000 227.3
60000 293.8
65000 257.2
70000 139.6
75000 299.1
80000 321.1
85000 518.2
90000 331.2
95000 305.1
100000 612.3
105000 453.3
110000 68.8
115000 287.4
120000 714.4
125000 434.0
130000 188.0
135000 776.3
140000 785.6
145000 789.0
150000 705.9
155000 821.3
160000 786.3
165000 828.0
170000 830.0
175000 806.2
180000 797.8
185000 850.7
190000 861.1
195000 851.4
200000 864.7
205000 100.9
210000 343.3
215000 655.9
220000 820.6
225000 870.6
230000 849.8
235000 863.0
240000 881.4
245000 831.7
250000 879.3
255000 878.3
260000 863.4
265000 879.9
270000 891.4
275000 874.0
280000 880.5
285000 860.8
290000 878.0
295000 887.3
300000 871.5
305000 882.4
310000 893.7
315000 886.7
320000 881.9
325000 891.6
330000 886.1
335000 894.1
340000 882.6
345000 885.8
350000 894.8
355000 891.0
360000 891.2
365000 863.2
370000 851.9
375000 893.3
380000 898.5
385000 900.4
390000 900.3
395000 899.5
400000 895.6
405000 168.8
410000 441.6
415000 736.5
420000 846.3
425000 867.2
430000 732.5
435000 644.8
440000 881.0
445000 879.2
450000 892.5
455000 896.5
460000 877.0
465000 900.3
470000 898.3
475000 897.6
480000 895.4
485000 901.4
490000 903.4
495000 902.2
500000 904.6
505000 901.4
510000 901.2
515000 902.4
520000 906.2
525000 907.6
530000 898.5
535000 904.0
540000 908.9
545000 906.5
550000 908.4
555000 909.0
560000 907.2
565000 905.2
570000 909.9
575000 908.8
580000 908.7
585000 908.2
590000 908.8
595000 870.0
600000 905.9
605000 166.2
610000 484.9
615000 513.1
620000 838.4
625000 895.3
630000 903.5
635000 836.5
640000 904.3
645000 900.8
650000 904.6
655000 907.6
660000 879.7
665000 901.5
670000 908.2
675000 908.6
680000 894.2
685000 907.5
690000 909.9
695000 910.1
700000 911.2
705000 910.6
710000 907.6
715000 907.2
720000 911.4
725000 910.1
730000 909.5
735000 910.3
740000 909.8
745000 911.3
750000 911.1
755000 912.4
760000 913.1
765000 911.7
770000 910.8
775000 908.7
780000 890.2
785000 913.3
790000 914.0
795000 914.0
800000 913.4
805000 213.9
810000 409.6
815000 599.4
820000 877.8
825000 879.3
830000 897.2
835000 904.1
840000 897.9
845000 899.0
850000 902.2
855000 904.0
860000 896.3
865000 905.3
870000 909.3
875000 909.1
880000 907.5
885000 908.4
890000 911.0
895000 897.7
900000 908.4
905000 908.0
910000 911.3
915000 906.5
920000 910.7
925000 910.5
930000 905.4
935000 910.6
940000 909.0
945000 907.2
950000 910.7
955000 911.8
960000 909.3
965000 913.7
970000 907.7
975000 915.8
980000 912.0
985000 907.3
990000 909.9
995000 914.3
1000000 912.3
1005000 186.6
1010000 561.4
1015000 765.0
1020000 809.0
1025000 806.1
1030000 903.9
1035000 902.7
1040000 901.7
1045000 904.1
1050000 899.9
1055000 884.7
1060000 886.3
1065000 910.6
1070000 906.5
1075000 913.4
1080000 916.1
1085000 915.7
1090000 914.9
1095000 913.1
1100000 915.4
1105000 912.6
1110000 915.5
1115000 915.9
1120000 913.3
1125000 917.4
1130000 918.4
1135000 915.0
1140000 918.1
1145000 918.3
1150000 912.2
1155000 917.4
1160000 916.2
1165000 918.6
1170000 919.1
1175000 917.7
1180000 918.9
1185000 920.4
1190000 918.7
1195000 918.1
1200000 918.7
1205000 55.1
1210000 77.8
1215000 66.1
1220000 506.2
1225000 616.8
1230000 851.3
1235000 822.2
1240000 836.8
1245000 906.9
1250000 896.5
1255000 913.7
1260000 764.0
1265000 914.0
1270000 911.9
1275000 913.7
1280000 908.9
1285000 910.5
1290000 912.5
1295000 913.9
1300000 898.1
1305000 897.3
1310000 901.1
1315000 911.9
1320000 918.7
1325000 918.3
1330000 918.1
1335000 920.4
1340000 912.7
1345000 919.5
1350000 915.7
1355000 918.9
1360000 919.7
1365000 920.6
1370000 919.5
1375000 919.3
1380000 917.9
1385000 917.5
1390000 914.8
1395000 842.0
1400000 919.8
1405000 147.9
1410000 119.4
1415000 420.5
1420000 562.0
1425000 785.6
1430000 743.8
1435000 821.9
1440000 881.6
1445000 753.6
1450000 828.1
1455000 892.7
1460000 851.5
1465000 913.8
1470000 904.6
1475000 915.0
1480000 910.2
1485000 909.2
1490000 915.9
1495000 915.8
1500000 909.0
1505000 916.1
1510000 918.1
1515000 915.9
1520000 832.0
1525000 911.7
1530000 908.1
1535000 902.2
1540000 825.7
1545000 771.5
1550000 918.0
1555000 911.9
1560000 907.9
1565000 917.2
1570000 916.8
1575000 918.3
1580000 919.5
1585000 917.9
1590000 919.4
1595000 918.7
1600000 876.2
1605000 106.3
1610000 197.7
1615000 518.4
1620000 651.8
1625000 779.9
1630000 898.2
1635000 877.3
1640000 881.8
1645000 914.5
1650000 914.9
1655000 902.5
1660000 909.8
1665000 912.3
1670000 916.5
1675000 914.9
1680000 919.5
1685000 913.8
1690000 915.2
1695000 906.7
1700000 744.7
1705000 917.3
1710000 921.7
1715000 913.3
1720000 917.6
1725000 913.2
1730000 915.6
1735000 909.9
1740000 885.3
1745000 913.1
1750000 356.7
1755000 916.7
1760000 919.4
1765000 918.5
1770000 917.7
1775000 918.0
1780000 920.2
1785000 911.4
1790000 917.2
1795000 918.8
1800000 919.1
1805000 109.2
1810000 47.5
1815000 563.8
1820000 773.6
1825000 835.0
1830000 832.3
1835000 894.8
1840000 906.7
1845000 907.8
1850000 910.6
1855000 816.8
1860000 909.1
1865000 907.4
1870000 828.6
1875000 905.3
1880000 909.4
1885000 648.2
1890000 902.2
1895000 914.4
1900000 916.9
1905000 920.4
1910000 909.6
1915000 917.3
1920000 917.2
1925000 918.9
1930000 916.5
1935000 919.0
1940000 920.6
1945000 910.0
1950000 918.9
1955000 918.8
1960000 919.6
1965000 919.6
1970000 915.5
1975000 917.2
1980000 919.2
1985000 917.9
1990000 919.0
1995000 921.5
2000000 921.0
