5000 0.6
10000 0.7
15000 0.8
20000 1.2
25000 0.7
30000 0.9
35000 1.0
40000 0.7
45000 0.7
50000 0.7
55000 0.6
60000 0.8
65000 1.1
70000 0.7
75000 1.1
80000 1.2
85000 1.2
90000 1.3
95000 0.9
100000 1.1
105000 0.8
110000 1.4
115000 1.3
120000 1.1
125000 1.1
130000 1.2
135000 1.1
140000 1.2
145000 0.9
150000 1.0
155000 1.3
160000 0.9
165000 1.2
170000 1.2
175000 1.0
180000 1.0
185000 1.6
190000 1.3
195000 1.0
200000 20.6
205000 16.4
210000 24.1
215000 39.1
220000 16.0
225000 1.2
230000 1.0
235000 41.3
240000 50.1
245000 52.4
250000 67.8
255000 60.2
260000 65.7
265000 4.8
270000 0.9
275000 1.0
280000 41.8
285000 1.1
290000 39.2
295000 0.9
300000 83.5
305000 89.8
310000 59.4
315000 1.0
320000 90.0
325000 59.6
330000 1.1
335000 82.1
340000 48.6
345000 83.1
350000 94.4
355000 93.0
360000 86.7
365000 78.4
370000 93.9
375000 80.9
380000 93.4
385000 2.5
390000 62.9
395000 102.3
400000 11.4
405000 102.7
410000 108.1
415000 105.7
420000 108.6
425000 110.1
430000 114.2
435000 117.0
440000 113.8
445000 115.6
450000 114.6
455000 117.4
460000 114.7
465000 121.2
470000 120.5
475000 123.0
480000 120.4
485000 126.7
490000 126.2
495000 124.9
500000 121.4
505000 131.0
510000 126.8
515000 133.9
520000 131.8
525000 137.6
530000 134.8
535000 130.3
540000 138.3
545000 139.3
550000 139.3
555000 137.3
560000 143.6
565000 140.9
570000 140.4
575000 140.1
580000 142.3
585000 145.4
590000 150.2
595000 145.7
600000 143.6
605000 116.2
610000 141.2
615000 146.5
620000 150.6
625000 150.6
630000 149.1
635000 154.2
640000 153.3
645000 155.0
650000 153.9
655000 153.2
660000 157.0
665000 155.3
670000 154.3
675000 159.3
680000 157.1
685000 156.8
690000 160.0
695000 156.5
700000 160.2
705000 161.4
710000 161.7
715000 163.7
720000 160.4
725000 163.6
730000 162.2
735000 166.9
740000 163.9
745000 163.1
750000 164.8
755000 165.6
760000 169.8
765000 166.3
770000 80.5
775000 166.0
780000 156.2
785000 169.0
790000 170.4
795000 169.5
800000 169.4
805000 127.1
810000 157.8
815000 163.0
820000 165.8
825000 175.4
830000 170.1
835000 177.6
840000 172.4
845000 171.3
850000 176.9
855000 173.3
860000 172.4
865000 170.7
870000 175.3
875000 177.9
880000 174.5
885000 178.1
890000 176.5
895000 176.1
900000 175.1
905000 180.0
910000 181.2
915000 180.3
920000 177.6
925000 179.2
930000 183.1
935000 182.0
940000 180.8
945000 186.0
950000 184.4
955000 187.9
960000 186.9
965000 186.2
970000 188.4
975000 191.6
980000 183.4
985000 189.0
990000 184.0
995000 180.9
1000000 188.2
1005000 130.2
1010000 160.8
1015000 179.3
1020000 169.6
1025000 179.5
1030000 183.5
1035000 184.7
1040000 190.3
1045000 189.6
1050000 192.1
1055000 193.6
1060000 193.9
1065000 194.7
1070000 193.6
1075000 192.2
1080000 191.7
1085000 194.6
1090000 199.5
1095000 195.4
1100000 195.1
1105000 200.7
1110000 201.1
1115000 196.9
1120000 199.4
1125000 196.5
1130000 197.3
1135000 204.8
1140000 200.6
1145000 197.1
1150000 198.8
1155000 205.4
1160000 204.5
1165000 206.8
1170000 206.2
1175000 208.7
1180000 200.3
1185000 1.0
1190000 26.2
1195000 3.8
1200000 182.8
1205000 104.1
1210000 181.6
1215000 193.7
1220000 202.1
1225000 209.3
1230000 207.2
1235000 207.9
1240000 212.6
1245000 209.5
1250000 207.0
1255000 211.9
1260000 212.6
1265000 209.4
1270000 214.4
1275000 213.1
1280000 214.0
1285000 211.2
1290000 213.7
1295000 214.0
1300000 217.1
1305000 210.1
1310000 216.2
1315000 211.1
1320000 216.3
1325000 214.4
1330000 216.0
1335000 214.9
1340000 216.9
1345000 221.8
1350000 2.6
1355000 213.2
1360000 216.2
1365000 217.6
1370000 217.5
1375000 217.9
1380000 215.2
1385000 222.2
1390000 219.9
1395000 219.1
1400000 226.6
1405000 71.6
1410000 166.2
1415000 190.8
1420000 214.6
1425000 213.6
1430000 163.7
1435000 214.8
1440000 214.0
1445000 0.8
1450000 122.3
1455000 220.8
1460000 221.3
1465000 0.9
1470000 198.7
1475000 1.0
1480000 217.9
1485000 219.1
1490000 220.1
1495000 200.5
1500000 220.9
1505000 226.3
1510000 63.8
1515000 18.4
1520000 188.9
1525000 216.0
1530000 221.6
1535000 221.3
1540000 134.2
1545000 215.4
1550000 223.3
1555000 205.3
1560000 217.6
1565000 224.2
1570000 224.7
1575000 0.8
1580000 207.3
1585000 166.7
1590000 217.5
1595000 184.1
1600000 217.4
1605000 121.0
1610000 187.6
1615000 200.0
1620000 212.7
1625000 220.4
1630000 222.8
1635000 226.8
1640000 221.8
1645000 225.0
1650000 224.6
1655000 230.1
1660000 225.7
1665000 231.2
1670000 227.6
1675000 229.8
1680000 226.5
1685000 232.3
1690000 226.6
1695000 235.4
1700000 233.8
1705000 232.0
1710000 234.6
1715000 229.7
1720000 230.9
1725000 235.0
1730000 236.0
1735000 234.8
1740000 235.4
1745000 233.9
1750000 236.4
1755000 236.3
1760000 2.9
1765000 223.9
1770000 224.6
1775000 234.2
1780000 236.0
1785000 236.5
1790000 228.6
1795000 237.2
1800000 234.8
1805000 98.3
1810000 175.1
1815000 223.4
1820000 223.9
1825000 227.6
1830000 227.3
1835000 230.1
1840000 228.8
1845000 228.8
1850000 234.8
1855000 230.1
1860000 100.1
1865000 222.8
1870000 227.8
1875000 1.3
1880000 151.6
1885000 226.9
1890000 228.6
1895000 226.2
1900000 233.5
1905000 5.3
1910000 236.5
1915000 238.5
1920000 235.7
1925000 79.6
1930000 235.5
1935000 238.3
1940000 125.9
1945000 217.9
1950000 231.4
1955000 234.1
1960000 236.9
1965000 238.6
1970000 244.6
1975000 240.4
1980000 235.6
1985000 242.4
1990000 243.9
1995000 244.7
2000000 237.8
