5000 0.6
10000 0.9
15000 0.7
20000 0.7
25000 0.8
30000 0.5
35000 1.2
40000 0.8
45000 0.7
50000 0.8
55000 1.0
60000 0.5
65000 0.8
70000 0.8
75000 0.9
80000 0.8
85000 0.8
90000 1.0
95000 1.0
100000 0.8
105000 0.5
110000 0.9
115000 0.8
120000 1.0
125000 0.6
130000 1.0
135000 0.7
140000 0.9
145000 0.9
150000 1.0
155000 0.7
160000 0.6
165000 1.3
170000 3.4
175000 1.7
180000 5.8
185000 2.6
190000 0.8
195000 1.9
200000 33.8
205000 50.9
210000 1.2
215000 48.4
220000 57.9
225000 10.5
230000 40.1
235000 14.1
240000 2.0
245000 27.9
250000 2.8
255000 69.1
260000 0.8
265000 45.5
270000 57.0
275000 7.5
280000 31.0
285000 8.9
290000 18.0
295000 0.9
300000 67.2
305000 36.5
310000 2.8
315000 27.2
320000 41.4
325000 41.6
330000 55.6
335000 45.2
340000 26.8
345000 58.3
350000 0.4
355000 32.5
360000 62.9
365000 0.8
370000 53.6
375000 53.7
380000 54.2
385000 66.9
390000 61.8
395000 51.7
400000 63.5
405000 78.3
410000 93.4
415000 90.5
420000 80.1
425000 84.1
430000 91.4
435000 97.8
440000 94.2
445000 8.6
450000 98.7
455000 97.3
460000 90.2
465000 96.5
470000 106.4
475000 109.7
480000 105.0
485000 101.3
490000 108.4
495000 102.4
500000 104.8
505000 102.3
510000 112.4
515000 104.7
520000 112.2
525000 105.8
530000 115.8
535000 110.2
540000 110.6
545000 109.2
550000 116.2
555000 111.5
560000 111.0
565000 116.4
570000 109.0
575000 117.9
580000 117.7
585000 122.6
590000 121.8
595000 126.5
600000 118.7
605000 101.4
610000 119.7
615000 132.2
620000 130.4
625000 134.8
630000 133.6
635000 130.5
640000 134.3
645000 137.4
650000 141.2
655000 138.1
660000 140.6
665000 144.7
670000 142.0
675000 143.7
680000 139.9
685000 141.7
690000 140.9
695000 145.6
700000 141.9
705000 145.5
710000 146.0
715000 146.5
720000 150.5
725000 152.8
730000 148.1
735000 142.6
740000 145.6
745000 146.8
750000 153.0
755000 152.4
760000 147.6
765000 144.8
770000 149.2
775000 148.9
780000 146.4
785000 151.6
790000 151.1
795000 152.3
800000 151.4
805000 98.1
810000 133.0
815000 151.3
820000 154.9
825000 159.1
830000 157.2
835000 161.6
840000 154.3
845000 157.3
850000 159.4
855000 164.2
860000 163.9
865000 161.9
870000 168.3
875000 163.6
880000 166.5
885000 167.1
890000 169.2
895000 167.6
900000 166.3
905000 165.0
910000 153.4
915000 171.1
920000 169.5
925000 167.1
930000 168.3
935000 168.7
940000 169.8
945000 167.2
950000 168.5
955000 170.9
960000 167.8
965000 169.3
970000 167.1
975000 169.1
980000 170.1
985000 170.5
990000 171.9
995000 175.1
1000000 174.8
1005000 86.5
1010000 145.4
1015000 163.7
1020000 159.3
1025000 164.2
1030000 173.9
1035000 170.1
1040000 164.7
1045000 174.0
1050000 177.6
1055000 177.5
1060000 177.9
1065000 176.5
1070000 177.1
1075000 172.3
1080000 177.6
1085000 177.2
1090000 181.6
1095000 179.5
1100000 177.6
1105000 181.9
1110000 183.1
1115000 177.8
1120000 185.0
1125000 184.3
1130000 180.6
1135000 184.9
1140000 184.0
1145000 183.3
1150000 182.9
1155000 180.6
1160000 185.1
1165000 183.6
1170000 180.7
1175000 185.0
1180000 183.7
1185000 182.2
1190000 185.6
1195000 189.6
1200000 187.2
1205000 104.0
1210000 161.7
1215000 168.0
1220000 171.7
1225000 177.3
1230000 180.6
1235000 182.1
1240000 183.0
1245000 180.3
1250000 193.6
1255000 188.5
1260000 195.7
1265000 193.5
1270000 195.3
1275000 190.1
1280000 190.9
1285000 192.0
1290000 190.8
1295000 199.5
1300000 196.5
1305000 195.6
1310000 196.4
1315000 193.0
1320000 196.4
1325000 195.1
1330000 197.7
1335000 200.5
1340000 199.6
1345000 204.1
1350000 200.9
1355000 200.2
1360000 204.6
1365000 199.6
1370000 200.0
1375000 200.7
1380000 207.2
1385000 0.9
1390000 1.1
1395000 0.8
1400000 1.2
1405000 34.8
1410000 152.7
1415000 178.2
1420000 192.9
1425000 193.2
1430000 174.4
1435000 185.8
1440000 210.9
1445000 184.8
1450000 0.8
1455000 0.5
1460000 108.5
1465000 172.1
1470000 188.8
1475000 198.6
1480000 199.6
1485000 52.9
1490000 203.1
1495000 209.7
1500000 210.2
1505000 203.9
1510000 204.4
1515000 209.9
1520000 213.7
1525000 215.8
1530000 216.8
1535000 206.3
1540000 197.2
1545000 210.4
1550000 211.6
1555000 213.4
1560000 218.5
1565000 211.0
1570000 57.9
1575000 201.2
1580000 215.7
1585000 217.5
1590000 207.3
1595000 199.8
1600000 220.4
1605000 74.4
1610000 140.8
1615000 180.8
1620000 198.7
1625000 199.0
1630000 198.7
1635000 202.5
1640000 205.1
1645000 205.5
1650000 213.8
1655000 214.0
1660000 220.4
1665000 186.5
1670000 193.9
1675000 225.6
1680000 179.9
1685000 214.9
1690000 215.2
1695000 221.0
1700000 215.5
1705000 210.2
1710000 213.5
1715000 214.5
1720000 219.2
1725000 208.4
1730000 196.7
1735000 222.1
1740000 220.7
1745000 223.0
1750000 217.5
1755000 218.4
1760000 213.7
1765000 224.2
1770000 219.2
1775000 221.5
1780000 228.5
1785000 213.8
1790000 226.2
1795000 228.9
1800000 223.4
1805000 63.4
1810000 130.4
1815000 168.6
1820000 185.7
1825000 1.4
1830000 210.0
1835000 210.9
1840000 226.7
1845000 208.7
1850000 220.2
1855000 218.2
1860000 222.1
1865000 226.7
1870000 232.9
1875000 229.3
1880000 211.9
1885000 240.5
1890000 226.4
1895000 246.6
1900000 228.1
1905000 233.5
1910000 240.7
1915000 250.1
1920000 238.7
1925000 245.1
1930000 236.1
1935000 248.1
1940000 247.3
1945000 251.4
1950000 200.7
1955000 243.3
1960000 255.9
1965000 238.6
1970000 242.1
1975000 263.8
1980000 270.9
1985000 263.3
1990000 278.7
1995000 243.3
2000000 267.5
