5000 0.7
10000 1.1
15000 0.8
20000 0.9
25000 1.0
30000 0.6
35000 0.9
40000 0.9
45000 0.8
50000 0.8
55000 0.9
60000 0.3
65000 0.7
70000 0.9
75000 0.9
80000 1.1
85000 1.1
90000 0.9
95000 1.1
100000 0.9
105000 1.2
110000 1.0
115000 0.8
120000 2.4
125000 1.9
130000 1.3
135000 13.1
140000 4.3
145000 16.2
150000 3.2
155000 15.8
160000 9.9
165000 13.4
170000 16.5
175000 28.9
180000 1.0
185000 2.9
190000 23.8
195000 1.0
200000 35.9
205000 37.3
210000 40.4
215000 45.7
220000 0.7
225000 2.8
230000 56.7
235000 47.0
240000 56.6
245000 46.3
250000 54.6
255000 49.4
260000 48.2
265000 12.7
270000 56.6
275000 51.2
280000 1.3
285000 73.7
290000 1.1
295000 68.1
300000 55.9
305000 0.7
310000 1.6
315000 40.4
320000 26.4
325000 67.0
330000 63.8
335000 51.4
340000 58.8
345000 1.5
350000 83.6
355000 76.6
360000 86.7
365000 37.3
370000 94.2
375000 75.9
380000 79.0
385000 51.5
390000 64.5
395000 9.7
400000 90.0
405000 81.4
410000 98.0
415000 93.4
420000 95.4
425000 99.0
430000 97.4
435000 98.7
440000 102.3
445000 105.7
450000 26.7
455000 104.9
460000 107.8
465000 104.5
470000 107.8
475000 104.1
480000 1.4
485000 94.6
490000 115.9
495000 106.9
500000 110.3
505000 116.1
510000 114.8
515000 117.0
520000 117.4
525000 120.5
530000 110.0
535000 2.3
540000 120.8
545000 119.7
550000 125.3
555000 123.6
560000 123.9
565000 126.5
570000 128.0
575000 122.9
580000 128.7
585000 128.1
590000 129.6
595000 129.9
600000 125.2
605000 85.7
610000 130.3
615000 129.6
620000 136.5
625000 77.8
630000 132.2
635000 140.6
640000 144.6
645000 154.1
650000 163.8
655000 168.7
660000 172.2
665000 176.7
670000 175.1
675000 181.9
680000 180.8
685000 182.5
690000 190.8
695000 189.8
700000 202.1
705000 193.3
710000 196.9
715000 193.7
720000 206.0
725000 199.0
730000 202.2
735000 205.5
740000 198.6
745000 206.9
750000 180.7
755000 188.5
760000 208.7
765000 206.2
770000 201.8
775000 205.3
780000 203.6
785000 203.8
790000 204.5
795000 199.1
800000 213.7
805000 101.0
810000 154.3
815000 177.6
820000 202.4
825000 194.8
830000 217.9
835000 213.4
840000 199.3
845000 225.1
850000 227.7
855000 230.1
860000 201.0
865000 213.7
870000 218.9
875000 215.1
880000 201.8
885000 213.4
890000 208.4
895000 205.9
900000 202.9
905000 212.7
910000 227.9
915000 219.8
920000 230.2
925000 217.8
930000 239.0
935000 233.8
940000 249.0
945000 231.1
950000 178.5
955000 213.8
960000 241.3
965000 227.5
970000 198.9
975000 226.6
980000 253.3
985000 240.2
990000 246.8
995000 243.0
1000000 256.8
1005000 105.5
1010000 191.5
1015000 213.5
1020000 211.3
1025000 234.5
1030000 225.5
1035000 231.1
1040000 245.2
1045000 247.5
1050000 257.3
1055000 253.7
1060000 247.0
1065000 260.7
1070000 1.1
1075000 240.4
1080000 227.0
1085000 218.2
1090000 264.9
1095000 276.7
1100000 232.6
1105000 212.6
1110000 254.5
1115000 247.5
1120000 256.2
1125000 241.1
1130000 265.5
1135000 267.8
1140000 251.3
1145000 273.9
1150000 240.6
1155000 265.0
1160000 272.9
1165000 279.3
1170000 5.0
1175000 1.3
1180000 250.3
1185000 263.9
1190000 250.9
1195000 251.0
1200000 253.8
1205000 94.0
1210000 130.1
1215000 221.5
1220000 252.6
1225000 253.8
1230000 275.3
1235000 0.8
1240000 273.2
1245000 276.8
1250000 273.0
1255000 288.0
1260000 272.8
1265000 1.2
1270000 282.1
1275000 254.8
1280000 275.0
1285000 252.5
1290000 277.0
1295000 295.2
1300000 16.2
1305000 282.0
1310000 275.4
1315000 281.5
1320000 285.8
1325000 0.9
1330000 266.0
1335000 267.6
1340000 255.9
1345000 263.1
1350000 281.7
1355000 286.1
1360000 288.6
1365000 208.4
1370000 277.8
1375000 1.1
1380000 301.7
1385000 294.0
1390000 0.8
1395000 294.4
1400000 251.6
1405000 43.3
1410000 151.6
1415000 229.5
1420000 249.8
1425000 251.2
1430000 267.1
1435000 300.0
1440000 278.6
1445000 283.9
1450000 303.3
1455000 295.5
1460000 229.8
1465000 257.4
1470000 248.5
1475000 306.2
1480000 306.9
1485000 301.3
1490000 208.0
1495000 307.5
1500000 238.1
1505000 283.6
1510000 276.2
1515000 0.9
1520000 282.5
1525000 160.0
1530000 267.8
1535000 299.9
1540000 1.0
1545000 0.9
1550000 122.2
1555000 307.7
1560000 302.5
1565000 307.5
1570000 278.9
1575000 1.0
1580000 303.5
1585000 294.5
1590000 284.0
1595000 285.9
1600000 191.5
1605000 71.5
1610000 153.3
1615000 199.1
1620000 226.6
1625000 267.4
1630000 292.1
1635000 276.8
1640000 291.3
1645000 286.8
1650000 303.7
1655000 263.0
1660000 0.9
1665000 35.4
1670000 3.0
1675000 115.2
1680000 295.2
1685000 279.5
1690000 295.8
1695000 27.7
1700000 264.4
1705000 308.7
1710000 260.3
1715000 303.1
1720000 288.9
1725000 308.4
1730000 320.3
1735000 294.7
1740000 309.3
1745000 276.3
1750000 325.3
1755000 1.3
1760000 168.5
1765000 306.8
1770000 2.0
1775000 326.8
1780000 1.2
1785000 304.0
1790000 53.9
1795000 325.9
1800000 270.0
1805000 63.7
1810000 172.7
1815000 242.4
1820000 266.6
1825000 294.0
1830000 312.7
1835000 323.0
1840000 1.1
1845000 312.8
1850000 311.7
1855000 0.8
1860000 294.1
1865000 323.6
1870000 134.6
1875000 283.4
1880000 327.8
1885000 335.5
1890000 329.6
1895000 317.8
1900000 334.0
1905000 1.2
1910000 322.0
1915000 85.3
1920000 330.9
1925000 153.1
1930000 342.9
1935000 334.9
1940000 292.0
1945000 329.1
1950000 255.7
1955000 319.0
1960000 324.9
1965000 234.4
1970000 327.0
