5000 0.9
10000 0.8
15000 0.7
20000 0.8
25000 0.7
30000 0.9
35000 0.8
40000 1.0
45000 0.7
50000 0.8
55000 1.0
60000 0.7
65000 1.0
70000 0.5
75000 0.6
80000 1.0
85000 0.9
90000 1.0
95000 1.1
100000 1.2
105000 1.2
110000 0.6
115000 0.9
120000 1.1
125000 0.6
130000 3.6
135000 0.6
140000 1.6
145000 6.6
150000 0.9
155000 0.8
160000 2.9
165000 11.8
170000 0.4
175000 1.1
180000 1.5
185000 3.3
190000 2.3
195000 5.2
200000 0.7
205000 21.3
210000 28.5
215000 6.3
220000 4.7
225000 27.7
230000 26.7
235000 38.2
240000 27.4
245000 43.9
250000 32.9
255000 32.0
260000 0.9
265000 33.8
270000 34.5
275000 0.7
280000 0.6
285000 6.7
290000 14.1
295000 7.0
300000 29.2
305000 37.3
310000 43.0
315000 26.0
320000 36.8
325000 34.8
330000 25.1
335000 31.5
340000 0.9
345000 6.3
350000 0.6
355000 2.7
360000 0.7
365000 15.7
370000 2.4
375000 20.5
380000 1.7
385000 1.0
390000 15.4
395000 4.9
400000 15.2
405000 64.7
410000 71.7
415000 77.3
420000 83.2
425000 78.3
430000 81.1
435000 90.6
440000 73.8
445000 92.3
450000 38.6
455000 76.3
460000 93.5
465000 90.2
470000 43.7
475000 90.1
480000 88.6
485000 88.0
490000 93.5
495000 94.3
500000 97.8
505000 97.3
510000 92.0
515000 70.2
520000 65.7
525000 100.7
530000 107.2
535000 109.1
540000 107.6
545000 105.8
550000 110.0
555000 105.9
560000 111.0
565000 106.5
570000 106.3
575000 105.4
580000 101.4
585000 107.1
590000 109.6
595000 121.1
600000 115.4
605000 93.2
610000 112.5
615000 121.4
620000 121.2
625000 126.9
630000 122.9
635000 129.6
640000 118.6
645000 119.8
650000 129.0
655000 127.5
660000 129.5
665000 130.2
670000 130.2
675000 131.0
680000 131.4
685000 134.3
690000 134.8
695000 136.5
700000 137.4
705000 136.3
710000 138.9
715000 137.7
720000 136.9
725000 138.6
730000 140.4
735000 136.2
740000 140.6
745000 142.1
750000 141.8
755000 141.5
760000 135.6
765000 140.7
770000 141.2
775000 144.9
780000 138.9
785000 142.1
790000 144.5
795000 144.1
800000 142.1
805000 98.2
810000 127.7
815000 141.2
820000 139.5
825000 144.5
830000 145.0
835000 149.9
840000 147.1
845000 145.1
850000 150.5
855000 149.1
860000 149.4
865000 152.2
870000 152.4
875000 153.8
880000 154.8
885000 154.3
890000 154.7
895000 156.8
900000 154.1
905000 154.8
910000 157.3
915000 155.4
920000 156.7
925000 158.3
930000 160.0
935000 159.0
940000 158.3
945000 157.1
950000 158.3
955000 156.8
960000 158.7
965000 153.6
970000 156.9
975000 156.3
980000 157.7
985000 159.8
990000 161.9
995000 161.6
1000000 159.9
1005000 109.8
1010000 149.6
1015000 156.1
1020000 163.2
1025000 166.1
1030000 168.2
1035000 171.8
1040000 167.7
1045000 178.1
1050000 170.6
1055000 173.3
1060000 178.0
1065000 177.2
1070000 170.7
1075000 186.0
1080000 177.2
1085000 189.2
1090000 179.6
1095000 183.3
1100000 195.2
1105000 184.5
1110000 189.8
1115000 177.2
1120000 185.4
1125000 180.7
1130000 184.8
1135000 196.2
1140000 197.6
1145000 187.6
1150000 187.1
1155000 190.4
1160000 180.6
1165000 172.0
1170000 178.0
1175000 187.7
1180000 62.3
1185000 176.3
1190000 185.5
1195000 176.2
1200000 177.6
1205000 125.3
1210000 164.1
1215000 167.9
1220000 162.0
1225000 177.0
1230000 177.5
1235000 165.8
1240000 162.4
1245000 176.3
1250000 184.0
1255000 187.1
1260000 164.7
1265000 166.9
1270000 184.3
1275000 188.2
1280000 182.5
1285000 200.0
1290000 203.2
1295000 182.2
1300000 191.7
1305000 204.2
1310000 198.4
1315000 208.9
1320000 184.1
1325000 201.1
1330000 202.0
1335000 158.1
1340000 191.8
1345000 190.7
1350000 198.3
1355000 201.0
1360000 201.6
1365000 186.5
1370000 198.5
1375000 177.6
1380000 193.9
1385000 0.8
1390000 201.7
1395000 205.5
1400000 197.9
1405000 63.1
1410000 105.1
1415000 161.5
1420000 188.2
1425000 185.9
1430000 0.9
1435000 38.6
1440000 16.6
1445000 171.1
1450000 186.4
1455000 178.7
1460000 191.2
1465000 206.8
1470000 175.3
1475000 206.1
1480000 9.3
1485000 197.2
1490000 202.1
1495000 191.3
1500000 205.7
1505000 153.4
1510000 1.4
1515000 202.2
1520000 212.7
1525000 193.5
1530000 214.9
1535000 217.5
1540000 216.1
1545000 209.1
1550000 210.0
1555000 217.7
1560000 213.4
1565000 1.1
1570000 0.7
1575000 227.6
1580000 1.3
1585000 0.9
1590000 210.6
1595000 200.1
1600000 209.7
1605000 37.7
1610000 152.2
1615000 166.2
1620000 175.5
1625000 167.7
1630000 178.6
1635000 211.2
1640000 179.4
1645000 201.0
1650000 36.4
1655000 213.3
1660000 196.4
1665000 209.7
1670000 228.6
1675000 208.6
1680000 219.3
1685000 205.2
1690000 222.3
1695000 215.5
1700000 192.1
1705000 203.9
1710000 206.6
1715000 217.2
1720000 219.3
1725000 91.8
1730000 3.5
1735000 224.9
1740000 1.6
1745000 200.7
1750000 230.1
1755000 221.2
1760000 230.5
1765000 220.4
1770000 212.8
1775000 215.8
1780000 225.5
1785000 239.5
1790000 214.7
1795000 196.3
1800000 1.0
1805000 87.8
1810000 154.2
1815000 179.9
1820000 192.7
1825000 205.0
1830000 18.8
1835000 75.5
1840000 191.3
1845000 222.9
1850000 197.8
1855000 114.9
1860000 240.4
1865000 5.3
1870000 238.8
1875000 196.3
1880000 5.1
1885000 234.0
1890000 237.1
1895000 236.3
1900000 225.3
1905000 255.4
1910000 258.4
1915000 245.8
1920000 269.1
1925000 270.5
1930000 249.4
1935000 240.1
1940000 260.8
1945000 267.6
1950000 265.2
1955000 260.0
1960000 245.1
1965000 265.0
1970000 268.8
1975000 267.1
1980000 247.0
1985000 271.1
1990000 268.2
1995000 127.7
2000000 279.1
