5000 0.8
10000 1.0
15000 0.9
20000 0.7
25000 0.9
30000 0.6
35000 0.6
40000 0.5
45000 1.0
50000 0.4
55000 0.5
60000 0.7
65000 0.8
70000 0.9
75000 0.8
80000 0.8
85000 0.8
90000 1.0
95000 1.3
100000 1.0
105000 0.8
110000 1.2
115000 0.8
120000 11.6
125000 12.1
130000 17.6
135000 0.4
140000 1.0
145000 0.9
150000 2.9
155000 1.0
160000 1.1
165000 1.1
170000 9.5
175000 4.0
180000 6.2
185000 4.2
190000 4.2
195000 5.3
200000 4.7
205000 12.0
210000 35.7
215000 40.0
220000 34.3
225000 47.0
230000 49.6
235000 47.6
240000 56.2
245000 12.7
250000 4.7
255000 55.2
260000 34.6
265000 42.6
270000 42.1
275000 38.1
280000 0.8
285000 0.8
290000 40.6
295000 1.2
300000 61.1
305000 62.2
310000 56.2
315000 6.6
320000 48.3
325000 51.8
330000 54.9
335000 9.7
340000 49.0
345000 63.2
350000 53.5
355000 56.3
360000 60.0
365000 58.6
370000 48.6
375000 48.8
380000 57.9
385000 3.7
390000 61.2
395000 51.6
400000 56.0
405000 82.2
410000 90.5
415000 93.9
420000 85.8
425000 95.5
430000 93.4
435000 105.3
440000 96.1
445000 95.1
450000 100.0
455000 90.3
460000 103.1
465000 99.8
470000 98.3
475000 105.3
480000 99.4
485000 98.8
490000 104.1
495000 105.0
500000 100.9
505000 119.9
510000 111.4
515000 109.8
520000 117.3
525000 107.1
530000 113.4
535000 121.4
540000 113.0
545000 118.6
550000 114.1
555000 118.9
560000 125.5
565000 119.2
570000 118.9
575000 123.3
580000 123.8
585000 108.9
590000 128.5
595000 125.6
600000 115.7
605000 112.8
610000 126.2
615000 133.6
620000 135.7
625000 134.5
630000 138.4
635000 138.2
640000 141.8
645000 143.9
650000 138.8
655000 146.6
660000 147.3
665000 149.5
670000 153.5
675000 147.4
680000 153.8
685000 151.1
690000 157.4
695000 151.5
700000 158.0
705000 161.2
710000 160.9
715000 159.8
720000 160.9
725000 165.7
730000 169.6
735000 163.7
740000 165.6
745000 171.8
750000 171.8
755000 171.8
760000 172.7
765000 182.3
770000 176.8
775000 184.7
780000 185.9
785000 4.7
790000 182.7
795000 177.1
800000 188.0
805000 122.7
810000 171.6
815000 168.6
820000 195.1
825000 183.3
830000 193.4
835000 209.4
840000 210.1
845000 208.2
850000 206.2
855000 221.7
860000 216.1
865000 217.9
870000 217.3
875000 216.0
880000 226.6
885000 220.0
890000 229.6
895000 214.9
900000 235.3
905000 230.3
910000 238.5
915000 222.8
920000 231.3
925000 229.6
930000 240.0
935000 236.3
940000 233.8
945000 248.3
950000 246.6
955000 243.9
960000 236.9
965000 250.8
970000 252.2
975000 252.7
980000 259.0
985000 251.5
990000 242.5
995000 256.3
1000000 261.7
1005000 78.2
1010000 168.0
1015000 215.8
1020000 233.9
1025000 253.3
1030000 264.7
1035000 268.6
1040000 275.7
1045000 260.8
1050000 261.1
1055000 264.2
1060000 261.7
1065000 276.8
1070000 267.2
1075000 280.0
1080000 291.6
1085000 282.8
1090000 288.0
1095000 286.9
1100000 291.3
1105000 299.9
1110000 299.0
1115000 232.8
1120000 287.7
1125000 285.4
1130000 276.9
1135000 296.0
1140000 288.5
1145000 304.7
1150000 292.2
1155000 297.7
1160000 300.3
1165000 298.8
1170000 1.3
1175000 275.5
1180000 300.2
1185000 287.4
1190000 294.6
1195000 311.4
1200000 312.9
1205000 73.8
1210000 188.1
1215000 34.8
1220000 240.0
1225000 248.6
1230000 242.4
1235000 303.3
1240000 315.1
1245000 307.5
1250000 310.5
1255000 298.4
1260000 1.3
1265000 309.6
1270000 316.8
1275000 323.8
1280000 64.6
1285000 322.2
1290000 320.5
1295000 319.4
1300000 294.1
1305000 313.6
1310000 316.8
1315000 326.0
1320000 324.7
1325000 295.6
1330000 304.0
1335000 1.7
1340000 322.5
1345000 338.6
1350000 1.4
1355000 319.5
1360000 253.0
1365000 311.2
1370000 334.1
1375000 325.0
1380000 330.3
1385000 1.2
1390000 2.3
1395000 295.6
1400000 335.2
1405000 33.9
1410000 143.0
1415000 192.8
1420000 264.0
1425000 276.9
1430000 248.2
1435000 1.2
1440000 297.2
1445000 325.6
1450000 321.4
1455000 338.5
1460000 336.5
1465000 328.1
1470000 310.4
1475000 1.4
1480000 333.9
1485000 337.2
1490000 332.4
1495000 343.2
1500000 344.3
1505000 332.8
1510000 335.6
1515000 344.7
1520000 347.3
1525000 358.3
1530000 352.5
1535000 341.8
1540000 329.2
1545000 113.2
1550000 249.4
1555000 340.0
1560000 319.1
1565000 1.4
1570000 357.5
1575000 348.0
1580000 346.5
1585000 209.6
1590000 1.3
1595000 374.3
1600000 355.4
1605000 53.8
1610000 177.9
1615000 246.9
1620000 277.0
1625000 310.6
1630000 315.6
1635000 325.5
1640000 307.4
1645000 345.7
1650000 355.1
1655000 337.5
1660000 337.0
1665000 325.6
1670000 328.5
1675000 347.9
1680000 352.4
1685000 317.7
1690000 334.0
1695000 14.7
1700000 349.9
1705000 359.3
1710000 278.9
1715000 109.1
1720000 328.2
1725000 6.8
1730000 335.1
1735000 354.8
1740000 295.7
1745000 1.0
1750000 334.6
1755000 334.8
1760000 327.6
1765000 349.7
1770000 335.9
1775000 342.0
1780000 359.4
1785000 373.4
1790000 360.6
1795000 22.3
1800000 327.9
1805000 71.8
1810000 164.4
1815000 221.2
1820000 261.4
1825000 243.8
1830000 324.6
1835000 127.9
1840000 333.3
1845000 345.5
1850000 339.4
1855000 236.4
1860000 323.7
1865000 360.7
1870000 333.3
1875000 341.4
1880000 328.9
1885000 280.8
1890000 312.5
1895000 239.1
1900000 353.5
1905000 366.3
1910000 363.4
1915000 369.1
1920000 344.5
1925000 365.2
1930000 376.7
1935000 343.9
1940000 375.2
1945000 374.0
1950000 361.8
1955000 369.6
1960000 344.5
1965000 369.3
1970000 374.6
1975000 361.6
1980000 379.3
1985000 359.6
1990000 372.9
1995000 374.6
2000000 297.6
