5000 0.8
10000 0.9
15000 0.7
20000 0.5
25000 0.5
30000 1.0
35000 0.7
40000 0.6
45000 0.6
50000 0.9
55000 0.9
60000 1.4
65000 1.1
70000 0.8
75000 0.8
80000 1.0
85000 0.8
90000 0.8
95000 0.9
100000 1.2
105000 1.0
110000 1.2
115000 1.3
120000 0.7
125000 0.9
130000 0.6
135000 0.9
140000 0.6
145000 1.2
150000 1.0
155000 1.2
160000 0.8
165000 0.6
170000 0.9
175000 1.1
180000 0.9
185000 0.9
190000 0.8
195000 1.0
200000 0.5
205000 1.2
210000 1.1
215000 1.5
220000 1.1
225000 1.3
230000 1.2
235000 1.1
240000 1.1
245000 1.2
250000 1.6
255000 1.3
260000 1.4
265000 1.5
270000 1.4
275000 1.3
280000 1.3
285000 1.5
290000 6.4
295000 4.4
300000 21.6
305000 14.2
310000 22.9
315000 12.5
320000 20.1
325000 1.1
330000 49.2
335000 31.3
340000 60.8
345000 9.1
350000 50.5
355000 46.2
360000 55.4
365000 2.8
370000 3.9
375000 1.4
380000 6.3
385000 18.7
390000 59.5
395000 27.9
400000 0.8
405000 67.3
410000 53.5
415000 80.0
420000 76.9
425000 75.9
430000 24.8
435000 85.7
440000 78.7
445000 67.7
450000 71.6
455000 77.7
460000 73.6
465000 81.0
470000 73.0
475000 86.5
480000 85.3
485000 63.7
490000 46.2
495000 35.5
500000 85.0
505000 80.9
510000 1.4
515000 14.8
520000 1.3
525000 78.0
530000 5.0
535000 4.9
540000 6.2
545000 80.8
550000 103.1
555000 93.0
560000 105.1
565000 74.9
570000 109.5
575000 23.7
580000 51.5
585000 9.0
590000 7.9
595000 111.3
600000 69.6
605000 97.5
610000 109.6
615000 111.0
620000 113.7
625000 120.2
630000 115.0
635000 115.1
640000 112.3
645000 117.3
650000 120.1
655000 117.7
660000 120.2
665000 120.7
670000 125.7
675000 123.5
680000 125.9
685000 123.6
690000 119.3
695000 124.6
700000 127.7
705000 127.9
710000 127.6
715000 129.8
720000 129.6
725000 126.6
730000 127.1
735000 126.5
740000 121.9
745000 130.4
750000 40.4
755000 132.0
760000 136.1
765000 134.2
770000 132.4
775000 135.9
780000 135.8
785000 132.6
790000 133.3
795000 132.7
800000 137.7
805000 108.2
810000 131.9
815000 143.4
820000 133.4
825000 137.8
830000 139.5
835000 140.6
840000 141.2
845000 143.4
850000 137.1
855000 141.9
860000 145.1
865000 146.6
870000 141.1
875000 149.0
880000 144.7
885000 152.8
890000 146.7
895000 146.2
900000 147.4
905000 153.9
910000 153.2
915000 149.9
920000 156.0
925000 152.1
930000 157.4
935000 154.4
940000 156.6
945000 151.3
950000 153.7
955000 155.8
960000 158.1
965000 159.8
970000 157.4
975000 158.2
980000 158.1
985000 160.5
990000 159.6
995000 158.9
1000000 158.1
1005000 109.1
1010000 135.5
1015000 149.0
1020000 155.1
1025000 161.0
1030000 159.7
1035000 158.2
1040000 157.8
1045000 161.9
1050000 164.8
1055000 162.1
1060000 167.4
1065000 171.5
1070000 167.6
1075000 169.4
1080000 167.5
1085000 170.7
1090000 169.0
1095000 169.2
1100000 170.5
1105000 170.4
1110000 170.3
1115000 170.3
1120000 172.9
1125000 169.1
1130000 168.4
1135000 169.5
1140000 171.6
1145000 169.9
1150000 172.7
1155000 173.5
1160000 175.0
1165000 171.7
1170000 173.7
1175000 175.8
1180000 177.4
1185000 171.0
1190000 172.9
1195000 154.7
1200000 176.0
1205000 88.4
1210000 152.1
1215000 163.1
1220000 171.2
1225000 170.7
1230000 176.8
1235000 176.9
1240000 178.3
1245000 175.6
1250000 180.3
1255000 181.3
1260000 180.8
1265000 178.6
1270000 183.2
1275000 181.6
1280000 185.2
1285000 184.5
1290000 185.8
1295000 184.4
1300000 187.7
1305000 187.1
1310000 187.2
1315000 184.0
1320000 187.6
1325000 190.5
1330000 186.2
1335000 190.6
1340000 187.3
1345000 187.6
1350000 187.7
1355000 191.8
1360000 191.0
1365000 186.9
1370000 191.9
1375000 191.1
1380000 185.1
1385000 193.3
1390000 191.7
1395000 192.1
1400000 196.8
1405000 54.7
1410000 147.0
1415000 166.4
1420000 184.6
1425000 183.7
1430000 185.9
1435000 167.2
1440000 192.2
1445000 1.6
1450000 187.1
1455000 193.7
1460000 192.5
1465000 184.7
1470000 197.1
1475000 198.5
1480000 196.6
1485000 203.9
1490000 199.2
1495000 198.8
1500000 202.0
1505000 200.8
1510000 199.0
1515000 200.5
1520000 200.0
1525000 202.1
1530000 200.4
1535000 205.0
1540000 203.3
1545000 206.7
1550000 205.8
1555000 204.4
1560000 202.0
1565000 202.7
1570000 210.5
1575000 209.4
1580000 206.4
1585000 209.2
1590000 208.4
1595000 202.4
1600000 208.8
1605000 65.3
1610000 145.9
1615000 168.0
1620000 183.4
1625000 199.5
1630000 197.0
1635000 205.9
1640000 208.9
1645000 208.9
1650000 208.9
1655000 205.5
1660000 208.1
1665000 202.1
1670000 211.4
1675000 210.9
1680000 208.8
1685000 195.0
1690000 210.6
1695000 211.3
1700000 211.3
1705000 211.5
1710000 207.6
1715000 214.2
1720000 211.1
1725000 213.6
1730000 214.5
1735000 199.1
1740000 215.5
1745000 218.0
1750000 214.2
1755000 223.7
1760000 219.9
1765000 213.6
1770000 212.2
1775000 216.6
1780000 221.0
1785000 215.0
1790000 218.8
1795000 222.5
1800000 218.0
1805000 30.3
1810000 124.4
1815000 185.4
1820000 201.7
1825000 202.3
1830000 22.9
1835000 204.0
1840000 214.0
1845000 202.8
1850000 220.3
1855000 221.6
1860000 225.0
1865000 222.8
1870000 5.0
1875000 218.6
1880000 215.1
1885000 208.6
1890000 236.5
1895000 206.8
1900000 228.7
1905000 233.8
1910000 222.0
1915000 217.3
1920000 225.5
1925000 10.8
1930000 229.5
1935000 230.8
1940000 234.0
1945000 228.2
1950000 233.6
1955000 235.0
1960000 227.9
1965000 186.0
1970000 234.9
1975000 237.1
1980000 242.7
1985000 233.2
1990000 244.8
1995000 211.7
2000000 232.7
