5000 0.6
10000 1.1
15000 0.9
20000 0.8
25000 0.7
30000 0.8
35000 0.7
40000 0.8
45000 0.8
50000 0.7
55000 0.6
60000 0.7
65000 0.9
70000 0.9
75000 0.8
80000 0.8
85000 1.2
90000 1.0
95000 0.7
100000 0.5
105000 0.4
110000 0.7
115000 0.5
120000 0.5
125000 0.5
130000 0.7
135000 0.6
140000 0.7
145000 0.5
150000 0.8
155000 0.9
160000 0.6
165000 0.7
170000 0.5
175000 1.0
180000 1.0
185000 0.5
190000 0.7
195000 0.7
200000 1.4
205000 1.1
210000 1.2
215000 0.9
220000 1.4
225000 0.7
230000 0.7
235000 1.2
240000 1.1
245000 1.1
250000 0.9
255000 1.4
260000 1.4
265000 1.7
270000 1.1
275000 1.3
280000 1.2
285000 1.1
290000 1.0
295000 2.0
300000 1.3
305000 1.4
310000 1.2
315000 1.5
320000 1.5
325000 3.2
330000 1.3
335000 1.3
340000 1.0
345000 11.2
350000 15.5
355000 12.7
360000 24.4
365000 8.4
370000 22.9
375000 14.9
380000 32.7
385000 48.1
390000 46.5
395000 51.1
400000 56.0
405000 43.9
410000 62.2
415000 78.5
420000 84.2
425000 66.0
430000 88.1
435000 83.7
440000 89.1
445000 87.4
450000 97.2
455000 91.8
460000 98.8
465000 95.2
470000 93.7
475000 98.4
480000 68.4
485000 105.8
490000 98.1
495000 113.6
500000 115.6
505000 107.9
510000 113.9
515000 102.1
520000 114.0
525000 107.8
530000 99.8
535000 113.5
540000 108.6
545000 115.9
550000 120.0
555000 115.6
560000 113.8
565000 123.3
570000 118.7
575000 117.1
580000 121.4
585000 1.3
590000 134.5
595000 120.2
600000 125.7
605000 110.1
610000 127.9
615000 133.6
620000 135.3
625000 126.7
630000 138.5
635000 139.5
640000 139.9
645000 144.5
650000 146.8
655000 143.1
660000 144.1
665000 146.3
670000 145.9
675000 145.7
680000 147.9
685000 149.8
690000 148.5
695000 152.4
700000 148.5
705000 150.4
710000 147.9
715000 151.5
720000 150.8
725000 153.2
730000 145.4
735000 153.3
740000 155.4
745000 154.0
750000 157.2
755000 153.2
760000 159.3
765000 162.6
770000 156.6
775000 158.3
780000 162.9
785000 169.0
790000 172.6
795000 176.3
800000 173.4
805000 87.4
810000 144.5
815000 153.9
820000 166.0
825000 165.7
830000 170.3
835000 179.7
840000 169.5
845000 166.3
850000 162.9
855000 173.9
860000 163.4
865000 185.5
870000 168.0
875000 171.9
880000 195.4
885000 169.2
890000 176.5
895000 189.9
900000 192.9
905000 192.2
910000 200.1
915000 191.9
920000 201.1
925000 190.8
930000 198.7
935000 194.5
940000 195.0
945000 197.4
950000 204.6
955000 203.9
960000 199.5
965000 205.7
970000 204.7
975000 205.5
980000 211.4
985000 208.5
990000 207.8
995000 207.7
1000000 212.5
1005000 124.3
1010000 175.1
1015000 198.2
1020000 204.5
1025000 210.7
1030000 218.1
1035000 210.6
1040000 209.7
1045000 223.7
1050000 216.0
1055000 221.3
1060000 217.0
1065000 225.8
1070000 220.8
1075000 217.9
1080000 205.9
1085000 225.1
1090000 221.9
1095000 225.5
1100000 226.9
1105000 225.1
1110000 229.4
1115000 233.4
1120000 223.4
1125000 233.7
1130000 226.8
1135000 225.5
1140000 230.9
1145000 231.4
1150000 239.0
1155000 233.0
1160000 45.5
1165000 228.8
1170000 234.2
1175000 232.0
1180000 229.4
1185000 1.2
1190000 234.4
1195000 234.5
1200000 238.7
1205000 81.8
1210000 192.2
1215000 219.5
1220000 234.5
1225000 210.6
1230000 234.2
1235000 236.7
1240000 239.7
1245000 240.4
1250000 237.0
1255000 222.3
1260000 242.1
1265000 234.0
1270000 240.6
1275000 240.6
1280000 232.5
1285000 232.4
1290000 243.5
1295000 228.6
1300000 3.2
1305000 248.4
1310000 243.5
1315000 249.3
1320000 191.1
1325000 248.2
1330000 99.6
1335000 244.3
1340000 0.7
1345000 255.6
1350000 251.0
1355000 225.5
1360000 0.8
1365000 180.7
1370000 251.2
1375000 247.7
1380000 244.8
1385000 240.3
1390000 241.5
1395000 246.9
1400000 0.6
1405000 79.8
1410000 186.4
1415000 4.6
1420000 239.6
1425000 240.9
1430000 249.3
1435000 210.7
1440000 239.9
1445000 247.9
1450000 0.8
1455000 229.9
1460000 245.4
1465000 194.2
1470000 219.2
1475000 252.6
1480000 228.9
1485000 151.3
1490000 183.5
1495000 251.9
1500000 229.6
1505000 259.4
1510000 63.8
1515000 266.6
1520000 272.5
1525000 248.3
1530000 240.7
1535000 270.4
1540000 32.0
1545000 249.0
1550000 114.8
1555000 265.9
1560000 241.7
1565000 241.5
1570000 265.3
1575000 260.7
1580000 0.9
1585000 272.9
1590000 254.9
1595000 266.2
1600000 242.3
1605000 71.8
1610000 138.5
1615000 0.9
1620000 160.0
1625000 199.7
1630000 0.7
1635000 155.7
1640000 256.8
1645000 245.3
1650000 250.8
1655000 0.8
1660000 254.8
1665000 150.3
1670000 150.0
1675000 172.4
1680000 238.5
1685000 267.4
1690000 265.7
1695000 260.1
1700000 131.0
1705000 259.9
1710000 265.6
1715000 270.0
1720000 263.0
1725000 4.8
1730000 250.3
1735000 246.2
1740000 132.8
1745000 274.8
1750000 3.1
1755000 272.7
1760000 252.0
1765000 272.1
1770000 262.4
1775000 1.5
1780000 254.4
1785000 17.5
1790000 277.9
1795000 279.1
1800000 276.0
1805000 82.8
1810000 142.5
1815000 180.1
1820000 194.1
1825000 219.4
1830000 203.8
1835000 3.9
1840000 220.8
1845000 266.3
1850000 247.8
1855000 273.5
1860000 270.7
