5000 0.7
10000 1.4
15000 0.8
20000 0.5
25000 0.7
30000 0.7
35000 1.0
40000 0.5
45000 0.7
50000 0.9
55000 0.5
60000 0.9
65000 0.7
70000 0.8
75000 0.9
80000 1.0
85000 1.3
90000 1.0
95000 1.2
100000 0.6
105000 1.1
110000 0.9
115000 0.8
120000 0.7
125000 1.0
130000 0.9
135000 1.2
140000 1.1
145000 7.2
150000 0.7
155000 9.0
160000 1.4
165000 0.9
170000 0.9
175000 15.5
180000 14.9
185000 32.4
190000 42.9
195000 38.4
200000 41.6
205000 44.6
210000 60.1
215000 22.2
220000 69.6
225000 68.5
230000 71.1
235000 43.5
240000 1.9
245000 1.9
250000 60.1
255000 41.2
260000 66.8
265000 54.9
270000 1.3
275000 63.2
280000 1.1
285000 50.8
290000 85.4
295000 87.7
300000 85.2
305000 2.9
310000 83.7
315000 55.5
320000 88.5
325000 6.2
330000 66.9
335000 25.8
340000 1.3
345000 57.8
350000 57.7
355000 63.8
360000 68.4
365000 67.6
370000 67.4
375000 60.7
380000 18.0
385000 66.1
390000 63.4
395000 69.4
400000 63.7
405000 102.8
410000 118.0
415000 111.9
420000 120.0
425000 115.5
430000 122.3
435000 122.2
440000 121.1
445000 123.0
450000 125.7
455000 132.3
460000 125.9
465000 129.7
470000 133.5
475000 127.5
480000 135.0
485000 135.8
490000 135.6
495000 133.6
500000 132.6
505000 140.1
510000 137.0
515000 139.5
520000 143.2
525000 139.8
530000 141.7
535000 140.8
540000 135.0
545000 149.1
550000 149.3
555000 147.8
560000 146.8
565000 149.0
570000 146.5
575000 147.6
580000 152.9
585000 153.3
590000 149.7
595000 148.6
600000 152.1
605000 125.1
610000 158.2
615000 163.7
620000 169.6
625000 164.5
630000 175.2
635000 183.7
640000 182.0
645000 176.0
650000 188.2
655000 187.7
660000 179.8
665000 176.4
670000 189.5
675000 183.6
680000 185.2
685000 186.6
690000 190.0
695000 187.7
700000 188.9
705000 193.2
710000 192.4
715000 171.4
720000 189.6
725000 181.3
730000 183.5
735000 190.0
740000 193.5
745000 186.6
750000 194.2
755000 194.9
760000 192.4
765000 195.2
770000 197.9
775000 198.6
780000 196.1
785000 193.6
790000 191.2
795000 196.8
800000 196.3
805000 127.1
810000 183.9
815000 181.9
820000 192.3
825000 202.7
830000 188.0
835000 196.8
840000 211.8
845000 202.7
850000 207.2
855000 215.9
860000 200.2
865000 223.7
870000 213.5
875000 213.1
880000 194.0
885000 227.8
890000 226.1
895000 229.5
900000 224.3
905000 225.8
910000 219.8
915000 223.0
920000 222.0
925000 215.2
930000 223.1
935000 222.4
940000 224.7
945000 209.9
950000 231.3
955000 225.4
960000 230.1
965000 229.6
970000 223.6
975000 228.0
980000 235.6
985000 227.5
990000 228.6
995000 236.7
1000000 247.5
1005000 119.2
1010000 195.1
1015000 217.0
1020000 230.6
1025000 237.4
1030000 239.6
1035000 245.9
1040000 240.2
1045000 236.4
1050000 248.2
1055000 248.4
1060000 248.2
1065000 253.8
1070000 242.8
1075000 254.3
1080000 252.1
1085000 255.9
1090000 259.6
1095000 259.9
1100000 260.9
1105000 254.2
1110000 259.7
1115000 260.7
1120000 264.2
1125000 251.2
1130000 110.4
1135000 262.6
1140000 257.1
1145000 266.7
1150000 269.5
1155000 257.5
1160000 257.1
1165000 271.9
1170000 267.7
1175000 274.6
1180000 264.6
1185000 264.4
1190000 265.1
1195000 273.3
1200000 266.8
1205000 100.9
1210000 209.3
1215000 217.3
1220000 239.1
1225000 258.4
1230000 267.1
1235000 246.6
1240000 247.6
1245000 266.5
1250000 1.4
1255000 0.5
1260000 169.5
1265000 277.6
1270000 235.3
1275000 255.0
1280000 269.7
1285000 269.0
1290000 1.6
1295000 132.5
1300000 1.1
1305000 273.4
1310000 222.8
1315000 279.8
1320000 279.2
1325000 277.5
1330000 280.8
1335000 277.7
1340000 281.6
1345000 281.8
1350000 286.6
1355000 279.8
1360000 284.2
1365000 269.9
1370000 0.8
1375000 238.1
1380000 1.0
1385000 1.4
1390000 287.1
1395000 288.6
1400000 299.9
1405000 75.1
1410000 150.3
1415000 178.7
1420000 236.4
1425000 270.8
1430000 283.0
1435000 80.2
1440000 285.9
1445000 284.0
1450000 291.8
1455000 219.8
1460000 283.5
1465000 291.2
1470000 281.5
1475000 299.1
1480000 289.7
1485000 291.1
1490000 247.9
1495000 178.5
1500000 264.8
1505000 1.4
1510000 298.8
1515000 1.3
1520000 297.4
1525000 296.9
1530000 288.2
1535000 307.4
1540000 0.9
1545000 59.6
1550000 318.9
1555000 1.2
1560000 318.0
1565000 317.7
1570000 0.5
1575000 305.1
1580000 113.2
1585000 227.7
1590000 2.1
1595000 213.5
1600000 0.9
1605000 35.5
1610000 125.9
1615000 189.1
1620000 204.1
1625000 241.0
1630000 258.1
1635000 10.0
1640000 260.2
1645000 300.3
1650000 275.6
1655000 260.3
1660000 292.7
1665000 306.1
1670000 322.9
1675000 301.4
1680000 314.8
1685000 325.4
1690000 333.9
1695000 193.2
1700000 330.3
1705000 317.2
1710000 3.0
1715000 0.8
1720000 250.9
1725000 298.6
1730000 338.9
1735000 3.8
1740000 347.1
1745000 0.8
1750000 328.1
1755000 345.1
1760000 106.6
1765000 335.5
1770000 291.0
1775000 346.5
1780000 353.0
1785000 293.5
1790000 0.9
1795000 238.0
1800000 321.6
1805000 105.2
1810000 161.3
1815000 219.6
1820000 56.7
1825000 250.1
1830000 252.3
1835000 294.7
1840000 326.1
1845000 321.9
1850000 340.9
1855000 358.1
1860000 343.9
1865000 358.1
1870000 331.2
1875000 352.5
1880000 349.9
1885000 358.4
1890000 324.0
1895000 358.8
1900000 0.7
1905000 355.6
1910000 321.3
1915000 309.3
1920000 327.1
1925000 357.8
1930000 333.2
1935000 361.0
1940000 363.2
1945000 239.0
1950000 330.0
1955000 329.9
1960000 342.3
1965000 361.7
1970000 372.3
1975000 371.1
1980000 368.1
1985000 354.1
1990000 359.3
1995000 357.2
2000000 376.5
