5000 0.8
10000 0.8
15000 1.0
20000 0.8
25000 1.0
30000 0.9
35000 1.0
40000 1.1
45000 1.1
50000 0.4
55000 0.8
60000 0.9
65000 1.0
70000 0.6
75000 0.9
80000 0.7
85000 0.9
90000 0.9
95000 0.8
100000 0.8
105000 1.6
110000 1.1
115000 0.8
120000 1.3
125000 1.3
130000 0.9
135000 1.1
140000 0.9
145000 0.9
150000 0.9
155000 0.8
160000 1.1
165000 3.7
170000 7.3
175000 3.0
180000 3.2
185000 0.9
190000 1.1
195000 12.9
200000 1.8
205000 33.2
210000 30.0
215000 20.3
220000 0.9
225000 30.9
230000 19.7
235000 51.7
240000 21.2
245000 3.5
250000 49.5
255000 33.6
260000 46.5
265000 36.9
270000 1.1
275000 24.8
280000 56.2
285000 55.2
290000 45.6
295000 1.3
300000 60.5
305000 64.4
310000 61.1
315000 5.2
320000 65.7
325000 1.6
330000 86.4
335000 90.8
340000 79.2
345000 102.2
350000 100.4
355000 1.1
360000 1.3
365000 87.1
370000 103.0
375000 94.6
380000 105.1
385000 57.9
390000 111.8
395000 109.0
400000 109.2
405000 89.2
410000 106.3
415000 110.3
420000 116.5
425000 115.6
430000 110.5
435000 119.5
440000 118.7
445000 123.9
450000 1.2
455000 124.9
460000 124.7
465000 119.9
470000 131.0
475000 127.7
480000 127.2
485000 126.7
490000 130.8
495000 132.4
500000 139.6
505000 134.4
510000 133.1
515000 134.3
520000 121.1
525000 135.7
530000 135.2
535000 137.0
540000 135.9
545000 137.8
550000 139.9
555000 137.4
560000 141.3
565000 126.5
570000 139.9
575000 143.7
580000 145.9
585000 144.8
590000 146.2
595000 143.9
600000 147.8
605000 87.0
610000 133.1
615000 137.3
620000 146.5
625000 151.3
630000 149.7
635000 150.7
640000 154.6
645000 151.5
650000 153.4
655000 154.0
660000 146.8
665000 154.2
670000 158.6
675000 154.4
680000 168.9
685000 166.7
690000 169.7
695000 166.6
700000 170.7
705000 174.9
710000 169.0
715000 173.2
720000 180.1
725000 178.5
730000 179.4
735000 179.6
740000 184.1
745000 184.0
750000 183.6
755000 181.0
760000 185.8
765000 178.5
770000 183.0
775000 185.7
780000 187.0
785000 191.6
790000 188.9
795000 185.4
800000 190.2
805000 110.4
810000 141.1
815000 185.3
820000 180.2
825000 180.2
830000 188.3
835000 188.8
840000 188.7
845000 186.2
850000 187.5
855000 186.5
860000 167.2
865000 185.1
870000 186.6
875000 190.8
880000 195.0
885000 185.2
890000 192.6
895000 168.8
900000 193.1
905000 192.6
910000 190.7
915000 153.2
920000 191.5
925000 183.5
930000 187.6
935000 189.9
940000 0.6
945000 190.5
950000 195.0
955000 190.6
960000 190.9
965000 188.2
970000 199.1
975000 195.4
980000 197.6
985000 191.2
990000 194.1
995000 191.4
1000000 193.0
1005000 103.3
1010000 175.1
1015000 180.5
1020000 180.1
1025000 189.7
1030000 192.4
1035000 190.8
1040000 196.1
1045000 194.2
1050000 198.2
1055000 195.0
1060000 178.3
1065000 192.5
1070000 192.9
1075000 194.2
1080000 192.0
1085000 199.8
1090000 1.1
1095000 194.6
1100000 202.0
1105000 196.5
1110000 199.6
1115000 201.1
1120000 204.3
1125000 198.5
1130000 207.9
1135000 208.1
1140000 206.1
1145000 201.8
1150000 203.4
1155000 196.8
1160000 201.9
1165000 203.2
1170000 192.7
1175000 202.4
1180000 208.0
1185000 206.2
1190000 33.2
1195000 199.2
1200000 202.6
1205000 76.4
1210000 140.5
1215000 183.0
1220000 178.1
1225000 195.5
1230000 189.5
1235000 196.4
1240000 40.6
1245000 207.6
1250000 191.4
1255000 204.5
1260000 206.1
1265000 201.9
1270000 194.9
1275000 206.8
1280000 205.9
1285000 216.0
1290000 205.5
1295000 212.1
1300000 163.9
1305000 212.3
1310000 187.1
1315000 208.3
1320000 206.4
1325000 200.0
1330000 188.7
1335000 0.9
1340000 112.3
1345000 198.9
1350000 218.7
1355000 213.5
1360000 221.8
1365000 223.9
1370000 208.8
1375000 212.6
1380000 216.7
1385000 217.6
1390000 205.1
1395000 214.6
1400000 223.1
1405000 66.3
1410000 157.2
1415000 213.3
1420000 225.9
1425000 213.1
1430000 217.1
1435000 220.0
1440000 208.6
1445000 0.8
1450000 216.0
1455000 217.2
1460000 224.4
1465000 1.0
1470000 223.7
1475000 1.3
1480000 228.0
1485000 231.1
1490000 231.9
1495000 232.5
1500000 243.2
1505000 239.6
1510000 241.0
1515000 239.0
1520000 241.9
1525000 231.1
1530000 244.8
1535000 241.2
1540000 222.3
1545000 246.4
1550000 75.7
1555000 146.9
1560000 255.7
1565000 253.5
1570000 256.4
1575000 260.4
1580000 254.2
1585000 156.2
1590000 247.1
1595000 253.8
1600000 254.5
1605000 57.4
1610000 125.8
1615000 114.2
1620000 132.1
1625000 213.2
1630000 229.4
1635000 203.1
1640000 189.5
1645000 251.5
1650000 205.4
1655000 219.1
1660000 1.2
1665000 250.2
1670000 266.1
1675000 258.8
1680000 263.6
1685000 273.0
1690000 264.1
1695000 261.1
1700000 239.3
1705000 264.0
1710000 235.0
1715000 2.7
1720000 269.7
1725000 1.1
1730000 259.7
1735000 275.4
1740000 248.4
1745000 265.7
1750000 273.8
1755000 270.0
1760000 262.5
1765000 272.1
1770000 271.7
1775000 256.6
1780000 280.0
1785000 266.8
1790000 272.0
1795000 264.3
1800000 267.7
1805000 74.9
1810000 143.9
1815000 161.2
1820000 237.9
1825000 254.0
1830000 241.7
1835000 227.7
1840000 282.2
1845000 256.0
1850000 274.6
1855000 230.8
1860000 224.5
1865000 245.7
1870000 256.4
1875000 66.6
1880000 0.9
1885000 232.5
1890000 83.5
1895000 268.5
1900000 7.9
1905000 274.1
1910000 282.5
1915000 276.0
1920000 284.0
1925000 138.1
1930000 277.9
1935000 280.5
1940000 287.9
1945000 274.7
1950000 273.7
1955000 84.6
1960000 177.8
1965000 0.9
1970000 283.8
1975000 281.8
1980000 51.1
1985000 175.1
1990000 268.4
1995000 1.0
2000000 283.6
