5000 1.4
10000 0.7
15000 0.7
20000 1.1
25000 1.0
30000 0.5
35000 1.3
40000 1.0
45000 1.0
50000 0.7
55000 1.0
60000 0.7
65000 1.1
70000 0.9
75000 0.9
80000 0.8
85000 0.6
90000 1.2
95000 1.3
100000 1.4
105000 1.1
110000 1.4
115000 1.1
120000 1.2
125000 1.3
130000 1.0
135000 1.1
140000 1.1
145000 1.3
150000 1.0
155000 1.2
160000 0.9
165000 1.3
170000 1.4
175000 1.5
180000 3.0
185000 1.0
190000 1.3
195000 6.8
200000 1.3
205000 2.0
210000 4.2
215000 30.6
220000 42.3
225000 9.0
230000 42.9
235000 1.2
240000 0.8
245000 38.8
250000 38.7
255000 56.0
260000 5.3
265000 26.5
270000 21.2
275000 1.7
280000 0.8
285000 38.5
290000 0.9
295000 1.2
300000 13.9
305000 55.9
310000 39.6
315000 20.4
320000 5.0
325000 16.4
330000 34.0
335000 0.9
340000 29.8
345000 49.0
350000 58.6
355000 43.8
360000 52.1
365000 1.2
370000 52.8
375000 1.0
380000 53.4
385000 58.8
390000 0.9
395000 38.4
400000 58.2
405000 76.7
410000 90.5
415000 96.3
420000 93.4
425000 93.1
430000 93.1
435000 91.9
440000 94.3
445000 1.2
450000 97.8
455000 98.9
460000 92.2
465000 1.0
470000 105.0
475000 112.0
480000 110.5
485000 105.8
490000 107.5
495000 104.9
500000 108.3
505000 105.8
510000 106.8
515000 106.9
520000 112.7
525000 118.0
530000 122.2
535000 114.7
540000 116.8
545000 122.3
550000 119.8
555000 121.3
560000 119.8
565000 115.3
570000 116.6
575000 119.0
580000 122.1
585000 126.9
590000 129.3
595000 126.2
600000 133.1
605000 112.6
610000 135.2
615000 136.9
620000 145.3
625000 151.2
630000 147.3
635000 148.7
640000 155.4
645000 153.7
650000 155.6
655000 152.0
660000 157.9
665000 155.9
670000 158.7
675000 152.8
680000 155.1
685000 160.4
690000 159.8
695000 162.0
700000 163.0
705000 161.3
710000 163.4
715000 166.7
720000 162.8
725000 165.5
730000 166.7
735000 167.3
740000 165.4
745000 165.0
750000 170.7
755000 166.6
760000 174.8
765000 171.5
770000 159.4
775000 176.9
780000 177.7
785000 177.6
790000 177.1
795000 177.3
800000 181.3
805000 132.6
810000 164.3
815000 172.5
820000 176.6
825000 175.6
830000 187.9
835000 182.3
840000 183.0
845000 189.3
850000 185.7
855000 183.0
860000 188.4
865000 192.8
870000 191.2
875000 188.7
880000 190.4
885000 189.5
890000 191.2
895000 190.0
900000 197.6
905000 196.2
910000 196.3
915000 197.6
920000 198.3
925000 198.1
930000 199.3
935000 198.2
940000 197.4
945000 195.8
950000 198.3
955000 201.9
960000 196.2
965000 198.1
970000 197.2
975000 202.7
980000 202.2
985000 203.6
990000 202.0
995000 206.0
1000000 206.1
1005000 120.8
1010000 187.5
1015000 193.2
1020000 201.7
1025000 199.8
1030000 199.6
1035000 203.7
1040000 212.8
1045000 212.4
1050000 220.3
1055000 222.9
1060000 220.5
1065000 228.1
1070000 224.0
1075000 224.4
1080000 221.2
1085000 226.9
1090000 235.6
1095000 243.7
1100000 248.8
1105000 261.8
1110000 250.8
1115000 259.2
1120000 258.0
1125000 257.6
1130000 268.6
1135000 267.7
1140000 272.1
1145000 276.4
1150000 276.9
1155000 293.5
1160000 280.7
1165000 276.7
1170000 283.7
1175000 276.9
1180000 279.9
1185000 279.4
1190000 276.7
1195000 274.3
1200000 295.8
1205000 120.8
1210000 240.6
1215000 236.1
1220000 283.0
1225000 292.7
1230000 272.1
1235000 285.3
1240000 294.6
1245000 292.8
1250000 293.9
1255000 298.8
1260000 310.1
1265000 305.1
1270000 310.8
1275000 304.3
1280000 310.5
1285000 302.2
1290000 301.0
1295000 317.9
1300000 307.6
1305000 315.8
1310000 304.1
1315000 308.3
1320000 307.6
1325000 320.2
1330000 2.3
1335000 308.1
1340000 319.2
1345000 315.1
1350000 317.1
1355000 4.3
1360000 334.1
1365000 306.8
1370000 321.1
1375000 8.4
1380000 324.7
1385000 0.6
1390000 240.5
1395000 307.6
1400000 306.6
1405000 97.5
1410000 229.5
1415000 267.9
1420000 310.8
1425000 294.1
1430000 328.9
1435000 316.2
1440000 0.6
1445000 300.4
1450000 321.3
1455000 336.6
1460000 338.3
1465000 0.6
1470000 313.8
1475000 315.2
1480000 325.3
1485000 340.4
1490000 326.4
1495000 333.0
1500000 342.5
1505000 344.5
1510000 346.4
1515000 0.9
1520000 332.6
1525000 335.2
1530000 323.7
1535000 331.4
1540000 0.6
1545000 1.8
1550000 332.9
1555000 325.2
1560000 317.8
1565000 342.9
1570000 2.1
1575000 347.8
1580000 357.7
1585000 365.8
1590000 369.5
1595000 350.6
1600000 368.4
1605000 54.3
1610000 220.1
1615000 272.6
1620000 330.9
1625000 320.3
1630000 347.8
1635000 353.2
1640000 315.3
1645000 358.0
1650000 332.9
1655000 355.6
1660000 338.4
1665000 342.7
1670000 321.6
1675000 355.4
1680000 334.3
1685000 345.4
1690000 355.3
1695000 364.4
1700000 1.4
1705000 0.6
1710000 268.4
1715000 327.2
1720000 333.9
1725000 347.5
1730000 360.2
1735000 1.0
1740000 338.4
1745000 1.0
1750000 351.4
1755000 1.2
1760000 294.0
1765000 354.0
1770000 359.3
1775000 342.7
1780000 0.6
1785000 350.7
1790000 328.6
1795000 1.0
1800000 352.1
1805000 76.9
1810000 202.6
1815000 301.2
1820000 303.0
1825000 318.5
1830000 334.0
1835000 0.8
1840000 351.6
1845000 351.3
1850000 71.0
1855000 351.5
1860000 369.8
1865000 366.0
1870000 325.2
1875000 360.5
1880000 342.7
1885000 272.0
1890000 347.7
1895000 355.0
1900000 359.7
1905000 372.8
1910000 354.3
1915000 350.9
1920000 342.0
1925000 344.1
1930000 266.7
1935000 369.0
1940000 374.8
1945000 158.5
1950000 302.4
1955000 365.9
1960000 385.7
1965000 383.0
1970000 301.0
1975000 379.1
1980000 42.7
1985000 369.0
1990000 382.4
1995000 33.2
2000000 376.6
