5000 0.6
10000 0.7
15000 0.9
20000 1.0
25000 0.8
30000 0.8
35000 1.0
40000 0.7
45000 0.7
50000 0.7
55000 0.7
60000 0.7
65000 0.8
70000 0.8
75000 1.0
80000 0.8
85000 0.8
90000 1.0
95000 1.0
100000 0.8
105000 1.1
110000 1.3
115000 1.2
120000 1.2
125000 1.0
130000 1.1
135000 1.3
140000 1.3
145000 1.1
150000 0.9
155000 1.1
160000 1.3
165000 1.2
170000 0.6
175000 0.8
180000 0.9
185000 1.1
190000 1.4
195000 1.0
200000 1.3
205000 1.1
210000 1.5
215000 1.3
220000 1.3
225000 1.4
230000 1.3
235000 1.2
240000 1.3
245000 1.5
250000 1.4
255000 1.3
260000 1.4
265000 1.6
270000 1.3
275000 1.3
280000 1.2
285000 1.3
290000 1.2
295000 1.3
300000 1.4
305000 1.6
310000 1.3
315000 3.1
320000 2.3
325000 18.7
330000 34.0
335000 35.5
340000 52.9
345000 55.1
350000 53.6
355000 65.5
360000 51.0
365000 76.5
370000 63.6
375000 70.9
380000 5.9
385000 1.9
390000 48.7
395000 78.0
400000 73.8
405000 87.2
410000 87.4
415000 89.0
420000 93.2
425000 92.2
430000 97.3
435000 100.2
440000 1.2
445000 1.0
450000 1.2
455000 9.3
460000 85.8
465000 99.4
470000 105.4
475000 100.2
480000 111.9
485000 96.6
490000 97.0
495000 108.8
500000 112.7
505000 115.2
510000 106.5
515000 78.6
520000 77.6
525000 112.6
530000 115.5
535000 107.5
540000 116.5
545000 117.4
550000 111.5
555000 114.7
560000 117.0
565000 121.7
570000 121.1
575000 119.3
580000 118.2
585000 122.3
590000 124.8
595000 124.5
600000 126.2
605000 124.5
610000 124.2
615000 115.2
620000 107.6
625000 102.5
630000 128.0
635000 128.7
640000 121.2
645000 129.0
650000 129.8
655000 129.9
660000 80.2
665000 22.5
670000 1.0
675000 116.7
680000 124.6
685000 130.9
690000 134.9
695000 121.8
700000 132.6
705000 130.9
710000 132.4
715000 132.5
720000 132.0
725000 133.8
730000 133.4
735000 137.0
740000 137.6
745000 138.8
750000 136.6
755000 140.5
760000 140.3
765000 117.2
770000 140.5
775000 140.4
780000 141.9
785000 120.5
790000 127.6
795000 0.9
800000 0.7
805000 2.1
810000 39.2
815000 104.2
820000 125.5
825000 123.8
830000 126.2
835000 137.4
840000 133.3
845000 143.9
850000 139.8
855000 141.4
860000 142.8
865000 144.3
870000 142.2
875000 131.9
880000 144.4
885000 127.3
890000 146.7
895000 147.6
900000 146.6
905000 148.9
910000 147.6
915000 148.5
920000 150.3
925000 153.7
930000 151.2
935000 147.5
940000 151.5
945000 148.1
950000 150.2
955000 151.7
960000 146.9
965000 147.9
970000 153.5
975000 150.3
980000 146.4
985000 152.3
990000 156.0
995000 152.0
1000000 157.6
1005000 158.9
1010000 161.0
1015000 155.2
1020000 159.4
1025000 162.0
1030000 168.4
1035000 162.4
1040000 164.5
1045000 160.0
1050000 165.0
1055000 151.0
1060000 156.6
1065000 165.2
1070000 165.6
1075000 175.2
1080000 147.3
1085000 171.9
1090000 177.8
1095000 157.4
1100000 161.9
1105000 162.0
1110000 172.5
1115000 175.2
1120000 175.8
1125000 151.5
1130000 174.4
1135000 179.0
1140000 175.0
1145000 178.4
1150000 178.1
1155000 181.9
1160000 180.2
1165000 173.2
1170000 180.3
1175000 181.2
1180000 183.5
1185000 185.1
1190000 185.2
1195000 182.2
1200000 185.3
1205000 184.8
1210000 176.9
1215000 182.7
1220000 187.7
1225000 180.7
1230000 184.0
1235000 189.8
1240000 182.7
1245000 186.7
1250000 184.7
1255000 188.3
1260000 178.8
1265000 186.1
1270000 188.7
1275000 186.7
1280000 184.4
1285000 180.4
1290000 185.5
1295000 189.4
1300000 188.1
1305000 187.7
1310000 179.0
1315000 189.3
1320000 183.2
1325000 185.0
1330000 184.3
1335000 184.9
1340000 184.0
1345000 183.9
1350000 182.1
1355000 174.3
1360000 189.0
1365000 184.4
1370000 184.1
1375000 185.9
1380000 185.4
1385000 182.1
1390000 184.6
1395000 183.2
1400000 186.9
1405000 188.1
1410000 187.3
1415000 188.7
1420000 185.7
1425000 188.6
1430000 1.2
1435000 1.2
1440000 0.8
1445000 1.0
1450000 2.6
1455000 66.2
1460000 93.3
1465000 93.2
1470000 75.3
1475000 157.3
1480000 188.4
1485000 184.4
1490000 173.8
1495000 190.2
1500000 180.0
1505000 186.7
1510000 189.5
1515000 181.4
1520000 194.8
1525000 195.0
1530000 178.9
1535000 73.8
1540000 39.5
1545000 137.4
1550000 96.2
1555000 1.0
1560000 56.3
1565000 34.1
1570000 118.1
1575000 196.8
1580000 199.4
1585000 195.2
1590000 195.2
1595000 197.9
1600000 200.2
1605000 167.9
1610000 202.4
1615000 202.8
1620000 206.4
1625000 198.4
1630000 207.0
1635000 208.7
1640000 207.8
1645000 103.0
1650000 39.8
1655000 19.7
1660000 1.2
1665000 1.6
1670000 1.6
1675000 93.7
1680000 118.6
1685000 156.1
1690000 187.9
1695000 184.7
1700000 210.8
1705000 200.0
1710000 213.6
1715000 210.3
1720000 184.0
1725000 204.0
1730000 104.7
1735000 204.7
1740000 202.6
1745000 212.2
1750000 211.2
1755000 210.1
1760000 213.5
1765000 207.1
1770000 189.3
1775000 215.8
1780000 210.2
1785000 213.3
1790000 205.1
1795000 207.7
1800000 213.5
1805000 216.2
1810000 222.0
1815000 209.6
1820000 222.5
1825000 209.6
1830000 207.5
1835000 222.0
1840000 225.4
1845000 221.8
1850000 219.1
1855000 218.3
1860000 107.9
1865000 23.0
1870000 1.2
1875000 1.7
1880000 1.1
1885000 32.5
1890000 189.7
1895000 206.8
1900000 218.0
1905000 209.6
1910000 225.8
1915000 211.9
1920000 217.9
1925000 220.4
1930000 218.4
1935000 230.6
1940000 223.6
1945000 224.3
1950000 227.1
1955000 225.6
1960000 225.3
1965000 229.0
1970000 208.2
1975000 200.9
1980000 231.0
1985000 234.9
1990000 230.0
1995000 88.5
2000000 196.0
