5000 0.6
10000 0.7
15000 0.8
20000 1.0
25000 0.8
30000 0.4
35000 1.1
40000 0.8
45000 0.7
50000 0.8
55000 0.7
60000 0.7
65000 1.1
70000 0.7
75000 0.8
80000 1.0
85000 0.7
90000 1.0
95000 1.2
100000 1.1
105000 1.1
110000 0.8
115000 0.8
120000 1.4
125000 1.3
130000 1.2
135000 1.0
140000 1.5
145000 1.2
150000 1.4
155000 1.1
160000 1.3
165000 1.3
170000 1.1
175000 1.3
180000 0.9
185000 1.2
190000 1.4
195000 1.4
200000 1.3
205000 1.5
210000 1.1
215000 1.2
220000 3.8
225000 1.0
230000 1.0
235000 3.6
240000 4.2
245000 1.4
250000 2.5
255000 3.8
260000 5.3
265000 1.0
270000 10.7
275000 4.7
280000 2.4
285000 2.5
290000 5.7
295000 14.4
300000 34.8
305000 16.9
310000 47.0
315000 30.3
320000 22.1
325000 29.0
330000 31.9
335000 47.9
340000 57.8
345000 46.9
350000 55.8
355000 33.0
360000 71.4
365000 74.7
370000 77.3
375000 75.5
380000 72.2
385000 74.9
390000 60.9
395000 71.6
400000 81.6
405000 89.7
410000 83.7
415000 91.4
420000 84.0
425000 95.8
430000 85.6
435000 102.5
440000 83.8
445000 0.9
450000 1.1
455000 1.3
460000 56.6
465000 84.1
470000 97.6
475000 100.2
480000 99.9
485000 93.2
490000 92.6
495000 98.1
500000 92.5
505000 95.8
510000 101.3
515000 106.9
520000 103.3
525000 82.6
530000 103.7
535000 111.5
540000 102.7
545000 90.7
550000 110.1
555000 108.7
560000 108.3
565000 109.2
570000 107.3
575000 107.1
580000 114.0
585000 115.6
590000 114.3
595000 113.2
600000 110.0
605000 113.4
610000 120.6
615000 103.2
620000 104.9
625000 116.4
630000 115.2
635000 110.0
640000 122.4
645000 120.1
650000 121.3
655000 119.1
660000 118.5
665000 123.7
670000 120.2
675000 121.0
680000 123.8
685000 123.5
690000 126.1
695000 119.2
700000 124.8
705000 122.7
710000 126.0
715000 123.6
720000 124.2
725000 123.1
730000 124.2
735000 124.7
740000 120.9
745000 119.8
750000 122.6
755000 126.5
760000 126.3
765000 126.6
770000 125.2
775000 128.6
780000 126.7
785000 129.2
790000 125.7
795000 128.2
800000 131.4
805000 126.6
810000 126.1
815000 131.0
820000 129.5
825000 117.8
830000 104.3
835000 102.3
840000 114.3
845000 132.9
850000 136.5
855000 133.7
860000 131.9
865000 134.6
870000 136.6
875000 133.1
880000 134.3
885000 134.8
890000 143.4
895000 137.5
900000 142.3
905000 148.1
910000 146.5
915000 138.4
920000 137.7
925000 145.1
930000 151.5
935000 148.1
940000 153.3
945000 147.8
950000 147.9
955000 163.8
960000 145.3
965000 155.1
970000 152.0
975000 154.3
980000 150.7
985000 150.5
990000 156.8
995000 158.4
1000000 154.2
1005000 160.5
1010000 164.1
1015000 165.5
1020000 166.7
1025000 166.7
1030000 166.8
1035000 147.8
1040000 163.3
1045000 170.2
1050000 169.7
1055000 158.9
1060000 163.2
1065000 171.5
1070000 174.3
1075000 169.3
1080000 173.5
1085000 180.0
1090000 173.1
1095000 184.7
1100000 180.2
1105000 178.2
1110000 156.7
1115000 170.6
1120000 183.2
1125000 186.2
1130000 173.0
1135000 180.4
1140000 187.6
1145000 188.8
1150000 188.4
1155000 189.3
1160000 188.0
1165000 183.5
1170000 194.9
1175000 190.8
1180000 186.0
1185000 186.3
1190000 193.8
1195000 187.6
1200000 193.2
1205000 190.9
1210000 196.6
1215000 193.5
1220000 194.3
1225000 187.3
1230000 196.7
1235000 196.9
1240000 182.9
1245000 191.2
1250000 195.3
1255000 195.2
1260000 189.1
1265000 189.3
1270000 196.2
1275000 192.2
1280000 171.3
1285000 177.6
1290000 96.0
1295000 0.9
1300000 1.5
1305000 1.1
1310000 3.5
1315000 4.0
1320000 35.8
1325000 97.2
1330000 145.2
1335000 189.5
1340000 190.7
1345000 188.8
1350000 194.4
1355000 189.3
1360000 190.3
1365000 175.5
1370000 198.8
1375000 186.6
1380000 192.0
1385000 172.8
1390000 191.2
1395000 170.7
1400000 192.1
1405000 153.0
1410000 49.6
1415000 174.6
1420000 199.5
1425000 190.7
1430000 189.7
1435000 198.4
1440000 203.7
1445000 197.4
1450000 198.3
1455000 196.0
1460000 205.3
1465000 209.2
1470000 200.6
1475000 200.8
1480000 178.0
1485000 211.4
1490000 196.9
1495000 195.3
1500000 200.5
1505000 200.6
1510000 207.3
1515000 205.4
1520000 205.9
1525000 204.7
1530000 207.8
1535000 209.6
1540000 204.4
1545000 196.2
1550000 205.5
1555000 202.7
1560000 183.2
1565000 210.4
1570000 209.3
1575000 204.1
1580000 212.1
1585000 212.7
1590000 202.4
1595000 188.5
1600000 184.6
1605000 209.6
1610000 209.0
1615000 210.1
1620000 204.8
1625000 202.4
1630000 213.1
1635000 206.8
1640000 193.9
1645000 190.0
1650000 213.5
1655000 212.1
1660000 190.6
1665000 214.8
1670000 213.9
1675000 191.2
1680000 166.5
1685000 196.2
1690000 130.5
1695000 218.5
1700000 194.9
1705000 192.2
1710000 216.8
1715000 220.8
1720000 215.9
1725000 194.2
1730000 215.4
1735000 219.2
1740000 214.8
1745000 223.7
1750000 221.1
1755000 220.6
1760000 222.1
1765000 219.1
1770000 220.6
1775000 198.4
1780000 222.3
1785000 221.7
1790000 215.3
1795000 221.2
1800000 225.1
1805000 220.4
1810000 203.8
1815000 222.9
1820000 201.7
1825000 221.3
1830000 232.8
1835000 200.2
1840000 202.5
1845000 118.3
1850000 3.9
1855000 6.5
1860000 30.0
1865000 36.3
1870000 103.6
1875000 157.9
1880000 153.3
1885000 206.9
1890000 154.4
1895000 202.8
1900000 202.8
1905000 226.4
1910000 225.9
1915000 229.8
1920000 208.4
1925000 248.2
1930000 217.0
1935000 229.9
1940000 235.8
1945000 235.8
1950000 229.0
1955000 236.5
1960000 232.7
1965000 213.1
1970000 219.9
1975000 238.2
1980000 98.4
1985000 0.8
1990000 1.0
1995000 0.7
2000000 0.9
