5000 0.7
10000 0.7
15000 1.0
20000 0.9
25000 1.0
30000 0.6
35000 0.7
40000 0.7
45000 0.9
50000 0.8
55000 0.8
60000 0.6
65000 1.0
70000 1.1
75000 0.8
80000 0.9
85000 0.6
90000 0.9
95000 0.8
100000 1.0
105000 0.8
110000 1.3
115000 0.9
120000 1.2
125000 1.1
130000 1.3
135000 0.9
140000 1.4
145000 1.0
150000 1.9
155000 1.1
160000 3.4
165000 1.2
170000 1.3
175000 4.3
180000 3.8
185000 4.9
190000 13.8
195000 11.9
200000 16.8
205000 17.7
210000 14.8
215000 23.8
220000 25.5
225000 27.6
230000 19.5
235000 32.5
240000 40.6
245000 42.6
250000 29.9
255000 41.2
260000 45.6
265000 53.5
270000 56.2
275000 62.5
280000 61.8
285000 57.4
290000 49.5
295000 73.3
300000 62.0
305000 70.3
310000 76.6
315000 76.3
320000 78.1
325000 82.1
330000 75.9
335000 83.6
340000 82.5
345000 81.8
350000 91.7
355000 77.3
360000 82.7
365000 89.9
370000 91.9
375000 93.5
380000 93.5
385000 84.3
390000 88.8
395000 91.6
400000 95.3
405000 98.6
410000 93.9
415000 2.9
420000 2.6
425000 87.8
430000 102.6
435000 95.6
440000 103.3
445000 99.6
450000 105.1
455000 102.1
460000 100.6
465000 105.6
470000 106.1
475000 110.5
480000 110.2
485000 110.6
490000 97.5
495000 109.2
500000 108.3
505000 111.7
510000 110.6
515000 113.9
520000 110.8
525000 114.6
530000 112.9
535000 111.5
540000 113.2
545000 113.1
550000 112.9
555000 118.0
560000 114.0
565000 114.0
570000 115.5
575000 111.2
580000 116.7
585000 114.3
590000 116.4
595000 112.9
600000 116.6
605000 114.8
610000 115.8
615000 116.1
620000 111.9
625000 111.1
630000 100.5
635000 17.7
640000 3.2
645000 1.1
650000 1.3
655000 7.4
660000 6.3
665000 95.9
670000 108.8
675000 111.0
680000 109.0
685000 118.7
690000 116.1
695000 114.4
700000 120.4
705000 119.6
710000 125.9
715000 122.6
720000 119.0
725000 120.4
730000 125.5
735000 124.1
740000 123.9
745000 122.0
750000 121.8
755000 126.4
760000 123.9
765000 130.7
770000 123.8
775000 122.6
780000 123.8
785000 128.5
790000 128.6
795000 126.8
800000 126.7
805000 130.2
810000 130.2
815000 124.0
820000 129.7
825000 130.3
830000 129.7
835000 128.7
840000 130.7
845000 129.4
850000 130.4
855000 132.0
860000 129.0
865000 132.1
870000 129.8
875000 133.6
880000 132.9
885000 132.6
890000 134.2
895000 110.8
900000 134.9
905000 109.0
910000 133.5
915000 125.5
920000 133.5
925000 133.6
930000 137.7
935000 135.9
940000 135.2
945000 136.5
950000 138.1
955000 136.4
960000 135.3
965000 137.2
970000 140.7
975000 136.0
980000 138.9
985000 141.5
990000 141.5
995000 143.3
1000000 135.0
1005000 133.5
1010000 138.1
1015000 142.8
1020000 140.4
1025000 133.5
1030000 133.3
1035000 148.8
1040000 144.0
1045000 140.4
1050000 143.4
1055000 142.4
1060000 146.7
1065000 142.6
1070000 144.7
1075000 150.3
1080000 148.3
1085000 148.7
1090000 144.7
1095000 149.5
1100000 143.8
1105000 145.6
1110000 149.6
1115000 147.6
1120000 151.0
1125000 149.0
1130000 153.0
1135000 149.1
1140000 152.5
1145000 147.7
1150000 149.1
1155000 151.9
1160000 153.3
1165000 149.3
1170000 153.2
1175000 154.4
1180000 160.2
1185000 157.8
1190000 155.0
1195000 151.7
1200000 158.0
1205000 159.0
1210000 165.7
1215000 166.8
1220000 171.4
1225000 164.0
1230000 171.7
1235000 173.3
1240000 173.9
1245000 177.1
1250000 168.7
1255000 166.8
1260000 174.5
1265000 158.7
1270000 177.8
1275000 180.8
1280000 172.3
1285000 172.5
1290000 176.1
1295000 181.3
1300000 174.5
1305000 167.9
1310000 176.7
1315000 170.6
1320000 167.9
1325000 177.1
1330000 167.1
1335000 175.1
1340000 170.6
1345000 171.8
1350000 170.2
1355000 186.0
1360000 184.1
1365000 180.0
1370000 181.1
1375000 170.0
1380000 173.7
1385000 171.2
1390000 173.8
1395000 171.3
1400000 176.0
1405000 174.6
1410000 180.5
1415000 165.0
1420000 177.8
1425000 54.6
1430000 98.3
1435000 9.8
1440000 1.2
1445000 5.5
1450000 41.9
1455000 54.7
1460000 63.2
1465000 99.9
1470000 170.5
1475000 155.8
1480000 156.6
1485000 1.2
1490000 1.3
1495000 1.5
1500000 2.5
1505000 2.0
1510000 53.5
1515000 90.4
1520000 88.8
1525000 178.7
1530000 164.3
1535000 177.0
1540000 176.4
1545000 186.8
1550000 172.2
1555000 179.4
1560000 181.8
1565000 180.8
1570000 193.5
1575000 186.4
1580000 150.6
1585000 88.7
1590000 2.0
1595000 1.5
1600000 1.2
1605000 1.0
1610000 59.4
1615000 155.0
1620000 183.2
1625000 172.6
1630000 179.8
1635000 181.5
1640000 171.9
1645000 176.9
1650000 162.1
1655000 183.3
1660000 200.8
1665000 192.9
1670000 202.7
1675000 202.9
1680000 189.9
1685000 209.8
1690000 208.9
1695000 201.9
1700000 204.3
1705000 212.3
1710000 185.4
1715000 187.6
1720000 171.6
1725000 209.8
1730000 208.2
1735000 209.4
1740000 215.5
1745000 2.4
1750000 1.4
1755000 1.1
1760000 1.8
1765000 1.4
1770000 1.2
1775000 52.4
1780000 86.8
1785000 149.4
1790000 193.1
1795000 209.9
1800000 186.8
1805000 202.3
1810000 214.0
1815000 202.3
1820000 216.6
1825000 216.4
1830000 213.0
1835000 220.0
1840000 219.8
1845000 218.2
1850000 224.5
1855000 217.8
1860000 221.6
1865000 215.2
1870000 224.1
1875000 198.8
1880000 224.7
1885000 218.3
1890000 217.4
1895000 1.2
1900000 71.5
1905000 223.5
1910000 230.8
1915000 217.9
1920000 231.4
1925000 225.7
1930000 226.6
1935000 224.0
1940000 207.5
1945000 239.6
1950000 224.5
1955000 209.5
1960000 231.5
1965000 231.5
1970000 233.2
1975000 228.2
1980000 230.5
1985000 221.0
1990000 221.7
1995000 231.7
2000000 230.8
