5000 0.9
10000 0.6
15000 0.8
20000 0.8
25000 0.8
30000 1.0
35000 0.8
40000 0.8
45000 0.9
50000 1.0
55000 1.1
60000 1.1
65000 0.9
70000 0.7
75000 0.8
80000 0.8
85000 1.1
90000 1.0
95000 1.1
100000 1.1
105000 1.3
110000 1.1
115000 1.2
120000 1.0
125000 1.2
130000 1.1
135000 1.0
140000 1.4
145000 0.7
150000 1.0
155000 1.1
160000 1.2
165000 1.1
170000 0.7
175000 1.2
180000 1.3
185000 1.3
190000 1.6
195000 1.2
200000 1.6
205000 1.4
210000 1.8
215000 1.4
220000 1.3
225000 2.1
230000 2.6
235000 10.2
240000 1.8
245000 2.0
250000 11.9
255000 4.1
260000 31.1
265000 58.9
270000 60.0
275000 55.6
280000 71.9
285000 62.4
290000 73.1
295000 81.4
300000 76.5
305000 81.1
310000 78.6
315000 84.2
320000 88.5
325000 89.6
330000 93.7
335000 95.1
340000 95.3
345000 94.9
350000 97.9
355000 101.0
360000 103.3
365000 97.2
370000 110.3
375000 106.0
380000 108.5
385000 105.6
390000 108.0
395000 103.5
400000 111.4
405000 74.7
410000 0.9
415000 1.5
420000 72.4
425000 96.6
430000 113.6
435000 119.3
440000 122.3
445000 116.0
450000 120.4
455000 121.0
460000 125.7
465000 122.7
470000 119.0
475000 125.5
480000 124.9
485000 123.9
490000 130.4
495000 123.4
500000 127.3
505000 129.2
510000 129.9
515000 128.2
520000 127.9
525000 127.5
530000 136.0
535000 131.3
540000 134.4
545000 132.3
550000 135.3
555000 132.6
560000 134.1
565000 132.8
570000 135.8
575000 139.6
580000 141.6
585000 140.9
590000 140.3
595000 140.5
600000 139.6
605000 139.0
610000 140.0
615000 141.8
620000 144.1
625000 141.6
630000 140.9
635000 144.7
640000 134.9
645000 144.0
650000 144.3
655000 144.2
660000 146.7
665000 146.7
670000 143.4
675000 146.1
680000 142.5
685000 146.8
690000 149.8
695000 147.1
700000 149.1
705000 148.3
710000 148.6
715000 153.9
720000 147.8
725000 150.9
730000 146.1
735000 148.8
740000 146.6
745000 150.8
750000 150.3
755000 150.8
760000 141.5
765000 150.7
770000 151.9
775000 154.7
780000 153.5
785000 155.7
790000 153.8
795000 149.1
800000 152.7
805000 153.5
810000 154.4
815000 155.4
820000 155.7
825000 156.2
830000 157.5
835000 157.4
840000 153.2
845000 156.4
850000 158.1
855000 158.1
860000 156.5
865000 152.7
870000 157.5
875000 160.6
880000 160.1
885000 155.1
890000 155.8
895000 159.1
900000 159.9
905000 157.9
910000 150.4
915000 159.7
920000 160.4
925000 155.4
930000 154.2
935000 160.8
940000 159.9
945000 159.8
950000 163.2
955000 161.0
960000 164.9
965000 162.8
970000 161.2
975000 159.7
980000 159.6
985000 159.4
990000 157.0
995000 160.6
1000000 160.1
1005000 161.9
1010000 163.9
1015000 163.5
1020000 162.8
1025000 162.1
1030000 163.8
1035000 162.3
1040000 164.5
1045000 165.0
1050000 161.4
1055000 169.7
1060000 163.7
1065000 164.4
1070000 159.8
1075000 164.1
1080000 166.3
1085000 165.0
1090000 167.5
1095000 162.6
1100000 163.4
1105000 167.4
1110000 168.9
1115000 166.9
1120000 166.3
1125000 167.3
1130000 168.2
1135000 162.2
1140000 168.7
1145000 167.8
1150000 167.2
1155000 166.6
1160000 164.6
1165000 163.3
1170000 168.9
1175000 166.0
1180000 168.3
1185000 168.7
1190000 164.5
1195000 168.5
1200000 152.5
1205000 1.6
1210000 1.4
1215000 1.7
1220000 2.8
1225000 3.1
1230000 43.4
1235000 25.4
1240000 77.2
1245000 125.5
1250000 85.4
1255000 32.1
1260000 15.5
1265000 13.8
1270000 90.2
1275000 150.2
1280000 140.7
1285000 155.2
1290000 159.2
1295000 163.1
1300000 161.8
1305000 166.0
1310000 168.0
1315000 162.5
1320000 167.8
1325000 167.8
1330000 168.9
1335000 171.8
1340000 169.4
1345000 175.3
1350000 175.6
1355000 171.3
1360000 174.8
1365000 174.0
1370000 175.6
1375000 176.3
1380000 177.3
1385000 176.7
1390000 175.9
1395000 178.0
1400000 176.5
1405000 179.1
1410000 179.6
1415000 178.0
1420000 179.5
1425000 177.9
1430000 178.9
1435000 180.7
1440000 176.2
1445000 180.8
1450000 176.0
1455000 175.7
1460000 180.7
1465000 180.4
1470000 179.0
1475000 183.2
1480000 176.7
1485000 180.4
1490000 182.2
1495000 180.0
1500000 181.6
1505000 184.2
1510000 183.2
1515000 181.7
1520000 183.2
1525000 177.8
1530000 181.5
1535000 179.6
1540000 181.8
1545000 183.6
1550000 185.8
1555000 181.5
1560000 183.7
1565000 184.1
1570000 183.4
1575000 180.8
1580000 185.5
1585000 185.4
1590000 183.1
1595000 186.3
1600000 182.7
1605000 182.3
1610000 184.7
1615000 185.4
1620000 181.4
1625000 183.6
1630000 183.5
1635000 184.6
1640000 185.6
1645000 183.6
1650000 185.3
1655000 187.5
1660000 186.2
1665000 185.9
1670000 183.0
1675000 186.1
1680000 180.2
1685000 187.4
1690000 187.9
1695000 187.5
1700000 182.8
1705000 189.0
1710000 185.9
1715000 187.0
1720000 184.6
1725000 186.1
1730000 186.4
1735000 188.9
1740000 183.6
1745000 187.6
1750000 195.2
1755000 188.4
1760000 192.4
1765000 192.0
1770000 192.3
1775000 190.4
1780000 188.1
1785000 191.2
1790000 190.2
1795000 188.7
1800000 192.0
1805000 187.8
1810000 190.3
1815000 188.0
1820000 189.0
1825000 189.9
1830000 186.7
1835000 193.3
1840000 187.8
1845000 190.1
1850000 191.3
1855000 189.6
1860000 188.9
1865000 193.0
1870000 187.9
1875000 194.1
1880000 191.5
1885000 189.9
1890000 188.7
1895000 190.5
1900000 194.1
1905000 193.1
1910000 188.2
1915000 193.4
1920000 193.2
1925000 191.9
1930000 195.3
1935000 190.4
1940000 191.1
1945000 194.6
1950000 193.3
1955000 190.8
1960000 192.7
1965000 190.6
1970000 189.3
1975000 193.9
1980000 190.9
1985000 193.0
1990000 190.9
1995000 191.8
2000000 195.5
