5000 0.8
10000 0.9
15000 0.8
20000 0.8
25000 1.0
30000 0.6
35000 0.6
40000 0.5
45000 1.0
50000 0.5
55000 0.6
60000 0.6
65000 0.9
70000 0.8
75000 0.9
80000 1.2
85000 0.7
90000 0.8
95000 0.9
100000 0.6
105000 0.7
110000 1.1
115000 0.7
120000 1.0
125000 0.6
130000 1.1
135000 0.8
140000 1.1
145000 1.1
150000 0.8
155000 0.9
160000 1.3
165000 1.1
170000 1.0
175000 0.9
180000 1.3
185000 1.4
190000 1.4
195000 1.3
200000 1.7
205000 1.2
210000 1.9
215000 1.3
220000 0.9
225000 1.2
230000 1.2
235000 1.0
240000 1.2
245000 1.9
250000 1.2
255000 1.4
260000 1.6
265000 1.4
270000 2.4
275000 1.6
280000 1.7
285000 1.3
290000 1.4
295000 3.5
300000 1.5
305000 5.6
310000 7.7
315000 7.1
320000 20.0
325000 9.7
330000 43.6
335000 38.5
340000 24.4
345000 47.5
350000 43.3
355000 1.9
360000 1.1
365000 1.4
370000 12.5
375000 10.4
380000 45.7
385000 37.5
390000 44.9
395000 42.3
400000 57.8
405000 65.8
410000 70.5
415000 67.3
420000 67.9
425000 65.4
430000 72.3
435000 73.0
440000 67.3
445000 68.6
450000 71.3
455000 70.5
460000 83.5
465000 68.0
470000 86.4
475000 86.3
480000 79.3
485000 90.9
490000 98.0
495000 84.0
500000 79.4
505000 91.6
510000 97.0
515000 102.8
520000 95.5
525000 99.6
530000 101.6
535000 96.2
540000 25.6
545000 3.3
550000 3.8
555000 40.4
560000 98.7
565000 105.1
570000 109.9
575000 108.6
580000 91.2
585000 104.4
590000 116.5
595000 14.8
600000 14.0
605000 66.5
610000 103.8
615000 112.2
620000 100.8
625000 105.9
630000 111.7
635000 111.7
640000 109.1
645000 110.0
650000 115.8
655000 109.2
660000 111.4
665000 111.8
670000 115.5
675000 111.4
680000 114.6
685000 113.3
690000 114.6
695000 116.0
700000 1.3
705000 1.0
710000 0.8
715000 51.2
720000 111.5
725000 112.6
730000 113.6
735000 121.6
740000 120.4
745000 121.1
750000 118.4
755000 121.9
760000 124.7
765000 127.0
770000 121.9
775000 120.3
780000 121.4
785000 125.5
790000 125.8
795000 120.7
800000 123.8
805000 128.0
810000 126.1
815000 125.9
820000 128.6
825000 128.2
830000 126.5
835000 127.4
840000 126.5
845000 120.7
850000 131.3
855000 125.7
860000 133.0
865000 130.5
870000 130.0
875000 130.8
880000 129.5
885000 125.2
890000 125.0
895000 130.0
900000 136.8
905000 131.4
910000 136.9
915000 131.1
920000 135.3
925000 131.2
930000 137.0
935000 136.1
940000 138.8
945000 139.2
950000 134.0
955000 137.1
960000 135.6
965000 133.5
970000 134.9
975000 133.7
980000 131.1
985000 134.7
990000 135.4
995000 135.8
1000000 136.9
1005000 134.9
1010000 140.5
1015000 139.7
1020000 135.3
1025000 137.1
1030000 138.6
1035000 136.8
1040000 136.2
1045000 139.3
1050000 141.0
1055000 142.4
1060000 137.7
1065000 141.0
1070000 139.2
1075000 142.2
1080000 140.9
1085000 138.0
1090000 142.7
1095000 140.2
1100000 141.3
1105000 112.2
1110000 8.3
1115000 5.5
1120000 4.1
1125000 20.6
1130000 59.5
1135000 102.8
1140000 121.7
1145000 134.0
1150000 125.9
1155000 135.2
1160000 134.6
1165000 140.9
1170000 138.8
1175000 138.4
1180000 135.7
1185000 139.6
1190000 140.7
1195000 143.5
1200000 144.0
1205000 144.1
1210000 141.1
1215000 142.8
1220000 144.0
1225000 145.9
1230000 140.5
1235000 144.9
1240000 93.0
1245000 1.0
1250000 1.0
1255000 0.9
1260000 1.1
1265000 0.9
1270000 15.8
1275000 132.3
1280000 132.1
1285000 139.5
1290000 137.1
1295000 137.9
1300000 144.0
1305000 143.7
1310000 144.2
1315000 147.8
1320000 143.8
1325000 146.1
1330000 146.1
1335000 149.7
1340000 150.4
1345000 148.2
1350000 149.5
1355000 145.1
1360000 148.4
1365000 146.5
1370000 146.9
1375000 148.9
1380000 151.8
1385000 149.2
1390000 149.2
1395000 149.2
1400000 148.4
1405000 149.6
1410000 150.3
1415000 151.5
1420000 150.9
1425000 149.7
1430000 150.9
1435000 151.2
1440000 154.0
1445000 151.4
1450000 150.5
1455000 151.8
1460000 152.9
1465000 154.4
1470000 151.5
1475000 134.3
1480000 90.8
1485000 33.7
1490000 8.2
1495000 14.1
1500000 138.9
1505000 147.0
1510000 150.8
1515000 149.4
1520000 152.7
1525000 151.7
1530000 151.8
1535000 153.0
1540000 152.8
1545000 154.3
1550000 151.0
1555000 151.9
1560000 153.8
1565000 154.9
1570000 154.3
1575000 154.3
1580000 155.8
1585000 153.5
1590000 154.2
1595000 154.3
1600000 151.9
1605000 156.6
1610000 149.2
1615000 156.9
1620000 158.7
1625000 154.0
1630000 152.4
1635000 155.7
1640000 154.1
1645000 152.2
1650000 158.3
1655000 158.0
1660000 156.6
1665000 156.7
1670000 158.6
1675000 156.6
1680000 155.3
1685000 157.5
1690000 160.4
1695000 156.6
1700000 155.7
1705000 155.3
1710000 156.5
1715000 160.6
1720000 159.2
1725000 153.6
1730000 154.0
1735000 159.5
1740000 155.6
1745000 158.2
1750000 156.3
1755000 155.4
1760000 158.0
1765000 160.4
1770000 160.5
1775000 155.8
1780000 157.3
1785000 160.0
1790000 155.3
1795000 157.0
1800000 157.3
1805000 161.4
1810000 158.4
1815000 155.7
1820000 158.2
1825000 157.1
1830000 158.4
1835000 160.0
1840000 160.3
1845000 161.5
1850000 160.5
1855000 157.1
1860000 152.8
1865000 143.4
1870000 158.5
1875000 159.9
1880000 162.1
1885000 160.0
1890000 159.5
1895000 157.6
1900000 156.6
1905000 155.4
1910000 8.2
1915000 0.7
1920000 0.6
1925000 3.0
1930000 21.1
1935000 84.8
1940000 122.4
1945000 144.2
1950000 134.4
1955000 155.0
1960000 148.8
1965000 156.9
1970000 158.9
1975000 158.9
1980000 154.6
1985000 160.4
1990000 161.4
1995000 159.4
2000000 163.8
