5000 0.8
10000 0.9
15000 0.9
20000 0.5
25000 0.6
30000 1.0
35000 0.6
40000 0.7
45000 0.8
50000 1.0
55000 0.8
60000 1.1
65000 1.2
70000 0.6
75000 0.6
80000 0.9
85000 0.9
90000 0.9
95000 1.1
100000 1.0
105000 1.2
110000 1.2
115000 1.5
120000 1.2
125000 1.0
130000 1.2
135000 1.3
140000 0.8
145000 1.2
150000 1.3
155000 1.1
160000 1.1
165000 1.0
170000 1.2
175000 1.2
180000 1.1
185000 0.8
190000 1.2
195000 1.2
200000 0.8
205000 1.1
210000 1.2
215000 1.5
220000 1.2
225000 1.3
230000 1.3
235000 2.7
240000 2.4
245000 1.7
250000 1.4
255000 2.1
260000 1.3
265000 3.6
270000 4.5
275000 5.0
280000 23.3
285000 26.1
290000 19.1
295000 27.5
300000 13.5
305000 42.2
310000 37.9
315000 45.6
320000 52.5
325000 20.7
330000 9.8
335000 9.9
340000 28.9
345000 35.5
350000 50.1
355000 42.4
360000 53.2
365000 57.1
370000 53.8
375000 61.2
380000 62.4
385000 69.6
390000 57.9
395000 66.8
400000 76.2
405000 75.5
410000 79.1
415000 71.6
420000 84.1
425000 86.4
430000 81.1
435000 79.8
440000 84.8
445000 89.1
450000 92.0
455000 92.0
460000 87.9
465000 90.5
470000 91.6
475000 84.1
480000 97.0
485000 95.5
490000 98.0
495000 96.1
500000 92.7
505000 94.3
510000 98.6
515000 96.3
520000 101.6
525000 96.6
530000 102.0
535000 98.1
540000 88.3
545000 96.6
550000 103.3
555000 80.9
560000 88.1
565000 101.2
570000 105.6
575000 1.0
580000 1.0
585000 1.2
590000 7.7
595000 15.3
600000 91.2
605000 87.9
610000 100.5
615000 105.0
620000 110.2
625000 110.6
630000 114.9
635000 108.6
640000 115.8
645000 104.8
650000 45.7
655000 36.0
660000 71.6
665000 120.4
670000 119.2
675000 125.1
680000 122.9
685000 121.0
690000 121.2
695000 124.3
700000 122.4
705000 122.6
710000 124.0
715000 112.0
720000 119.5
725000 127.0
730000 126.9
735000 132.5
740000 128.6
745000 128.4
750000 132.8
755000 135.9
760000 134.0
765000 136.4
770000 135.8
775000 139.3
780000 126.6
785000 138.1
790000 145.5
795000 151.3
800000 148.5
805000 109.3
810000 6.7
815000 1.4
820000 1.1
825000 1.3
830000 79.0
835000 118.4
840000 153.4
845000 160.2
850000 174.9
855000 167.4
860000 168.1
865000 170.3
870000 173.0
875000 177.3
880000 171.1
885000 169.6
890000 174.2
895000 177.7
900000 174.9
905000 181.2
910000 172.1
915000 177.4
920000 179.9
925000 178.6
930000 177.2
935000 174.7
940000 178.2
945000 175.8
950000 185.1
955000 178.4
960000 179.5
965000 180.9
970000 180.3
975000 179.7
980000 174.6
985000 175.6
990000 173.7
995000 178.3
1000000 177.0
1005000 181.6
1010000 169.6
1015000 175.0
1020000 181.1
1025000 161.9
1030000 182.3
1035000 178.4
1040000 188.6
1045000 183.6
1050000 183.2
1055000 165.4
1060000 183.8
1065000 179.4
1070000 181.1
1075000 182.9
1080000 165.5
1085000 179.8
1090000 181.8
1095000 180.7
1100000 184.0
1105000 181.8
1110000 185.5
1115000 188.3
1120000 184.5
1125000 184.5
1130000 183.5
1135000 186.2
1140000 187.0
1145000 186.9
1150000 189.5
1155000 187.3
1160000 185.6
1165000 179.2
1170000 186.2
1175000 182.8
1180000 183.0
1185000 184.2
1190000 187.1
1195000 186.6
1200000 194.0
1205000 185.1
1210000 189.1
1215000 191.7
1220000 187.0
1225000 187.5
1230000 183.8
1235000 177.4
1240000 180.4
1245000 187.5
1250000 187.8
1255000 193.3
1260000 193.8
1265000 184.7
1270000 189.2
1275000 189.2
1280000 187.6
1285000 186.4
1290000 184.5
1295000 188.0
1300000 184.4
1305000 191.5
1310000 189.0
1315000 186.2
1320000 176.6
1325000 186.5
1330000 187.0
1335000 187.2
1340000 191.7
1345000 183.6
1350000 189.7
1355000 177.1
1360000 185.8
1365000 185.1
1370000 188.0
1375000 188.7
1380000 185.1
1385000 181.6
1390000 194.2
1395000 195.1
1400000 187.4
1405000 186.2
1410000 174.1
1415000 173.8
1420000 182.3
1425000 193.9
1430000 171.7
1435000 192.4
1440000 188.6
1445000 137.2
1450000 190.8
1455000 187.2
1460000 171.2
1465000 190.4
1470000 189.5
1475000 189.2
1480000 183.4
1485000 185.6
1490000 193.3
1495000 187.3
1500000 195.6
1505000 177.9
1510000 160.8
1515000 169.3
1520000 166.2
1525000 179.0
1530000 83.3
1535000 0.9
1540000 1.8
1545000 1.0
1550000 1.0
1555000 2.2
1560000 84.7
1565000 156.3
1570000 193.2
1575000 166.7
1580000 79.4
1585000 83.7
1590000 1.1
1595000 1.2
1600000 1.8
1605000 2.5
1610000 9.1
1615000 102.7
1620000 158.6
1625000 189.2
1630000 175.1
1635000 163.0
1640000 177.5
1645000 178.8
1650000 185.6
1655000 196.3
1660000 185.3
1665000 180.4
1670000 172.6
1675000 170.7
1680000 187.0
1685000 181.5
1690000 193.3
1695000 181.6
1700000 171.8
1705000 190.7
1710000 173.6
1715000 193.5
1720000 197.6
1725000 185.9
1730000 194.2
1735000 189.6
1740000 193.2
1745000 186.1
1750000 186.4
1755000 193.5
1760000 191.9
1765000 181.5
1770000 175.1
1775000 179.1
1780000 191.0
1785000 195.0
1790000 186.7
1795000 187.1
1800000 201.3
1805000 189.2
1810000 195.4
1815000 186.8
1820000 193.5
1825000 16.8
1830000 142.1
1835000 161.8
1840000 162.8
1845000 106.1
1850000 119.0
1855000 63.4
1860000 0.7
1865000 1.0
1870000 0.9
1875000 0.9
1880000 34.4
1885000 10.4
1890000 50.0
1895000 15.7
1900000 29.4
1905000 121.8
1910000 141.3
1915000 135.9
1920000 183.1
1925000 190.8
1930000 189.7
1935000 182.4
1940000 181.8
1945000 187.8
1950000 183.4
1955000 183.3
1960000 191.8
1965000 184.1
1970000 183.9
1975000 194.4
1980000 195.7
1985000 184.9
1990000 191.1
1995000 190.6
2000000 197.5
