5000 0.6
10000 1.0
15000 0.8
20000 0.9
25000 0.7
30000 0.8
35000 0.8
40000 0.8
45000 0.8
50000 0.8
55000 0.8
60000 1.2
65000 1.2
70000 1.2
75000 1.0
80000 1.2
85000 1.1
90000 1.1
95000 1.0
100000 1.0
105000 0.9
110000 1.1
115000 0.8
120000 1.2
125000 1.0
130000 1.3
135000 0.9
140000 1.1
145000 1.4
150000 1.5
155000 1.7
160000 1.1
165000 1.4
170000 1.2
175000 1.3
180000 1.2
185000 16.1
190000 26.0
195000 18.2
200000 51.9
205000 51.9
210000 57.3
215000 60.3
220000 73.3
225000 70.6
230000 71.0
235000 74.6
240000 27.2
245000 1.3
250000 77.5
255000 85.8
260000 78.5
265000 82.4
270000 92.1
275000 87.5
280000 78.0
285000 95.2
290000 94.9
295000 95.7
300000 93.1
305000 93.8
310000 109.5
315000 110.1
320000 103.4
325000 97.9
330000 61.6
335000 1.0
340000 110.2
345000 101.1
350000 92.7
355000 84.1
360000 111.2
365000 101.8
370000 89.4
375000 114.7
380000 102.9
385000 115.5
390000 117.6
395000 108.8
400000 112.0
405000 119.3
410000 122.2
415000 119.4
420000 124.5
425000 121.3
430000 125.3
435000 124.6
440000 120.1
445000 128.9
450000 121.6
455000 130.8
460000 125.6
465000 125.7
470000 116.1
475000 135.1
480000 136.3
485000 132.7
490000 114.7
495000 140.9
500000 136.8
505000 128.0
510000 133.3
515000 141.8
520000 143.0
525000 145.2
530000 143.1
535000 150.0
540000 140.7
545000 146.2
550000 141.2
555000 144.7
560000 146.7
565000 147.2
570000 150.8
575000 150.7
580000 152.2
585000 149.1
590000 155.1
595000 154.7
600000 150.5
605000 148.3
610000 151.8
615000 155.1
620000 150.7
625000 155.3
630000 149.1
635000 152.5
640000 155.4
645000 154.0
650000 154.6
655000 155.1
660000 154.5
665000 153.8
670000 157.2
675000 155.5
680000 119.5
685000 41.8
690000 1.6
695000 1.0
700000 1.4
705000 48.7
710000 111.3
715000 131.1
720000 143.7
725000 150.7
730000 153.4
735000 159.0
740000 157.2
745000 160.1
750000 151.7
755000 160.6
760000 163.3
765000 164.9
770000 160.0
775000 160.3
780000 163.4
785000 166.3
790000 156.0
795000 164.0
800000 163.3
805000 168.1
810000 169.3
815000 167.0
820000 168.7
825000 168.2
830000 169.7
835000 165.6
840000 169.5
845000 174.5
850000 166.6
855000 172.2
860000 170.0
865000 171.3
870000 171.0
875000 172.0
880000 167.1
885000 170.0
890000 168.7
895000 173.5
900000 168.5
905000 173.3
910000 172.3
915000 173.6
920000 172.5
925000 174.4
930000 172.3
935000 171.8
940000 178.1
945000 172.7
950000 172.4
955000 174.5
960000 176.8
965000 177.2
970000 170.9
975000 175.2
980000 172.9
985000 178.6
990000 175.9
995000 173.3
1000000 175.1
1005000 176.5
1010000 150.2
1015000 62.8
1020000 0.6
1025000 1.0
1030000 30.1
1035000 110.4
1040000 166.1
1045000 166.4
1050000 171.7
1055000 173.5
1060000 170.8
1065000 177.7
1070000 177.8
1075000 177.4
1080000 178.2
1085000 177.0
1090000 180.0
1095000 178.2
1100000 176.7
1105000 179.4
1110000 182.6
1115000 180.3
1120000 174.8
1125000 179.3
1130000 180.5
1135000 174.3
1140000 181.1
1145000 181.9
1150000 177.0
1155000 183.0
1160000 185.3
1165000 177.7
1170000 181.2
1175000 180.1
1180000 183.2
1185000 181.4
1190000 186.5
1195000 182.6
1200000 183.5
1205000 183.0
1210000 180.4
1215000 182.7
1220000 180.3
1225000 179.9
1230000 183.6
1235000 184.9
1240000 183.0
1245000 182.0
1250000 182.8
1255000 182.7
1260000 183.3
1265000 182.4
1270000 185.1
1275000 176.5
1280000 184.2
1285000 183.0
1290000 183.2
1295000 186.0
1300000 180.8
1305000 184.7
1310000 173.6
1315000 187.1
1320000 187.6
1325000 189.5
1330000 187.1
1335000 183.9
1340000 184.4
1345000 184.3
1350000 187.8
1355000 190.7
1360000 187.7
1365000 182.4
1370000 189.5
1375000 185.4
1380000 183.6
1385000 182.1
1390000 185.9
1395000 184.1
1400000 190.2
1405000 185.3
1410000 185.7
1415000 187.6
1420000 187.6
1425000 190.6
1430000 184.9
1435000 190.3
1440000 191.7
1445000 189.1
1450000 189.9
1455000 194.2
1460000 191.4
1465000 192.8
1470000 190.5
1475000 190.0
1480000 187.7
1485000 188.1
1490000 191.6
1495000 188.9
1500000 191.1
1505000 190.2
1510000 192.1
1515000 191.7
1520000 194.8
1525000 189.4
1530000 191.3
1535000 189.6
1540000 193.6
1545000 194.2
1550000 195.6
1555000 187.5
1560000 194.1
1565000 195.4
1570000 194.5
1575000 195.9
1580000 190.2
1585000 193.6
1590000 195.2
1595000 193.6
1600000 191.4
1605000 196.8
1610000 193.3
1615000 196.8
1620000 197.1
1625000 200.1
1630000 197.5
1635000 193.5
1640000 196.5
1645000 193.8
1650000 197.6
1655000 198.3
1660000 198.9
1665000 200.3
1670000 201.1
1675000 194.5
1680000 193.9
1685000 197.4
1690000 199.7
1695000 199.2
1700000 197.7
1705000 194.4
1710000 200.4
1715000 201.9
1720000 198.4
1725000 200.6
1730000 200.2
1735000 204.0
1740000 194.0
1745000 196.0
1750000 202.9
1755000 199.0
1760000 204.9
1765000 198.8
1770000 202.5
1775000 199.8
1780000 199.1
1785000 201.3
1790000 200.9
1795000 202.6
1800000 202.1
1805000 200.7
1810000 196.2
1815000 192.8
1820000 195.9
1825000 198.8
1830000 198.4
1835000 196.4
1840000 200.8
1845000 202.8
1850000 202.0
1855000 201.5
1860000 202.7
1865000 201.0
1870000 200.6
1875000 201.0
1880000 200.5
1885000 194.8
1890000 197.6
1895000 199.9
1900000 200.2
1905000 197.7
1910000 197.7
1915000 200.4
1920000 204.5
1925000 203.1
1930000 202.0
1935000 199.1
1940000 206.0
1945000 207.4
1950000 206.4
1955000 201.1
1960000 205.2
1965000 208.5
1970000 203.1
1975000 206.5
1980000 204.8
1985000 209.3
1990000 191.0
1995000 207.1
2000000 206.4
