5000 0.7
10000 1.2
15000 0.9
20000 0.5
25000 0.7
30000 0.7
35000 1.2
40000 0.6
45000 0.9
50000 0.9
55000 0.8
60000 1.1
65000 0.9
70000 1.1
75000 0.9
80000 0.8
85000 0.8
90000 1.1
95000 1.3
100000 1.3
105000 1.4
110000 1.1
115000 1.0
120000 1.0
125000 0.8
130000 4.6
135000 5.6
140000 1.6
145000 1.6
150000 3.5
155000 7.1
160000 7.6
165000 12.2
170000 8.4
175000 19.7
180000 16.8
185000 29.1
190000 34.6
195000 39.8
200000 40.0
205000 34.1
210000 56.3
215000 60.3
220000 58.9
225000 67.5
230000 68.8
235000 38.7
240000 73.5
245000 51.8
250000 69.4
255000 68.0
260000 76.2
265000 77.5
270000 78.6
275000 78.7
280000 73.1
285000 87.2
290000 86.2
295000 75.7
300000 87.6
305000 93.0
310000 93.0
315000 88.6
320000 90.8
325000 91.1
330000 83.3
335000 95.7
340000 86.6
345000 85.6
350000 82.8
355000 98.8
360000 95.7
365000 85.9
370000 94.3
375000 95.9
380000 96.1
385000 99.6
390000 105.0
395000 98.7
400000 101.9
405000 100.9
410000 97.8
415000 104.6
420000 99.4
425000 101.4
430000 92.6
435000 25.8
440000 12.0
445000 4.9
450000 3.7
455000 10.2
460000 93.7
465000 97.8
470000 100.5
475000 97.4
480000 96.2
485000 99.4
490000 104.8
495000 102.4
500000 105.6
505000 103.5
510000 104.5
515000 110.4
520000 109.5
525000 98.3
530000 112.6
535000 110.6
540000 101.8
545000 110.3
550000 114.3
555000 112.6
560000 113.8
565000 112.8
570000 111.0
575000 111.7
580000 108.6
585000 116.3
590000 110.9
595000 114.8
600000 112.9
605000 121.9
610000 114.0
615000 119.9
620000 115.9
625000 115.3
630000 119.7
635000 123.2
640000 116.4
645000 119.7
650000 111.7
655000 118.8
660000 124.0
665000 125.9
670000 120.9
675000 123.9
680000 120.5
685000 126.4
690000 123.6
695000 126.9
700000 126.2
705000 128.2
710000 132.8
715000 132.0
720000 132.7
725000 132.5
730000 129.5
735000 129.8
740000 128.4
745000 135.0
750000 131.7
755000 134.9
760000 132.6
765000 135.3
770000 139.8
775000 142.4
780000 140.6
785000 135.8
790000 147.9
795000 144.1
800000 144.2
805000 132.9
810000 141.1
815000 144.7
820000 144.0
825000 140.5
830000 142.2
835000 151.4
840000 133.8
845000 143.0
850000 147.5
855000 151.7
860000 150.2
865000 146.5
870000 159.4
875000 155.5
880000 159.1
885000 160.4
890000 152.8
895000 157.6
900000 150.3
905000 153.2
910000 158.4
915000 160.4
920000 158.0
925000 158.4
930000 163.0
935000 168.4
940000 159.4
945000 155.7
950000 149.6
955000 147.0
960000 163.0
965000 153.6
970000 162.1
975000 157.7
980000 161.7
985000 161.0
990000 174.4
995000 171.1
1000000 161.8
1005000 159.9
1010000 159.7
1015000 115.6
1020000 86.4
1025000 178.8
1030000 180.4
1035000 179.5
1040000 172.7
1045000 180.6
1050000 178.1
1055000 181.6
1060000 189.0
1065000 192.5
1070000 154.8
1075000 0.9
1080000 1.2
1085000 1.8
1090000 1.0
1095000 4.9
1100000 43.3
1105000 143.1
1110000 184.5
1115000 182.6
1120000 183.5
1125000 182.8
1130000 186.9
1135000 190.7
1140000 175.3
1145000 179.0
1150000 193.5
1155000 190.1
1160000 188.6
1165000 193.6
1170000 182.0
1175000 197.3
1180000 184.5
1185000 193.5
1190000 191.6
1195000 201.6
1200000 193.4
1205000 197.5
1210000 190.7
1215000 194.4
1220000 196.2
1225000 196.2
1230000 202.1
1235000 194.3
1240000 199.3
1245000 188.3
1250000 188.5
1255000 199.9
1260000 199.5
1265000 198.4
1270000 198.8
1275000 195.8
1280000 199.5
1285000 176.2
1290000 194.4
1295000 198.4
1300000 209.5
1305000 181.4
1310000 190.4
1315000 206.8
1320000 202.3
1325000 195.2
1330000 196.9
1335000 203.1
1340000 201.6
1345000 201.0
1350000 195.9
1355000 145.2
1360000 119.3
1365000 185.3
1370000 143.7
1375000 203.8
1380000 195.8
1385000 199.8
1390000 200.0
1395000 212.2
1400000 205.8
1405000 196.3
1410000 202.6
1415000 212.9
1420000 194.9
1425000 203.4
1430000 205.1
1435000 197.2
1440000 203.7
1445000 204.7
1450000 212.1
1455000 211.6
1460000 213.8
1465000 201.5
1470000 207.4
1475000 206.3
1480000 215.0
1485000 207.8
1490000 207.6
1495000 185.7
1500000 202.7
1505000 167.2
1510000 209.9
1515000 209.5
1520000 210.9
1525000 214.0
1530000 212.1
1535000 207.7
1540000 201.7
1545000 212.2
1550000 208.2
1555000 218.2
1560000 208.4
1565000 198.8
1570000 209.0
1575000 210.3
1580000 206.8
1585000 208.0
1590000 215.4
1595000 211.0
1600000 205.8
1605000 214.5
1610000 212.7
1615000 208.4
1620000 215.4
1625000 207.2
1630000 196.4
1635000 196.3
1640000 216.1
1645000 205.4
1650000 208.4
1655000 200.0
1660000 208.0
1665000 211.5
1670000 212.1
1675000 197.3
1680000 219.5
1685000 191.4
1690000 216.5
1695000 212.0
1700000 111.0
1705000 132.8
1710000 113.1
1715000 1.1
1720000 0.7
1725000 1.0
1730000 7.6
1735000 135.2
1740000 188.7
1745000 199.2
1750000 202.4
1755000 207.3
1760000 213.0
1765000 219.1
1770000 213.3
1775000 191.4
1780000 209.2
1785000 184.1
1790000 207.7
1795000 191.2
1800000 202.3
1805000 212.5
1810000 211.4
1815000 209.6
1820000 211.0
1825000 219.3
1830000 211.9
1835000 211.4
1840000 217.5
1845000 217.9
1850000 209.4
1855000 209.4
1860000 199.3
1865000 152.5
1870000 45.5
1875000 24.2
1880000 1.4
1885000 109.1
1890000 84.4
1895000 112.4
1900000 217.3
1905000 209.3
1910000 219.9
1915000 208.2
1920000 208.1
1925000 222.8
1930000 211.8
1935000 217.2
1940000 211.0
1945000 210.6
1950000 213.2
1955000 213.8
1960000 208.7
1965000 199.7
1970000 216.2
1975000 208.2
1980000 207.5
1985000 212.7
1990000 207.3
1995000 201.1
2000000 182.9
