5000 0.8
10000 0.7
15000 1.1
20000 0.7
25000 0.8
30000 0.9
35000 0.9
40000 0.9
45000 1.1
50000 0.5
55000 1.0
60000 1.1
65000 1.1
70000 0.6
75000 1.0
80000 0.7
85000 0.6
90000 0.9
95000 0.8
100000 0.7
105000 0.9
110000 0.9
115000 1.0
120000 0.9
125000 0.9
130000 1.1
135000 1.2
140000 1.1
145000 0.9
150000 1.3
155000 0.8
160000 1.2
165000 1.5
170000 0.9
175000 1.0
180000 0.9
185000 1.1
190000 1.3
195000 1.4
200000 1.3
205000 1.0
210000 1.2
215000 1.3
220000 1.0
225000 1.4
230000 1.2
235000 1.6
240000 1.2
245000 1.1
250000 1.3
255000 1.1
260000 0.9
265000 1.4
270000 1.2
275000 1.3
280000 1.3
285000 1.6
290000 1.5
295000 1.4
300000 1.3
305000 1.7
310000 1.3
315000 1.5
320000 1.4
325000 1.4
330000 1.3
335000 1.2
340000 1.2
345000 2.3
350000 6.3
355000 1.7
360000 7.3
365000 1.6
370000 2.5
375000 4.8
380000 2.3
385000 10.0
390000 17.5
395000 3.4
400000 3.5
405000 29.5
410000 19.0
415000 39.3
420000 12.2
425000 3.2
430000 1.0
435000 1.2
440000 11.4
445000 12.5
450000 40.3
455000 39.3
460000 33.3
465000 44.0
470000 33.0
475000 9.4
480000 15.2
485000 72.0
490000 77.6
495000 68.6
500000 82.4
505000 85.8
510000 84.4
515000 81.7
520000 75.2
525000 92.6
530000 97.3
535000 88.1
540000 94.8
545000 98.4
550000 100.0
555000 98.0
560000 93.1
565000 98.9
570000 98.6
575000 100.9
580000 104.3
585000 105.6
590000 102.3
595000 103.5
600000 101.3
605000 106.0
610000 89.8
615000 102.2
620000 107.6
625000 84.7
630000 107.3
635000 86.5
640000 31.3
645000 34.3
650000 68.7
655000 101.1
660000 111.3
665000 88.2
670000 107.1
675000 109.8
680000 111.2
685000 109.4
690000 113.0
695000 114.3
700000 108.3
705000 114.6
710000 102.5
715000 95.2
720000 91.9
725000 58.7
730000 94.0
735000 117.4
740000 116.3
745000 115.7
750000 116.6
755000 119.5
760000 119.0
765000 117.1
770000 116.8
775000 119.2
780000 119.8
785000 118.7
790000 122.3
795000 118.8
800000 120.3
805000 122.5
810000 122.6
815000 118.5
820000 119.0
825000 119.4
830000 124.9
835000 122.1
840000 124.5
845000 121.1
850000 119.4
855000 123.4
860000 123.7
865000 127.6
870000 123.6
875000 124.2
880000 123.4
885000 125.1
890000 125.2
895000 126.9
900000 127.0
905000 124.5
910000 122.6
915000 128.8
920000 123.7
925000 110.4
930000 120.7
935000 121.0
940000 123.4
945000 122.6
950000 124.8
955000 125.6
960000 123.4
965000 130.2
970000 125.9
975000 122.2
980000 129.3
985000 126.3
990000 130.9
995000 130.9
1000000 127.9
1005000 133.3
1010000 135.1
1015000 133.6
1020000 136.0
1025000 144.6
1030000 140.7
1035000 141.9
1040000 137.0
1045000 145.5
1050000 143.1
1055000 146.6
1060000 145.0
1065000 140.4
1070000 149.3
1075000 145.6
1080000 144.0
1085000 132.8
1090000 156.0
1095000 142.3
1100000 146.4
1105000 149.4
1110000 154.3
1115000 159.1
1120000 156.5
1125000 157.4
1130000 157.9
1135000 146.6
1140000 155.3
1145000 161.6
1150000 156.7
1155000 157.7
1160000 145.4
1165000 160.0
1170000 161.5
1175000 157.8
1180000 160.9
1185000 152.1
1190000 164.4
1195000 161.4
1200000 163.2
1205000 168.7
1210000 165.6
1215000 166.8
1220000 170.5
1225000 169.6
1230000 168.0
1235000 163.5
1240000 162.2
1245000 170.9
1250000 166.6
1255000 177.9
1260000 166.4
1265000 171.4
1270000 172.7
1275000 166.3
1280000 159.1
1285000 172.8
1290000 180.6
1295000 171.8
1300000 180.2
1305000 162.5
1310000 176.3
1315000 176.1
1320000 179.6
1325000 180.0
1330000 177.8
1335000 175.4
1340000 175.5
1345000 175.3
1350000 142.5
1355000 177.8
1360000 180.9
1365000 176.5
1370000 181.5
1375000 166.0
1380000 186.7
1385000 176.5
1390000 181.7
1395000 173.8
1400000 190.0
1405000 183.1
1410000 171.0
1415000 182.2
1420000 182.3
1425000 178.4
1430000 175.3
1435000 182.2
1440000 183.0
1445000 189.4
1450000 167.0
1455000 180.8
1460000 188.7
1465000 152.2
1470000 147.0
1475000 183.8
1480000 183.6
1485000 176.6
1490000 184.3
1495000 184.5
1500000 171.6
1505000 181.8
1510000 167.3
1515000 183.9
1520000 172.1
1525000 173.6
1530000 185.8
1535000 181.6
1540000 190.7
1545000 168.0
1550000 157.4
1555000 24.8
1560000 129.2
1565000 170.5
1570000 185.7
1575000 170.8
1580000 192.3
1585000 165.4
1590000 184.7
1595000 173.2
1600000 183.3
1605000 182.7
1610000 177.0
1615000 173.7
1620000 184.8
1625000 187.5
1630000 175.8
1635000 188.3
1640000 198.5
1645000 178.0
1650000 181.8
1655000 183.7
1660000 187.3
1665000 184.0
1670000 186.8
1675000 185.6
1680000 182.5
1685000 186.9
1690000 195.9
1695000 186.2
1700000 192.5
1705000 189.5
1710000 185.6
1715000 175.6
1720000 188.4
1725000 195.6
1730000 167.9
1735000 79.8
1740000 112.4
1745000 129.1
1750000 182.1
1755000 197.1
1760000 192.4
1765000 203.8
1770000 174.1
1775000 176.9
1780000 139.4
1785000 4.4
1790000 21.6
1795000 83.0
1800000 178.0
1805000 182.6
1810000 193.0
1815000 192.1
1820000 177.3
1825000 180.9
1830000 193.9
1835000 189.6
1840000 202.8
1845000 199.2
1850000 205.0
1855000 201.7
1860000 200.6
1865000 196.5
1870000 190.5
1875000 206.8
1880000 205.0
1885000 183.5
1890000 199.7
1895000 202.3
1900000 209.7
1905000 201.3
1910000 53.2
1915000 47.2
1920000 161.0
1925000 173.2
1930000 184.9
1935000 204.3
1940000 199.1
1945000 189.5
1950000 198.9
1955000 202.8
1960000 202.4
1965000 195.9
1970000 206.9
1975000 185.4
1980000 205.6
1985000 187.9
1990000 210.2
1995000 195.5
2000000 191.1
