5000 1.4
10000 0.9
15000 0.7
20000 1.2
25000 1.1
30000 0.4
35000 1.1
40000 1.0
45000 1.0
50000 0.7
55000 1.1
60000 0.6
65000 1.3
70000 0.9
75000 0.8
80000 0.9
85000 0.8
90000 1.2
95000 1.0
100000 0.9
105000 0.7
110000 1.2
115000 1.3
120000 1.0
125000 1.2
130000 1.0
135000 1.1
140000 0.8
145000 1.6
150000 1.0
155000 1.3
160000 0.9
165000 1.4
170000 1.4
175000 1.3
180000 1.2
185000 1.3
190000 1.3
195000 1.5
200000 1.5
205000 1.6
210000 1.3
215000 1.5
220000 1.6
225000 1.9
230000 1.3
235000 1.9
240000 1.3
245000 1.7
250000 1.2
255000 1.9
260000 2.5
265000 1.7
270000 0.7
275000 2.7
280000 1.7
285000 4.8
290000 11.8
295000 20.9
300000 30.2
305000 30.1
310000 46.4
315000 37.3
320000 38.2
325000 44.7
330000 50.3
335000 64.4
340000 51.5
345000 63.8
350000 62.5
355000 59.7
360000 79.4
365000 75.5
370000 80.7
375000 76.4
380000 42.7
385000 78.2
390000 86.4
395000 80.1
400000 31.8
405000 25.1
410000 83.4
415000 91.9
420000 88.5
425000 86.3
430000 87.8
435000 101.7
440000 100.5
445000 96.8
450000 100.6
455000 98.2
460000 105.9
465000 101.9
470000 87.3
475000 101.7
480000 96.7
485000 19.6
490000 5.5
495000 41.8
500000 113.2
505000 115.6
510000 108.2
515000 113.4
520000 119.7
525000 114.4
530000 111.8
535000 116.0
540000 121.9
545000 116.8
550000 113.9
555000 113.4
560000 107.0
565000 120.8
570000 116.8
575000 124.4
580000 123.1
585000 117.3
590000 125.7
595000 122.7
600000 122.5
605000 126.9
610000 127.7
615000 125.4
620000 123.5
625000 130.8
630000 131.9
635000 129.8
640000 134.5
645000 133.8
650000 126.1
655000 130.9
660000 132.1
665000 129.6
670000 134.7
675000 125.6
680000 126.7
685000 129.1
690000 120.9
695000 123.8
700000 136.2
705000 137.2
710000 137.1
715000 134.6
720000 134.8
725000 141.1
730000 134.5
735000 135.4
740000 138.7
745000 142.4
750000 144.6
755000 142.4
760000 143.3
765000 142.2
770000 144.0
775000 147.4
780000 137.7
785000 147.3
790000 124.0
795000 69.0
800000 96.4
805000 129.9
810000 138.1
815000 143.7
820000 148.2
825000 142.2
830000 147.7
835000 147.2
840000 150.7
845000 146.5
850000 147.0
855000 147.1
860000 149.5
865000 72.4
870000 0.7
875000 1.2
880000 1.0
885000 0.8
890000 21.0
895000 34.6
900000 114.9
905000 141.3
910000 143.2
915000 150.6
920000 148.9
925000 151.7
930000 151.6
935000 141.4
940000 140.8
945000 154.6
950000 150.2
955000 152.7
960000 153.7
965000 157.4
970000 155.1
975000 157.0
980000 158.9
985000 154.7
990000 158.7
995000 162.7
1000000 159.5
1005000 157.7
1010000 161.1
1015000 162.0
1020000 163.6
1025000 164.5
1030000 158.6
1035000 160.8
1040000 165.6
1045000 162.0
1050000 167.2
1055000 164.9
1060000 167.0
1065000 163.4
1070000 162.7
1075000 166.4
1080000 165.8
1085000 168.9
1090000 168.0
1095000 167.5
1100000 168.6
1105000 170.6
1110000 169.5
1115000 166.4
1120000 167.4
1125000 169.7
1130000 169.9
1135000 169.5
1140000 172.9
1145000 170.8
1150000 170.3
1155000 169.5
1160000 170.2
1165000 168.8
1170000 168.8
1175000 172.1
1180000 173.5
1185000 148.4
1190000 57.4
1195000 36.0
1200000 150.7
1205000 167.0
1210000 171.5
1215000 172.7
1220000 174.6
1225000 168.8
1230000 173.4
1235000 172.2
1240000 173.0
1245000 170.8
1250000 174.2
1255000 170.4
1260000 172.1
1265000 174.6
1270000 177.0
1275000 170.4
1280000 172.5
1285000 171.7
1290000 174.4
1295000 174.1
1300000 168.4
1305000 179.1
1310000 176.1
1315000 174.2
1320000 175.0
1325000 175.5
1330000 168.3
1335000 175.1
1340000 176.1
1345000 176.1
1350000 176.9
1355000 177.4
1360000 175.1
1365000 177.6
1370000 178.4
1375000 178.8
1380000 182.2
1385000 178.6
1390000 179.9
1395000 176.2
1400000 175.5
1405000 173.5
1410000 182.5
1415000 178.2
1420000 178.1
1425000 179.5
1430000 176.1
1435000 178.2
1440000 169.9
1445000 11.4
1450000 10.2
1455000 10.5
1460000 99.3
1465000 157.8
1470000 161.5
1475000 165.5
1480000 171.8
1485000 155.3
1490000 101.9
1495000 1.1
1500000 1.2
1505000 3.5
1510000 9.4
1515000 27.1
1520000 16.3
1525000 13.0
1530000 143.2
1535000 152.6
1540000 167.6
1545000 165.5
1550000 167.3
1555000 162.3
1560000 172.2
1565000 178.1
1570000 171.8
1575000 174.8
1580000 166.4
1585000 178.5
1590000 171.0
1595000 180.3
1600000 183.6
1605000 181.0
1610000 185.5
1615000 181.2
1620000 180.9
1625000 181.0
1630000 180.8
1635000 185.3
1640000 179.1
1645000 182.9
1650000 184.3
1655000 184.0
1660000 182.9
1665000 183.4
1670000 185.4
1675000 180.6
1680000 186.6
1685000 183.6
1690000 182.5
1695000 187.5
1700000 186.3
1705000 183.2
1710000 185.6
1715000 183.3
1720000 184.3
1725000 184.7
1730000 186.4
1735000 187.2
1740000 185.3
1745000 191.2
1750000 190.3
1755000 184.3
1760000 190.2
1765000 187.3
1770000 186.5
1775000 187.5
1780000 189.3
1785000 184.9
1790000 190.1
1795000 188.7
1800000 187.8
1805000 189.0
1810000 189.2
1815000 184.8
1820000 189.5
1825000 191.2
1830000 193.2
1835000 182.7
1840000 188.5
1845000 190.5
1850000 192.7
1855000 194.2
1860000 196.9
1865000 193.9
1870000 196.1
1875000 192.1
1880000 194.9
1885000 188.9
1890000 195.7
1895000 195.1
1900000 192.3
1905000 194.3
1910000 189.1
1915000 195.4
1920000 194.0
1925000 174.6
1930000 16.3
1935000 19.7
1940000 20.4
1945000 166.0
1950000 173.5
1955000 181.0
1960000 183.9
1965000 186.6
1970000 186.9
1975000 190.6
1980000 193.6
1985000 197.8
1990000 195.6
1995000 175.8
2000000 189.8
