5000 19.7
10000 25.8
15000 87.1
20000 118.6
25000 145.3
30000 190.4
35000 265.5
40000 270.3
45000 344.4
50000 378.0
55000 340.5
60000 452.3
65000 498.3
70000 564.1
75000 544.1
80000 552.2
85000 604.4
90000 611.7
95000 600.6
100000 526.4
105000 673.5
110000 654.5
115000 695.8
120000 84.9
125000 57.9
130000 53.1
135000 663.6
140000 734.8
145000 661.3
150000 718.4
155000 732.7
160000 742.4
165000 746.3
170000 751.1
175000 739.7
180000 745.0
185000 747.6
190000 747.0
195000 769.4
200000 760.6
205000 654.5
210000 743.1
215000 752.4
220000 754.9
225000 772.6
230000 770.9
235000 784.2
240000 772.3
245000 775.4
250000 789.5
255000 783.5
260000 777.7
265000 773.4
270000 772.8
275000 780.2
280000 795.8
285000 782.3
290000 785.5
295000 786.0
300000 769.5
305000 785.0
310000 794.3
315000 794.1
320000 777.9
325000 803.4
330000 792.8
335000 782.8
340000 794.5
345000 798.3
350000 801.7
355000 790.1
360000 802.8
365000 802.7
370000 801.3
375000 802.2
380000 799.8
385000 804.4
390000 810.6
395000 798.6
400000 810.8
405000 727.7
410000 777.4
415000 782.3
420000 797.5
425000 809.8
430000 801.6
435000 806.8
440000 812.0
445000 802.1
450000 810.8
455000 811.6
460000 816.7
465000 813.4
470000 796.8
475000 811.1
480000 816.2
485000 804.0
490000 821.1
495000 817.2
500000 818.6
505000 819.7
510000 822.1
515000 819.9
520000 824.3
525000 813.5
530000 816.3
535000 816.0
540000 821.3
545000 826.4
550000 824.6
555000 821.2
560000 813.8
565000 826.5
570000 819.3
575000 822.1
580000 829.3
585000 816.2
590000 826.3
595000 827.7
600000 807.5
605000 686.4
610000 789.7
615000 826.2
620000 817.1
625000 822.9
630000 833.4
635000 824.1
640000 828.3
645000 830.2
650000 835.2
655000 824.4
660000 822.0
665000 830.9
670000 815.6
675000 819.1
680000 825.8
685000 828.5
690000 822.9
695000 831.5
700000 817.9
705000 817.3
710000 824.7
715000 818.2
720000 822.0
725000 825.6
730000 820.0
735000 821.2
740000 815.1
745000 823.1
750000 818.0
755000 826.8
760000 824.5
765000 819.3
770000 828.5
775000 822.8
780000 826.8
785000 832.5
790000 826.5
795000 826.6
800000 832.5
805000 737.4
810000 761.2
815000 814.9
820000 813.4
825000 819.9
830000 830.9
835000 830.0
840000 823.4
845000 821.1
850000 827.9
855000 831.6
860000 825.7
865000 828.6
870000 821.8
875000 830.5
880000 830.6
885000 825.6
890000 824.4
895000 830.6
900000 824.8
905000 823.0
910000 825.3
915000 829.0
920000 814.8
925000 831.9
930000 823.8
935000 834.2
940000 831.9
945000 825.7
950000 823.6
955000 825.2
960000 829.4
965000 829.5
970000 834.2
975000 827.6
980000 837.9
985000 831.9
990000 836.8
995000 829.9
1000000 832.4
1005000 691.2
1010000 784.7
1015000 811.5
1020000 828.3
1025000 816.7
1030000 816.5
1035000 829.0
1040000 829.9
1045000 832.3
1050000 834.0
1055000 833.0
1060000 835.8
1065000 832.3
1070000 835.7
1075000 837.8
1080000 832.6
1085000 841.0
1090000 834.5
1095000 838.0
1100000 836.9
1105000 837.5
1110000 834.8
1115000 836.1
1120000 849.1
1125000 829.9
1130000 837.8
1135000 833.8
1140000 826.5
1145000 847.0
1150000 838.4
1155000 835.9
1160000 832.7
1165000 833.3
1170000 840.0
1175000 842.5
1180000 842.6
1185000 837.0
1190000 831.5
1195000 843.9
1200000 841.2
1205000 711.9
1210000 663.0
1215000 788.8
1220000 821.2
1225000 834.8
1230000 832.0
1235000 839.7
1240000 827.0
1245000 829.0
1250000 839.7
1255000 837.2
1260000 834.3
1265000 836.6
1270000 835.5
1275000 835.3
1280000 829.7
1285000 835.4
1290000 835.5
1295000 838.5
1300000 827.4
1305000 832.1
1310000 846.2
1315000 835.2
1320000 837.1
1325000 845.6
1330000 832.6
1335000 837.9
1340000 761.5
1345000 834.0
1350000 840.1
1355000 843.2
1360000 841.5
1365000 844.9
1370000 844.5
1375000 846.3
1380000 839.7
1385000 851.2
1390000 841.5
1395000 839.5
1400000 825.9
1405000 624.6
1410000 752.4
1415000 793.3
1420000 814.0
1425000 820.1
1430000 824.6
1435000 828.1
1440000 826.8
1445000 834.3
1450000 838.6
1455000 839.4
1460000 837.3
1465000 829.4
1470000 839.5
1475000 833.1
1480000 849.8
1485000 838.8
1490000 837.0
1495000 835.3
1500000 837.4
1505000 836.0
1510000 836.4
1515000 841.3
1520000 833.0
1525000 844.4
1530000 840.5
1535000 835.2
1540000 834.4
1545000 845.1
1550000 839.6
1555000 834.7
1560000 839.7
1565000 844.1
1570000 833.5
1575000 842.0
1580000 828.4
1585000 836.0
1590000 842.8
1595000 842.9
1600000 819.9
1605000 664.4
1610000 751.2
1615000 790.1
1620000 810.5
1625000 818.9
1630000 829.7
1635000 826.9
1640000 840.6
1645000 836.5
1650000 839.1
1655000 843.4
1660000 842.3
1665000 837.3
1670000 841.0
1675000 840.4
1680000 838.5
1685000 845.0
1690000 844.5
1695000 844.9
1700000 846.3
1705000 849.2
1710000 845.6
1715000 852.0
1720000 845.1
1725000 837.5
1730000 837.8
1735000 846.4
1740000 842.0
1745000 840.8
1750000 831.1
1755000 836.9
1760000 845.3
1765000 834.3
1770000 839.8
1775000 849.6
1780000 834.0
1785000 843.5
1790000 844.3
1795000 835.6
1800000 840.2
1805000 607.2
1810000 742.0
1815000 796.4
1820000 811.0
1825000 821.7
1830000 830.9
1835000 837.3
1840000 822.1
1845000 825.4
1850000 839.3
1855000 840.6
1860000 821.3
1865000 836.2
1870000 836.5
1875000 842.9
1880000 842.5
1885000 826.8
1890000 842.2
1895000 848.9
1900000 842.3
1905000 837.7
1910000 842.5
1915000 849.8
1920000 845.9
1925000 841.4
1930000 842.9
1935000 841.2
1940000 840.7
1945000 847.2
1950000 844.2
1955000 840.7
1960000 840.3
1965000 846.5
1970000 847.5
1975000 834.3
1980000 847.5
1985000 845.6
1990000 845.5
1995000 842.9
2000000 845.9
