5000 20.6
10000 22.7
15000 77.4
20000 104.4
25000 176.4
30000 213.1
35000 303.8
40000 376.7
45000 95.6
50000 53.0
55000 322.3
60000 541.7
65000 561.4
70000 625.0
75000 635.5
80000 679.4
85000 698.3
90000 650.2
95000 697.7
100000 693.8
105000 729.4
110000 695.6
115000 726.9
120000 742.8
125000 757.2
130000 306.5
135000 762.1
140000 772.8
145000 772.3
150000 766.4
155000 752.4
160000 747.7
165000 740.8
170000 781.0
175000 786.2
180000 754.8
185000 758.0
190000 778.1
195000 774.8
200000 771.4
205000 657.6
210000 748.7
215000 773.9
220000 779.1
225000 801.6
230000 806.7
235000 790.0
240000 799.2
245000 808.6
250000 806.5
255000 784.1
260000 799.7
265000 814.7
270000 810.4
275000 811.5
280000 819.4
285000 816.3
290000 812.9
295000 800.2
300000 818.8
305000 809.5
310000 815.6
315000 837.9
320000 812.9
325000 839.0
330000 844.4
335000 831.7
340000 838.9
345000 824.7
350000 859.8
355000 854.8
360000 844.2
365000 825.3
370000 852.2
375000 850.1
380000 852.1
385000 860.9
390000 860.7
395000 844.4
400000 862.7
405000 678.3
410000 743.3
415000 789.1
420000 793.5
425000 828.9
430000 818.3
435000 830.0
440000 840.6
445000 841.7
450000 837.2
455000 860.2
460000 842.4
465000 852.9
470000 850.2
475000 845.3
480000 851.4
485000 850.4
490000 847.6
495000 867.6
500000 775.9
505000 856.1
510000 870.8
515000 856.3
520000 856.9
525000 850.3
530000 867.3
535000 862.0
540000 874.1
545000 871.2
550000 875.6
555000 873.8
560000 869.9
565000 867.0
570000 866.8
575000 865.7
580000 868.9
585000 868.8
590000 872.4
595000 861.3
600000 864.5
605000 660.1
610000 736.3
615000 796.1
620000 824.4
625000 836.5
630000 845.9
635000 860.3
640000 850.2
645000 853.3
650000 873.1
655000 853.6
660000 873.1
665000 858.5
670000 868.9
675000 858.1
680000 875.3
685000 879.1
690000 862.1
695000 873.8
700000 878.3
705000 883.7
710000 872.2
715000 879.4
720000 880.1
725000 873.9
730000 878.6
735000 875.4
740000 869.3
745000 875.4
750000 881.0
755000 880.8
760000 874.7
765000 885.1
770000 879.7
775000 883.7
780000 886.1
785000 878.7
790000 878.0
795000 883.8
800000 878.3
805000 662.3
810000 783.9
815000 800.9
820000 824.5
825000 844.1
830000 855.2
835000 858.8
840000 869.4
845000 863.8
850000 875.5
855000 882.2
860000 871.2
865000 875.7
870000 879.5
875000 881.4
880000 873.6
885000 876.6
890000 879.5
895000 874.1
900000 873.6
905000 885.1
910000 886.1
915000 891.5
920000 876.6
925000 879.7
930000 891.1
935000 885.1
940000 885.8
945000 878.6
950000 877.7
955000 890.3
960000 880.9
965000 891.7
970000 879.6
975000 881.4
980000 878.5
985000 881.0
990000 885.8
995000 878.1
1000000 871.3
1005000 665.9
1010000 773.2
1015000 808.9
1020000 828.3
1025000 852.0
1030000 856.2
1035000 862.4
1040000 875.7
1045000 885.6
1050000 869.1
1055000 875.7
1060000 882.8
1065000 883.0
1070000 891.5
1075000 889.2
1080000 890.9
1085000 885.1
1090000 887.9
1095000 880.5
1100000 891.8
1105000 887.4
1110000 890.1
1115000 892.0
1120000 889.8
1125000 894.5
1130000 885.8
1135000 888.9
1140000 880.5
1145000 889.3
1150000 899.5
1155000 876.4
1160000 905.7
1165000 892.7
1170000 889.9
1175000 892.3
1180000 904.2
1185000 895.5
1190000 878.6
1195000 888.1
1200000 897.9
1205000 522.9
1210000 716.3
1215000 788.5
1220000 828.7
1225000 856.2
1230000 862.3
1235000 864.2
1240000 880.9
1245000 882.0
1250000 883.1
1255000 876.6
1260000 881.4
1265000 884.7
1270000 887.8
1275000 876.5
1280000 883.4
1285000 898.8
1290000 881.4
1295000 896.3
1300000 899.0
1305000 890.9
1310000 902.5
1315000 888.7
1320000 893.6
1325000 900.6
1330000 885.9
1335000 891.0
1340000 888.6
1345000 893.3
1350000 896.9
1355000 902.0
1360000 881.0
1365000 901.6
1370000 895.5
1375000 905.0
1380000 893.4
1385000 903.6
1390000 901.7
1395000 903.0
1400000 902.8
1405000 428.6
1410000 714.6
1415000 776.4
1420000 831.0
1425000 854.0
1430000 845.1
1435000 862.6
1440000 878.1
1445000 871.5
1450000 863.8
1455000 878.5
1460000 882.6
1465000 891.2
1470000 886.3
1475000 886.0
1480000 885.2
1485000 886.6
1490000 893.6
1495000 898.5
1500000 899.8
1505000 879.9
1510000 888.9
1515000 895.0
1520000 885.6
1525000 888.1
1530000 876.2
1535000 885.7
1540000 792.0
1545000 884.9
1550000 893.1
1555000 884.4
1560000 895.2
1565000 882.0
1570000 896.2
1575000 895.7
1580000 898.5
1585000 893.9
1590000 896.7
1595000 885.3
1600000 891.8
1605000 576.5
1610000 645.4
1615000 767.7
1620000 805.8
1625000 847.6
1630000 858.3
1635000 864.9
1640000 873.7
1645000 866.6
1650000 874.8
1655000 886.8
1660000 888.9
1665000 877.2
1670000 878.7
1675000 878.2
1680000 887.7
1685000 893.3
1690000 880.6
1695000 886.2
1700000 888.1
1705000 892.6
1710000 893.1
1715000 897.8
1720000 895.9
1725000 891.5
1730000 892.2
1735000 894.7
1740000 908.2
1745000 885.5
1750000 887.6
1755000 901.8
1760000 895.2
1765000 889.1
1770000 891.6
1775000 885.5
1780000 905.4
1785000 895.7
1790000 904.5
1795000 905.1
1800000 896.1
1805000 526.1
1810000 697.9
1815000 796.0
1820000 824.6
1825000 842.7
1830000 863.3
1835000 867.3
1840000 875.5
1845000 867.1
1850000 878.1
1855000 885.5
1860000 884.7
1865000 882.0
1870000 881.9
1875000 903.3
1880000 873.6
1885000 888.9
1890000 889.6
1895000 898.8
1900000 890.8
1905000 899.8
1910000 897.3
1915000 894.5
1920000 872.5
1925000 886.7
1930000 885.0
1935000 902.2
1940000 892.1
1945000 898.7
1950000 888.7
1955000 896.4
1960000 901.1
1965000 904.6
1970000 898.8
1975000 896.6
1980000 898.2
1985000 899.7
1990000 894.6
1995000 893.2
2000000 901.2
