5000 20.4
10000 27.0
15000 51.2
20000 109.5
25000 144.1
30000 162.1
35000 228.7
40000 259.9
45000 347.8
50000 386.8
55000 457.3
60000 480.0
65000 452.4
70000 496.3
75000 395.8
80000 538.2
85000 552.5
90000 244.1
95000 520.4
100000 576.2
105000 425.4
110000 580.5
115000 497.9
120000 616.5
125000 632.0
130000 629.9
135000 283.6
140000 647.5
145000 669.5
150000 666.8
155000 660.7
160000 647.2
165000 679.9
170000 688.8
175000 691.8
180000 556.7
185000 684.3
190000 696.7
195000 622.7
200000 715.9
205000 603.0
210000 673.0
215000 691.4
220000 695.0
225000 697.3
230000 709.5
235000 722.0
240000 712.1
245000 733.2
250000 731.4
255000 730.0
260000 742.9
265000 738.6
270000 742.3
275000 742.2
280000 749.5
285000 755.3
290000 760.3
295000 751.8
300000 755.4
305000 752.5
310000 757.8
315000 750.4
320000 753.0
325000 759.6
330000 754.7
335000 761.1
340000 769.5
345000 766.9
350000 755.8
355000 763.2
360000 771.7
365000 765.8
370000 765.5
375000 757.6
380000 768.6
385000 766.6
390000 777.8
395000 784.6
400000 778.4
405000 678.1
410000 711.8
415000 740.9
420000 750.1
425000 758.0
430000 765.8
435000 758.6
440000 767.9
445000 769.8
450000 771.7
455000 775.5
460000 775.3
465000 767.1
470000 773.5
475000 777.6
480000 772.4
485000 780.8
490000 780.1
495000 782.0
500000 773.9
505000 765.4
510000 775.8
515000 772.3
520000 781.1
525000 775.4
530000 778.6
535000 787.2
540000 771.5
545000 785.3
550000 784.3
555000 775.9
560000 785.4
565000 772.6
570000 787.5
575000 780.0
580000 780.2
585000 788.2
590000 776.0
595000 782.1
600000 784.6
605000 608.6
610000 731.7
615000 732.3
620000 743.6
625000 772.6
630000 780.6
635000 779.0
640000 774.0
645000 788.2
650000 791.4
655000 786.1
660000 782.0
665000 785.9
670000 782.7
675000 787.8
680000 792.7
685000 787.1
690000 783.7
695000 789.2
700000 786.0
705000 778.3
710000 787.8
715000 769.0
720000 799.8
725000 795.9
730000 790.2
735000 791.9
740000 786.7
745000 791.9
750000 784.2
755000 790.7
760000 795.7
765000 779.1
770000 798.0
775000 791.7
780000 792.3
785000 793.0
790000 788.9
795000 792.6
800000 788.3
805000 595.2
810000 743.5
815000 720.5
820000 771.9
825000 780.9
830000 785.8
835000 786.8
840000 790.8
845000 790.0
850000 798.4
855000 799.6
860000 789.1
865000 799.9
870000 774.1
875000 795.0
880000 789.3
885000 795.6
890000 795.8
895000 804.0
900000 786.7
905000 790.7
910000 787.5
915000 796.8
920000 791.2
925000 797.2
930000 798.1
935000 791.3
940000 799.3
945000 783.0
950000 799.9
955000 786.5
960000 791.3
965000 791.0
970000 798.5
975000 792.5
980000 791.9
985000 798.1
990000 795.3
995000 786.0
1000000 793.9
1005000 554.4
1010000 715.8
1015000 765.0
1020000 740.7
1025000 785.1
1030000 785.5
1035000 787.1
1040000 792.1
1045000 787.5
1050000 794.2
1055000 795.5
1060000 792.3
1065000 780.2
1070000 790.9
1075000 799.8
1080000 801.9
1085000 792.8
1090000 795.6
1095000 803.4
1100000 804.2
1105000 799.3
1110000 794.6
1115000 805.8
1120000 797.1
1125000 799.5
1130000 793.1
1135000 798.6
1140000 789.2
1145000 794.8
1150000 800.3
1155000 798.1
1160000 790.5
1165000 792.1
1170000 798.2
1175000 795.5
1180000 799.9
1185000 802.4
1190000 796.4
1195000 802.3
1200000 801.4
1205000 452.4
1210000 653.7
1215000 750.4
1220000 771.3
1225000 793.1
1230000 789.7
1235000 796.4
1240000 796.8
1245000 799.4
1250000 805.3
1255000 806.3
1260000 807.9
1265000 804.8
1270000 792.7
1275000 796.2
1280000 798.0
1285000 796.0
1290000 804.9
1295000 802.5
1300000 803.1
1305000 785.1
1310000 799.6
1315000 790.5
1320000 796.3
1325000 804.8
1330000 797.7
1335000 799.7
1340000 801.5
1345000 805.5
1350000 790.4
1355000 800.3
1360000 793.3
1365000 805.0
1370000 803.6
1375000 796.6
1380000 802.1
1385000 802.3
1390000 808.7
1395000 797.2
1400000 805.9
1405000 491.0
1410000 694.9
1415000 736.1
1420000 739.7
1425000 784.5
1430000 784.9
1435000 780.8
1440000 792.1
1445000 794.4
1450000 784.2
1455000 794.0
1460000 798.7
1465000 797.7
1470000 804.4
1475000 803.6
1480000 795.3
1485000 808.4
1490000 796.2
1495000 808.0
1500000 800.8
1505000 808.1
1510000 806.3
1515000 800.7
1520000 803.9
1525000 801.7
1530000 804.3
1535000 806.2
1540000 802.9
1545000 808.9
1550000 802.9
1555000 794.8
1560000 798.4
1565000 798.1
1570000 809.3
1575000 807.6
1580000 799.5
1585000 799.5
1590000 791.0
1595000 795.6
1600000 796.2
1605000 520.6
1610000 688.1
1615000 762.6
1620000 776.3
1625000 777.7
1630000 786.7
1635000 803.5
1640000 803.1
1645000 803.3
1650000 804.1
1655000 795.9
1660000 800.3
1665000 799.7
1670000 806.2
1675000 793.9
1680000 805.5
1685000 809.1
1690000 804.2
1695000 807.7
1700000 805.0
1705000 803.9
1710000 812.4
1715000 803.5
1720000 805.7
1725000 809.7
1730000 800.1
1735000 804.7
1740000 804.3
1745000 802.3
1750000 810.9
1755000 808.5
1760000 808.8
1765000 805.2
1770000 808.8
1775000 813.7
1780000 810.3
1785000 809.5
1790000 802.9
1795000 814.9
1800000 816.6
1805000 558.4
1810000 704.3
1815000 747.5
1820000 773.4
1825000 773.2
1830000 793.9
1835000 781.5
1840000 802.4
1845000 804.7
1850000 805.1
1855000 797.4
1860000 806.9
1865000 806.0
1870000 809.2
1875000 800.2
1880000 811.4
1885000 801.6
1890000 801.1
1895000 808.0
1900000 802.1
1905000 805.4
1910000 811.7
1915000 798.1
1920000 804.1
1925000 804.4
1930000 807.9
1935000 798.9
1940000 809.6
1945000 808.3
1950000 808.8
1955000 806.5
1960000 807.3
1965000 804.1
1970000 798.6
1975000 811.2
1980000 812.7
1985000 808.6
1990000 806.1
1995000 812.6
2000000 810.2
