5000 16.3
10000 21.2
15000 30.2
20000 114.8
25000 155.6
30000 197.4
35000 157.6
40000 321.9
45000 432.9
50000 469.9
55000 516.0
60000 517.3
65000 562.4
70000 507.3
75000 608.8
80000 612.5
85000 625.9
90000 622.1
95000 610.6
100000 675.7
105000 655.1
110000 668.4
115000 644.8
120000 693.2
125000 656.9
130000 709.7
135000 696.0
140000 629.9
145000 723.5
150000 696.0
155000 701.4
160000 705.0
165000 731.7
170000 714.0
175000 706.8
180000 440.7
185000 719.8
190000 711.4
195000 699.1
200000 735.5
205000 648.2
210000 702.4
215000 733.5
220000 742.9
225000 747.4
230000 736.4
235000 748.9
240000 732.9
245000 745.7
250000 746.3
255000 745.5
260000 759.5
265000 757.7
270000 756.5
275000 752.2
280000 758.4
285000 747.3
290000 741.9
295000 750.3
300000 761.5
305000 758.4
310000 765.3
315000 765.5
320000 761.7
325000 766.6
330000 780.2
335000 768.6
340000 775.7
345000 769.4
350000 773.6
355000 780.7
360000 710.1
365000 788.4
370000 772.0
375000 709.3
380000 777.1
385000 778.5
390000 786.9
395000 717.0
400000 784.9
405000 675.3
410000 757.4
415000 759.4
420000 786.8
425000 788.6
430000 789.2
435000 784.3
440000 799.0
445000 778.9
450000 780.4
455000 802.3
460000 788.2
465000 784.9
470000 795.5
475000 790.0
480000 788.3
485000 792.9
490000 792.5
495000 792.5
500000 800.8
505000 795.6
510000 802.9
515000 791.1
520000 805.9
525000 797.6
530000 798.3
535000 791.5
540000 798.6
545000 800.2
550000 791.9
555000 799.3
560000 799.5
565000 806.1
570000 798.8
575000 801.8
580000 801.1
585000 804.1
590000 798.8
595000 805.2
600000 801.1
605000 695.3
610000 764.3
615000 777.9
620000 795.6
625000 789.8
630000 803.4
635000 788.3
640000 800.5
645000 804.7
650000 801.1
655000 809.3
660000 806.7
665000 810.3
670000 795.4
675000 805.6
680000 793.4
685000 799.0
690000 814.0
695000 795.2
700000 796.9
705000 802.6
710000 798.5
715000 801.4
720000 801.3
725000 804.7
730000 808.8
735000 816.1
740000 806.0
745000 811.1
750000 810.7
755000 804.2
760000 801.2
765000 812.3
770000 808.2
775000 801.2
780000 799.0
785000 798.4
790000 726.6
795000 813.9
800000 809.0
805000 681.6
810000 776.7
815000 792.9
820000 787.4
825000 804.5
830000 795.1
835000 802.8
840000 806.1
845000 811.1
850000 807.5
855000 810.3
860000 798.1
865000 816.7
870000 817.8
875000 803.2
880000 812.4
885000 810.4
890000 808.4
895000 813.7
900000 817.7
905000 814.0
910000 816.5
915000 804.8
920000 803.3
925000 816.1
930000 810.6
935000 815.0
940000 807.6
945000 815.0
950000 804.9
955000 806.4
960000 803.6
965000 815.6
970000 812.4
975000 808.1
980000 808.6
985000 810.6
990000 812.9
995000 807.5
1000000 804.6
1005000 676.8
1010000 721.9
1015000 775.1
1020000 783.2
1025000 812.5
1030000 816.6
1035000 811.5
1040000 812.0
1045000 818.9
1050000 817.0
1055000 817.5
1060000 816.6
1065000 820.4
1070000 817.8
1075000 811.9
1080000 819.8
1085000 813.3
1090000 818.9
1095000 812.8
1100000 822.6
1105000 817.8
1110000 814.9
1115000 811.8
1120000 823.9
1125000 819.6
1130000 821.3
1135000 826.4
1140000 817.0
1145000 817.9
1150000 827.4
1155000 824.2
1160000 825.3
1165000 830.5
1170000 815.3
1175000 820.7
1180000 816.8
1185000 826.3
1190000 821.1
1195000 823.8
1200000 827.4
1205000 527.1
1210000 673.8
1215000 780.1
1220000 790.8
1225000 807.2
1230000 811.5
1235000 816.3
1240000 820.5
1245000 820.0
1250000 819.4
1255000 822.2
1260000 819.3
1265000 828.1
1270000 833.9
1275000 811.4
1280000 823.2
1285000 819.7
1290000 821.4
1295000 829.8
1300000 818.1
1305000 816.6
1310000 824.5
1315000 749.4
1320000 829.7
1325000 818.0
1330000 819.2
1335000 825.8
1340000 818.3
1345000 825.4
1350000 827.2
1355000 832.5
1360000 825.5
1365000 828.3
1370000 833.0
1375000 828.8
1380000 833.2
1385000 831.2
1390000 812.7
1395000 824.3
1400000 830.5
1405000 452.2
1410000 703.1
1415000 765.9
1420000 804.9
1425000 822.7
1430000 817.0
1435000 823.2
1440000 828.1
1445000 819.7
1450000 814.2
1455000 820.9
1460000 831.4
1465000 817.9
1470000 832.2
1475000 836.2
1480000 825.6
1485000 830.0
1490000 833.9
1495000 834.1
1500000 831.7
1505000 833.9
1510000 833.5
1515000 832.9
1520000 838.3
1525000 834.9
1530000 837.6
1535000 835.2
1540000 834.2
1545000 828.8
1550000 835.7
1555000 842.7
1560000 835.4
1565000 839.1
1570000 832.3
1575000 823.7
1580000 840.8
1585000 831.8
1590000 835.0
1595000 836.7
1600000 846.3
1605000 615.0
1610000 740.3
1615000 805.5
1620000 812.4
1625000 817.8
1630000 828.7
1635000 826.8
1640000 831.8
1645000 835.5
1650000 832.0
1655000 829.7
1660000 833.8
1665000 838.7
1670000 838.0
1675000 835.8
1680000 838.1
1685000 836.6
1690000 833.1
1695000 839.5
1700000 838.8
1705000 838.8
1710000 839.4
1715000 842.3
1720000 833.5
1725000 843.7
1730000 837.9
1735000 841.9
1740000 833.0
1745000 839.6
1750000 832.3
1755000 834.4
1760000 829.5
1765000 836.8
1770000 832.4
1775000 842.0
1780000 837.5
1785000 838.1
1790000 834.7
1795000 843.3
1800000 837.3
1805000 650.9
1810000 759.0
1815000 807.3
1820000 807.1
1825000 818.2
1830000 830.5
1835000 836.9
1840000 830.3
1845000 832.9
1850000 838.5
1855000 833.3
1860000 826.6
1865000 839.0
1870000 838.9
1875000 829.6
1880000 834.8
1885000 830.9
1890000 841.3
1895000 839.7
1900000 829.7
1905000 835.8
1910000 834.9
1915000 832.8
1920000 840.3
1925000 832.2
1930000 842.1
1935000 837.3
1940000 831.4
1945000 827.3
1950000 844.3
1955000 839.0
1960000 832.5
1965000 828.7
1970000 838.1
1975000 834.3
1980000 836.9
1985000 839.6
1990000 839.5
1995000 839.8
2000000 840.5
