5000 16.2
10000 26.0
15000 70.1
20000 131.2
25000 181.7
30000 172.1
35000 274.4
40000 283.9
45000 324.0
50000 365.7
55000 367.4
60000 466.5
65000 573.0
70000 590.0
75000 540.5
80000 576.9
85000 632.1
90000 638.0
95000 661.1
100000 665.4
105000 653.7
110000 661.6
115000 610.0
120000 692.1
125000 678.4
130000 673.8
135000 681.6
140000 686.3
145000 639.0
150000 707.0
155000 305.8
160000 745.5
165000 732.7
170000 739.8
175000 745.3
180000 745.9
185000 740.2
190000 683.2
195000 748.9
200000 740.8
205000 657.0
210000 691.6
215000 726.4
220000 759.1
225000 777.4
230000 766.7
235000 753.4
240000 762.9
245000 767.4
250000 767.8
255000 778.7
260000 769.7
265000 783.7
270000 787.7
275000 781.0
280000 775.1
285000 789.3
290000 770.7
295000 782.6
300000 792.0
305000 709.3
310000 714.0
315000 768.0
320000 771.0
325000 790.4
330000 768.5
335000 788.9
340000 784.3
345000 777.6
350000 778.8
355000 781.4
360000 794.4
365000 787.0
370000 801.9
375000 799.4
380000 786.1
385000 806.1
390000 797.5
395000 781.8
400000 802.3
405000 711.9
410000 773.9
415000 791.5
420000 800.4
425000 800.7
430000 802.4
435000 801.2
440000 812.8
445000 819.1
450000 799.7
455000 803.2
460000 813.1
465000 810.2
470000 805.8
475000 820.0
480000 809.0
485000 807.5
490000 815.6
495000 814.7
500000 814.3
505000 807.6
510000 812.4
515000 820.1
520000 827.7
525000 817.8
530000 824.8
535000 819.1
540000 819.8
545000 813.7
550000 817.3
555000 818.0
560000 830.3
565000 831.1
570000 813.2
575000 829.9
580000 820.2
585000 828.7
590000 818.0
595000 812.5
600000 826.8
605000 735.6
610000 775.0
615000 795.2
620000 813.3
625000 821.5
630000 820.3
635000 828.8
640000 821.3
645000 826.6
650000 833.9
655000 821.8
660000 832.3
665000 824.8
670000 832.0
675000 819.3
680000 837.9
685000 828.1
690000 824.2
695000 829.4
700000 828.5
705000 827.6
710000 832.7
715000 825.9
720000 828.7
725000 825.7
730000 829.9
735000 826.1
740000 840.4
745000 827.6
750000 832.0
755000 830.2
760000 834.2
765000 828.7
770000 835.3
775000 832.1
780000 816.0
785000 823.1
790000 838.0
795000 823.5
800000 826.3
805000 723.0
810000 764.7
815000 804.4
820000 801.5
825000 824.7
830000 818.0
835000 824.8
840000 820.8
845000 829.7
850000 824.8
855000 829.4
860000 832.1
865000 829.5
870000 832.2
875000 827.4
880000 835.8
885000 833.2
890000 828.0
895000 829.8
900000 837.5
905000 828.2
910000 838.3
915000 835.5
920000 833.0
925000 833.1
930000 828.7
935000 831.4
940000 837.5
945000 832.6
950000 831.1
955000 837.1
960000 834.7
965000 835.3
970000 836.0
975000 833.3
980000 835.4
985000 836.2
990000 831.0
995000 838.7
1000000 834.5
1005000 723.3
1010000 709.5
1015000 800.0
1020000 815.5
1025000 828.3
1030000 829.8
1035000 829.9
1040000 837.8
1045000 829.6
1050000 838.7
1055000 843.6
1060000 836.9
1065000 846.6
1070000 844.4
1075000 840.4
1080000 844.5
1085000 842.2
1090000 839.8
1095000 835.9
1100000 842.5
1105000 843.1
1110000 838.6
1115000 847.9
1120000 839.7
1125000 834.5
1130000 844.1
1135000 837.4
1140000 836.4
1145000 842.1
1150000 845.2
1155000 845.8
1160000 842.8
1165000 846.3
1170000 842.7
1175000 854.4
1180000 847.1
1185000 850.4
1190000 855.0
1195000 842.1
1200000 835.8
1205000 471.1
1210000 765.3
1215000 807.7
1220000 822.0
1225000 826.2
1230000 841.3
1235000 752.5
1240000 834.0
1245000 842.8
1250000 837.7
1255000 846.7
1260000 839.7
1265000 837.3
1270000 834.9
1275000 839.9
1280000 841.4
1285000 844.1
1290000 843.5
1295000 843.3
1300000 844.6
1305000 831.3
1310000 846.0
1315000 842.3
1320000 839.1
1325000 842.6
1330000 841.7
1335000 847.9
1340000 838.1
1345000 839.1
1350000 846.0
1355000 849.4
1360000 845.3
1365000 849.7
1370000 845.2
1375000 846.0
1380000 844.8
1385000 845.9
1390000 838.0
1395000 847.2
1400000 838.0
1405000 651.8
1410000 741.1
1415000 789.8
1420000 815.0
1425000 824.9
1430000 822.6
1435000 831.9
1440000 827.8
1445000 831.7
1450000 836.3
1455000 839.9
1460000 834.4
1465000 843.1
1470000 841.5
1475000 840.2
1480000 839.2
1485000 835.7
1490000 842.9
1495000 840.7
1500000 844.4
1505000 847.1
1510000 837.9
1515000 754.4
1520000 843.4
1525000 843.6
1530000 832.9
1535000 845.9
1540000 839.2
1545000 837.5
1550000 838.9
1555000 849.1
1560000 847.2
1565000 841.7
1570000 847.0
1575000 843.3
1580000 844.9
1585000 845.6
1590000 844.3
1595000 836.1
1600000 843.6
1605000 537.2
1610000 752.7
1615000 794.3
1620000 808.3
1625000 815.6
1630000 825.7
1635000 832.8
1640000 826.3
1645000 838.7
1650000 840.6
1655000 835.3
1660000 852.4
1665000 843.1
1670000 844.7
1675000 833.0
1680000 841.5
1685000 848.6
1690000 834.3
1695000 837.4
1700000 846.0
1705000 842.5
1710000 845.7
1715000 847.3
1720000 840.3
1725000 849.4
1730000 850.5
1735000 842.7
1740000 844.4
1745000 846.1
1750000 837.5
1755000 848.4
1760000 833.8
1765000 847.1
1770000 842.3
1775000 840.0
1780000 845.8
1785000 844.5
1790000 851.3
1795000 844.2
1800000 843.8
1805000 700.2
1810000 741.1
1815000 793.5
1820000 816.2
1825000 828.0
1830000 832.1
1835000 834.2
1840000 832.9
1845000 836.6
1850000 757.3
1855000 837.7
1860000 837.1
1865000 844.4
1870000 844.4
1875000 840.1
1880000 844.6
1885000 842.7
1890000 841.5
1895000 839.0
1900000 841.0
1905000 836.9
1910000 837.8
1915000 837.4
1920000 843.2
1925000 847.6
1930000 847.5
1935000 838.2
1940000 843.7
1945000 840.1
1950000 842.9
1955000 850.3
1960000 846.0
1965000 844.5
1970000 848.4
1975000 833.3
1980000 844.0
1985000 843.8
1990000 840.1
1995000 852.2
2000000 844.9
