5000 21.3
10000 27.6
15000 97.4
20000 105.5
25000 131.5
30000 257.6
35000 290.4
40000 330.0
45000 318.7
50000 474.5
55000 528.3
60000 497.5
65000 485.9
70000 581.8
75000 582.0
80000 561.1
85000 595.5
90000 625.8
95000 502.7
100000 565.5
105000 598.4
110000 635.3
115000 652.4
120000 652.0
125000 673.7
130000 666.1
135000 668.7
140000 640.1
145000 678.5
150000 626.6
155000 670.6
160000 690.7
165000 708.8
170000 728.0
175000 715.6
180000 734.7
185000 723.4
190000 729.8
195000 731.2
200000 728.8
205000 673.1
210000 674.3
215000 751.5
220000 733.4
225000 754.9
230000 742.6
235000 744.9
240000 737.2
245000 745.1
250000 748.6
255000 738.3
260000 761.3
265000 753.1
270000 734.4
275000 749.5
280000 753.6
285000 757.8
290000 766.6
295000 752.0
300000 769.2
305000 688.0
310000 764.1
315000 770.4
320000 769.3
325000 770.9
330000 776.1
335000 763.1
340000 773.0
345000 761.3
350000 760.5
355000 770.1
360000 776.8
365000 761.4
370000 777.0
375000 766.7
380000 762.1
385000 776.9
390000 765.6
395000 763.8
400000 755.6
405000 679.9
410000 711.5
415000 771.3
420000 785.7
425000 785.7
430000 780.0
435000 783.8
440000 779.9
445000 712.8
450000 799.2
455000 792.5
460000 706.3
465000 796.5
470000 782.4
475000 804.6
480000 775.7
485000 788.9
490000 801.6
495000 793.3
500000 803.6
505000 801.6
510000 799.1
515000 789.4
520000 796.6
525000 790.9
530000 800.1
535000 794.0
540000 803.8
545000 789.6
550000 799.7
555000 796.6
560000 792.2
565000 804.0
570000 794.7
575000 794.6
580000 803.0
585000 802.9
590000 810.4
595000 805.2
600000 799.6
605000 727.0
610000 691.9
615000 779.4
620000 799.0
625000 804.5
630000 791.2
635000 812.2
640000 810.5
645000 811.2
650000 805.2
655000 816.3
660000 809.1
665000 802.3
670000 806.3
675000 810.2
680000 808.5
685000 809.3
690000 814.9
695000 803.2
700000 804.1
705000 808.8
710000 804.8
715000 808.3
720000 810.7
725000 804.5
730000 808.0
735000 812.3
740000 811.0
745000 809.5
750000 808.7
755000 804.3
760000 808.7
765000 813.4
770000 813.3
775000 807.9
780000 812.4
785000 808.8
790000 813.8
795000 817.7
800000 811.3
805000 649.4
810000 773.6
815000 786.6
820000 801.3
825000 807.7
830000 817.6
835000 812.7
840000 822.2
845000 804.9
850000 802.0
855000 809.6
860000 812.7
865000 815.1
870000 810.0
875000 820.9
880000 816.3
885000 814.8
890000 813.4
895000 822.3
900000 814.8
905000 820.5
910000 807.7
915000 812.4
920000 807.0
925000 818.3
930000 810.0
935000 810.8
940000 818.9
945000 810.5
950000 815.6
955000 815.4
960000 806.1
965000 815.9
970000 814.1
975000 820.7
980000 823.2
985000 805.8
990000 822.0
995000 813.0
1000000 816.0
1005000 649.8
1010000 786.6
1015000 804.3
1020000 806.2
1025000 820.9
1030000 819.1
1035000 813.3
1040000 814.6
1045000 813.3
1050000 820.8
1055000 818.4
1060000 826.8
1065000 822.1
1070000 819.5
1075000 832.2
1080000 824.9
1085000 809.6
1090000 825.1
1095000 818.7
1100000 819.5
1105000 820.9
1110000 823.5
1115000 823.3
1120000 823.5
1125000 828.5
1130000 825.4
1135000 825.0
1140000 810.8
1145000 820.8
1150000 824.7
1155000 813.1
1160000 817.7
1165000 824.2
1170000 819.0
1175000 834.5
1180000 828.7
1185000 828.6
1190000 819.4
1195000 833.5
1200000 821.5
1205000 682.6
1210000 736.1
1215000 800.6
1220000 804.1
1225000 811.7
1230000 804.6
1235000 822.4
1240000 823.2
1245000 822.2
1250000 824.7
1255000 815.5
1260000 825.2
1265000 829.9
1270000 826.2
1275000 816.9
1280000 821.7
1285000 824.6
1290000 821.1
1295000 825.0
1300000 822.5
1305000 826.9
1310000 819.9
1315000 738.9
1320000 821.6
1325000 824.0
1330000 825.5
1335000 820.9
1340000 815.7
1345000 825.9
1350000 824.2
1355000 834.3
1360000 821.7
1365000 823.5
1370000 822.2
1375000 826.3
1380000 820.1
1385000 823.6
1390000 832.2
1395000 818.0
1400000 832.9
1405000 623.4
1410000 763.5
1415000 801.8
1420000 810.1
1425000 812.3
1430000 822.2
1435000 819.6
1440000 827.4
1445000 818.2
1450000 833.4
1455000 830.0
1460000 820.3
1465000 833.0
1470000 822.4
1475000 827.4
1480000 830.3
1485000 830.9
1490000 825.9
1495000 827.1
1500000 830.4
1505000 826.0
1510000 825.4
1515000 829.3
1520000 839.1
1525000 834.0
1530000 821.4
1535000 831.0
1540000 837.2
1545000 832.2
1550000 824.7
1555000 839.6
1560000 845.4
1565000 833.6
1570000 844.5
1575000 763.0
1580000 838.0
1585000 837.4
1590000 817.4
1595000 837.5
1600000 842.8
1605000 512.3
1610000 702.5
1615000 810.8
1620000 816.3
1625000 826.8
1630000 832.8
1635000 838.4
1640000 834.5
1645000 832.0
1650000 837.3
1655000 836.7
1660000 838.1
1665000 832.6
1670000 836.2
1675000 845.2
1680000 837.0
1685000 846.6
1690000 833.1
1695000 833.3
1700000 831.4
1705000 844.9
1710000 842.9
1715000 840.6
1720000 847.0
1725000 844.9
1730000 843.0
1735000 848.9
1740000 852.3
1745000 843.3
1750000 847.2
1755000 841.4
1760000 843.6
1765000 843.4
1770000 849.5
1775000 848.5
1780000 841.3
1785000 845.9
1790000 846.6
1795000 845.5
1800000 841.2
1805000 675.0
1810000 769.6
1815000 811.5
1820000 831.2
1825000 838.2
1830000 848.1
1835000 829.7
1840000 843.6
1845000 849.9
1850000 842.7
1855000 842.2
1860000 847.5
1865000 851.2
1870000 842.4
1875000 856.2
1880000 843.0
1885000 845.3
1890000 843.3
1895000 844.3
1900000 842.2
1905000 844.8
1910000 851.2
1915000 843.5
1920000 849.7
1925000 844.6
1930000 847.6
1935000 853.2
1940000 849.9
1945000 842.5
1950000 846.5
1955000 835.9
1960000 851.7
1965000 836.3
1970000 850.7
1975000 849.7
1980000 847.6
1985000 841.3
1990000 850.3
1995000 835.6
2000000 832.1
