5000 22.2
10000 23.7
15000 73.3
20000 98.2
25000 131.2
30000 184.5
35000 310.7
40000 368.2
45000 400.3
50000 442.5
55000 448.9
60000 477.4
65000 411.2
70000 602.6
75000 623.5
80000 568.5
85000 650.8
90000 645.7
95000 619.9
100000 625.8
105000 660.8
110000 309.9
115000 501.1
120000 678.9
125000 717.5
130000 695.1
135000 701.1
140000 698.5
145000 716.9
150000 729.4
155000 725.1
160000 725.7
165000 728.8
170000 729.0
175000 741.5
180000 703.2
185000 755.1
190000 684.7
195000 755.0
200000 765.8
205000 639.3
210000 737.7
215000 746.7
220000 756.5
225000 776.3
230000 781.3
235000 774.1
240000 788.7
245000 783.8
250000 802.2
255000 800.4
260000 790.4
265000 807.0
270000 797.8
275000 808.9
280000 796.6
285000 797.5
290000 799.4
295000 807.1
300000 811.6
305000 814.3
310000 809.3
315000 333.6
320000 814.7
325000 826.8
330000 818.6
335000 825.1
340000 830.5
345000 820.3
350000 832.4
355000 835.6
360000 799.4
365000 835.4
370000 825.1
375000 834.6
380000 828.1
385000 819.9
390000 840.8
395000 836.5
400000 834.7
405000 673.8
410000 723.3
415000 804.6
420000 807.3
425000 812.9
430000 833.8
435000 827.9
440000 844.4
445000 835.0
450000 841.7
455000 844.8
460000 851.4
465000 842.9
470000 840.5
475000 842.8
480000 846.2
485000 852.6
490000 857.5
495000 839.8
500000 858.3
505000 852.8
510000 852.3
515000 860.0
520000 845.2
525000 854.5
530000 864.3
535000 853.9
540000 851.9
545000 854.7
550000 855.3
555000 858.7
560000 850.1
565000 842.6
570000 854.0
575000 863.4
580000 855.2
585000 863.1
590000 865.6
595000 851.6
600000 864.2
605000 607.5
610000 758.0
615000 800.0
620000 807.3
625000 817.9
630000 827.6
635000 838.7
640000 847.9
645000 858.9
650000 861.1
655000 865.9
660000 866.2
665000 853.4
670000 871.9
675000 869.6
680000 874.9
685000 873.6
690000 871.4
695000 880.5
700000 871.0
705000 873.9
710000 861.7
715000 880.0
720000 874.0
725000 869.0
730000 870.3
735000 863.6
740000 870.9
745000 866.5
750000 866.5
755000 870.8
760000 873.1
765000 880.8
770000 870.8
775000 870.7
780000 877.7
785000 874.9
790000 892.5
795000 879.9
800000 875.4
805000 648.7
810000 756.4
815000 821.4
820000 826.1
825000 825.6
830000 854.7
835000 863.8
840000 858.3
845000 862.1
850000 861.9
855000 872.7
860000 876.9
865000 872.0
870000 882.6
875000 862.0
880000 881.6
885000 877.6
890000 878.5
895000 873.8
900000 878.5
905000 884.0
910000 877.5
915000 883.7
920000 872.3
925000 877.4
930000 881.1
935000 893.9
940000 889.7
945000 870.8
950000 879.8
955000 888.2
960000 880.7
965000 884.7
970000 884.4
975000 886.9
980000 880.1
985000 886.4
990000 889.0
995000 885.2
1000000 879.5
1005000 616.8
1010000 781.9
1015000 809.5
1020000 832.5
1025000 846.8
1030000 861.2
1035000 858.0
1040000 875.7
1045000 879.7
1050000 875.6
1055000 868.6
1060000 873.5
1065000 873.4
1070000 868.2
1075000 885.4
1080000 886.9
1085000 890.1
1090000 898.4
1095000 883.5
1100000 895.9
1105000 891.8
1110000 892.0
1115000 888.8
1120000 888.7
1125000 897.2
1130000 899.4
1135000 897.0
1140000 885.2
1145000 901.6
1150000 895.6
1155000 893.0
1160000 895.5
1165000 891.3
1170000 895.9
1175000 905.1
1180000 893.4
1185000 895.2
1190000 893.0
1195000 907.1
1200000 895.7
1205000 424.3
1210000 635.7
1215000 825.5
1220000 846.2
1225000 769.6
1230000 855.5
1235000 862.7
1240000 872.4
1245000 872.8
1250000 885.2
1255000 883.3
1260000 882.8
1265000 882.9
1270000 893.0
1275000 799.6
1280000 885.4
1285000 894.4
1290000 879.3
1295000 898.2
1300000 894.9
1305000 894.9
1310000 894.5
1315000 898.6
1320000 809.6
1325000 809.7
1330000 895.3
1335000 889.6
1340000 901.8
1345000 897.4
1350000 893.2
1355000 890.6
1360000 889.2
1365000 888.7
1370000 893.5
1375000 898.3
1380000 886.6
1385000 908.3
1390000 889.4
1395000 897.4
1400000 899.9
1405000 491.3
1410000 691.8
1415000 776.3
1420000 809.7
1425000 850.9
1430000 861.3
1435000 871.9
1440000 865.2
1445000 886.8
1450000 874.4
1455000 887.8
1460000 892.0
1465000 886.8
1470000 883.6
1475000 895.0
1480000 800.6
1485000 887.8
1490000 899.3
1495000 882.1
1500000 898.4
1505000 877.9
1510000 899.4
1515000 883.1
1520000 894.8
1525000 898.9
1530000 897.8
1535000 899.0
1540000 902.8
1545000 907.5
1550000 888.3
1555000 894.1
1560000 902.2
1565000 900.5
1570000 892.7
1575000 896.1
1580000 900.1
1585000 897.4
1590000 903.3
1595000 900.1
1600000 909.5
1605000 539.2
1610000 700.9
1615000 801.4
1620000 824.7
1625000 841.9
1630000 856.7
1635000 875.3
1640000 875.7
1645000 864.3
1650000 861.2
1655000 882.0
1660000 879.6
1665000 886.8
1670000 889.4
1675000 892.0
1680000 897.5
1685000 881.7
1690000 893.1
1695000 881.7
1700000 890.2
1705000 876.5
1710000 884.6
1715000 895.6
1720000 902.1
1725000 885.4
1730000 891.9
1735000 891.0
1740000 899.1
1745000 895.0
1750000 893.2
1755000 897.9
1760000 902.1
1765000 889.3
1770000 899.1
1775000 902.9
1780000 902.1
1785000 876.1
1790000 897.5
1795000 897.9
1800000 900.8
1805000 566.3
1810000 731.7
1815000 810.9
1820000 839.3
1825000 857.6
1830000 858.4
1835000 864.3
1840000 870.0
1845000 883.0
1850000 880.0
1855000 880.2
1860000 891.8
1865000 891.4
1870000 896.0
1875000 882.7
1880000 895.3
1885000 885.6
1890000 891.0
1895000 891.4
1900000 893.0
1905000 809.9
1910000 886.5
1915000 890.3
1920000 898.6
1925000 889.7
1930000 891.2
1935000 897.9
1940000 897.8
1945000 899.3
1950000 890.2
1955000 905.5
1960000 814.8
1965000 900.1
1970000 910.2
1975000 892.2
1980000 898.5
1985000 901.5
1990000 909.3
1995000 900.1
2000000 888.4
