5000 16.4
10000 20.2
15000 56.9
20000 93.3
25000 98.6
30000 137.3
35000 165.8
40000 222.5
45000 314.6
50000 64.2
55000 398.1
60000 461.2
65000 537.0
70000 351.2
75000 581.5
80000 628.0
85000 510.3
90000 630.0
95000 653.0
100000 636.6
105000 623.1
110000 546.8
115000 11.8
120000 711.5
125000 707.3
130000 697.0
135000 721.8
140000 709.8
145000 722.6
150000 509.8
155000 736.9
160000 734.4
165000 734.2
170000 741.3
175000 733.2
180000 746.3
185000 753.6
190000 742.0
195000 513.2
200000 767.7
205000 704.6
210000 750.8
215000 753.5
220000 739.1
225000 752.7
230000 751.4
235000 754.9
240000 771.0
245000 774.2
250000 774.7
255000 781.6
260000 774.7
265000 774.6
270000 777.6
275000 773.4
280000 780.9
285000 784.6
290000 788.3
295000 771.8
300000 774.3
305000 778.6
310000 778.7
315000 796.0
320000 807.0
325000 793.1
330000 799.6
335000 794.4
340000 789.9
345000 788.6
350000 794.2
355000 813.0
360000 797.2
365000 816.0
370000 795.5
375000 804.9
380000 805.9
385000 740.6
390000 809.1
395000 820.3
400000 817.4
405000 661.2
410000 746.4
415000 787.3
420000 801.5
425000 804.0
430000 814.1
435000 814.8
440000 806.3
445000 817.5
450000 809.9
455000 819.9
460000 819.6
465000 829.2
470000 808.9
475000 814.2
480000 811.6
485000 820.5
490000 818.7
495000 824.3
500000 814.9
505000 819.6
510000 818.1
515000 826.9
520000 809.4
525000 828.1
530000 830.2
535000 831.5
540000 828.2
545000 827.7
550000 840.5
555000 832.3
560000 835.0
565000 597.6
570000 828.5
575000 833.9
580000 833.0
585000 840.1
590000 820.3
595000 843.3
600000 837.6
605000 677.1
610000 727.0
615000 780.2
620000 817.1
625000 825.3
630000 840.7
635000 817.9
640000 837.9
645000 832.1
650000 832.2
655000 841.0
660000 856.1
665000 843.9
670000 858.2
675000 852.1
680000 849.0
685000 848.9
690000 856.5
695000 847.2
700000 857.5
705000 852.1
710000 858.9
715000 863.5
720000 861.3
725000 857.8
730000 857.4
735000 858.0
740000 851.0
745000 870.1
750000 862.3
755000 867.7
760000 869.7
765000 870.6
770000 866.1
775000 853.1
780000 859.5
785000 874.0
790000 863.9
795000 869.7
800000 862.9
805000 654.2
810000 720.7
815000 801.0
820000 835.0
825000 832.0
830000 843.2
835000 835.5
840000 837.1
845000 869.5
850000 860.8
855000 855.5
860000 843.6
865000 857.0
870000 854.6
875000 867.9
880000 857.4
885000 841.5
890000 874.7
895000 860.4
900000 874.6
905000 876.9
910000 860.3
915000 879.5
920000 882.3
925000 863.8
930000 890.9
935000 877.1
940000 864.7
945000 873.4
950000 878.3
955000 867.8
960000 880.7
965000 883.2
970000 882.6
975000 876.7
980000 870.6
985000 874.3
990000 872.7
995000 876.1
1000000 882.2
1005000 655.0
1010000 731.1
1015000 812.7
1020000 823.0
1025000 838.9
1030000 868.7
1035000 870.3
1040000 860.4
1045000 863.1
1050000 854.2
1055000 868.6
1060000 868.0
1065000 879.2
1070000 888.8
1075000 884.8
1080000 876.4
1085000 880.0
1090000 880.8
1095000 875.7
1100000 879.2
1105000 894.2
1110000 887.2
1115000 896.3
1120000 877.4
1125000 878.2
1130000 889.6
1135000 888.3
1140000 883.6
1145000 879.3
1150000 893.8
1155000 886.7
1160000 881.7
1165000 892.2
1170000 875.8
1175000 894.1
1180000 900.5
1185000 893.3
1190000 880.7
1195000 894.6
1200000 879.8
1205000 308.9
1210000 688.4
1215000 762.1
1220000 821.5
1225000 838.3
1230000 768.9
1235000 859.8
1240000 863.8
1245000 873.6
1250000 868.8
1255000 873.4
1260000 878.5
1265000 879.7
1270000 882.2
1275000 884.7
1280000 879.1
1285000 876.2
1290000 877.3
1295000 878.1
1300000 874.8
1305000 886.2
1310000 878.6
1315000 885.0
1320000 882.8
1325000 886.1
1330000 876.5
1335000 886.3
1340000 890.3
1345000 893.4
1350000 883.9
1355000 895.5
1360000 883.7
1365000 889.8
1370000 878.5
1375000 885.2
1380000 891.9
1385000 890.7
1390000 887.8
1395000 896.9
1400000 892.1
1405000 534.7
1410000 703.6
1415000 798.0
1420000 819.4
1425000 831.6
1430000 847.3
1435000 863.4
1440000 862.8
1445000 716.3
1450000 788.7
1455000 872.2
1460000 883.1
1465000 873.6
1470000 879.5
1475000 886.4
1480000 868.7
1485000 883.9
1490000 889.0
1495000 892.5
1500000 884.6
1505000 875.0
1510000 884.4
1515000 887.0
1520000 887.5
1525000 875.8
1530000 892.6
1535000 874.8
1540000 889.7
1545000 892.8
1550000 892.7
1555000 876.0
1560000 871.7
1565000 896.8
1570000 884.9
1575000 896.9
1580000 895.6
1585000 886.5
1590000 889.4
1595000 886.6
1600000 895.9
1605000 610.3
1610000 577.5
1615000 797.0
1620000 828.2
1625000 847.3
1630000 849.6
1635000 860.1
1640000 866.8
1645000 864.5
1650000 864.8
1655000 871.7
1660000 871.4
1665000 883.8
1670000 789.2
1675000 872.3
1680000 884.8
1685000 883.9
1690000 884.0
1695000 891.3
1700000 882.8
1705000 883.5
1710000 896.4
1715000 886.8
1720000 887.3
1725000 882.1
1730000 893.4
1735000 895.9
1740000 893.7
1745000 884.1
1750000 904.2
1755000 881.1
1760000 899.7
1765000 897.4
1770000 897.9
1775000 882.9
1780000 902.4
1785000 897.5
1790000 900.9
1795000 893.4
1800000 898.0
1805000 395.6
1810000 735.3
1815000 798.7
1820000 827.8
1825000 843.1
1830000 836.3
1835000 860.6
1840000 870.4
1845000 873.0
1850000 873.2
1855000 877.4
1860000 883.1
1865000 880.8
1870000 889.4
1875000 889.4
1880000 889.4
1885000 879.0
1890000 891.4
1895000 889.4
1900000 877.7
1905000 880.9
1910000 885.7
1915000 889.8
1920000 879.4
1925000 877.2
1930000 906.9
1935000 895.2
1940000 898.9
1945000 895.2
1950000 902.7
1955000 891.4
1960000 893.6
1965000 896.6
1970000 893.0
1975000 896.9
1980000 888.8
1985000 891.0
1990000 898.1
1995000 891.8
2000000 888.3
