5000 26.8
10000 23.6
15000 93.7
20000 125.1
25000 179.6
30000 236.0
35000 376.1
40000 365.7
45000 430.5
50000 502.5
55000 482.7
60000 180.5
65000 372.9
70000 406.8
75000 552.1
80000 614.5
85000 569.7
90000 676.6
95000 643.3
100000 590.2
105000 692.5
110000 622.2
115000 698.0
120000 661.3
125000 720.5
130000 732.9
135000 736.8
140000 655.2
145000 727.9
150000 740.9
155000 750.3
160000 735.0
165000 739.1
170000 728.5
175000 750.1
180000 523.5
185000 750.7
190000 761.8
195000 315.8
200000 692.3
205000 729.2
210000 768.7
215000 754.6
220000 771.4
225000 773.3
230000 786.6
235000 762.4
240000 771.6
245000 788.8
250000 775.9
255000 805.8
260000 819.4
265000 787.6
270000 803.1
275000 803.5
280000 784.9
285000 803.0
290000 806.9
295000 812.4
300000 810.4
305000 808.1
310000 807.5
315000 806.6
320000 803.9
325000 797.4
330000 796.1
335000 795.5
340000 819.8
345000 818.4
350000 829.8
355000 813.5
360000 809.3
365000 824.4
370000 826.3
375000 823.2
380000 820.7
385000 821.2
390000 825.7
395000 819.2
400000 820.2
405000 694.1
410000 763.8
415000 781.2
420000 798.4
425000 818.5
430000 822.6
435000 818.8
440000 830.7
445000 835.8
450000 824.4
455000 815.1
460000 830.6
465000 829.4
470000 831.2
475000 854.2
480000 855.8
485000 856.3
490000 845.2
495000 841.2
500000 860.8
505000 862.9
510000 863.7
515000 855.9
520000 841.1
525000 843.0
530000 842.9
535000 856.8
540000 856.0
545000 856.6
550000 864.2
555000 835.2
560000 859.3
565000 857.8
570000 870.8
575000 873.3
580000 852.3
585000 843.6
590000 857.6
595000 860.6
600000 859.8
605000 662.1
610000 744.4
615000 773.4
620000 814.0
625000 813.9
630000 860.1
635000 851.8
640000 862.6
645000 857.3
650000 861.7
655000 854.6
660000 870.7
665000 855.2
670000 866.0
675000 865.1
680000 872.0
685000 865.9
690000 871.0
695000 864.7
700000 861.9
705000 869.9
710000 878.6
715000 867.9
720000 871.8
725000 870.5
730000 879.7
735000 873.8
740000 862.6
745000 871.3
750000 873.9
755000 870.6
760000 862.3
765000 874.9
770000 871.0
775000 876.0
780000 866.5
785000 869.3
790000 870.8
795000 866.8
800000 860.4
805000 708.9
810000 759.5
815000 803.4
820000 818.0
825000 824.6
830000 841.3
835000 847.9
840000 852.9
845000 864.1
850000 857.2
855000 872.3
860000 863.4
865000 877.4
870000 864.5
875000 874.0
880000 882.0
885000 872.0
890000 884.7
895000 882.5
900000 867.1
905000 877.5
910000 880.8
915000 878.0
920000 874.3
925000 873.1
930000 873.3
935000 882.1
940000 885.8
945000 878.7
950000 879.4
955000 881.1
960000 876.1
965000 881.6
970000 886.1
975000 880.3
980000 883.8
985000 892.5
990000 883.9
995000 880.8
1000000 875.8
1005000 638.9
1010000 773.2
1015000 811.4
1020000 839.4
1025000 855.5
1030000 869.4
1035000 858.8
1040000 874.7
1045000 876.0
1050000 877.4
1055000 885.3
1060000 880.8
1065000 888.7
1070000 867.2
1075000 893.8
1080000 879.5
1085000 895.8
1090000 881.8
1095000 897.6
1100000 890.2
1105000 895.2
1110000 893.4
1115000 890.1
1120000 884.8
1125000 898.5
1130000 888.9
1135000 890.3
1140000 899.3
1145000 889.1
1150000 897.7
1155000 887.0
1160000 898.3
1165000 897.6
1170000 885.7
1175000 894.6
1180000 892.2
1185000 894.3
1190000 891.0
1195000 893.1
1200000 893.9
1205000 402.8
1210000 642.6
1215000 780.5
1220000 833.8
1225000 837.6
1230000 843.1
1235000 863.6
1240000 865.5
1245000 847.5
1250000 875.9
1255000 864.7
1260000 871.1
1265000 881.4
1270000 895.4
1275000 881.6
1280000 893.9
1285000 890.6
1290000 892.7
1295000 889.9
1300000 886.7
1305000 859.9
1310000 893.7
1315000 856.1
1320000 887.6
1325000 896.9
1330000 883.4
1335000 890.6
1340000 890.6
1345000 891.1
1350000 898.5
1355000 902.1
1360000 895.1
1365000 887.4
1370000 892.2
1375000 886.8
1380000 897.4
1385000 886.8
1390000 894.6
1395000 729.5
1400000 886.7
1405000 493.5
1410000 719.9
1415000 795.0
1420000 820.2
1425000 844.2
1430000 850.0
1435000 867.9
1440000 871.3
1445000 865.4
1450000 881.7
1455000 861.4
1460000 875.0
1465000 876.6
1470000 875.7
1475000 892.1
1480000 889.3
1485000 885.5
1490000 886.6
1495000 891.5
1500000 881.6
1505000 886.9
1510000 894.0
1515000 894.6
1520000 882.1
1525000 889.2
1530000 879.2
1535000 885.2
1540000 888.0
1545000 886.8
1550000 888.8
1555000 898.7
1560000 892.8
1565000 891.5
1570000 896.8
1575000 887.6
1580000 896.7
1585000 889.6
1590000 899.6
1595000 896.8
1600000 894.1
1605000 574.2
1610000 650.9
1615000 758.5
1620000 828.9
1625000 845.9
1630000 861.5
1635000 866.1
1640000 860.3
1645000 872.8
1650000 878.7
1655000 877.5
1660000 878.6
1665000 866.9
1670000 881.2
1675000 884.7
1680000 888.6
1685000 890.9
1690000 888.9
1695000 884.2
1700000 887.3
1705000 892.0
1710000 884.9
1715000 879.6
1720000 888.5
1725000 887.6
1730000 892.4
1735000 897.6
1740000 890.2
1745000 881.3
1750000 878.2
1755000 884.3
1760000 886.4
1765000 818.2
1770000 896.7
1775000 889.5
1780000 895.5
1785000 897.4
1790000 895.3
1795000 895.5
1800000 893.5
1805000 546.3
1810000 695.5
1815000 774.3
1820000 812.2
1825000 836.4
1830000 850.7
1835000 780.4
1840000 872.9
1845000 859.6
1850000 879.2
1855000 865.8
1860000 886.9
1865000 882.0
1870000 894.7
1875000 876.2
1880000 881.7
1885000 873.9
1890000 894.1
1895000 889.8
1900000 885.4
1905000 891.1
1910000 887.9
1915000 891.2
1920000 881.6
1925000 892.0
1930000 884.3
1935000 895.7
1940000 807.8
1945000 903.0
1950000 882.6
1955000 895.0
1960000 882.0
1965000 806.3
1970000 898.8
1975000 901.2
1980000 894.1
1985000 876.3
1990000 892.9
1995000 891.3
2000000 888.1
