5000 24.8
10000 21.3
15000 72.9
20000 100.5
25000 120.9
30000 136.7
35000 179.1
40000 274.9
45000 283.2
50000 365.8
55000 391.3
60000 457.9
65000 499.8
70000 514.1
75000 572.3
80000 536.6
85000 616.4
90000 565.1
95000 616.4
100000 639.5
105000 571.1
110000 637.4
115000 635.8
120000 649.2
125000 681.2
130000 658.7
135000 607.6
140000 623.0
145000 674.4
150000 681.9
155000 718.1
160000 717.4
165000 721.3
170000 722.8
175000 718.7
180000 718.4
185000 660.1
190000 605.2
195000 543.6
200000 131.0
205000 673.1
210000 705.4
215000 707.9
220000 720.6
225000 750.0
230000 745.1
235000 756.6
240000 741.9
245000 768.0
250000 756.0
255000 763.0
260000 768.0
265000 771.0
270000 774.9
275000 757.5
280000 772.8
285000 767.0
290000 772.7
295000 755.2
300000 784.2
305000 760.2
310000 767.6
315000 778.1
320000 773.7
325000 777.7
330000 770.7
335000 789.1
340000 791.4
345000 778.5
350000 793.4
355000 779.6
360000 777.1
365000 784.7
370000 777.0
375000 787.8
380000 783.4
385000 795.5
390000 730.6
395000 784.7
400000 782.3
405000 631.7
410000 716.9
415000 738.3
420000 778.3
425000 787.7
430000 779.5
435000 778.9
440000 776.4
445000 799.2
450000 791.3
455000 794.3
460000 785.1
465000 726.6
470000 792.2
475000 797.7
480000 796.1
485000 799.9
490000 800.9
495000 803.4
500000 793.0
505000 805.0
510000 810.5
515000 806.8
520000 809.2
525000 807.3
530000 806.9
535000 811.8
540000 824.4
545000 819.9
550000 813.2
555000 813.9
560000 816.3
565000 822.1
570000 813.9
575000 819.0
580000 817.8
585000 829.1
590000 825.8
595000 825.4
600000 818.0
605000 611.6
610000 703.1
615000 764.3
620000 782.6
625000 794.1
630000 803.5
635000 808.0
640000 812.2
645000 812.0
650000 814.1
655000 807.4
660000 827.0
665000 830.4
670000 840.3
675000 833.4
680000 828.0
685000 839.8
690000 825.8
695000 839.5
700000 828.0
705000 838.2
710000 833.8
715000 810.8
720000 837.7
725000 836.3
730000 838.7
735000 846.2
740000 843.4
745000 850.3
750000 839.8
755000 836.2
760000 842.1
765000 838.9
770000 855.8
775000 848.8
780000 815.7
785000 835.1
790000 845.9
795000 846.7
800000 830.7
805000 615.7
810000 750.3
815000 787.0
820000 797.6
825000 829.5
830000 834.0
835000 830.4
840000 809.4
845000 840.6
850000 849.3
855000 846.8
860000 846.5
865000 855.7
870000 857.3
875000 844.1
880000 860.4
885000 860.1
890000 844.5
895000 856.6
900000 850.3
905000 858.2
910000 857.7
915000 848.1
920000 871.6
925000 854.0
930000 863.5
935000 867.3
940000 872.4
945000 868.9
950000 883.9
955000 857.8
960000 858.4
965000 878.3
970000 871.5
975000 877.1
980000 878.2
985000 869.2
990000 863.4
995000 856.8
1000000 868.2
1005000 606.4
1010000 723.1
1015000 786.2
1020000 814.7
1025000 837.8
1030000 835.6
1035000 853.4
1040000 865.9
1045000 858.0
1050000 863.8
1055000 867.5
1060000 868.2
1065000 863.1
1070000 865.9
1075000 865.7
1080000 875.6
1085000 792.9
1090000 875.9
1095000 876.2
1100000 885.5
1105000 878.1
1110000 879.6
1115000 891.9
1120000 875.9
1125000 868.9
1130000 885.0
1135000 881.8
1140000 873.9
1145000 880.3
1150000 893.0
1155000 878.2
1160000 887.2
1165000 891.7
1170000 890.4
1175000 886.8
1180000 895.1
1185000 885.1
1190000 891.7
1195000 882.2
1200000 885.6
1205000 460.4
1210000 625.9
1215000 781.9
1220000 823.9
1225000 845.6
1230000 852.5
1235000 873.2
1240000 850.6
1245000 856.3
1250000 876.2
1255000 873.8
1260000 873.6
1265000 863.8
1270000 885.2
1275000 865.5
1280000 881.3
1285000 874.9
1290000 799.7
1295000 881.6
1300000 875.7
1305000 887.7
1310000 868.0
1315000 891.2
1320000 880.8
1325000 877.7
1330000 886.9
1335000 884.9
1340000 895.6
1345000 876.3
1350000 891.7
1355000 885.9
1360000 888.4
1365000 885.0
1370000 881.4
1375000 888.4
1380000 882.5
1385000 888.6
1390000 883.8
1395000 882.7
1400000 868.3
1405000 521.7
1410000 683.3
1415000 777.0
1420000 812.4
1425000 840.3
1430000 865.9
1435000 863.3
1440000 874.3
1445000 874.0
1450000 874.1
1455000 875.8
1460000 864.5
1465000 869.9
1470000 877.6
1475000 878.2
1480000 894.4
1485000 880.0
1490000 875.6
1495000 894.7
1500000 889.9
1505000 875.6
1510000 892.5
1515000 876.2
1520000 881.8
1525000 880.6
1530000 886.1
1535000 891.1
1540000 877.2
1545000 890.6
1550000 886.4
1555000 896.2
1560000 885.4
1565000 885.3
1570000 893.4
1575000 888.6
1580000 887.4
1585000 880.8
1590000 884.8
1595000 899.5
1600000 882.5
1605000 579.5
1610000 692.7
1615000 779.4
1620000 795.5
1625000 826.2
1630000 848.1
1635000 845.9
1640000 868.6
1645000 871.4
1650000 861.7
1655000 881.8
1660000 878.3
1665000 877.9
1670000 892.3
1675000 876.8
1680000 882.7
1685000 886.2
1690000 888.5
1695000 893.5
1700000 887.8
1705000 895.1
1710000 890.2
1715000 889.1
1720000 883.6
1725000 897.1
1730000 879.3
1735000 893.9
1740000 880.9
1745000 893.3
1750000 879.1
1755000 890.3
1760000 901.5
1765000 891.0
1770000 892.6
1775000 888.0
1780000 886.5
1785000 898.8
1790000 902.6
1795000 894.4
1800000 882.7
1805000 601.9
1810000 691.3
1815000 796.0
1820000 812.9
1825000 822.0
1830000 864.0
1835000 866.5
1840000 862.8
1845000 865.8
1850000 868.7
1855000 882.3
1860000 886.5
1865000 885.8
1870000 875.1
1875000 889.0
1880000 880.3
1885000 881.6
1890000 889.7
1895000 889.8
1900000 893.8
1905000 882.2
1910000 888.8
1915000 887.9
1920000 894.3
1925000 891.7
1930000 894.4
1935000 883.0
1940000 892.3
1945000 891.0
1950000 881.0
1955000 901.2
1960000 887.8
1965000 892.3
1970000 891.7
1975000 896.4
1980000 898.6
1985000 889.4
1990000 897.0
1995000 898.4
2000000 893.5
