10000 20.9
20000 105.2
30000 143.4
40000 172.0
50000 572.4
60000 420.8
70000 196.3
80000 145.8
90000 209.6
100000 195.1
110000 349.9
120000 582.5
130000 202.8
140000 754.3
150000 1000.0
160000 845.1
170000 1000.0
180000 1000.0
190000 979.9
200000 1000.0
210000 267.7
220000 1000.0
230000 1000.0
240000 1000.0
250000 1000.0
260000 305.9
270000 1000.0
280000 1000.0
290000 1000.0
300000 997.6
310000 999.5
320000 1000.0
330000 1000.0
340000 1000.0
350000 1000.0
360000 1000.0
370000 1000.0
380000 894.4
390000 997.7
400000 1000.0
410000 221.7
420000 922.1
430000 1000.0
440000 956.6
450000 1000.0
460000 1000.0
470000 974.2
480000 1000.0
490000 1000.0
500000 1000.0
