10000 21.7
20000 215.3
30000 301.2
40000 157.1
50000 220.3
60000 167.2
70000 310.4
80000 270.1
90000 1000.0
100000 1000.0
110000 610.4
120000 685.3
130000 1000.0
140000 1000.0
150000 1000.0
160000 1000.0
170000 995.6
180000 1000.0
190000 1000.0
200000 1000.0
210000 122.0
220000 1000.0
230000 1000.0
240000 1000.0
250000 1000.0
260000 679.1
270000 1000.0
280000 1000.0
290000 1000.0
300000 1000.0
310000 1000.0
320000 1000.0
330000 1000.0
340000 1000.0
350000 1000.0
360000 1000.0
370000 1000.0
380000 1000.0
390000 1000.0
400000 1000.0
410000 1000.0
420000 1000.0
430000 1000.0
440000 1000.0
450000 1000.0
460000 197.7
470000 1000.0
480000 1000.0
490000 1000.0
500000 1000.0
