10000 28.2
20000 166.3
30000 398.1
40000 1000.0
50000 1000.0
60000 217.7
70000 1000.0
80000 1000.0
90000 993.5
100000 1000.0
110000 995.7
120000 1000.0
130000 1000.0
140000 1000.0
150000 1000.0
160000 1000.0
170000 1000.0
180000 996.3
190000 1000.0
200000 1000.0
210000 1000.0
220000 1000.0
230000 1000.0
240000 972.3
250000 984.5
260000 1000.0
270000 1000.0
280000 1000.0
290000 1000.0
300000 1000.0
310000 255.2
320000 872.7
330000 1000.0
340000 1000.0
350000 1000.0
360000 1000.0
370000 1000.0
380000 1000.0
390000 1000.0
400000 1000.0
410000 1000.0
420000 1000.0
430000 882.5
440000 1000.0
450000 998.1
460000 1000.0
470000 391.5
480000 1000.0
490000 1000.0
500000 1000.0
