10000 153.1
20000 131.3
30000 122.4
40000 874.0
50000 1000.0
60000 127.0
70000 1000.0
80000 1000.0
90000 1000.0
100000 1000.0
110000 143.6
120000 1000.0
130000 1000.0
140000 1000.0
150000 1000.0
160000 431.4
170000 1000.0
180000 1000.0
190000 1000.0
200000 1000.0
210000 495.7
220000 1000.0
230000 1000.0
240000 1000.0
250000 1000.0
260000 210.3
270000 1000.0
280000 1000.0
290000 1000.0
300000 1000.0
310000 1000.0
320000 1000.0
330000 1000.0
340000 1000.0
350000 1000.0
360000 336.6
370000 679.7
380000 1000.0
390000 1000.0
400000 974.1
410000 932.9
420000 1000.0
430000 1000.0
440000 1000.0
450000 994.1
460000 101.1
470000 1000.0
480000 931.7
490000 998.2
500000 930.6
