10000 171.3
20000 199.5
30000 152.1
40000 1000.0
50000 1000.0
60000 469.7
70000 269.9
80000 1000.0
90000 1000.0
100000 1000.0
110000 996.1
120000 1000.0
130000 1000.0
140000 994.3
150000 1000.0
160000 1000.0
170000 1000.0
180000 1000.0
190000 1000.0
200000 1000.0
210000 418.4
220000 1000.0
230000 1000.0
240000 1000.0
250000 1000.0
260000 1000.0
270000 1000.0
280000 1000.0
290000 1000.0
300000 1000.0
310000 467.1
320000 1000.0
330000 1000.0
340000 1000.0
350000 1000.0
360000 760.1
370000 1000.0
380000 1000.0
390000 1000.0
400000 1000.0
410000 1000.0
420000 1000.0
430000 1000.0
440000 1000.0
450000 949.8
460000 455.6
470000 1000.0
480000 1000.0
490000 1000.0
500000 1000.0
