10000 22.9
20000 312.6
30000 269.7
40000 295.6
50000 1000.0
60000 502.2
70000 1000.0
80000 979.8
90000 987.6
100000 999.2
110000 719.3
120000 1000.0
130000 1000.0
140000 995.9
150000 985.1
160000 182.7
170000 997.7
180000 1000.0
190000 979.9
200000 1000.0
210000 839.9
220000 962.4
230000 1000.0
240000 1000.0
250000 1000.0
260000 274.7
270000 1000.0
280000 1000.0
290000 1000.0
300000 1000.0
310000 844.1
320000 1000.0
330000 1000.0
340000 1000.0
350000 759.7
360000 1000.0
370000 1000.0
380000 1000.0
390000 1000.0
400000 1000.0
410000 555.4
420000 1000.0
430000 1000.0
440000 1000.0
450000 995.7
460000 1000.0
470000 1000.0
480000 1000.0
490000 870.8
500000 1000.0
