10000 73.1
20000 190.1
30000 114.7
40000 156.3
50000 183.5
60000 331.4
70000 192.6
80000 1000.0
90000 1000.0
100000 1000.0
110000 368.7
120000 1000.0
130000 1000.0
140000 1000.0
150000 1000.0
160000 211.4
170000 1000.0
180000 1000.0
190000 1000.0
200000 1000.0
210000 306.5
220000 1000.0
230000 1000.0
240000 1000.0
250000 1000.0
260000 1000.0
270000 1000.0
280000 1000.0
290000 1000.0
300000 1000.0
310000 898.6
320000 1000.0
330000 1000.0
340000 1000.0
350000 1000.0
360000 1000.0
370000 1000.0
380000 1000.0
390000 1000.0
400000 1000.0
410000 1000.0
420000 1000.0
430000 1000.0
440000 1000.0
450000 1000.0
460000 207.0
470000 1000.0
480000 1000.0
490000 989.5
500000 697.2
