10000 52.1
20000 196.7
30000 260.9
40000 917.7
50000 624.0
60000 229.2
70000 1000.0
80000 1000.0
90000 1000.0
100000 1000.0
110000 478.6
120000 1000.0
130000 1000.0
140000 1000.0
150000 1000.0
160000 439.5
170000 1000.0
180000 1000.0
190000 997.8
200000 1000.0
210000 1000.0
220000 1000.0
230000 1000.0
240000 1000.0
250000 1000.0
260000 1000.0
270000 1000.0
280000 1000.0
290000 1000.0
300000 1000.0
310000 1000.0
320000 1000.0
330000 1000.0
340000 1000.0
350000 1000.0
360000 1000.0
370000 1000.0
380000 1000.0
390000 1000.0
400000 1000.0
410000 201.9
420000 1000.0
430000 1000.0
440000 1000.0
450000 1000.0
460000 1000.0
470000 1000.0
480000 1000.0
490000 1000.0
500000 1000.0
