10000 177.8
20000 236.0
30000 1000.0
40000 1000.0
50000 1000.0
60000 233.3
70000 1000.0
80000 1000.0
90000 1000.0
100000 1000.0
110000 230.6
120000 1000.0
130000 1000.0
140000 1000.0
150000 1000.0
160000 1000.0
170000 1000.0
180000 1000.0
190000 1000.0
200000 991.1
210000 1000.0
220000 1000.0
230000 1000.0
240000 969.7
250000 1000.0
260000 1000.0
270000 1000.0
280000 1000.0
290000 1000.0
300000 1000.0
310000 475.9
320000 1000.0
330000 1000.0
340000 954.8
350000 954.2
360000 258.2
370000 1000.0
380000 517.3
390000 1000.0
400000 1000.0
410000 238.1
420000 875.3
430000 1000.0
440000 1000.0
450000 1000.0
460000 227.2
470000 1000.0
480000 1000.0
490000 1000.0
500000 1000.0
