10000 170.1
20000 161.7
30000 145.4
40000 330.7
50000 1000.0
60000 292.2
70000 206.6
80000 1000.0
90000 1000.0
100000 1000.0
110000 790.5
120000 1000.0
130000 1000.0
140000 1000.0
150000 1000.0
160000 454.5
170000 998.2
180000 1000.0
190000 1000.0
200000 1000.0
210000 1000.0
220000 1000.0
230000 1000.0
240000 1000.0
250000 1000.0
260000 986.7
270000 1000.0
280000 1000.0
290000 1000.0
300000 1000.0
310000 625.1
320000 1000.0
330000 1000.0
340000 1000.0
350000 1000.0
360000 1000.0
370000 1000.0
380000 1000.0
390000 1000.0
400000 1000.0
410000 178.7
420000 1000.0
430000 789.7
440000 1000.0
450000 1000.0
460000 932.2
470000 1000.0
480000 1000.0
490000 1000.0
500000 1000.0
