10000 115.9
20000 101.0
30000 100.6
40000 0.0
50000 6.4
60000 198.8
70000 1.6
80000 100.0
90000 0.7
100000 185.4
110000 0.0
120000 200.6
130000 286.5
140000 0.0
150000 6.9
160000 199.8
170000 200.2
180000 2.7
190000 0.0
200000 100.0
210000 97.9
220000 1.0
230000 190.4
240000 0.2
250000 0.3
260000 0.0
270000 0.0
280000 97.4
290000 285.1
300000 0.0
310000 93.0
320000 195.2
330000 98.0
340000 198.1
350000 289.8
360000 95.4
370000 0.0
380000 98.2
390000 385.4
400000 0.0
410000 289.8
420000 0.0
430000 218.3
440000 195.7
450000 113.2
460000 95.0
470000 282.5
480000 385.6
490000 101.5
500000 0.0
510000 1.5
520000 194.7
530000 190.5
540000 16.0
550000 295.2
560000 476.2
570000 373.2
580000 91.6
590000 102.1
600000 0.0
610000 98.8
620000 100.0
630000 494.6
640000 100.2
650000 302.4
660000 98.5
670000 0.5
680000 290.0
690000 6.8
700000 197.4
710000 291.8
720000 196.8
730000 138.5
740000 491.3
750000 268.6
760000 99.1
770000 289.0
780000 193.8
790000 390.2
800000 198.2
810000 0.0
820000 282.6
830000 0.0
840000 104.3
850000 200.4
860000 161.4
870000 198.1
880000 291.5
890000 193.6
900000 293.9
910000 89.1
920000 102.9
930000 0.0
940000 0.8
950000 98.1
960000 114.7
970000 197.6
980000 0.1
990000 353.7
1000000 7.4
1010000 15.0
1020000 101.5
1030000 91.6
1040000 95.5
1050000 383.4
1060000 276.2
1070000 29.9
1080000 199.2
1090000 98.4
1100000 2.8
1110000 286.8
1120000 98.5
1130000 308.1
1140000 391.1
1150000 0.0
1160000 215.8
1170000 314.7
1180000 294.5
1190000 99.0
1200000 0.0
1210000 102.6
1220000 290.6
1230000 0.0
1240000 396.5
1250000 192.7
1260000 96.8
1270000 1.2
1280000 198.8
1290000 298.7
1300000 299.6
1310000 2.7
1320000 290.9
1330000 190.5
1340000 297.5
1350000 235.3
1360000 199.9
1370000 488.6
1380000 165.8
1390000 281.7
1400000 495.7
1410000 101.4
1420000 0.8
1430000 200.7
1440000 193.0
1450000 45.8
1460000 0.0
1470000 200.0
1480000 295.6
1490000 98.2
1500000 295.7
1510000 122.0
1520000 100.4
1530000 99.2
1540000 102.5
1550000 190.6
1560000 94.0
1570000 0.0
1580000 90.3
1590000 0.0
1600000 191.6
1610000 205.6
1620000 100.0
1630000 5.3
1640000 401.8
1650000 199.1
1660000 99.6
1670000 98.0
1680000 203.8
1690000 198.1
1700000 200.0
1710000 0.0
1720000 101.6
1730000 296.4
1740000 96.9
1750000 0.0
1760000 0.5
1770000 195.9
1780000 195.3
1790000 200.0
1800000 101.7
1810000 292.4
1820000 100.0
1830000 291.8
1840000 37.1
1850000 0.0
1860000 292.2
1870000 394.2
1880000 100.6
1890000 395.5
1900000 217.8
1910000 99.3
1920000 0.3
1930000 0.0
1940000 1.1
1950000 294.2
1960000 99.2
1970000 200.7
1980000 98.3
1990000 100.6
2000000 1.4
