10000 0.0
20000 0.0
30000 0.2
40000 100.0
50000 101.6
60000 7.6
70000 99.2
80000 83.8
90000 0.0
100000 100.0
110000 0.0
120000 97.6
130000 72.7
140000 201.1
150000 97.4
160000 97.5
170000 69.3
180000 0.2
190000 1.6
200000 100.0
210000 100.0
220000 195.6
230000 289.1
240000 94.9
250000 315.0
260000 90.5
270000 100.7
280000 0.0
290000 100.0
300000 0.0
310000 100.0
320000 0.0
330000 100.0
340000 0.0
350000 270.8
360000 0.0
370000 0.0
380000 113.7
390000 196.0
400000 2.1
410000 196.9
420000 0.1
430000 100.0
440000 290.4
450000 100.4
460000 1.6
470000 86.1
480000 98.5
490000 196.6
500000 181.9
510000 123.0
520000 1.5
530000 99.1
540000 0.0
550000 195.3
560000 289.7
570000 100.0
580000 198.2
590000 98.3
600000 98.2
610000 0.0
620000 0.7
630000 0.0
640000 0.0
650000 152.4
660000 200.0
670000 99.0
680000 100.0
690000 0.0
700000 184.4
710000 100.0
720000 110.4
730000 93.0
740000 1.7
750000 0.0
760000 98.9
770000 100.0
780000 0.0
790000 0.0
800000 100.0
810000 0.0
820000 102.6
830000 0.0
840000 199.8
850000 100.0
860000 0.3
870000 99.5
880000 1.4
890000 99.4
900000 100.0
910000 99.1
920000 0.9
930000 100.5
940000 2.2
950000 86.4
960000 28.9
970000 187.5
980000 200.0
990000 198.5
1000000 199.4
1010000 99.2
1020000 127.8
1030000 2.7
1040000 0.7
1050000 192.6
1060000 110.3
1070000 0.0
1080000 259.0
1090000 1.4
1100000 77.3
1110000 380.2
1120000 205.3
1130000 94.4
1140000 203.4
1150000 100.0
1160000 95.4
1170000 184.1
1180000 198.6
1190000 100.7
1200000 199.0
1210000 289.3
1220000 245.4
1230000 79.2
1240000 455.4
1250000 336.4
1260000 192.1
1270000 0.0
1280000 199.2
1290000 98.0
1300000 99.1
1310000 0.3
1320000 192.7
1330000 116.0
1340000 197.2
1350000 0.0
1360000 99.9
1370000 368.1
1380000 288.9
1390000 98.9
1400000 282.2
1410000 0.0
1420000 100.1
1430000 0.0
1440000 1.7
1450000 297.3
1460000 310.1
1470000 100.3
1480000 324.3
1490000 0.0
1500000 99.6
1510000 0.0
1520000 481.9
1530000 198.7
1540000 0.0
1550000 376.3
1560000 295.5
1570000 82.8
1580000 301.3
1590000 1.0
1600000 293.7
1610000 244.0
1620000 1.0
1630000 9.8
1640000 0.6
1650000 293.6
1660000 62.4
1670000 204.1
1680000 97.7
1690000 283.2
1700000 3.9
1710000 296.7
1720000 98.9
1730000 0.4
1740000 4.2
1750000 301.4
1760000 99.6
1770000 93.4
1780000 99.6
1790000 293.5
1800000 100.0
1810000 100.0
1820000 1.9
1830000 100.3
1840000 97.6
1850000 298.1
1860000 299.6
1870000 101.8
1880000 282.1
1890000 168.2
1900000 98.5
1910000 193.3
1920000 98.6
1930000 8.1
1940000 98.3
1950000 100.0
1960000 0.0
1970000 94.4
1980000 4.0
1990000 99.1
2000000 100.0
