10000 130.0
20000 115.4
30000 1.3
40000 75.8
50000 197.5
60000 183.1
70000 103.7
80000 129.9
90000 1.7
100000 1.3
110000 97.6
120000 98.0
130000 203.1
140000 135.1
150000 183.5
160000 289.4
170000 95.2
180000 386.7
190000 100.2
200000 68.1
210000 0.6
220000 102.0
230000 92.4
240000 88.9
250000 100.0
260000 99.5
270000 198.2
280000 189.7
290000 0.8
300000 95.1
310000 0.0
320000 0.8
330000 0.3
340000 8.0
350000 242.5
360000 97.3
370000 0.0
380000 100.0
390000 161.6
400000 198.1
410000 0.0
420000 198.5
430000 273.6
440000 311.1
450000 302.0
460000 132.3
470000 98.8
480000 2.0
490000 197.7
500000 0.9
510000 175.8
520000 91.7
530000 91.6
540000 103.3
550000 291.3
560000 296.8
570000 95.7
580000 95.1
590000 120.2
600000 272.4
610000 100.4
620000 98.4
630000 180.2
640000 201.8
650000 3.6
660000 0.0
670000 100.0
680000 295.3
690000 97.6
700000 96.0
710000 291.3
720000 101.9
730000 93.2
740000 300.8
750000 94.4
760000 94.7
770000 187.6
780000 395.4
790000 234.0
800000 281.4
810000 94.6
820000 0.1
830000 295.0
840000 98.7
850000 290.8
860000 292.1
870000 0.9
880000 180.2
890000 98.1
900000 1.6
910000 195.3
920000 41.9
930000 197.6
940000 394.7
950000 186.9
960000 295.0
970000 101.2
980000 295.2
990000 80.5
1000000 384.3
1010000 100.0
1020000 391.1
1030000 50.7
1040000 106.7
1050000 190.8
1060000 198.7
1070000 267.5
1080000 0.0
1090000 1.2
1100000 199.8
1110000 297.9
1120000 0.0
1130000 3.3
1140000 0.0
1150000 100.0
1160000 298.2
1170000 98.4
1180000 265.2
1190000 298.9
1200000 0.9
1210000 100.0
1220000 153.6
1230000 4.9
1240000 271.8
1250000 479.5
1260000 198.3
1270000 99.1
1280000 0.0
1290000 295.5
1300000 0.0
1310000 100.2
1320000 100.0
1330000 0.0
1340000 198.6
1350000 0.2
1360000 200.0
1370000 97.1
1380000 97.1
1390000 195.0
1400000 100.2
1410000 0.0
1420000 0.6
1430000 161.9
1440000 1.1
1450000 82.3
1460000 204.7
1470000 100.1
1480000 100.0
1490000 100.0
1500000 199.8
1510000 0.0
1520000 8.8
1530000 298.9
1540000 197.0
1550000 101.5
1560000 195.0
1570000 388.9
1580000 100.0
1590000 0.0
1600000 290.0
1610000 97.4
1620000 91.8
1630000 295.1
1640000 196.7
1650000 96.2
1660000 93.4
1670000 99.4
1680000 0.0
1690000 92.9
1700000 98.8
1710000 99.2
1720000 102.9
1730000 100.0
1740000 188.2
1750000 85.9
1760000 299.8
1770000 287.3
1780000 194.6
1790000 294.6
1800000 97.6
1810000 1.1
1820000 312.0
1830000 519.1
1840000 0.2
1850000 100.6
1860000 201.1
1870000 0.0
1880000 0.0
1890000 200.9
1900000 293.7
1910000 199.2
1920000 100.9
1930000 94.4
1940000 82.0
1950000 292.0
1960000 91.8
1970000 296.1
1980000 3.3
1990000 200.0
2000000 98.8
