10000 197.6
20000 0.0
30000 101.0
40000 0.0
50000 1.2
60000 0.0
70000 296.8
80000 199.3
90000 0.0
100000 0.4
110000 200.6
120000 0.1
130000 102.2
140000 392.4
150000 1.0
160000 2.2
170000 205.7
180000 95.2
190000 278.6
200000 103.6
210000 0.0
220000 100.0
230000 197.6
240000 101.1
250000 99.0
260000 0.0
270000 0.0
280000 286.8
290000 79.0
300000 292.4
310000 98.7
320000 100.0
330000 99.6
340000 82.3
350000 98.7
360000 0.0
370000 197.7
380000 192.1
390000 199.3
400000 100.8
410000 100.0
420000 200.0
430000 1.2
440000 199.3
450000 0.0
460000 100.0
470000 0.0
480000 1.6
490000 0.0
500000 100.9
510000 0.0
520000 0.0
530000 0.0
540000 0.0
550000 100.0
560000 0.0
570000 297.1
580000 99.1
590000 0.0
600000 101.9
610000 100.0
620000 1.2
630000 1.8
640000 0.8
650000 201.3
660000 29.0
670000 99.6
680000 0.4
690000 199.8
700000 0.3
710000 93.5
720000 100.0
730000 94.5
740000 169.0
750000 100.0
760000 100.0
770000 320.9
780000 192.3
790000 102.1
800000 199.6
810000 188.4
820000 98.5
830000 193.5
840000 288.8
850000 284.0
860000 294.9
870000 198.4
880000 100.0
890000 99.1
900000 109.9
910000 361.4
920000 195.6
930000 316.0
940000 182.7
950000 188.9
960000 193.0
970000 284.3
980000 293.0
990000 100.8
1000000 195.9
1010000 196.2
1020000 396.1
1030000 491.0
1040000 97.1
1050000 187.4
1060000 99.8
1070000 98.5
1080000 1.4
1090000 100.4
1100000 200.6
1110000 0.0
1120000 98.0
1130000 98.0
1140000 54.7
1150000 199.9
1160000 0.2
1170000 203.4
1180000 96.7
1190000 299.2
1200000 137.2
1210000 103.1
1220000 100.0
1230000 99.1
1240000 98.7
1250000 397.4
1260000 296.5
1270000 193.2
1280000 267.9
1290000 395.8
1300000 297.3
1310000 0.0
1320000 284.7
1330000 290.5
1340000 97.7
1350000 394.4
1360000 100.0
1370000 186.0
1380000 87.0
1390000 198.9
1400000 373.0
1410000 0.0
1420000 0.5
1430000 137.3
1440000 193.5
1450000 206.8
1460000 215.1
1470000 100.3
1480000 72.2
1490000 290.0
1500000 101.7
1510000 326.4
1520000 362.2
1530000 492.1
1540000 102.2
1550000 163.1
1560000 192.0
1570000 97.6
1580000 290.1
1590000 199.1
1600000 284.8
1610000 90.3
1620000 62.2
1630000 98.9
1640000 362.6
1650000 100.0
1660000 99.6
1670000 198.0
1680000 298.3
1690000 200.0
1700000 186.9
1710000 290.7
1720000 99.9
1730000 0.0
1740000 392.8
1750000 100.0
1760000 94.4
1770000 35.9
1780000 100.2
1790000 100.0
1800000 0.0
1810000 100.0
1820000 195.7
1830000 125.4
1840000 130.2
1850000 91.5
1860000 99.4
1870000 1.9
1880000 303.4
1890000 149.0
1900000 0.0
1910000 92.4
1920000 196.9
1930000 0.1
1940000 100.0
1950000 0.0
1960000 100.0
1970000 0.2
1980000 102.5
1990000 23.7
2000000 193.6
