10000 100.0
20000 102.7
30000 100.0
40000 200.0
50000 187.5
60000 100.0
70000 94.2
80000 75.6
90000 0.0
100000 298.6
110000 52.4
120000 197.2
130000 339.6
140000 194.9
150000 198.3
160000 0.6
170000 10.8
180000 95.1
190000 289.9
200000 193.1
210000 289.8
220000 98.3
230000 0.0
240000 178.8
250000 100.4
260000 100.0
270000 382.4
280000 206.3
290000 251.4
300000 131.6
310000 369.5
320000 284.3
330000 2.8
340000 90.9
350000 395.1
360000 98.0
370000 94.0
380000 196.7
390000 119.4
400000 0.0
410000 198.7
420000 196.1
430000 327.1
440000 294.8
450000 1.2
460000 23.2
470000 198.8
480000 290.8
490000 290.9
500000 303.4
510000 197.7
520000 30.4
530000 103.8
540000 97.7
550000 390.2
560000 293.2
570000 100.3
580000 274.3
590000 197.6
600000 287.5
610000 1.8
620000 99.1
630000 98.7
640000 275.7
650000 30.9
660000 291.2
670000 1.2
680000 302.7
690000 199.1
700000 0.0
710000 0.1
720000 204.3
730000 100.4
740000 273.9
750000 99.4
760000 100.0
770000 187.8
780000 199.3
790000 197.3
800000 153.7
810000 101.0
820000 321.7
830000 101.0
840000 192.7
850000 99.9
860000 268.0
870000 465.7
880000 100.8
890000 101.1
900000 123.4
910000 369.2
920000 354.4
930000 296.4
940000 383.7
950000 388.1
960000 301.7
970000 102.4
980000 87.0
990000 194.4
1000000 199.6
1010000 77.9
1020000 192.0
1030000 1.1
1040000 182.7
1050000 288.5
1060000 285.8
1070000 291.4
1080000 99.9
1090000 290.7
1100000 291.4
1110000 188.3
1120000 482.2
1130000 335.7
1140000 99.2
1150000 490.0
1160000 168.6
1170000 205.7
1180000 298.4
1190000 364.6
1200000 94.4
1210000 0.0
1220000 96.7
1230000 249.5
1240000 295.3
1250000 290.4
1260000 200.2
1270000 92.4
1280000 101.0
1290000 290.4
1300000 177.4
1310000 383.6
1320000 198.1
1330000 361.0
1340000 86.6
1350000 382.9
1360000 98.0
1370000 101.3
1380000 107.1
1390000 200.0
1400000 381.8
1410000 2.1
1420000 94.1
1430000 2.4
1440000 0.3
1450000 98.8
1460000 100.5
1470000 295.1
1480000 3.6
1490000 100.0
1500000 398.7
1510000 292.3
1520000 390.9
1530000 98.8
1540000 92.8
1550000 283.8
1560000 0.1
1570000 97.7
1580000 96.5
1590000 99.8
1600000 187.2
1610000 100.7
1620000 100.7
1630000 0.0
1640000 26.7
1650000 201.4
1660000 1.1
1670000 115.1
1680000 99.6
1690000 0.0
1700000 123.5
1710000 1.1
1720000 0.0
1730000 292.6
1740000 100.0
1750000 0.0
1760000 99.6
1770000 192.5
1780000 192.8
1790000 176.6
1800000 98.5
1810000 0.0
1820000 99.4
1830000 97.5
1840000 95.7
1850000 98.1
1860000 0.0
1870000 194.4
1880000 100.0
1890000 296.0
1900000 195.9
1910000 99.9
1920000 197.4
1930000 100.0
1940000 187.9
1950000 98.1
1960000 182.3
1970000 200.0
1980000 95.6
1990000 199.7
2000000 1.6
