10000 100.9
20000 191.2
30000 0.8
40000 0.6
50000 133.2
60000 157.4
70000 102.4
80000 188.9
90000 288.9
100000 0.0
110000 193.5
120000 97.0
130000 97.7
140000 197.8
150000 193.7
160000 100.4
170000 98.5
180000 82.6
190000 196.2
200000 198.3
210000 0.0
220000 100.0
230000 0.0
240000 0.4
250000 2.6
260000 296.6
270000 0.0
280000 0.0
290000 193.4
300000 156.9
310000 15.5
320000 98.1
330000 388.6
340000 99.3
350000 198.6
360000 271.4
370000 291.9
380000 211.9
390000 32.1
400000 293.1
410000 100.0
420000 99.4
430000 99.2
440000 0.5
450000 266.4
460000 84.8
470000 0.0
480000 191.3
490000 179.5
500000 100.1
510000 235.7
520000 102.6
530000 290.9
540000 352.1
550000 0.4
560000 274.2
570000 297.7
580000 99.4
590000 249.5
600000 192.4
610000 142.5
620000 292.2
630000 277.5
640000 396.2
650000 298.5
660000 200.0
670000 297.8
680000 326.6
690000 197.0
700000 293.8
710000 96.8
720000 167.8
730000 200.0
740000 485.2
750000 484.2
760000 488.4
770000 285.8
780000 289.2
790000 279.1
800000 99.1
810000 98.4
820000 99.7
830000 397.0
840000 195.6
850000 2.8
860000 91.9
870000 280.8
880000 98.6
890000 197.3
900000 293.2
910000 194.7
920000 185.2
930000 92.0
940000 92.9
950000 98.8
960000 194.2
970000 100.6
980000 253.3
990000 294.5
1000000 493.1
1010000 197.9
1020000 98.5
1030000 191.5
1040000 99.4
1050000 200.0
1060000 196.8
1070000 198.9
1080000 194.7
1090000 90.7
1100000 100.5
1110000 395.9
1120000 100.0
1130000 300.0
1140000 198.8
1150000 199.0
1160000 293.6
1170000 111.2
1180000 99.1
1190000 100.6
1200000 197.3
1210000 199.1
1220000 370.3
1230000 210.8
1240000 90.4
1250000 191.6
1260000 197.6
1270000 287.4
1280000 2.1
1290000 97.2
1300000 218.9
1310000 395.4
1320000 100.0
1330000 198.5
1340000 100.1
1350000 100.1
1360000 199.8
1370000 0.1
1380000 0.0
1390000 0.0
1400000 100.3
1410000 99.2
1420000 100.2
1430000 389.1
1440000 1.4
1450000 209.1
1460000 196.2
1470000 378.8
1480000 392.9
1490000 287.4
1500000 215.8
1510000 373.1
1520000 293.2
1530000 0.0
1540000 196.1
1550000 99.3
1560000 97.6
1570000 204.2
1580000 189.0
1590000 198.4
1600000 201.1
1610000 197.8
1620000 296.2
1630000 2.8
1640000 95.3
1650000 197.8
1660000 388.9
1670000 2.3
1680000 98.9
1690000 0.1
1700000 99.2
1710000 99.6
1720000 194.8
1730000 195.3
1740000 293.1
1750000 198.7
1760000 298.3
1770000 1.0
1780000 297.7
1790000 278.5
1800000 99.6
1810000 100.0
1820000 197.8
1830000 188.4
1840000 194.3
1850000 183.7
1860000 193.5
1870000 100.9
1880000 199.3
1890000 190.6
1900000 197.1
1910000 391.4
1920000 106.8
1930000 284.0
1940000 100.0
1950000 5.4
1960000 100.0
1970000 85.0
1980000 97.8
1990000 101.1
2000000 97.5
