10000 1.8
20000 0.0
30000 0.0
40000 0.0
50000 88.0
60000 0.0
70000 100.2
80000 196.7
90000 102.1
100000 0.0
110000 99.3
120000 288.0
130000 0.0
140000 1.4
150000 139.2
160000 100.0
170000 124.1
180000 101.6
190000 1.1
200000 87.7
210000 0.0
220000 100.7
230000 0.3
240000 0.4
250000 99.9
260000 227.6
270000 190.0
280000 228.4
290000 161.6
300000 199.5
310000 3.4
320000 100.3
330000 291.5
340000 101.2
350000 293.3
360000 98.6
370000 380.9
380000 93.7
390000 198.9
400000 296.3
410000 294.7
420000 0.0
430000 287.9
440000 200.7
450000 358.7
460000 120.5
470000 1.0
480000 104.9
490000 97.7
500000 111.6
510000 76.7
520000 1.1
530000 141.9
540000 198.6
550000 295.5
560000 100.1
570000 75.3
580000 103.5
590000 0.4
600000 364.2
610000 191.6
620000 133.5
630000 291.0
640000 289.9
650000 103.5
660000 98.4
670000 99.0
680000 16.5
690000 0.5
700000 202.6
710000 188.2
720000 92.0
730000 299.0
740000 202.7
750000 100.0
760000 100.2
770000 198.6
780000 274.5
790000 188.1
800000 0.0
810000 100.0
820000 100.0
830000 0.0
840000 200.0
850000 0.0
860000 198.5
870000 102.5
880000 100.6
890000 200.0
900000 301.8
910000 0.0
920000 102.2
930000 100.0
940000 297.5
950000 241.2
960000 1.7
970000 98.3
980000 0.2
990000 300.0
1000000 100.0
1010000 0.0
1020000 2.0
1030000 0.0
1040000 96.8
1050000 101.7
1060000 1.9
1070000 91.4
1080000 99.0
1090000 101.0
1100000 189.7
1110000 104.0
1120000 100.0
1130000 199.3
1140000 200.1
1150000 1.8
1160000 98.7
1170000 200.7
1180000 198.9
1190000 1.0
1200000 199.1
1210000 3.1
1220000 140.7
1230000 214.4
1240000 109.0
1250000 109.5
1260000 193.2
1270000 384.7
1280000 99.5
1290000 99.6
1300000 97.2
1310000 297.0
1320000 298.0
1330000 185.4
1340000 291.1
1350000 196.0
1360000 100.3
1370000 195.4
1380000 99.5
1390000 195.7
1400000 295.4
1410000 174.5
1420000 98.7
1430000 99.2
1440000 395.0
1450000 195.9
1460000 100.0
1470000 245.9
1480000 96.9
1490000 200.0
1500000 0.0
1510000 200.0
1520000 0.0
1530000 200.9
1540000 102.6
1550000 198.5
1560000 156.7
1570000 104.6
1580000 285.0
1590000 189.9
1600000 100.0
1610000 197.7
1620000 100.0
1630000 191.6
1640000 287.5
1650000 81.7
1660000 0.0
1670000 93.8
1680000 100.0
1690000 292.2
1700000 0.0
1710000 0.0
1720000 98.7
1730000 12.7
1740000 283.9
1750000 393.5
1760000 99.6
1770000 0.0
1780000 197.8
1790000 195.3
1800000 284.5
1810000 97.7
1820000 98.2
1830000 100.2
1840000 198.0
1850000 0.2
1860000 189.8
1870000 9.3
1880000 93.7
1890000 196.1
1900000 199.0
1910000 195.3
1920000 197.7
1930000 200.2
1940000 0.0
1950000 189.7
1960000 102.4
1970000 101.2
1980000 0.2
1990000 199.9
2000000 15.9
