10000 0.0
20000 188.8
30000 2.8
40000 0.0
50000 101.9
60000 5.4
70000 0.4
80000 0.4
90000 198.5
100000 101.8
110000 100.0
120000 243.2
130000 100.3
140000 195.5
150000 4.4
160000 291.1
170000 285.2
180000 297.6
190000 3.9
200000 98.7
210000 0.0
220000 0.4
230000 197.2
240000 193.9
250000 208.1
260000 193.7
270000 0.1
280000 195.5
290000 195.8
300000 197.7
310000 100.0
320000 0.2
330000 198.0
340000 0.0
350000 186.0
360000 3.1
370000 0.0
380000 0.0
390000 287.8
400000 191.7
410000 11.3
420000 294.0
430000 197.2
440000 0.0
450000 201.4
460000 196.2
470000 95.8
480000 1.1
490000 4.4
500000 192.4
510000 199.1
520000 73.2
530000 395.0
540000 189.6
550000 0.0
560000 100.0
570000 196.7
580000 198.5
590000 0.0
600000 97.9
610000 0.0
620000 64.8
630000 0.3
640000 363.2
650000 199.2
660000 264.3
670000 99.2
680000 288.8
690000 201.3
700000 86.7
710000 284.2
720000 298.2
730000 157.9
740000 3.2
750000 105.6
760000 100.0
770000 100.0
780000 131.1
790000 142.2
800000 490.6
810000 2.5
820000 151.6
830000 297.2
840000 197.1
850000 494.6
860000 92.7
870000 106.8
880000 190.0
890000 467.7
900000 183.3
910000 86.8
920000 194.7
930000 194.0
940000 289.0
950000 302.6
960000 98.3
970000 84.7
980000 200.0
990000 294.5
1000000 390.8
1010000 194.8
1020000 298.2
1030000 284.0
1040000 292.2
1050000 331.1
1060000 386.8
1070000 297.1
1080000 378.9
1090000 99.8
1100000 196.4
1110000 95.7
1120000 114.8
1130000 197.4
1140000 288.2
1150000 228.6
1160000 98.7
1170000 264.2
1180000 198.7
1190000 118.6
1200000 194.4
1210000 385.7
1220000 106.7
1230000 395.8
1240000 104.2
1250000 327.9
1260000 98.9
1270000 188.9
1280000 0.0
1290000 83.9
1300000 9.2
1310000 98.4
1320000 98.6
1330000 101.3
1340000 193.1
1350000 280.6
1360000 99.0
1370000 40.8
1380000 102.1
1390000 90.1
1400000 198.8
1410000 97.9
1420000 100.0
1430000 199.9
1440000 0.3
1450000 0.0
1460000 98.9
1470000 379.0
1480000 0.0
1490000 295.0
1500000 240.2
1510000 294.6
1520000 163.1
1530000 100.3
1540000 294.1
1550000 297.4
1560000 228.7
1570000 397.7
1580000 385.0
1590000 114.3
1600000 386.5
1610000 300.0
1620000 193.7
1630000 296.4
1640000 3.3
1650000 224.2
1660000 285.0
1670000 186.8
1680000 295.0
1690000 23.0
1700000 0.0
1710000 295.5
1720000 143.7
1730000 166.1
1740000 200.1
1750000 383.3
1760000 238.4
1770000 0.0
1780000 481.2
1790000 279.6
1800000 95.0
1810000 95.7
1820000 92.0
1830000 298.0
1840000 390.4
1850000 476.5
1860000 98.7
1870000 463.2
1880000 100.0
1890000 292.6
1900000 384.9
1910000 101.0
1920000 199.2
1930000 98.0
1940000 180.3
1950000 291.2
1960000 96.9
1970000 72.4
1980000 297.8
1990000 190.8
2000000 282.4
