10000 0.0
20000 111.7
30000 0.6
40000 0.0
50000 105.2
60000 181.8
70000 98.0
80000 0.0
90000 100.0
100000 0.0
110000 0.3
120000 0.0
130000 100.0
140000 0.0
150000 100.0
160000 297.9
170000 194.3
180000 0.0
190000 200.0
200000 100.0
210000 0.0
220000 0.7
230000 100.2
240000 1.2
250000 100.0
260000 86.0
270000 100.1
280000 102.1
290000 0.4
300000 208.6
310000 401.7
320000 0.4
330000 101.7
340000 1.1
350000 7.3
360000 100.7
370000 255.8
380000 200.5
390000 280.0
400000 297.2
410000 0.1
420000 0.8
430000 374.5
440000 128.1
450000 188.9
460000 198.7
470000 98.7
480000 76.0
490000 290.8
500000 100.0
510000 387.6
520000 391.0
530000 97.7
540000 141.0
550000 142.4
560000 0.0
570000 197.6
580000 300.8
590000 101.0
600000 197.3
610000 0.0
620000 148.0
630000 93.8
640000 0.0
650000 1.6
660000 100.6
670000 199.2
680000 187.6
690000 0.0
700000 243.0
710000 73.0
720000 187.8
730000 0.0
740000 0.0
750000 412.2
760000 100.2
770000 110.2
780000 197.5
790000 0.0
800000 0.0
810000 0.0
820000 101.5
830000 199.8
840000 0.3
850000 99.3
860000 293.6
870000 0.0
880000 196.4
890000 199.4
900000 101.7
910000 198.3
920000 12.8
930000 197.0
940000 182.8
950000 0.0
960000 0.0
970000 197.6
980000 294.8
990000 0.0
1000000 91.2
1010000 298.8
1020000 300.0
1030000 197.2
1040000 293.4
1050000 0.0
1060000 0.0
1070000 98.8
1080000 154.5
1090000 99.4
1100000 215.7
1110000 99.7
1120000 131.0
1130000 96.1
1140000 86.5
1150000 201.1
1160000 196.4
1170000 495.5
1180000 93.8
1190000 200.6
1200000 0.0
1210000 200.0
1220000 101.8
1230000 100.5
1240000 98.8
1250000 199.7
1260000 100.5
1270000 0.0
1280000 198.1
1290000 99.6
1300000 201.2
1310000 199.1
1320000 100.0
1330000 98.6
1340000 197.7
1350000 202.6
1360000 100.0
1370000 98.5
1380000 0.0
1390000 304.8
1400000 100.0
1410000 202.4
1420000 0.0
1430000 104.1
1440000 100.2
1450000 4.8
1460000 96.3
1470000 0.0
1480000 296.9
1490000 0.9
1500000 60.4
1510000 193.2
1520000 100.4
1530000 98.9
1540000 100.0
1550000 398.9
1560000 0.0
1570000 96.2
1580000 100.0
1590000 198.5
1600000 0.0
1610000 100.0
1620000 288.7
1630000 196.2
1640000 2.9
1650000 134.3
1660000 191.0
1670000 193.9
1680000 31.1
1690000 265.1
1700000 193.4
1710000 0.0
1720000 0.0
1730000 180.5
1740000 17.5
1750000 100.0
1760000 198.2
1770000 198.6
1780000 0.0
1790000 299.6
1800000 93.9
1810000 100.0
1820000 141.7
1830000 99.6
1840000 391.0
1850000 0.0
1860000 126.2
1870000 106.3
1880000 193.4
1890000 95.6
1900000 204.1
1910000 0.0
1920000 3.5
1930000 102.2
1940000 96.8
1950000 194.7
1960000 103.4
1970000 64.3
1980000 95.4
1990000 97.9
2000000 0.0
