10000 0.0
20000 97.0
30000 103.2
40000 90.0
50000 39.6
60000 100.0
70000 100.0
80000 1.0
90000 3.0
100000 2.6
110000 97.0
120000 401.6
130000 0.0
140000 85.9
150000 198.9
160000 141.8
170000 1.8
180000 196.1
190000 101.8
200000 99.4
210000 0.0
220000 102.3
230000 292.7
240000 281.7
250000 157.5
260000 100.6
270000 96.0
280000 97.6
290000 221.4
300000 172.9
310000 380.8
320000 481.6
330000 286.9
340000 197.8
350000 1.3
360000 100.0
370000 495.0
380000 299.0
390000 190.2
400000 140.0
410000 200.2
420000 198.7
430000 99.0
440000 295.0
450000 195.8
460000 200.0
470000 99.1
480000 306.5
490000 99.3
500000 100.0
510000 0.0
520000 198.4
530000 289.1
540000 2.3
550000 0.0
560000 4.3
570000 100.2
580000 198.2
590000 100.5
600000 193.5
610000 82.3
620000 197.5
630000 375.9
640000 101.5
650000 198.9
660000 298.6
670000 104.1
680000 1.6
690000 301.1
700000 372.7
710000 349.8
720000 376.9
730000 105.4
740000 154.9
750000 191.9
760000 197.7
770000 299.8
780000 42.9
790000 186.8
800000 489.3
810000 0.3
820000 2.4
830000 268.9
840000 93.8
850000 273.1
860000 254.8
870000 410.6
880000 0.0
890000 0.9
900000 98.4
910000 380.6
920000 184.9
930000 190.6
940000 326.0
950000 476.7
960000 68.9
970000 413.4
980000 395.6
990000 295.5
1000000 383.9
1010000 98.8
1020000 141.4
1030000 94.1
1040000 96.7
1050000 8.1
1060000 192.4
1070000 191.7
1080000 365.7
1090000 201.7
1100000 21.4
1110000 467.3
1120000 384.4
1130000 1.9
1140000 96.7
1150000 93.1
1160000 276.7
1170000 460.0
1180000 381.9
1190000 184.8
1200000 100.0
1210000 196.3
1220000 297.2
1230000 190.3
1240000 181.6
1250000 199.8
1260000 113.6
1270000 102.6
1280000 0.0
1290000 148.2
1300000 283.6
1310000 115.0
1320000 0.0
1330000 192.1
1340000 100.0
1350000 101.5
1360000 197.1
1370000 199.4
1380000 0.0
1390000 98.5
1400000 152.0
1410000 0.0
1420000 100.6
1430000 257.2
1440000 279.2
1450000 107.5
1460000 25.3
1470000 103.1
1480000 288.5
1490000 395.2
1500000 0.8
1510000 99.8
1520000 79.3
1530000 197.6
1540000 100.0
1550000 86.5
1560000 289.3
1570000 93.2
1580000 281.3
1590000 396.9
1600000 100.0
1610000 200.4
1620000 492.3
1630000 108.3
1640000 278.9
1650000 198.1
1660000 483.9
1670000 98.2
1680000 102.7
1690000 97.0
1700000 195.0
1710000 187.6
1720000 100.9
1730000 199.2
1740000 97.7
1750000 99.0
1760000 95.7
1770000 4.1
1780000 378.2
1790000 571.6
1800000 253.0
1810000 100.4
1820000 197.8
1830000 202.0
1840000 0.3
1850000 81.6
1860000 194.9
1870000 196.7
1880000 296.5
1890000 200.0
1900000 98.2
1910000 0.0
1920000 0.0
1930000 0.0
1940000 101.5
1950000 1.1
1960000 100.0
1970000 200.0
1980000 102.9
1990000 100.0
2000000 100.0
