5000 19.7
10000 31.3
15000 24.0
20000 30.0
25000 29.7
30000 25.5
35000 22.4
40000 64.3
45000 46.4
50000 49.3
55000 84.6
60000 80.8
65000 90.1
70000 160.2
75000 152.8
80000 176.6
85000 191.7
90000 267.2
95000 453.3
100000 484.3
105000 470.9
110000 542.0
115000 569.4
120000 528.7
125000 622.2
130000 607.4
135000 625.6
140000 617.3
145000 645.4
150000 625.4
155000 624.0
160000 634.1
165000 645.1
170000 652.9
175000 662.1
180000 646.9
185000 646.0
190000 645.2
195000 666.4
200000 668.9
205000 703.0
210000 668.9
215000 684.9
220000 689.2
225000 700.5
230000 683.9
235000 717.7
240000 716.1
245000 715.7
250000 728.0
255000 701.4
260000 711.4
265000 724.0
270000 708.4
275000 736.3
280000 742.1
285000 735.9
290000 753.1
295000 743.4
300000 725.4
305000 748.0
310000 738.3
315000 748.2
320000 733.0
325000 730.9
330000 754.4
335000 764.7
340000 764.2
345000 753.8
350000 750.6
355000 759.9
360000 761.3
365000 735.7
370000 741.3
375000 757.4
380000 752.7
385000 769.1
390000 746.7
395000 769.5
400000 762.1
405000 769.5
410000 766.2
415000 754.6
420000 768.0
425000 766.3
430000 769.7
435000 770.9
440000 764.3
445000 781.6
450000 768.8
455000 778.0
460000 773.6
465000 769.9
470000 748.7
475000 785.9
480000 777.0
485000 782.4
490000 779.1
495000 781.4
500000 786.5
505000 793.2
510000 796.6
515000 769.0
520000 785.0
525000 772.6
530000 785.2
535000 782.0
540000 771.8
545000 773.8
550000 793.2
555000 792.4
560000 785.8
565000 792.5
570000 782.9
575000 777.1
580000 785.4
585000 791.9
590000 791.1
595000 778.7
600000 787.2
605000 802.6
610000 787.4
615000 784.2
620000 801.0
625000 799.6
630000 792.9
635000 797.4
640000 786.1
645000 780.1
650000 807.8
655000 789.0
660000 784.4
665000 791.4
670000 786.4
675000 793.9
680000 797.6
685000 788.5
690000 794.6
695000 790.4
700000 796.7
705000 799.8
710000 799.8
715000 797.3
720000 782.3
725000 810.7
730000 803.7
735000 787.1
740000 785.9
745000 791.4
750000 790.2
755000 797.2
760000 800.2
765000 780.5
770000 792.8
775000 793.7
780000 797.1
785000 802.0
790000 781.5
795000 782.8
800000 788.3
805000 794.4
810000 787.4
815000 808.2
820000 790.1
825000 792.7
830000 806.4
835000 803.3
840000 793.7
845000 780.9
850000 796.6
855000 797.2
860000 790.9
865000 783.2
870000 791.8
875000 799.5
880000 800.5
885000 800.3
890000 803.4
895000 781.5
900000 801.1
905000 803.3
910000 794.2
915000 795.4
920000 785.8
925000 810.0
930000 801.7
935000 800.6
940000 800.9
945000 803.9
950000 806.7
955000 807.4
960000 803.1
965000 805.6
970000 817.6
975000 805.5
980000 822.7
985000 808.6
990000 804.5
995000 806.4
1000000 805.4
1005000 808.1
1010000 809.3
1015000 810.3
1020000 814.6
1025000 805.7
1030000 818.1
1035000 801.1
1040000 805.9
1045000 820.6
1050000 796.1
1055000 822.6
1060000 812.7
1065000 805.0
1070000 819.6
1075000 805.6
1080000 804.0
1085000 816.3
1090000 802.0
1095000 820.7
1100000 810.6
1105000 823.6
1110000 814.8
1115000 820.2
1120000 820.2
1125000 811.6
1130000 817.7
1135000 815.0
1140000 813.5
1145000 825.9
1150000 826.0
1155000 813.3
1160000 816.3
1165000 813.7
1170000 832.3
1175000 814.2
1180000 818.5
1185000 818.2
1190000 810.3
1195000 826.5
1200000 828.8
1205000 820.2
1210000 830.3
1215000 818.2
1220000 831.3
1225000 826.4
1230000 822.3
1235000 826.4
1240000 815.3
1245000 817.6
1250000 835.7
1255000 823.5
1260000 830.5
1265000 832.1
1270000 839.9
1275000 816.7
1280000 823.1
1285000 822.9
1290000 827.8
1295000 826.0
1300000 817.2
1305000 826.4
1310000 830.2
1315000 822.0
1320000 828.7
1325000 835.3
1330000 822.4
1335000 821.5
1340000 828.8
1345000 832.0
1350000 825.2
1355000 824.8
1360000 831.9
1365000 826.8
1370000 830.1
1375000 834.4
1380000 828.1
1385000 836.1
1390000 828.7
1395000 838.6
1400000 812.5
1405000 842.9
1410000 821.9
1415000 820.4
1420000 827.8
1425000 834.0
1430000 837.0
1435000 839.9
1440000 827.5
1445000 841.6
1450000 838.9
1455000 847.5
1460000 828.7
1465000 840.0
1470000 832.2
1475000 834.4
1480000 828.6
1485000 844.1
1490000 834.1
1495000 840.8
1500000 830.7
1505000 836.5
1510000 836.3
1515000 829.6
1520000 833.4
1525000 839.2
1530000 842.2
1535000 838.2
1540000 831.4
1545000 835.2
1550000 849.8
1555000 845.1
1560000 841.8
1565000 827.4
1570000 847.7
1575000 836.1
1580000 830.1
1585000 834.0
1590000 845.7
1595000 840.2
1600000 826.0
1605000 826.2
1610000 846.4
1615000 838.0
1620000 854.6
1625000 851.8
1630000 849.9
1635000 837.4
1640000 848.6
1645000 849.8
1650000 843.0
1655000 847.2
1660000 849.6
1665000 842.9
1670000 838.9
1675000 843.6
1680000 845.6
1685000 848.3
1690000 842.7
1695000 836.2
1700000 842.1
1705000 844.1
1710000 853.3
1715000 836.1
1720000 851.5
1725000 844.1
1730000 852.8
1735000 845.7
1740000 849.7
1745000 770.6
1750000 852.2
1755000 832.0
1760000 852.6
1765000 840.6
1770000 838.2
1775000 845.2
1780000 841.8
1785000 848.2
1790000 830.2
1795000 834.5
1800000 844.0
1805000 852.3
1810000 839.8
1815000 847.9
1820000 846.5
1825000 843.9
1830000 842.9
1835000 847.0
1840000 842.9
1845000 839.7
1850000 848.3
1855000 847.7
1860000 844.8
1865000 849.6
1870000 852.0
1875000 838.8
1880000 846.1
1885000 845.6
1890000 843.8
1895000 852.5
1900000 850.9
1905000 841.4
1910000 847.2
1915000 850.3
1920000 846.5
1925000 841.6
1930000 847.6
1935000 851.1
1940000 856.5
1945000 856.7
1950000 850.5
1955000 840.7
1960000 858.8
1965000 846.4
1970000 858.5
1975000 848.0
1980000 850.0
1985000 856.3
1990000 860.4
1995000 839.5
2000000 852.8
