5000 20.6
10000 25.2
15000 22.3
20000 20.3
25000 24.4
30000 25.6
35000 27.9
40000 32.3
45000 55.0
50000 74.4
55000 56.7
60000 88.7
65000 115.1
70000 124.3
75000 161.5
80000 218.6
85000 297.0
90000 344.3
95000 412.5
100000 401.5
105000 432.3
110000 457.8
115000 483.2
120000 480.4
125000 492.4
130000 505.8
135000 492.3
140000 502.1
145000 505.5
150000 524.6
155000 507.6
160000 521.1
165000 526.8
170000 525.4
175000 536.4
180000 537.0
185000 535.7
190000 535.3
195000 554.5
200000 549.9
205000 549.6
210000 554.2
215000 561.4
220000 564.3
225000 570.6
230000 561.4
235000 568.0
240000 576.6
245000 516.6
250000 568.9
255000 570.7
260000 578.9
265000 582.6
270000 588.7
275000 587.6
280000 600.9
285000 602.8
290000 601.9
295000 607.0
300000 608.4
305000 616.7
310000 628.3
315000 626.8
320000 623.3
325000 641.0
330000 662.3
335000 638.2
340000 654.4
345000 628.2
350000 648.9
355000 665.0
360000 653.9
365000 622.3
370000 666.7
375000 678.2
380000 675.9
385000 670.1
390000 695.3
395000 666.4
400000 691.2
405000 682.5
410000 697.9
415000 678.2
420000 700.0
425000 679.9
430000 692.9
435000 695.1
440000 692.0
445000 703.9
450000 697.2
455000 703.6
460000 698.9
465000 689.6
470000 712.1
475000 704.8
480000 699.3
485000 702.9
490000 702.4
495000 702.5
500000 715.8
505000 721.0
510000 713.0
515000 717.8
520000 714.5
525000 715.5
530000 705.6
535000 717.2
540000 714.8
545000 716.6
550000 713.0
555000 729.1
560000 719.0
565000 722.5
570000 710.7
575000 719.5
580000 724.6
585000 738.1
590000 731.8
595000 736.5
600000 731.6
605000 734.5
610000 740.0
615000 744.2
620000 741.1
625000 729.8
630000 727.9
635000 741.4
640000 739.6
645000 726.3
650000 740.6
655000 727.8
660000 745.6
665000 738.0
670000 728.8
675000 741.4
680000 752.9
685000 752.4
690000 741.3
695000 735.8
700000 751.6
705000 746.4
710000 759.7
715000 746.4
720000 748.8
725000 744.6
730000 758.6
735000 736.3
740000 737.9
745000 753.8
750000 755.2
755000 744.9
760000 743.6
765000 765.9
770000 758.4
775000 759.9
780000 748.6
785000 740.2
790000 749.1
795000 758.0
800000 751.6
805000 750.9
810000 764.7
815000 756.3
820000 745.7
825000 758.6
830000 740.7
835000 756.7
840000 760.8
845000 750.3
850000 762.0
855000 763.2
860000 760.5
865000 765.3
870000 760.4
875000 764.3
880000 755.9
885000 773.0
890000 764.7
895000 765.1
900000 768.1
905000 774.7
910000 769.8
915000 773.1
920000 774.8
925000 764.5
930000 765.6
935000 774.2
940000 774.3
945000 767.6
950000 763.8
955000 760.9
960000 764.2
965000 779.3
970000 757.8
975000 783.1
980000 765.9
985000 770.2
990000 778.6
995000 768.5
1000000 770.8
1005000 766.1
1010000 765.9
1015000 755.1
1020000 781.8
1025000 776.6
1030000 766.4
1035000 772.8
1040000 774.5
1045000 777.2
1050000 765.1
1055000 772.9
1060000 779.6
1065000 776.6
1070000 783.2
1075000 777.1
1080000 774.7
1085000 788.3
1090000 779.7
1095000 776.5
1100000 785.5
1105000 769.1
1110000 782.3
1115000 775.3
1120000 779.3
1125000 788.9
1130000 779.4
1135000 780.3
1140000 761.1
1145000 776.9
1150000 790.4
1155000 783.2
1160000 797.2
1165000 781.4
1170000 788.0
1175000 787.2
1180000 794.7
1185000 785.5
1190000 784.8
1195000 783.1
1200000 786.9
1205000 795.1
1210000 787.1
1215000 798.6
1220000 788.6
1225000 797.2
1230000 790.3
1235000 801.6
1240000 796.6
1245000 801.7
1250000 791.9
1255000 795.5
1260000 798.3
1265000 793.3
1270000 795.7
1275000 789.6
1280000 805.1
1285000 798.2
1290000 795.1
1295000 793.7
1300000 806.4
1305000 804.8
1310000 798.0
1315000 801.2
1320000 794.4
1325000 799.8
1330000 794.2
1335000 806.7
1340000 804.7
1345000 805.0
1350000 781.6
1355000 806.7
1360000 795.3
1365000 814.8
1370000 803.9
1375000 802.5
1380000 802.1
1385000 818.2
1390000 804.5
1395000 817.8
1400000 811.6
1405000 800.1
1410000 813.3
1415000 814.5
1420000 810.5
1425000 820.9
1430000 809.9
1435000 814.0
1440000 812.3
1445000 810.6
1450000 809.4
1455000 815.5
1460000 818.3
1465000 822.0
1470000 812.7
1475000 809.5
1480000 811.9
1485000 816.7
1490000 823.2
1495000 813.9
1500000 821.4
1505000 815.9
1510000 807.9
1515000 812.1
1520000 814.2
1525000 824.5
1530000 810.1
1535000 818.6
1540000 815.9
1545000 816.9
1550000 825.4
1555000 814.8
1560000 821.3
1565000 824.2
1570000 821.3
1575000 820.3
1580000 814.0
1585000 828.6
1590000 822.6
1595000 823.2
1600000 830.0
1605000 818.1
1610000 821.7
1615000 824.2
1620000 834.5
1625000 827.5
1630000 820.8
1635000 833.8
1640000 836.1
1645000 759.2
1650000 833.2
1655000 835.1
1660000 836.6
1665000 832.0
1670000 754.5
1675000 830.3
1680000 829.3
1685000 836.1
1690000 835.7
1695000 832.4
1700000 835.2
1705000 839.7
1710000 835.1
1715000 775.9
1720000 747.9
1725000 832.2
1730000 830.7
1735000 744.0
1740000 844.1
1745000 825.5
1750000 837.7
1755000 759.1
1760000 838.4
1765000 831.2
1770000 827.9
1775000 834.8
1780000 828.9
1785000 833.1
1790000 839.3
1795000 836.9
1800000 837.5
1805000 839.4
1810000 836.9
1815000 848.2
1820000 837.2
1825000 833.1
1830000 754.8
1835000 840.5
1840000 838.8
1845000 830.4
1850000 844.3
1855000 844.1
1860000 842.4
1865000 839.8
1870000 836.2
1875000 847.2
1880000 831.1
1885000 833.7
1890000 837.5
1895000 841.6
1900000 838.1
1905000 833.4
1910000 836.7
1915000 846.2
1920000 833.5
1925000 831.1
1930000 827.6
1935000 848.5
1940000 836.1
1945000 837.5
1950000 836.5
1955000 841.9
1960000 845.8
1965000 832.1
1970000 838.5
1975000 807.3
1980000 841.9
1985000 816.2
1990000 832.4
1995000 829.9
2000000 823.4
