5000 20.4
10000 20.7
15000 26.1
20000 22.2
25000 25.2
30000 24.4
35000 25.7
40000 27.3
45000 68.4
50000 64.0
55000 64.0
60000 69.6
65000 69.8
70000 140.6
75000 159.6
80000 257.6
85000 393.5
90000 440.8
95000 473.1
100000 496.9
105000 560.4
110000 558.3
115000 601.4
120000 617.9
125000 617.1
130000 621.8
135000 644.7
140000 645.2
145000 655.6
150000 667.6
155000 679.3
160000 678.2
165000 688.2
170000 700.0
175000 686.7
180000 711.7
185000 696.9
190000 718.6
195000 711.2
200000 716.7
205000 702.1
210000 707.4
215000 709.3
220000 731.9
225000 725.3
230000 739.7
235000 735.3
240000 735.2
245000 735.5
250000 741.1
255000 749.9
260000 742.2
265000 748.9
270000 746.5
275000 752.2
280000 759.6
285000 758.5
290000 763.9
295000 761.1
300000 749.0
305000 770.4
310000 762.1
315000 755.5
320000 767.2
325000 778.3
330000 765.0
335000 781.0
340000 781.0
345000 785.3
350000 780.1
355000 785.3
360000 780.9
365000 784.2
370000 775.8
375000 783.0
380000 785.7
385000 777.8
390000 791.6
395000 793.8
400000 791.3
405000 787.1
410000 778.2
415000 792.8
420000 779.8
425000 789.8
430000 801.4
435000 786.9
440000 793.6
445000 793.9
450000 794.9
455000 787.4
460000 788.9
465000 802.1
470000 795.0
475000 788.5
480000 791.7
485000 793.0
490000 794.6
495000 800.2
500000 796.5
505000 792.6
510000 791.6
515000 796.7
520000 807.9
525000 799.6
530000 801.4
535000 792.9
540000 799.3
545000 800.8
550000 806.7
555000 794.7
560000 810.8
565000 791.7
570000 814.0
575000 806.9
580000 808.7
585000 808.0
590000 805.8
595000 812.7
600000 806.4
605000 800.3
610000 806.4
615000 800.7
620000 808.4
625000 800.4
630000 807.5
635000 803.6
640000 811.2
645000 805.0
650000 809.2
655000 801.4
660000 805.2
665000 796.3
670000 816.3
675000 797.0
680000 804.5
685000 805.6
690000 804.5
695000 808.3
700000 802.3
705000 804.9
710000 799.9
715000 809.4
720000 811.8
725000 807.8
730000 816.8
735000 802.0
740000 806.2
745000 805.0
750000 802.3
755000 815.2
760000 814.1
765000 803.6
770000 820.2
775000 809.6
780000 813.5
785000 791.2
790000 812.2
795000 799.4
800000 803.6
805000 809.4
810000 802.9
815000 812.1
820000 803.8
825000 812.3
830000 817.0
835000 819.3
840000 817.2
845000 813.2
850000 817.8
855000 824.6
860000 807.3
865000 818.2
870000 808.8
875000 823.5
880000 815.9
885000 815.4
890000 821.9
895000 827.4
900000 814.5
905000 822.2
910000 809.8
915000 821.9
920000 812.6
925000 817.8
930000 815.3
935000 820.4
940000 816.0
945000 812.3
950000 820.1
955000 828.9
960000 822.9
965000 813.8
970000 815.9
975000 820.4
980000 810.6
985000 822.5
990000 822.8
995000 820.9
1000000 821.9
1005000 816.5
1010000 815.2
1015000 822.0
1020000 817.3
1025000 817.6
1030000 818.6
1035000 819.6
1040000 821.5
1045000 818.0
1050000 816.0
1055000 830.8
1060000 819.0
1065000 815.7
1070000 814.5
1075000 825.0
1080000 818.8
1085000 822.5
1090000 820.7
1095000 819.9
1100000 825.6
1105000 825.8
1110000 827.6
1115000 827.1
1120000 831.6
1125000 823.5
1130000 825.9
1135000 816.5
1140000 817.4
1145000 821.3
1150000 818.7
1155000 830.4
1160000 824.4
1165000 822.8
1170000 820.2
1175000 823.3
1180000 828.2
1185000 821.5
1190000 825.4
1195000 822.8
1200000 820.2
1205000 829.0
1210000 826.2
1215000 833.3
1220000 835.3
1225000 831.9
1230000 826.3
1235000 823.4
1240000 829.8
1245000 825.3
1250000 831.2
1255000 834.4
1260000 824.4
1265000 829.3
1270000 819.9
1275000 832.4
1280000 827.2
1285000 829.5
1290000 835.8
1295000 819.3
1300000 829.4
1305000 826.2
1310000 832.4
1315000 825.8
1320000 825.7
1325000 838.4
1330000 829.5
1335000 836.4
1340000 833.2
1345000 823.4
1350000 826.7
1355000 833.4
1360000 831.5
1365000 826.4
1370000 833.1
1375000 825.3
1380000 827.5
1385000 825.4
1390000 830.9
1395000 826.0
1400000 836.4
1405000 827.6
1410000 826.5
1415000 832.7
1420000 829.0
1425000 825.5
1430000 830.6
1435000 828.1
1440000 827.7
1445000 831.4
1450000 834.2
1455000 825.6
1460000 827.0
1465000 832.7
1470000 833.5
1475000 837.0
1480000 829.7
1485000 828.8
1490000 832.5
1495000 833.7
1500000 834.1
1505000 839.1
1510000 831.4
1515000 831.4
1520000 832.8
1525000 834.3
1530000 835.2
1535000 847.1
1540000 835.3
1545000 838.5
1550000 838.3
1555000 831.6
1560000 831.6
1565000 831.8
1570000 836.6
1575000 831.6
1580000 829.4
1585000 828.6
1590000 827.6
1595000 831.6
1600000 828.2
1605000 835.4
1610000 835.6
1615000 832.7
1620000 836.9
1625000 832.9
1630000 838.1
1635000 839.7
1640000 835.6
1645000 836.1
1650000 832.6
1655000 839.6
1660000 833.6
1665000 839.4
1670000 836.9
1675000 833.8
1680000 831.4
1685000 835.3
1690000 832.0
1695000 836.1
1700000 830.5
1705000 833.2
1710000 838.4
1715000 834.0
1720000 828.1
1725000 832.2
1730000 831.5
1735000 831.4
1740000 759.6
1745000 839.0
1750000 844.2
1755000 841.3
1760000 837.2
1765000 833.0
1770000 836.3
1775000 839.6
1780000 839.2
1785000 836.8
1790000 837.2
1795000 840.5
1800000 841.7
1805000 838.4
1810000 837.9
1815000 837.1
1820000 840.8
1825000 839.1
1830000 835.6
1835000 842.7
1840000 842.1
1845000 837.7
1850000 831.2
1855000 836.1
1860000 833.9
1865000 841.1
1870000 841.8
1875000 840.4
1880000 840.8
1885000 837.6
1890000 839.8
1895000 834.9
1900000 834.4
1905000 838.0
1910000 838.1
1915000 838.1
1920000 838.6
1925000 836.2
1930000 836.3
1935000 833.1
1940000 840.2
1945000 843.6
1950000 842.0
1955000 839.5
1960000 830.1
1965000 845.2
1970000 831.3
1975000 844.7
1980000 839.8
1985000 841.7
1990000 841.9
1995000 842.4
2000000 843.8
