5000 16.3
10000 24.3
15000 21.2
20000 26.0
25000 27.2
30000 27.9
35000 30.3
40000 38.1
45000 60.3
50000 32.1
55000 81.3
60000 72.6
65000 76.8
70000 133.0
75000 201.2
80000 154.6
85000 327.0
90000 416.4
95000 430.9
100000 472.5
105000 501.9
110000 522.5
115000 520.4
120000 524.6
125000 532.0
130000 549.6
135000 559.5
140000 576.1
145000 582.6
150000 587.4
155000 610.9
160000 634.7
165000 646.6
170000 619.7
175000 640.1
180000 650.8
185000 644.0
190000 649.7
195000 655.1
200000 660.0
205000 659.5
210000 661.2
215000 655.9
220000 656.8
225000 669.1
230000 658.1
235000 670.8
240000 668.5
245000 674.2
250000 674.5
255000 671.4
260000 685.9
265000 687.0
270000 682.4
275000 682.0
280000 670.8
285000 614.0
290000 670.7
295000 684.6
300000 676.5
305000 676.1
310000 686.4
315000 696.2
320000 689.7
325000 698.7
330000 689.8
335000 682.6
340000 691.1
345000 680.7
350000 692.6
355000 696.5
360000 703.8
365000 705.9
370000 706.8
375000 699.1
380000 709.4
385000 711.6
390000 710.0
395000 715.1
400000 705.6
405000 714.3
410000 707.1
415000 719.2
420000 716.5
425000 715.3
430000 704.9
435000 714.8
440000 726.0
445000 712.9
450000 710.0
455000 715.3
460000 722.9
465000 715.5
470000 726.2
475000 718.7
480000 721.9
485000 721.5
490000 720.0
495000 729.1
500000 727.5
505000 721.0
510000 731.1
515000 726.5
520000 739.1
525000 721.9
530000 739.8
535000 723.4
540000 735.0
545000 735.6
550000 714.3
555000 739.4
560000 727.1
565000 725.9
570000 737.1
575000 734.6
580000 726.9
585000 727.5
590000 743.1
595000 742.0
600000 728.8
605000 738.9
610000 731.2
615000 743.7
620000 749.9
625000 728.5
630000 742.6
635000 734.3
640000 738.3
645000 739.6
650000 738.5
655000 753.3
660000 739.3
665000 754.8
670000 751.5
675000 747.4
680000 749.0
685000 752.3
690000 761.1
695000 746.7
700000 750.9
705000 746.8
710000 751.7
715000 753.2
720000 759.1
725000 759.8
730000 753.3
735000 766.6
740000 754.5
745000 753.3
750000 760.6
755000 757.5
760000 753.5
765000 760.8
770000 765.2
775000 752.3
780000 761.2
785000 753.5
790000 754.6
795000 761.2
800000 770.7
805000 756.3
810000 748.6
815000 760.1
820000 761.1
825000 767.6
830000 761.0
835000 766.1
840000 761.1
845000 755.1
850000 773.5
855000 764.9
860000 764.6
865000 769.2
870000 768.5
875000 769.9
880000 769.4
885000 766.6
890000 778.6
895000 779.9
900000 772.5
905000 779.8
910000 784.2
915000 772.5
920000 765.3
925000 779.2
930000 767.5
935000 773.9
940000 774.0
945000 787.0
950000 772.3
955000 775.3
960000 777.7
965000 770.0
970000 778.9
975000 768.6
980000 782.0
985000 777.6
990000 772.9
995000 771.7
1000000 779.7
1005000 788.1
1010000 790.0
1015000 787.7
1020000 791.9
1025000 789.8
1030000 788.7
1035000 780.8
1040000 788.8
1045000 782.3
1050000 784.0
1055000 786.5
1060000 786.2
1065000 790.5
1070000 781.6
1075000 792.5
1080000 787.0
1085000 797.0
1090000 793.3
1095000 786.3
1100000 792.6
1105000 796.3
1110000 792.7
1115000 789.5
1120000 785.7
1125000 796.3
1130000 792.3
1135000 794.7
1140000 791.2
1145000 792.9
1150000 796.0
1155000 793.1
1160000 797.1
1165000 804.3
1170000 795.3
1175000 786.4
1180000 793.6
1185000 792.0
1190000 795.6
1195000 798.1
1200000 796.3
1205000 789.0
1210000 793.0
1215000 795.1
1220000 791.1
1225000 805.0
1230000 800.8
1235000 796.9
1240000 805.0
1245000 794.1
1250000 800.6
1255000 802.2
1260000 796.8
1265000 798.8
1270000 796.4
1275000 799.6
1280000 794.9
1285000 799.6
1290000 802.7
1295000 795.9
1300000 793.8
1305000 799.1
1310000 807.8
1315000 809.9
1320000 789.4
1325000 799.5
1330000 805.8
1335000 809.4
1340000 796.6
1345000 804.2
1350000 799.0
1355000 811.2
1360000 808.6
1365000 811.1
1370000 802.7
1375000 818.1
1380000 811.0
1385000 810.7
1390000 804.2
1395000 807.4
1400000 816.4
1405000 813.7
1410000 809.5
1415000 816.8
1420000 818.9
1425000 809.1
1430000 815.4
1435000 813.0
1440000 812.9
1445000 801.1
1450000 816.1
1455000 800.9
1460000 808.3
1465000 814.0
1470000 810.7
1475000 817.3
1480000 821.1
1485000 815.2
1490000 817.3
1495000 820.1
1500000 811.4
1505000 821.7
1510000 818.5
1515000 811.3
1520000 815.4
1525000 817.5
1530000 810.6
1535000 818.8
1540000 819.3
1545000 816.9
1550000 818.3
1555000 817.2
1560000 818.4
1565000 813.5
1570000 813.3
1575000 817.2
1580000 820.6
1585000 811.8
1590000 814.8
1595000 825.1
1600000 813.8
1605000 823.1
1610000 823.3
1615000 821.8
1620000 826.2
1625000 819.2
1630000 823.9
1635000 815.2
1640000 820.3
1645000 811.1
1650000 824.5
1655000 825.9
1660000 819.7
1665000 821.2
1670000 822.7
1675000 820.9
1680000 819.2
1685000 818.8
1690000 820.8
1695000 825.2
1700000 824.0
1705000 827.4
1710000 822.0
1715000 817.1
1720000 823.1
1725000 826.3
1730000 817.6
1735000 825.5
1740000 824.4
1745000 831.4
1750000 817.3
1755000 829.1
1760000 823.0
1765000 823.5
1770000 817.1
1775000 826.7
1780000 825.7
1785000 822.4
1790000 824.2
1795000 823.4
1800000 819.8
1805000 822.9
1810000 823.4
1815000 825.9
1820000 827.1
1825000 826.7
1830000 817.5
1835000 828.1
1840000 829.8
1845000 830.1
1850000 831.4
1855000 815.3
1860000 821.8
1865000 827.3
1870000 824.1
1875000 825.3
1880000 827.9
1885000 827.3
1890000 833.0
1895000 827.2
1900000 828.4
1905000 827.7
1910000 824.5
1915000 825.8
1920000 830.1
1925000 832.8
1930000 829.9
1935000 829.7
1940000 829.1
1945000 825.0
1950000 834.1
1955000 835.1
1960000 825.2
1965000 828.9
1970000 827.9
1975000 822.0
1980000 829.1
1985000 832.7
1990000 829.6
1995000 832.9
2000000 834.6
