5000 16.2
10000 31.1
15000 24.0
20000 19.3
25000 22.9
30000 29.5
35000 29.2
40000 33.3
45000 60.1
50000 137.6
55000 80.3
60000 124.9
65000 73.3
70000 160.2
75000 154.8
80000 141.3
85000 175.4
90000 207.3
95000 224.5
100000 230.3
105000 245.8
110000 275.6
115000 294.3
120000 275.9
125000 310.7
130000 304.9
135000 350.8
140000 356.5
145000 390.9
150000 412.4
155000 424.0
160000 451.9
165000 474.1
170000 485.6
175000 464.4
180000 466.5
185000 494.0
190000 515.3
195000 499.8
200000 558.3
205000 566.7
210000 577.0
215000 600.4
220000 578.5
225000 621.0
230000 611.6
235000 606.7
240000 636.7
245000 654.2
250000 643.2
255000 659.3
260000 668.9
265000 662.4
270000 689.0
275000 681.1
280000 671.3
285000 683.9
290000 702.9
295000 707.8
300000 703.9
305000 702.9
310000 712.4
315000 702.6
320000 706.9
325000 713.4
330000 708.8
335000 717.0
340000 683.5
345000 710.5
350000 741.8
355000 744.6
360000 730.3
365000 726.5
370000 740.5
375000 679.5
380000 758.3
385000 756.8
390000 750.4
395000 757.8
400000 738.6
405000 737.2
410000 731.4
415000 772.3
420000 752.0
425000 754.8
430000 764.7
435000 744.4
440000 745.1
445000 779.3
450000 767.9
455000 754.4
460000 769.3
465000 772.7
470000 768.6
475000 766.6
480000 765.4
485000 757.3
490000 774.5
495000 776.4
500000 759.7
505000 769.7
510000 764.5
515000 790.7
520000 780.6
525000 777.8
530000 776.6
535000 774.9
540000 781.4
545000 767.8
550000 785.4
555000 782.4
560000 785.4
565000 784.9
570000 778.6
575000 785.0
580000 781.0
585000 786.4
590000 781.0
595000 787.9
600000 797.1
605000 785.6
610000 790.7
615000 777.1
620000 784.6
625000 779.7
630000 787.0
635000 800.1
640000 790.3
645000 791.3
650000 789.7
655000 791.2
660000 789.5
665000 782.1
670000 788.3
675000 785.7
680000 783.5
685000 810.3
690000 791.6
695000 798.3
700000 796.5
705000 803.2
710000 794.3
715000 797.1
720000 796.2
725000 792.8
730000 801.3
735000 806.8
740000 810.7
745000 798.2
750000 806.1
755000 796.2
760000 807.6
765000 800.6
770000 804.1
775000 808.0
780000 800.8
785000 721.6
790000 805.4
795000 805.0
800000 793.6
805000 804.0
810000 796.7
815000 802.6
820000 807.3
825000 806.3
830000 810.4
835000 800.7
840000 812.1
845000 808.3
850000 815.4
855000 808.6
860000 800.4
865000 813.3
870000 814.7
875000 814.7
880000 800.4
885000 802.5
890000 813.9
895000 811.8
900000 813.9
905000 809.9
910000 817.5
915000 811.1
920000 806.9
925000 819.0
930000 815.4
935000 817.6
940000 818.4
945000 817.4
950000 805.7
955000 813.2
960000 801.1
965000 814.0
970000 822.8
975000 812.2
980000 817.8
985000 814.0
990000 816.5
995000 825.3
1000000 801.8
1005000 805.1
1010000 808.6
1015000 802.7
1020000 819.3
1025000 815.7
1030000 807.9
1035000 809.3
1040000 816.8
1045000 816.8
1050000 738.6
1055000 815.5
1060000 814.7
1065000 816.9
1070000 806.4
1075000 814.8
1080000 817.4
1085000 823.1
1090000 811.5
1095000 808.1
1100000 812.8
1105000 817.0
1110000 811.2
1115000 823.1
1120000 819.2
1125000 814.9
1130000 813.9
1135000 816.4
1140000 815.8
1145000 817.2
1150000 818.4
1155000 818.4
1160000 816.1
1165000 819.2
1170000 823.9
1175000 828.5
1180000 827.8
1185000 822.3
1190000 818.8
1195000 820.3
1200000 820.0
1205000 828.9
1210000 818.2
1215000 822.5
1220000 820.1
1225000 818.2
1230000 820.2
1235000 819.8
1240000 826.8
1245000 831.5
1250000 823.7
1255000 822.6
1260000 827.0
1265000 825.9
1270000 816.5
1275000 819.9
1280000 824.2
1285000 828.6
1290000 835.7
1295000 823.1
1300000 829.5
1305000 824.4
1310000 831.1
1315000 828.2
1320000 812.6
1325000 827.1
1330000 820.2
1335000 826.1
1340000 821.8
1345000 829.4
1350000 828.5
1355000 823.2
1360000 819.6
1365000 831.8
1370000 830.3
1375000 824.4
1380000 828.4
1385000 820.8
1390000 829.8
1395000 829.1
1400000 822.8
1405000 829.0
1410000 828.6
1415000 831.5
1420000 825.3
1425000 828.6
1430000 836.5
1435000 827.2
1440000 822.4
1445000 828.5
1450000 829.6
1455000 830.5
1460000 826.8
1465000 836.6
1470000 827.9
1475000 829.1
1480000 823.3
1485000 829.4
1490000 833.4
1495000 839.1
1500000 827.3
1505000 833.7
1510000 831.4
1515000 829.0
1520000 834.7
1525000 838.4
1530000 832.5
1535000 840.5
1540000 832.2
1545000 829.1
1550000 835.2
1555000 837.7
1560000 832.3
1565000 826.4
1570000 834.5
1575000 832.2
1580000 833.6
1585000 834.4
1590000 834.8
1595000 830.8
1600000 832.0
1605000 839.3
1610000 832.0
1615000 837.5
1620000 836.8
1625000 826.6
1630000 834.6
1635000 837.1
1640000 835.1
1645000 833.5
1650000 841.2
1655000 829.8
1660000 837.6
1665000 840.4
1670000 833.6
1675000 833.6
1680000 824.9
1685000 839.2
1690000 830.4
1695000 834.8
1700000 836.6
1705000 837.0
1710000 831.9
1715000 838.0
1720000 835.5
1725000 836.2
1730000 829.9
1735000 832.6
1740000 836.0
1745000 834.6
1750000 837.9
1755000 841.1
1760000 834.2
1765000 839.9
1770000 840.7
1775000 836.3
1780000 828.5
1785000 829.4
1790000 837.5
1795000 834.9
1800000 836.8
1805000 838.3
1810000 831.3
1815000 836.2
1820000 839.2
1825000 834.3
1830000 833.5
1835000 836.3
1840000 836.0
1845000 843.2
1850000 835.8
1855000 834.3
1860000 839.8
1865000 843.8
1870000 841.5
1875000 837.1
1880000 833.4
1885000 839.4
1890000 842.8
1895000 833.9
1900000 838.8
1905000 836.3
1910000 841.3
1915000 844.3
1920000 842.4
1925000 836.7
1930000 840.9
1935000 836.8
1940000 843.4
1945000 838.9
1950000 831.8
1955000 840.2
1960000 836.7
1965000 832.0
1970000 845.4
1975000 835.6
1980000 839.2
1985000 842.1
1990000 832.2
1995000 837.7
2000000 842.3
