5000 22.5
10000 26.2
15000 22.3
20000 20.2
25000 30.5
30000 20.7
35000 23.8
40000 42.7
45000 38.3
50000 57.6
55000 59.3
60000 63.9
65000 128.7
70000 156.1
75000 217.1
80000 281.3
85000 304.4
90000 413.4
95000 478.9
100000 505.6
105000 540.9
110000 587.1
115000 583.0
120000 599.8
125000 615.9
130000 620.7
135000 624.0
140000 625.4
145000 640.3
150000 640.5
155000 630.9
160000 632.6
165000 652.7
170000 645.7
175000 651.3
180000 651.9
185000 651.6
190000 659.3
195000 666.8
200000 664.1
205000 658.4
210000 664.4
215000 669.4
220000 667.9
225000 685.4
230000 675.9
235000 671.9
240000 678.5
245000 687.9
250000 668.6
255000 675.3
260000 684.2
265000 685.9
270000 688.6
275000 682.3
280000 681.2
285000 705.4
290000 704.3
295000 700.2
300000 692.8
305000 698.6
310000 699.8
315000 703.1
320000 694.5
325000 714.7
330000 709.6
335000 714.1
340000 714.9
345000 718.8
350000 719.1
355000 711.1
360000 726.6
365000 721.9
370000 719.0
375000 727.1
380000 704.3
385000 720.4
390000 723.7
395000 729.3
400000 723.4
405000 721.8
410000 716.4
415000 725.4
420000 726.0
425000 728.1
430000 735.2
435000 738.5
440000 732.2
445000 717.5
450000 742.0
455000 730.7
460000 742.7
465000 743.3
470000 736.1
475000 740.8
480000 741.2
485000 745.8
490000 739.7
495000 746.3
500000 757.5
505000 753.9
510000 756.0
515000 738.9
520000 735.6
525000 746.7
530000 750.2
535000 747.9
540000 754.4
545000 749.5
550000 753.1
555000 746.0
560000 745.6
565000 751.6
570000 751.5
575000 753.4
580000 758.2
585000 760.7
590000 759.4
595000 761.3
600000 759.1
605000 759.2
610000 769.5
615000 760.9
620000 757.7
625000 766.0
630000 771.5
635000 765.4
640000 771.1
645000 763.6
650000 769.7
655000 769.0
660000 767.9
665000 773.4
670000 756.6
675000 765.4
680000 762.0
685000 786.7
690000 765.9
695000 769.9
700000 757.3
705000 772.1
710000 773.4
715000 771.5
720000 767.6
725000 763.0
730000 778.7
735000 779.3
740000 780.7
745000 782.3
750000 791.0
755000 780.4
760000 782.6
765000 788.8
770000 789.9
775000 775.0
780000 790.9
785000 787.8
790000 793.5
795000 794.7
800000 783.1
805000 790.2
810000 778.1
815000 784.0
820000 796.0
825000 792.3
830000 780.3
835000 794.1
840000 792.4
845000 782.2
850000 776.1
855000 790.9
860000 789.9
865000 792.7
870000 787.5
875000 783.8
880000 795.7
885000 789.7
890000 782.2
895000 796.5
900000 796.0
905000 797.1
910000 797.6
915000 785.5
920000 786.8
925000 805.5
930000 790.4
935000 803.7
940000 806.2
945000 802.2
950000 800.9
955000 798.4
960000 793.7
965000 799.4
970000 792.7
975000 802.4
980000 802.4
985000 789.7
990000 796.4
995000 793.5
1000000 798.9
1005000 799.6
1010000 805.1
1015000 793.1
1020000 801.1
1025000 808.8
1030000 808.7
1035000 800.4
1040000 795.1
1045000 808.4
1050000 797.1
1055000 800.9
1060000 810.3
1065000 809.2
1070000 810.6
1075000 808.4
1080000 813.2
1085000 808.2
1090000 804.5
1095000 812.7
1100000 806.5
1105000 807.3
1110000 819.4
1115000 806.6
1120000 815.2
1125000 813.7
1130000 816.4
1135000 826.8
1140000 808.5
1145000 813.7
1150000 821.7
1155000 817.4
1160000 819.5
1165000 828.9
1170000 813.1
1175000 824.0
1180000 822.1
1185000 822.0
1190000 819.5
1195000 826.5
1200000 817.6
1205000 806.0
1210000 815.8
1215000 823.5
1220000 815.9
1225000 823.6
1230000 813.7
1235000 824.7
1240000 835.8
1245000 818.9
1250000 824.4
1255000 813.4
1260000 823.2
1265000 833.1
1270000 827.6
1275000 825.2
1280000 824.7
1285000 827.0
1290000 805.3
1295000 833.7
1300000 829.7
1305000 832.6
1310000 827.1
1315000 822.1
1320000 823.0
1325000 826.5
1330000 837.0
1335000 820.1
1340000 818.3
1345000 822.9
1350000 831.8
1355000 834.3
1360000 838.1
1365000 831.4
1370000 831.3
1375000 825.7
1380000 827.4
1385000 832.1
1390000 837.8
1395000 825.8
1400000 829.7
1405000 836.6
1410000 843.5
1415000 839.9
1420000 825.3
1425000 837.2
1430000 838.6
1435000 824.4
1440000 817.7
1445000 834.4
1450000 832.5
1455000 839.0
1460000 835.0
1465000 837.7
1470000 830.6
1475000 828.0
1480000 831.0
1485000 834.8
1490000 828.1
1495000 835.1
1500000 764.1
1505000 834.7
1510000 832.2
1515000 836.9
1520000 841.0
1525000 834.1
1530000 832.1
1535000 835.1
1540000 838.5
1545000 839.4
1550000 836.0
1555000 843.0
1560000 836.5
1565000 838.2
1570000 843.9
1575000 835.7
1580000 837.7
1585000 840.4
1590000 830.9
1595000 842.0
1600000 841.8
1605000 831.8
1610000 840.9
1615000 836.3
1620000 840.9
1625000 843.9
1630000 833.5
1635000 841.8
1640000 844.6
1645000 840.4
1650000 840.6
1655000 839.4
1660000 844.6
1665000 834.0
1670000 840.3
1675000 824.2
1680000 831.7
1685000 840.1
1690000 761.7
1695000 830.6
1700000 840.2
1705000 846.8
1710000 838.8
1715000 847.0
1720000 844.1
1725000 833.3
1730000 837.6
1735000 848.3
1740000 851.4
1745000 844.9
1750000 846.1
1755000 845.1
1760000 836.3
1765000 836.2
1770000 824.4
1775000 841.5
1780000 841.0
1785000 845.0
1790000 844.6
1795000 835.1
1800000 807.9
1805000 838.1
1810000 833.7
1815000 844.0
1820000 840.5
1825000 836.1
1830000 846.3
1835000 839.6
1840000 762.4
1845000 840.0
1850000 776.6
1855000 843.5
1860000 841.6
1865000 844.1
1870000 838.2
1875000 842.1
1880000 840.5
1885000 830.9
1890000 847.6
1895000 846.0
1900000 835.1
1905000 835.5
1910000 844.9
1915000 848.8
1920000 842.4
1925000 843.5
1930000 844.5
1935000 847.8
1940000 854.0
1945000 843.1
1950000 835.5
1955000 830.6
1960000 851.5
1965000 842.6
1970000 844.8
1975000 837.9
1980000 837.6
1985000 848.9
1990000 848.8
1995000 836.1
2000000 838.9
