5000 22.2
10000 20.0
15000 23.9
20000 26.9
25000 22.3
30000 28.8
35000 25.8
40000 29.7
45000 62.4
50000 69.5
55000 60.3
60000 131.4
65000 117.6
70000 169.6
75000 273.2
80000 334.4
85000 405.8
90000 412.0
95000 474.5
100000 519.5
105000 469.1
110000 591.1
115000 577.1
120000 607.5
125000 618.1
130000 617.9
135000 633.4
140000 624.8
145000 648.9
150000 663.1
155000 659.5
160000 664.2
165000 662.6
170000 666.9
175000 684.6
180000 695.2
185000 679.5
190000 687.4
195000 702.4
200000 689.8
205000 693.1
210000 701.0
215000 705.4
220000 721.8
225000 739.0
230000 729.5
235000 733.3
240000 722.1
245000 732.2
250000 727.0
255000 723.1
260000 720.0
265000 737.0
270000 746.9
275000 738.8
280000 735.1
285000 751.1
290000 737.6
295000 740.4
300000 744.9
305000 746.1
310000 754.8
315000 746.5
320000 740.3
325000 754.0
330000 742.5
335000 755.6
340000 740.4
345000 746.6
350000 752.5
355000 758.5
360000 751.6
365000 760.8
370000 769.7
375000 764.8
380000 767.9
385000 759.9
390000 759.5
395000 760.9
400000 745.8
405000 765.5
410000 769.2
415000 763.5
420000 758.9
425000 769.7
430000 761.0
435000 768.5
440000 765.8
445000 756.8
450000 772.5
455000 773.9
460000 766.0
465000 777.7
470000 788.4
475000 775.4
480000 778.5
485000 779.5
490000 777.6
495000 782.6
500000 775.6
505000 771.8
510000 776.3
515000 774.5
520000 778.1
525000 786.4
530000 773.8
535000 779.9
540000 771.5
545000 778.9
550000 779.8
555000 781.9
560000 786.3
565000 772.8
570000 783.8
575000 784.2
580000 780.4
585000 784.5
590000 781.4
595000 784.5
600000 779.8
605000 778.3
610000 784.2
615000 794.0
620000 781.0
625000 785.7
630000 787.1
635000 796.9
640000 797.7
645000 794.0
650000 794.5
655000 793.4
660000 791.7
665000 793.9
670000 795.3
675000 794.7
680000 783.7
685000 807.7
690000 796.2
695000 798.1
700000 795.9
705000 792.2
710000 789.3
715000 802.6
720000 796.0
725000 795.9
730000 804.7
735000 792.7
740000 803.9
745000 797.4
750000 793.9
755000 803.1
760000 803.4
765000 802.8
770000 801.5
775000 816.1
780000 805.7
785000 797.9
790000 811.8
795000 808.4
800000 810.0
805000 816.9
810000 806.2
815000 807.6
820000 817.7
825000 806.1
830000 820.8
835000 814.6
840000 814.7
845000 810.7
850000 816.4
855000 819.0
860000 809.1
865000 812.9
870000 817.3
875000 816.2
880000 815.9
885000 810.5
890000 813.1
895000 805.6
900000 804.4
905000 814.0
910000 809.5
915000 813.8
920000 810.6
925000 803.2
930000 802.9
935000 825.7
940000 807.2
945000 812.8
950000 815.2
955000 818.7
960000 813.2
965000 810.3
970000 816.9
975000 813.2
980000 808.6
985000 806.0
990000 812.9
995000 815.6
1000000 810.0
1005000 807.9
1010000 822.8
1015000 815.4
1020000 816.7
1025000 816.3
1030000 818.7
1035000 806.6
1040000 815.9
1045000 819.0
1050000 811.2
1055000 808.6
1060000 818.5
1065000 821.5
1070000 814.7
1075000 815.3
1080000 814.1
1085000 819.1
1090000 828.0
1095000 810.5
1100000 821.4
1105000 811.2
1110000 820.9
1115000 815.1
1120000 817.3
1125000 812.8
1130000 817.1
1135000 823.0
1140000 810.6
1145000 822.2
1150000 816.1
1155000 816.8
1160000 823.0
1165000 819.6
1170000 811.5
1175000 824.2
1180000 821.9
1185000 823.2
1190000 819.2
1195000 831.8
1200000 826.1
1205000 828.9
1210000 824.8
1215000 824.0
1220000 806.0
1225000 830.1
1230000 823.8
1235000 819.9
1240000 821.5
1245000 823.3
1250000 822.4
1255000 822.0
1260000 820.3
1265000 825.4
1270000 834.8
1275000 824.3
1280000 823.7
1285000 832.6
1290000 821.9
1295000 825.5
1300000 818.2
1305000 823.0
1310000 825.1
1315000 822.7
1320000 829.5
1325000 826.9
1330000 824.3
1335000 830.5
1340000 816.6
1345000 825.8
1350000 828.0
1355000 830.8
1360000 822.3
1365000 829.9
1370000 829.8
1375000 826.8
1380000 819.3
1385000 829.3
1390000 824.3
1395000 822.6
1400000 832.2
1405000 825.4
1410000 831.9
1415000 823.9
1420000 835.9
1425000 836.2
1430000 832.5
1435000 827.9
1440000 821.1
1445000 830.8
1450000 828.5
1455000 829.6
1460000 830.4
1465000 830.1
1470000 825.6
1475000 837.3
1480000 830.6
1485000 831.6
1490000 830.5
1495000 838.5
1500000 836.7
1505000 833.2
1510000 837.4
1515000 832.7
1520000 833.2
1525000 831.2
1530000 835.7
1535000 832.6
1540000 839.5
1545000 835.4
1550000 830.6
1555000 823.8
1560000 829.9
1565000 830.4
1570000 834.0
1575000 832.2
1580000 835.0
1585000 831.7
1590000 832.4
1595000 828.6
1600000 840.4
1605000 834.7
1610000 828.5
1615000 835.3
1620000 834.9
1625000 831.9
1630000 834.1
1635000 836.1
1640000 836.6
1645000 832.3
1650000 836.1
1655000 834.0
1660000 841.5
1665000 836.6
1670000 834.2
1675000 834.9
1680000 836.0
1685000 833.3
1690000 836.2
1695000 832.6
1700000 836.0
1705000 829.6
1710000 824.9
1715000 840.3
1720000 839.7
1725000 838.0
1730000 836.0
1735000 837.0
1740000 835.0
1745000 837.0
1750000 836.5
1755000 838.2
1760000 832.9
1765000 838.6
1770000 837.9
1775000 834.7
1780000 834.4
1785000 835.9
1790000 840.0
1795000 839.9
1800000 832.5
1805000 840.1
1810000 844.0
1815000 837.7
1820000 825.2
1825000 837.2
1830000 834.2
1835000 833.6
1840000 837.4
1845000 835.6
1850000 831.3
1855000 831.5
1860000 833.2
1865000 842.3
1870000 834.8
1875000 833.3
1880000 838.6
1885000 842.9
1890000 838.4
1895000 833.8
1900000 829.6
1905000 836.7
1910000 837.1
1915000 834.2
1920000 831.2
1925000 828.1
1930000 842.6
1935000 838.6
1940000 833.7
1945000 839.0
1950000 832.6
1955000 834.5
1960000 835.9
1965000 844.2
1970000 833.2
1975000 824.1
1980000 834.1
1985000 838.3
1990000 840.3
1995000 837.4
2000000 838.3
