5000 15.8
10000 16.8
15000 28.5
20000 28.5
25000 25.1
30000 27.2
35000 34.5
40000 35.2
45000 41.5
50000 42.9
55000 52.0
60000 59.7
65000 37.6
70000 37.6
75000 113.5
80000 132.2
85000 202.8
90000 253.2
95000 291.8
100000 320.5
105000 399.2
110000 408.4
115000 365.7
120000 421.9
125000 441.3
130000 468.8
135000 470.4
140000 497.5
145000 530.9
150000 562.2
155000 560.5
160000 579.9
165000 608.4
170000 589.9
175000 618.9
180000 637.5
185000 645.0
190000 646.9
195000 609.4
200000 657.8
205000 646.3
210000 652.6
215000 665.3
220000 648.6
225000 690.4
230000 673.4
235000 670.9
240000 688.7
245000 693.5
250000 704.8
255000 699.5
260000 714.1
265000 712.9
270000 707.7
275000 703.5
280000 688.7
285000 682.2
290000 730.4
295000 716.4
300000 709.2
305000 736.3
310000 739.9
315000 741.5
320000 745.0
325000 736.7
330000 753.3
335000 744.2
340000 749.3
345000 735.2
350000 750.1
355000 752.4
360000 739.9
365000 756.1
370000 751.4
375000 752.2
380000 760.1
385000 752.2
390000 754.3
395000 751.3
400000 765.4
405000 755.4
410000 749.4
415000 756.1
420000 762.3
425000 768.2
430000 774.7
435000 752.0
440000 765.4
445000 778.3
450000 761.4
455000 763.2
460000 770.8
465000 754.5
470000 773.6
475000 777.2
480000 764.5
485000 772.4
490000 766.8
495000 770.5
500000 774.4
505000 762.1
510000 772.4
515000 764.6
520000 754.7
525000 770.3
530000 770.8
535000 774.6
540000 781.2
545000 774.7
550000 774.0
555000 774.3
560000 795.5
565000 787.5
570000 793.5
575000 774.6
580000 786.2
585000 774.0
590000 768.4
595000 786.9
600000 781.7
605000 802.0
610000 783.2
615000 791.8
620000 796.1
625000 789.7
630000 790.9
635000 775.8
640000 797.8
645000 789.9
650000 801.0
655000 789.7
660000 799.5
665000 799.1
670000 801.8
675000 789.2
680000 793.9
685000 798.1
690000 798.2
695000 798.9
700000 801.0
705000 794.5
710000 797.3
715000 797.3
720000 806.9
725000 792.8
730000 797.5
735000 795.5
740000 800.2
745000 804.1
750000 790.1
755000 796.9
760000 791.8
765000 809.1
770000 813.0
775000 793.9
780000 801.9
785000 802.0
790000 811.7
795000 799.3
800000 812.5
805000 815.0
810000 806.1
815000 808.7
820000 803.2
825000 812.4
830000 814.2
835000 800.9
840000 802.0
845000 820.2
850000 809.9
855000 793.5
860000 806.9
865000 813.7
870000 801.2
875000 815.1
880000 799.5
885000 794.4
890000 807.0
895000 804.4
900000 803.6
905000 813.6
910000 802.9
915000 805.4
920000 814.6
925000 802.4
930000 816.2
935000 809.3
940000 809.8
945000 805.0
950000 806.5
955000 813.8
960000 816.8
965000 818.0
970000 816.8
975000 808.8
980000 810.8
985000 806.7
990000 819.6
995000 805.6
1000000 809.1
1005000 810.1
1010000 812.2
1015000 814.2
1020000 805.4
1025000 815.6
1030000 808.8
1035000 809.7
1040000 810.8
1045000 812.5
1050000 818.1
1055000 809.1
1060000 812.5
1065000 816.6
1070000 823.6
1075000 815.3
1080000 810.2
1085000 821.9
1090000 821.4
1095000 817.1
1100000 813.1
1105000 820.5
1110000 816.2
1115000 822.2
1120000 819.1
1125000 818.5
1130000 812.9
1135000 815.1
1140000 817.7
1145000 812.5
1150000 825.1
1155000 821.2
1160000 829.7
1165000 828.0
1170000 821.8
1175000 830.1
1180000 825.2
1185000 823.9
1190000 817.5
1195000 816.3
1200000 826.0
1205000 822.2
1210000 823.8
1215000 826.1
1220000 832.8
1225000 824.5
1230000 824.1
1235000 826.0
1240000 826.2
1245000 830.2
1250000 825.7
1255000 816.3
1260000 824.6
1265000 831.8
1270000 826.4
1275000 819.4
1280000 829.5
1285000 822.5
1290000 832.9
1295000 825.3
1300000 828.6
1305000 825.8
1310000 827.2
1315000 829.5
1320000 821.0
1325000 822.6
1330000 826.3
1335000 821.8
1340000 830.3
1345000 829.4
1350000 826.3
1355000 829.5
1360000 829.3
1365000 827.9
1370000 825.1
1375000 825.7
1380000 832.4
1385000 827.7
1390000 831.1
1395000 841.2
1400000 827.4
1405000 824.3
1410000 828.6
1415000 831.9
1420000 836.1
1425000 823.4
1430000 827.8
1435000 834.5
1440000 832.6
1445000 834.8
1450000 835.4
1455000 828.0
1460000 831.2
1465000 833.4
1470000 833.4
1475000 836.8
1480000 832.7
1485000 840.6
1490000 840.0
1495000 837.9
1500000 832.0
1505000 829.6
1510000 834.9
1515000 832.1
1520000 837.3
1525000 832.1
1530000 838.8
1535000 831.0
1540000 836.1
1545000 836.1
1550000 836.6
1555000 831.1
1560000 836.8
1565000 844.1
1570000 825.0
1575000 834.4
1580000 837.0
1585000 830.2
1590000 839.5
1595000 834.5
1600000 834.3
1605000 843.2
1610000 846.8
1615000 834.5
1620000 822.8
1625000 841.3
1630000 836.2
1635000 836.8
1640000 843.1
1645000 841.4
1650000 833.4
1655000 834.3
1660000 835.1
1665000 834.5
1670000 832.3
1675000 842.2
1680000 838.2
1685000 837.3
1690000 835.4
1695000 837.3
1700000 837.6
1705000 839.3
1710000 841.2
1715000 832.4
1720000 843.0
1725000 841.0
1730000 831.6
1735000 841.4
1740000 843.4
1745000 832.9
1750000 839.8
1755000 818.9
1760000 846.6
1765000 841.6
1770000 835.9
1775000 838.5
1780000 840.5
1785000 841.9
1790000 843.3
1795000 841.6
1800000 847.1
1805000 839.3
1810000 843.1
1815000 843.5
1820000 832.8
1825000 839.8
1830000 843.0
1835000 842.2
1840000 835.8
1845000 840.9
1850000 836.7
1855000 837.1
1860000 831.8
1865000 837.7
1870000 841.6
1875000 843.2
1880000 834.4
1885000 829.8
1890000 840.4
1895000 837.7
1900000 833.6
1905000 837.9
1910000 841.1
1915000 840.4
1920000 839.0
1925000 838.9
1930000 844.8
1935000 843.9
1940000 845.8
1945000 845.3
1950000 846.0
1955000 836.2
1960000 839.0
1965000 842.7
1970000 843.0
1975000 842.1
1980000 835.6
1985000 839.5
1990000 832.6
1995000 833.5
2000000 832.5
