5000 28.3
10000 24.7
15000 26.3
20000 26.4
25000 26.8
30000 22.3
35000 22.4
40000 43.1
45000 31.2
50000 51.9
55000 43.4
60000 39.8
65000 86.3
70000 117.1
75000 143.6
80000 209.5
85000 298.1
90000 328.6
95000 388.0
100000 407.1
105000 437.9
110000 454.8
115000 497.0
120000 519.7
125000 533.0
130000 563.3
135000 577.6
140000 570.0
145000 580.7
150000 569.6
155000 602.2
160000 593.2
165000 606.8
170000 578.5
175000 598.9
180000 565.1
185000 614.4
190000 621.6
195000 626.9
200000 610.0
205000 614.3
210000 633.5
215000 612.1
220000 632.1
225000 640.3
230000 640.9
235000 656.2
240000 585.1
245000 655.6
250000 650.6
255000 651.1
260000 658.9
265000 652.2
270000 642.2
275000 655.2
280000 652.3
285000 647.7
290000 652.1
295000 662.4
300000 658.3
305000 659.8
310000 658.4
315000 658.4
320000 668.2
325000 662.2
330000 665.2
335000 659.7
340000 663.1
345000 681.0
350000 676.2
355000 653.3
360000 665.3
365000 667.6
370000 671.4
375000 676.3
380000 677.3
385000 678.1
390000 686.1
395000 684.4
400000 682.2
405000 687.8
410000 684.9
415000 675.4
420000 686.9
425000 677.3
430000 693.3
435000 683.9
440000 678.8
445000 696.1
450000 689.1
455000 690.7
460000 691.4
465000 692.1
470000 700.5
475000 699.3
480000 702.7
485000 705.2
490000 690.2
495000 701.5
500000 702.8
505000 701.3
510000 705.6
515000 705.3
520000 700.4
525000 708.5
530000 705.2
535000 705.3
540000 695.3
545000 704.3
550000 710.5
555000 704.5
560000 703.5
565000 700.3
570000 722.7
575000 716.0
580000 705.6
585000 708.4
590000 708.3
595000 708.7
600000 715.2
605000 711.6
610000 718.5
615000 711.9
620000 709.3
625000 719.2
630000 713.5
635000 720.1
640000 709.2
645000 716.6
650000 726.4
655000 709.5
660000 730.9
665000 724.1
670000 720.1
675000 730.9
680000 722.0
685000 723.4
690000 727.9
695000 723.9
700000 729.3
705000 730.2
710000 729.0
715000 724.7
720000 727.2
725000 726.5
730000 733.5
735000 737.0
740000 729.7
745000 721.3
750000 729.8
755000 728.5
760000 735.1
765000 736.6
770000 739.4
775000 738.4
780000 729.3
785000 736.2
790000 734.4
795000 732.1
800000 736.9
805000 744.9
810000 742.8
815000 737.6
820000 736.0
825000 734.0
830000 732.6
835000 744.5
840000 738.0
845000 748.4
850000 744.7
855000 739.5
860000 735.1
865000 749.5
870000 738.6
875000 745.0
880000 745.2
885000 744.1
890000 759.0
895000 753.3
900000 755.0
905000 746.0
910000 751.1
915000 756.1
920000 733.0
925000 750.3
930000 740.2
935000 755.4
940000 747.4
945000 746.7
950000 748.7
955000 761.5
960000 757.1
965000 755.8
970000 756.5
975000 763.3
980000 755.9
985000 764.7
990000 758.9
995000 759.2
1000000 749.8
1005000 754.0
1010000 758.2
1015000 759.7
1020000 756.9
1025000 754.3
1030000 764.0
1035000 766.6
1040000 770.1
1045000 762.0
1050000 765.8
1055000 759.5
1060000 769.1
1065000 761.9
1070000 767.8
1075000 766.7
1080000 767.7
1085000 763.0
1090000 765.0
1095000 772.0
1100000 763.8
1105000 772.5
1110000 773.7
1115000 766.1
1120000 773.1
1125000 765.0
1130000 771.8
1135000 771.9
1140000 765.3
1145000 769.5
1150000 775.7
1155000 773.2
1160000 779.8
1165000 777.2
1170000 772.5
1175000 772.5
1180000 774.2
1185000 780.9
1190000 781.3
1195000 773.2
1200000 778.8
1205000 786.7
1210000 781.1
1215000 786.3
1220000 785.9
1225000 779.6
1230000 783.6
1235000 781.6
1240000 774.7
1245000 781.2
1250000 773.4
1255000 776.5
1260000 795.2
1265000 782.8
1270000 784.7
1275000 788.8
1280000 785.7
1285000 779.6
1290000 791.4
1295000 786.5
1300000 784.9
1305000 785.8
1310000 788.2
1315000 785.0
1320000 790.6
1325000 789.1
1330000 784.6
1335000 788.7
1340000 795.4
1345000 782.9
1350000 797.3
1355000 800.1
1360000 792.9
1365000 791.4
1370000 799.4
1375000 789.9
1380000 789.2
1385000 721.7
1390000 799.8
1395000 791.7
1400000 794.8
1405000 795.1
1410000 798.7
1415000 793.2
1420000 784.2
1425000 793.1
1430000 792.8
1435000 786.1
1440000 798.2
1445000 722.6
1450000 798.0
1455000 793.7
1460000 786.9
1465000 792.8
1470000 798.3
1475000 797.3
1480000 797.7
1485000 797.3
1490000 793.7
1495000 805.1
1500000 795.0
1505000 799.2
1510000 796.7
1515000 804.4
1520000 798.6
1525000 800.8
1530000 794.3
1535000 804.8
1540000 795.1
1545000 808.7
1550000 797.6
1555000 820.8
1560000 803.3
1565000 799.2
1570000 811.3
1575000 795.1
1580000 804.6
1585000 804.5
1590000 808.8
1595000 810.2
1600000 816.8
1605000 816.3
1610000 813.5
1615000 820.6
1620000 815.1
1625000 816.5
1630000 808.4
1635000 809.3
1640000 813.5
1645000 821.5
1650000 811.8
1655000 814.2
1660000 814.9
1665000 813.6
1670000 815.5
1675000 812.4
1680000 814.8
1685000 829.0
1690000 818.5
1695000 825.1
1700000 809.9
1705000 814.6
1710000 812.7
1715000 817.2
1720000 809.4
1725000 822.1
1730000 823.0
1735000 815.9
1740000 819.6
1745000 814.2
1750000 813.0
1755000 810.6
1760000 820.8
1765000 822.6
1770000 824.6
1775000 824.1
1780000 823.6
1785000 825.4
1790000 822.3
1795000 828.3
1800000 832.3
1805000 818.3
1810000 819.6
1815000 827.1
1820000 828.0
1825000 826.2
1830000 821.5
1835000 821.5
1840000 825.3
1845000 822.0
1850000 832.5
1855000 823.7
1860000 824.8
1865000 837.5
1870000 829.7
1875000 826.1
1880000 820.9
1885000 829.0
1890000 831.6
1895000 829.8
1900000 830.5
1905000 831.9
1910000 828.2
1915000 827.1
1920000 826.3
1925000 829.7
1930000 826.6
1935000 835.5
1940000 832.2
1945000 835.0
1950000 834.4
1955000 840.5
1960000 831.4
1965000 828.6
1970000 837.5
1975000 837.8
1980000 828.8
1985000 828.0
1990000 831.6
1995000 822.4
2000000 829.3
