5000 24.8
10000 22.5
15000 23.0
20000 26.4
25000 23.7
30000 22.5
35000 37.0
40000 18.0
45000 49.9
50000 47.2
55000 68.3
60000 82.2
65000 142.0
70000 190.9
75000 290.7
80000 347.4
85000 397.3
90000 447.4
95000 462.9
100000 522.7
105000 513.3
110000 573.9
115000 563.2
120000 599.3
125000 577.2
130000 567.1
135000 578.8
140000 591.8
145000 626.5
150000 611.5
155000 628.3
160000 630.3
165000 641.0
170000 644.4
175000 632.4
180000 638.7
185000 653.8
190000 641.9
195000 660.4
200000 664.2
205000 663.6
210000 677.9
215000 665.7
220000 663.0
225000 675.6
230000 674.8
235000 667.0
240000 691.1
245000 693.1
250000 683.5
255000 691.1
260000 682.3
265000 701.5
270000 709.3
275000 704.4
280000 692.6
285000 707.2
290000 698.1
295000 707.5
300000 700.9
305000 695.3
310000 700.2
315000 713.8
320000 711.7
325000 717.4
330000 710.6
335000 712.2
340000 713.7
345000 705.2
350000 700.6
355000 714.0
360000 712.6
365000 719.2
370000 708.7
375000 718.9
380000 708.5
385000 715.7
390000 709.2
395000 712.1
400000 716.1
405000 724.3
410000 716.1
415000 728.3
420000 724.2
425000 725.7
430000 711.3
435000 718.7
440000 726.7
445000 726.5
450000 724.4
455000 722.5
460000 733.2
465000 732.2
470000 727.5
475000 728.2
480000 728.3
485000 732.0
490000 727.0
495000 725.5
500000 724.3
505000 732.3
510000 733.9
515000 727.6
520000 731.8
525000 738.9
530000 737.0
535000 736.0
540000 743.4
545000 740.3
550000 733.6
555000 752.0
560000 730.3
565000 724.8
570000 745.3
575000 751.9
580000 745.9
585000 751.6
590000 766.1
595000 742.6
600000 748.3
605000 759.7
610000 756.7
615000 751.2
620000 750.7
625000 754.2
630000 745.6
635000 762.7
640000 760.1
645000 768.4
650000 748.6
655000 769.9
660000 756.2
665000 762.2
670000 770.9
675000 755.7
680000 762.0
685000 758.2
690000 766.8
695000 764.6
700000 765.2
705000 761.3
710000 756.2
715000 763.5
720000 763.1
725000 769.4
730000 777.1
735000 774.6
740000 774.0
745000 781.7
750000 764.6
755000 771.8
760000 765.9
765000 786.6
770000 774.7
775000 788.9
780000 763.2
785000 763.5
790000 784.5
795000 775.3
800000 783.0
805000 768.5
810000 776.7
815000 768.0
820000 780.0
825000 778.8
830000 777.9
835000 768.7
840000 784.4
845000 785.4
850000 786.6
855000 785.8
860000 781.2
865000 764.2
870000 775.3
875000 790.5
880000 787.0
885000 790.8
890000 787.5
895000 781.1
900000 768.3
905000 793.9
910000 792.4
915000 784.5
920000 796.0
925000 789.2
930000 789.8
935000 780.1
940000 800.7
945000 791.9
950000 797.8
955000 778.9
960000 795.8
965000 791.9
970000 787.8
975000 792.9
980000 796.5
985000 784.5
990000 788.0
995000 785.5
1000000 777.5
1005000 790.4
1010000 792.1
1015000 783.8
1020000 798.9
1025000 798.3
1030000 793.1
1035000 800.8
1040000 780.3
1045000 786.7
1050000 784.2
1055000 780.3
1060000 795.4
1065000 787.7
1070000 777.6
1075000 801.2
1080000 789.1
1085000 791.7
1090000 802.2
1095000 812.9
1100000 804.8
1105000 805.9
1110000 808.9
1115000 816.0
1120000 782.2
1125000 808.1
1130000 798.6
1135000 805.5
1140000 799.2
1145000 803.9
1150000 811.3
1155000 809.2
1160000 809.4
1165000 793.6
1170000 807.6
1175000 804.9
1180000 810.6
1185000 808.9
1190000 809.9
1195000 810.3
1200000 801.5
1205000 803.5
1210000 820.2
1215000 816.9
1220000 827.1
1225000 808.9
1230000 820.7
1235000 816.2
1240000 813.7
1245000 821.4
1250000 825.6
1255000 813.5
1260000 813.1
1265000 811.9
1270000 811.4
1275000 810.0
1280000 812.4
1285000 819.6
1290000 804.1
1295000 824.8
1300000 810.7
1305000 816.9
1310000 815.3
1315000 826.9
1320000 818.3
1325000 818.0
1330000 799.2
1335000 816.7
1340000 819.2
1345000 824.3
1350000 822.9
1355000 817.3
1360000 822.0
1365000 808.7
1370000 827.9
1375000 817.8
1380000 819.5
1385000 826.0
1390000 815.6
1395000 824.9
1400000 814.3
1405000 828.5
1410000 833.3
1415000 837.4
1420000 827.0
1425000 812.8
1430000 828.4
1435000 829.3
1440000 835.1
1445000 829.4
1450000 831.5
1455000 825.3
1460000 828.7
1465000 831.2
1470000 826.9
1475000 828.5
1480000 825.4
1485000 819.4
1490000 828.7
1495000 825.4
1500000 822.3
1505000 823.6
1510000 839.2
1515000 836.6
1520000 831.3
1525000 830.8
1530000 831.5
1535000 838.5
1540000 831.2
1545000 829.4
1550000 831.5
1555000 840.7
1560000 820.0
1565000 830.7
1570000 825.1
1575000 830.8
1580000 827.1
1585000 823.6
1590000 833.8
1595000 832.8
1600000 835.3
1605000 828.3
1610000 830.9
1615000 836.7
1620000 829.4
1625000 822.6
1630000 833.9
1635000 839.1
1640000 841.0
1645000 832.0
1650000 837.9
1655000 836.7
1660000 834.1
1665000 831.3
1670000 829.2
1675000 834.8
1680000 835.5
1685000 838.5
1690000 833.5
1695000 830.2
1700000 828.9
1705000 840.6
1710000 833.9
1715000 842.1
1720000 829.2
1725000 834.6
1730000 828.6
1735000 831.6
1740000 831.9
1745000 841.3
1750000 828.7
1755000 833.9
1760000 845.0
1765000 837.0
1770000 841.4
1775000 833.6
1780000 839.7
1785000 839.8
1790000 850.6
1795000 824.3
1800000 841.1
1805000 842.8
1810000 835.4
1815000 838.8
1820000 842.3
1825000 837.6
1830000 840.3
1835000 831.8
1840000 843.2
1845000 840.2
1850000 838.5
1855000 838.8
1860000 829.0
1865000 845.3
1870000 840.3
1875000 839.8
1880000 843.9
1885000 842.8
1890000 838.8
1895000 844.3
1900000 849.3
1905000 841.1
1910000 845.0
1915000 841.1
1920000 846.8
1925000 838.0
1930000 851.9
1935000 841.9
1940000 839.7
1945000 836.8
1950000 837.2
1955000 845.4
1960000 840.0
1965000 838.5
1970000 835.2
1975000 830.4
1980000 844.9
1985000 842.1
1990000 847.8
1995000 846.5
2000000 846.3
