5000 300.0
10000 106.1
15000 92.4
20000 0.0
25000 100.0
30000 101.8
35000 99.5
40000 88.1
45000 1.1
50000 198.9
55000 89.2
60000 234.4
65000 307.1
70000 187.6
75000 195.1
80000 391.9
85000 196.1
90000 198.8
95000 139.6
100000 100.0
105000 288.9
110000 194.7
115000 392.0
120000 192.7
125000 0.0
130000 195.6
135000 192.8
140000 95.9
145000 374.9
150000 0.5
155000 26.8
160000 314.9
165000 278.5
170000 197.9
175000 357.1
180000 197.5
185000 96.0
190000 96.8
195000 392.7
200000 0.0
205000 299.9
210000 192.2
215000 247.4
220000 295.0
225000 264.2
230000 190.0
235000 395.3
240000 584.5
245000 293.7
250000 193.4
255000 196.9
260000 195.8
265000 392.4
270000 484.0
275000 482.1
280000 485.7
285000 373.7
290000 280.4
295000 390.5
300000 384.0
305000 242.9
310000 577.9
315000 480.6
320000 295.1
325000 496.5
330000 381.9
335000 376.9
340000 533.5
345000 480.9
350000 589.4
355000 485.5
360000 683.9
365000 475.4
370000 398.1
375000 426.2
380000 638.4
385000 378.7
390000 561.1
395000 397.7
400000 484.0
405000 484.4
410000 592.4
415000 480.4
420000 401.7
425000 588.6
430000 684.0
435000 576.6
440000 769.6
445000 572.8
450000 391.0
455000 390.4
460000 611.3
465000 660.8
470000 531.2
475000 484.4
480000 578.3
485000 486.9
490000 671.1
495000 781.1
500000 667.0
505000 574.0
510000 679.0
515000 659.6
520000 680.5
525000 971.8
530000 763.7
535000 865.7
540000 763.7
545000 668.6
550000 682.6
555000 673.0
560000 781.6
565000 971.9
570000 867.0
575000 769.4
580000 773.9
585000 876.2
590000 768.8
595000 711.7
600000 576.5
605000 589.0
610000 872.3
615000 386.4
620000 981.4
625000 872.4
630000 664.7
635000 772.1
640000 874.3
645000 968.0
650000 958.7
655000 777.2
660000 777.1
665000 965.7
670000 976.8
675000 944.9
680000 964.9
685000 738.2
690000 675.7
695000 969.4
700000 866.0
705000 781.0
710000 774.2
715000 781.7
720000 834.8
725000 956.2
730000 854.3
735000 765.6
740000 851.3
745000 873.1
750000 867.4
755000 975.5
760000 768.7
765000 865.9
770000 583.3
775000 965.7
780000 762.5
785000 656.9
790000 751.7
795000 859.2
800000 971.4
805000 978.1
810000 775.5
815000 752.4
820000 979.7
825000 582.6
830000 780.6
835000 672.1
840000 872.9
845000 777.0
850000 785.5
855000 970.8
860000 758.9
865000 881.0
870000 876.5
875000 869.2
880000 874.0
885000 970.0
890000 961.7
895000 678.9
900000 877.3
905000 872.2
910000 963.1
915000 980.1
920000 971.1
925000 871.2
930000 784.2
935000 878.2
940000 870.6
945000 968.4
950000 971.3
955000 870.3
960000 874.8
965000 952.8
970000 871.0
975000 873.1
980000 878.1
985000 971.2
990000 876.6
995000 773.0
1000000 871.6
1005000 976.2
1010000 877.7
1015000 873.9
1020000 872.6
1025000 985.6
1030000 978.7
1035000 767.6
1040000 787.7
1045000 878.8
1050000 871.9
1055000 968.7
1060000 969.7
1065000 977.4
1070000 977.9
1075000 979.1
1080000 975.7
1085000 978.7
1090000 868.7
1095000 979.9
1100000 982.3
1105000 961.5
1110000 954.8
1115000 975.6
1120000 877.8
1125000 970.0
1130000 876.8
1135000 973.0
1140000 976.9
1145000 879.5
1150000 959.2
1155000 977.1
1160000 959.9
1165000 772.2
1170000 879.5
1175000 969.6
1180000 968.1
1185000 970.0
1190000 954.9
1195000 868.2
1200000 973.9
1205000 880.5
1210000 974.5
1215000 775.7
1220000 773.2
1225000 981.8
1230000 969.9
1235000 878.3
1240000 979.3
1245000 880.5
1250000 964.2
1255000 972.5
1260000 971.4
1265000 971.2
1270000 867.2
1275000 980.1
1280000 970.3
1285000 963.5
1290000 870.9
1295000 960.2
1300000 878.7
1305000 860.8
1310000 961.0
1315000 969.9
1320000 847.7
1325000 967.0
1330000 869.9
1335000 868.6
1340000 977.6
1345000 870.9
1350000 960.2
1355000 967.1
1360000 974.8
1365000 963.6
1370000 960.0
1375000 875.3
1380000 872.7
1385000 962.0
1390000 974.8
1395000 879.4
1400000 981.8
1405000 874.8
1410000 976.4
1415000 981.8
1420000 884.5
1425000 976.5
1430000 979.4
1435000 984.0
1440000 970.5
1445000 974.3
1450000 981.8
1455000 874.7
1460000 968.7
1465000 870.3
1470000 780.0
1475000 873.8
1480000 775.0
1485000 774.0
1490000 865.1
1495000 971.4
1500000 971.4
1505000 883.5
1510000 952.2
1515000 776.4
1520000 974.1
1525000 844.9
1530000 868.2
1535000 870.7
1540000 978.3
1545000 870.5
1550000 972.1
1555000 972.4
1560000 783.7
1565000 961.8
1570000 963.8
1575000 971.0
1580000 974.6
1585000 971.5
1590000 966.0
1595000 977.1
1600000 969.3
1605000 973.0
1610000 976.0
1615000 881.1
1620000 977.4
1625000 870.0
1630000 972.6
1635000 876.7
1640000 879.2
1645000 872.0
1650000 868.4
1655000 870.3
1660000 875.6
1665000 968.5
1670000 976.5
1675000 974.5
1680000 971.2
1685000 974.0
1690000 974.5
1695000 977.4
1700000 974.3
1705000 973.1
1710000 970.3
1715000 972.4
1720000 966.2
1725000 973.8
1730000 948.3
1735000 961.8
1740000 971.8
1745000 875.5
1750000 848.9
1755000 971.9
1760000 875.0
1765000 957.2
1770000 970.1
1775000 971.0
1780000 881.2
1785000 980.6
1790000 971.9
1795000 981.7
1800000 974.2
1805000 910.1
1810000 876.6
1815000 974.6
1820000 873.2
1825000 818.4
1830000 873.5
1835000 974.6
1840000 874.7
1845000 871.3
1850000 974.9
1855000 960.6
1860000 975.1
1865000 965.2
1870000 970.6
1875000 966.7
1880000 979.0
1885000 973.2
1890000 977.5
1895000 881.6
1900000 977.6
1905000 968.2
1910000 976.4
1915000 972.7
1920000 984.4
1925000 967.8
1930000 981.5
1935000 981.1
1940000 963.8
1945000 976.9
1950000 982.4
1955000 972.6
1960000 978.9
1965000 961.8
1970000 877.4
1975000 873.2
1980000 967.7
1985000 979.7
1990000 981.0
1995000 962.8
2000000 975.1
