5000 95.8
10000 0.0
15000 0.0
20000 101.3
25000 201.5
30000 100.5
35000 195.3
40000 196.0
45000 0.4
50000 4.3
55000 99.0
60000 5.6
65000 191.9
70000 409.7
75000 187.0
80000 0.7
85000 98.2
90000 97.9
95000 473.4
100000 391.9
105000 172.8
110000 97.4
115000 310.2
120000 194.4
125000 390.2
130000 374.7
135000 22.4
140000 176.6
145000 195.2
150000 281.5
155000 182.8
160000 183.1
165000 387.8
170000 191.0
175000 575.6
180000 210.6
185000 197.2
190000 252.2
195000 286.6
200000 224.4
205000 563.8
210000 97.8
215000 292.5
220000 283.3
225000 390.0
230000 94.6
235000 99.3
240000 278.7
245000 103.6
250000 466.7
255000 97.5
260000 183.3
265000 583.7
270000 382.7
275000 389.3
280000 373.4
285000 388.3
290000 491.1
295000 384.3
300000 293.3
305000 292.9
310000 388.7
315000 370.0
320000 488.6
325000 390.1
330000 391.9
335000 387.2
340000 492.5
345000 474.9
350000 378.8
355000 581.0
360000 684.3
365000 386.5
370000 389.6
375000 295.0
380000 391.9
385000 392.8
390000 580.8
395000 195.6
400000 289.0
405000 189.5
410000 589.3
415000 290.9
420000 672.8
425000 389.7
430000 480.7
435000 379.3
440000 383.8
445000 479.7
450000 295.8
455000 479.3
460000 579.7
465000 196.2
470000 493.4
475000 487.8
480000 584.1
485000 673.4
490000 591.8
495000 661.9
500000 389.6
505000 675.7
510000 472.5
515000 578.3
520000 482.9
525000 589.6
530000 735.7
535000 562.6
540000 582.9
545000 568.0
550000 678.3
555000 684.6
560000 492.4
565000 578.5
570000 686.6
575000 498.5
580000 678.8
585000 292.7
590000 747.6
595000 584.6
600000 390.6
605000 775.3
610000 677.5
615000 289.6
620000 863.0
625000 681.4
630000 588.8
635000 564.7
640000 776.8
645000 681.9
650000 476.4
655000 773.5
660000 570.3
665000 867.9
670000 676.4
675000 572.2
680000 678.5
685000 592.4
690000 772.9
695000 855.4
700000 854.1
705000 489.2
710000 589.6
715000 766.0
720000 586.8
725000 850.7
730000 786.9
735000 766.7
740000 668.2
745000 389.3
750000 768.1
755000 963.8
760000 870.5
765000 966.1
770000 860.0
775000 866.3
780000 687.8
785000 773.0
790000 878.1
795000 682.7
800000 581.6
805000 683.0
810000 780.0
815000 673.5
820000 780.5
825000 869.1
830000 668.6
835000 784.4
840000 680.8
845000 780.7
850000 684.3
855000 682.1
860000 962.7
865000 586.7
870000 762.7
875000 976.7
880000 582.4
885000 773.9
890000 868.9
895000 881.1
900000 775.9
905000 578.8
910000 861.2
915000 879.6
920000 665.3
925000 872.7
930000 682.0
935000 687.6
940000 780.0
945000 819.0
950000 679.2
955000 777.2
960000 852.3
965000 803.1
970000 681.6
975000 679.0
980000 965.0
985000 777.3
990000 568.2
995000 876.8
1000000 883.8
1005000 775.2
1010000 689.6
1015000 856.5
1020000 970.7
1025000 682.1
1030000 879.2
1035000 781.8
1040000 971.2
1045000 855.1
1050000 974.7
1055000 869.5
1060000 774.9
1065000 862.8
1070000 863.7
1075000 972.5
1080000 877.6
1085000 971.6
1090000 881.9
1095000 972.9
1100000 713.3
1105000 872.1
1110000 955.5
1115000 857.6
1120000 732.4
1125000 962.4
1130000 964.8
1135000 973.6
1140000 866.6
1145000 782.2
1150000 671.9
1155000 967.8
1160000 948.4
1165000 986.3
1170000 959.5
1175000 970.8
1180000 951.4
1185000 881.9
1190000 770.3
1195000 876.4
1200000 853.6
1205000 965.1
1210000 883.5
1215000 880.6
1220000 762.5
1225000 882.8
1230000 948.7
1235000 965.9
1240000 777.2
1245000 967.0
1250000 963.0
1255000 783.2
1260000 969.6
1265000 773.9
1270000 682.5
1275000 972.0
1280000 879.2
1285000 875.8
1290000 969.6
1295000 968.5
1300000 975.1
1305000 871.6
1310000 884.1
1315000 866.9
1320000 868.8
1325000 872.6
1330000 840.8
1335000 860.8
1340000 956.5
1345000 866.5
1350000 873.1
1355000 865.9
1360000 977.9
1365000 774.3
1370000 774.0
1375000 972.6
1380000 883.7
1385000 873.9
1390000 972.5
1395000 961.4
1400000 782.2
1405000 880.9
1410000 875.9
1415000 964.5
1420000 980.5
1425000 784.4
1430000 785.9
1435000 957.5
1440000 970.0
1445000 875.5
1450000 969.7
1455000 973.1
1460000 979.2
1465000 961.5
1470000 687.5
1475000 827.5
1480000 967.9
1485000 867.4
1490000 974.2
1495000 978.3
1500000 976.0
1505000 874.6
1510000 871.1
1515000 973.4
1520000 867.5
1525000 869.6
1530000 853.1
1535000 779.5
1540000 900.5
1545000 959.5
1550000 876.2
1555000 962.3
1560000 871.4
1565000 962.4
1570000 976.4
1575000 874.1
1580000 979.4
1585000 767.0
1590000 875.6
1595000 769.2
1600000 878.4
1605000 967.3
1610000 874.5
1615000 966.4
1620000 770.4
1625000 976.1
1630000 954.4
1635000 771.6
1640000 879.3
1645000 970.4
1650000 959.3
1655000 867.3
1660000 973.6
1665000 877.7
1670000 964.7
1675000 976.1
1680000 971.9
1685000 682.4
1690000 881.9
1695000 978.5
1700000 781.4
1705000 979.0
1710000 972.4
1715000 970.5
1720000 977.6
1725000 777.0
1730000 972.9
1735000 963.8
1740000 881.9
1745000 885.4
1750000 771.2
1755000 958.8
1760000 951.0
1765000 968.5
1770000 949.2
1775000 876.7
1780000 970.9
1785000 875.9
1790000 968.0
1795000 946.0
1800000 873.2
1805000 977.3
1810000 977.5
1815000 879.8
1820000 973.7
1825000 866.2
1830000 970.0
1835000 872.4
1840000 971.3
1845000 974.0
1850000 959.3
1855000 975.9
1860000 972.1
1865000 973.6
1870000 975.5
1875000 774.7
1880000 978.2
1885000 975.5
1890000 871.5
1895000 877.5
1900000 975.2
1905000 785.6
1910000 965.4
1915000 963.0
1920000 876.2
1925000 981.2
1930000 973.9
1935000 973.3
1940000 963.3
1945000 971.5
1950000 683.5
1955000 872.1
1960000 873.8
1965000 969.9
1970000 776.2
1975000 969.8
1980000 866.6
1985000 972.6
1990000 875.7
1995000 867.4
2000000 781.9
