5000 100.0
10000 100.0
15000 0.0
20000 65.7
25000 4.7
30000 92.3
35000 141.4
40000 191.3
45000 102.3
50000 95.8
55000 134.3
60000 98.9
65000 23.1
70000 111.3
75000 0.7
80000 104.4
85000 63.7
90000 492.1
95000 227.2
100000 299.0
105000 385.9
110000 65.9
115000 0.2
120000 0.3
125000 185.0
130000 158.8
135000 192.8
140000 203.4
145000 292.0
150000 283.7
155000 185.9
160000 98.3
165000 195.2
170000 100.6
175000 38.6
180000 288.5
185000 290.7
190000 197.2
195000 393.3
200000 297.8
205000 290.5
210000 89.4
215000 387.0
220000 385.9
225000 468.3
230000 293.1
235000 192.2
240000 193.2
245000 294.6
250000 193.0
255000 197.5
260000 453.5
265000 486.4
270000 298.7
275000 196.1
280000 295.1
285000 384.4
290000 480.4
295000 195.8
300000 482.0
305000 140.8
310000 380.7
315000 570.7
320000 528.2
325000 192.0
330000 268.5
335000 388.4
340000 678.5
345000 193.9
350000 498.4
355000 490.4
360000 485.5
365000 196.5
370000 770.0
375000 395.3
380000 410.0
385000 485.1
390000 483.7
395000 379.1
400000 488.1
405000 379.7
410000 286.0
415000 462.5
420000 209.7
425000 581.1
430000 575.6
435000 457.8
440000 382.7
445000 360.5
450000 640.4
455000 488.7
460000 393.8
465000 578.5
470000 564.4
475000 474.4
480000 862.2
485000 475.2
490000 670.4
495000 775.4
500000 568.4
505000 583.5
510000 915.2
515000 579.0
520000 757.1
525000 863.7
530000 680.3
535000 790.4
540000 664.5
545000 871.3
550000 826.9
555000 880.5
560000 574.8
565000 873.0
570000 582.1
575000 770.6
580000 970.5
585000 486.0
590000 578.9
595000 590.7
600000 770.9
605000 766.7
610000 681.3
615000 970.4
620000 772.0
625000 967.7
630000 674.6
635000 778.3
640000 863.3
645000 676.5
650000 860.4
655000 880.7
660000 876.3
665000 758.7
670000 869.2
675000 670.0
680000 970.8
685000 575.9
690000 760.8
695000 969.3
700000 872.0
705000 958.2
710000 869.0
715000 881.1
720000 952.9
725000 828.5
730000 883.9
735000 967.1
740000 768.8
745000 950.8
750000 672.4
755000 774.1
760000 672.0
765000 964.2
770000 972.1
775000 872.4
780000 864.3
785000 877.0
790000 871.7
795000 868.8
800000 978.9
805000 776.6
810000 970.3
815000 872.5
820000 977.5
825000 867.7
830000 669.9
835000 766.9
840000 874.4
845000 971.1
850000 876.6
855000 774.2
860000 973.1
865000 871.4
870000 972.5
875000 870.0
880000 978.8
885000 970.8
890000 971.9
895000 973.0
900000 818.0
905000 969.0
910000 867.5
915000 973.6
920000 870.4
925000 868.7
930000 980.7
935000 967.2
940000 835.5
945000 963.7
950000 975.0
955000 978.8
960000 953.0
965000 973.7
970000 973.2
975000 869.4
980000 770.7
985000 969.3
990000 967.7
995000 881.4
1000000 952.3
1005000 974.4
1010000 864.7
1015000 773.3
1020000 974.5
1025000 968.1
1030000 982.2
1035000 969.7
1040000 970.4
1045000 862.2
1050000 876.2
1055000 971.7
1060000 875.9
1065000 877.8
1070000 974.1
1075000 978.6
1080000 875.2
1085000 969.0
1090000 922.1
1095000 981.5
1100000 974.5
1105000 941.1
1110000 972.1
1115000 973.0
1120000 867.5
1125000 964.2
1130000 986.5
1135000 959.0
1140000 875.9
1145000 875.2
1150000 967.8
1155000 881.3
1160000 882.7
1165000 976.1
1170000 972.3
1175000 972.6
1180000 782.1
1185000 975.1
1190000 978.9
1195000 967.5
1200000 977.2
1205000 976.9
1210000 973.4
1215000 775.9
1220000 982.9
1225000 887.8
1230000 971.0
1235000 975.3
1240000 974.1
1245000 982.2
1250000 971.2
1255000 882.2
1260000 939.6
1265000 984.8
1270000 872.3
1275000 971.4
1280000 869.2
1285000 975.0
1290000 978.2
1295000 966.9
1300000 890.3
1305000 881.6
1310000 977.7
1315000 976.9
1320000 969.9
1325000 969.4
1330000 969.4
1335000 979.0
1340000 976.2
1345000 968.8
1350000 877.0
1355000 971.2
1360000 974.1
1365000 972.5
1370000 960.9
1375000 879.9
1380000 775.3
1385000 879.6
1390000 778.2
1395000 977.7
1400000 974.0
1405000 965.7
1410000 980.2
1415000 973.7
1420000 877.1
1425000 955.7
1430000 880.7
1435000 973.3
1440000 980.6
1445000 876.9
1450000 971.9
1455000 969.1
1460000 974.4
1465000 971.2
1470000 968.3
1475000 866.5
1480000 968.0
1485000 965.3
1490000 965.6
1495000 976.1
1500000 974.5
1505000 973.3
1510000 962.3
1515000 961.4
1520000 980.1
1525000 971.1
1530000 873.8
1535000 976.6
1540000 970.3
1545000 981.1
1550000 875.1
1555000 881.0
1560000 877.6
1565000 875.4
1570000 969.4
1575000 959.9
1580000 974.0
1585000 960.5
1590000 875.5
1595000 878.3
1600000 865.6
1605000 880.3
1610000 962.7
1615000 878.0
1620000 882.7
1625000 980.8
1630000 973.8
1635000 972.9
1640000 872.6
1645000 971.9
1650000 784.4
1655000 880.1
1660000 870.2
1665000 974.6
1670000 964.9
1675000 962.8
1680000 979.4
1685000 967.9
1690000 972.4
1695000 975.5
1700000 964.6
1705000 940.2
1710000 776.3
1715000 972.6
1720000 975.8
1725000 970.0
1730000 975.5
1735000 887.1
1740000 735.9
1745000 972.3
1750000 968.4
1755000 882.6
1760000 965.0
1765000 977.2
1770000 962.3
1775000 875.7
1780000 982.8
1785000 879.6
1790000 967.4
1795000 886.1
1800000 965.3
1805000 860.8
1810000 872.9
1815000 876.2
1820000 874.0
1825000 975.7
1830000 883.0
1835000 875.8
1840000 974.5
1845000 968.3
1850000 880.0
1855000 882.9
1860000 979.5
1865000 977.6
1870000 964.7
1875000 979.9
1880000 967.6
1885000 968.7
1890000 972.1
1895000 970.5
1900000 977.7
1905000 968.1
1910000 961.9
1915000 875.7
1920000 973.5
1925000 967.9
1930000 975.2
1935000 970.4
1940000 975.4
1945000 976.9
1950000 984.4
1955000 872.8
1960000 979.2
1965000 875.1
1970000 882.9
1975000 971.4
1980000 969.2
1985000 970.2
1990000 975.2
1995000 981.6
2000000 876.6
