5000 0.0
10000 0.0
15000 200.0
20000 0.0
25000 100.0
30000 0.0
35000 0.0
40000 300.0
45000 0.0
50000 195.8
55000 100.0
60000 0.4
65000 200.0
70000 201.1
75000 99.2
80000 1.1
85000 97.0
90000 0.3
95000 235.2
100000 104.2
105000 0.0
110000 0.3
115000 197.6
120000 200.2
125000 96.0
130000 99.1
135000 0.0
140000 0.0
145000 0.0
150000 5.1
155000 0.0
160000 4.4
165000 199.3
170000 0.4
175000 0.0
180000 0.0
185000 199.9
190000 97.7
195000 10.5
200000 101.7
205000 100.0
210000 200.8
215000 194.3
220000 180.3
225000 86.1
230000 292.8
235000 97.6
240000 100.0
245000 160.0
250000 199.8
255000 98.3
260000 191.3
265000 93.8
270000 2.0
275000 201.2
280000 208.3
285000 124.7
290000 198.8
295000 76.6
300000 463.0
305000 97.1
310000 95.9
315000 0.0
320000 336.1
325000 200.0
330000 98.1
335000 3.6
340000 98.9
345000 479.3
350000 192.6
355000 282.0
360000 100.0
365000 198.1
370000 97.5
375000 290.0
380000 288.6
385000 694.9
390000 93.1
395000 286.5
400000 293.5
405000 196.5
410000 196.4
415000 192.5
420000 192.6
425000 494.5
430000 197.8
435000 200.7
440000 196.0
445000 0.0
450000 195.7
455000 197.7
460000 97.5
465000 196.8
470000 192.4
475000 92.0
480000 99.0
485000 288.8
490000 194.2
495000 294.1
500000 387.1
505000 190.1
510000 197.4
515000 687.2
520000 379.5
525000 185.4
530000 283.7
535000 196.0
540000 1.5
545000 191.1
550000 296.2
555000 474.1
560000 189.1
565000 265.8
570000 293.5
575000 391.4
580000 196.2
585000 395.6
590000 577.0
595000 670.4
600000 98.6
605000 389.3
610000 575.5
615000 387.2
620000 484.7
625000 396.3
630000 393.4
635000 393.3
640000 386.4
645000 871.5
650000 340.0
655000 196.0
660000 397.0
665000 392.2
670000 386.4
675000 782.4
680000 676.3
685000 481.4
690000 559.6
695000 580.7
700000 777.0
705000 472.9
710000 294.6
715000 679.9
720000 484.7
725000 669.5
730000 485.2
735000 573.3
740000 197.1
745000 584.7
750000 388.0
755000 382.0
760000 675.7
765000 483.8
770000 486.3
775000 479.8
780000 668.2
785000 473.0
790000 686.4
795000 773.6
800000 671.9
805000 389.4
810000 385.1
815000 480.9
820000 434.4
825000 485.1
830000 674.5
835000 571.9
840000 490.1
845000 682.0
850000 588.6
855000 582.7
860000 676.0
865000 571.7
870000 675.0
875000 761.9
880000 675.7
885000 384.1
890000 487.1
895000 679.3
900000 584.0
905000 736.8
910000 873.8
915000 771.3
920000 580.1
925000 773.8
930000 581.4
935000 776.7
940000 684.7
945000 780.0
950000 484.6
955000 570.5
960000 871.4
965000 677.8
970000 780.2
975000 677.5
980000 679.3
985000 769.1
990000 769.6
995000 683.6
1000000 770.3
1005000 583.0
1010000 673.9
1015000 955.4
1020000 583.7
1025000 871.0
1030000 774.0
1035000 678.1
1040000 777.0
1045000 875.7
1050000 779.0
1055000 675.1
1060000 492.0
1065000 582.0
1070000 678.5
1075000 675.8
1080000 874.2
1085000 681.8
1090000 673.2
1095000 773.8
1100000 766.1
1105000 485.6
1110000 870.4
1115000 688.2
1120000 684.8
1125000 759.3
1130000 578.3
1135000 848.6
1140000 860.6
1145000 945.6
1150000 879.1
1155000 969.0
1160000 686.6
1165000 669.1
1170000 681.0
1175000 862.9
1180000 972.7
1185000 976.1
1190000 876.8
1195000 686.4
1200000 685.2
1205000 775.2
1210000 864.1
1215000 872.6
1220000 684.7
1225000 576.0
1230000 873.9
1235000 781.1
1240000 776.4
1245000 781.4
1250000 969.3
1255000 870.3
1260000 880.8
1265000 861.2
1270000 870.7
1275000 843.3
1280000 672.1
1285000 869.0
1290000 976.7
1295000 957.7
1300000 878.6
1305000 876.3
1310000 869.3
1315000 769.7
1320000 773.1
1325000 971.8
1330000 772.3
1335000 968.3
1340000 871.5
1345000 679.2
1350000 777.4
1355000 577.3
1360000 781.6
1365000 679.8
1370000 772.9
1375000 777.6
1380000 861.6
1385000 781.9
1390000 965.5
1395000 971.3
1400000 868.9
1405000 770.7
1410000 970.0
1415000 772.8
1420000 963.8
1425000 965.2
1430000 878.5
1435000 864.8
1440000 971.9
1445000 877.5
1450000 976.5
1455000 674.3
1460000 956.1
1465000 784.2
1470000 876.2
1475000 678.7
1480000 774.9
1485000 970.2
1490000 956.6
1495000 862.4
1500000 761.3
1505000 781.2
1510000 771.1
1515000 980.5
1520000 964.5
1525000 864.1
1530000 865.2
1535000 766.1
1540000 779.0
1545000 973.9
1550000 954.6
1555000 879.3
1560000 866.4
1565000 863.2
1570000 969.2
1575000 779.5
1580000 873.4
1585000 951.7
1590000 869.4
1595000 779.9
1600000 870.4
1605000 775.3
1610000 865.0
1615000 768.1
1620000 970.7
1625000 682.2
1630000 875.9
1635000 874.2
1640000 873.3
1645000 875.8
1650000 885.2
1655000 965.9
1660000 870.7
1665000 854.2
1670000 878.2
1675000 964.8
1680000 818.6
1685000 970.9
1690000 870.7
1695000 872.6
1700000 954.6
1705000 977.9
1710000 808.9
1715000 874.4
1720000 960.8
1725000 971.7
1730000 973.1
1735000 678.0
1740000 972.3
1745000 875.8
1750000 872.1
1755000 963.3
1760000 972.3
1765000 972.2
1770000 958.7
1775000 970.4
1780000 870.0
1785000 975.1
1790000 675.5
1795000 970.9
1800000 980.6
1805000 986.5
1810000 865.6
1815000 972.0
1820000 968.8
1825000 880.3
1830000 888.4
1835000 972.8
1840000 975.7
1845000 961.3
1850000 967.8
1855000 971.2
1860000 879.8
1865000 970.7
1870000 972.8
1875000 966.2
1880000 973.6
1885000 977.2
1890000 976.9
1895000 976.8
1900000 967.1
1905000 963.0
1910000 977.9
1915000 972.8
1920000 880.9
1925000 971.6
1930000 971.8
1935000 972.2
1940000 975.2
1945000 871.1
1950000 875.1
1955000 679.7
1960000 870.0
1965000 962.3
1970000 829.8
1975000 972.1
1980000 978.1
1985000 974.1
1990000 868.4
1995000 963.8
2000000 983.5
