5000 0.5
10000 100.0
15000 100.0
20000 200.0
25000 2.1
30000 31.1
35000 1.0
40000 0.8
45000 0.0
50000 101.7
55000 1.1
60000 0.7
65000 135.2
70000 0.0
75000 158.2
80000 10.1
85000 98.1
90000 288.3
95000 21.5
100000 123.0
105000 195.7
110000 98.1
115000 96.8
120000 168.8
125000 196.9
130000 100.0
135000 298.4
140000 308.1
145000 203.8
150000 294.7
155000 295.7
160000 92.2
165000 194.6
170000 98.4
175000 296.2
180000 196.1
185000 198.1
190000 188.3
195000 186.1
200000 394.7
205000 481.0
210000 273.5
215000 566.6
220000 292.8
225000 296.0
230000 387.8
235000 101.6
240000 293.1
245000 398.2
250000 398.0
255000 370.2
260000 387.7
265000 292.7
270000 193.4
275000 689.8
280000 480.1
285000 182.5
290000 579.4
295000 293.6
300000 392.3
305000 676.5
310000 477.2
315000 580.1
320000 488.2
325000 268.3
330000 482.8
335000 186.9
340000 594.5
345000 393.2
350000 365.3
355000 290.8
360000 583.4
365000 267.2
370000 570.3
375000 480.1
380000 195.6
385000 486.7
390000 385.0
395000 680.9
400000 589.3
405000 580.2
410000 386.3
415000 968.0
420000 196.7
425000 760.7
430000 759.7
435000 958.4
440000 582.3
445000 491.9
450000 539.3
455000 483.2
460000 668.9
465000 509.0
470000 775.4
475000 475.6
480000 554.8
485000 462.4
490000 665.7
495000 768.6
500000 857.3
505000 586.6
510000 679.2
515000 474.0
520000 393.1
525000 591.7
530000 667.1
535000 875.4
540000 475.4
545000 685.8
550000 676.7
555000 666.3
560000 961.7
565000 769.3
570000 577.4
575000 690.0
580000 479.5
585000 580.7
590000 874.2
595000 772.5
600000 682.4
605000 578.1
610000 767.9
615000 981.9
620000 680.4
625000 681.7
630000 682.1
635000 674.2
640000 775.9
645000 782.0
650000 675.9
655000 873.2
660000 860.1
665000 774.0
670000 486.4
675000 680.5
680000 668.7
685000 684.9
690000 391.1
695000 479.5
700000 788.0
705000 754.4
710000 285.7
715000 683.6
720000 867.5
725000 667.1
730000 908.6
735000 682.6
740000 732.0
745000 664.7
750000 891.6
755000 556.0
760000 878.0
765000 672.9
770000 960.1
775000 688.4
780000 864.9
785000 844.5
790000 942.3
795000 879.8
800000 870.1
805000 761.4
810000 779.4
815000 761.7
820000 845.5
825000 962.6
830000 671.5
835000 870.7
840000 866.4
845000 868.8
850000 873.8
855000 860.4
860000 872.3
865000 754.2
870000 751.5
875000 777.8
880000 774.7
885000 870.9
890000 864.4
895000 955.3
900000 958.5
905000 712.3
910000 970.1
915000 776.3
920000 966.1
925000 965.4
930000 953.3
935000 773.6
940000 681.3
945000 978.0
950000 861.3
955000 865.8
960000 877.5
965000 782.8
970000 872.1
975000 944.2
980000 968.3
985000 873.3
990000 954.6
995000 774.1
1000000 868.5
1005000 775.4
1010000 882.9
1015000 933.1
1020000 979.2
1025000 759.5
1030000 868.5
1035000 969.8
1040000 965.1
1045000 955.7
1050000 967.2
1055000 868.8
1060000 963.0
1065000 864.7
1070000 971.1
1075000 672.4
1080000 685.3
1085000 960.2
1090000 972.1
1095000 859.7
1100000 870.7
1105000 970.7
1110000 868.7
1115000 985.1
1120000 867.6
1125000 782.5
1130000 880.1
1135000 775.8
1140000 866.5
1145000 971.8
1150000 969.6
1155000 976.9
1160000 867.3
1165000 969.4
1170000 966.3
1175000 682.9
1180000 976.6
1185000 969.4
1190000 863.9
1195000 964.9
1200000 763.6
1205000 963.4
1210000 865.4
1215000 976.9
1220000 972.4
1225000 672.3
1230000 881.7
1235000 944.3
1240000 966.8
1245000 982.1
1250000 779.5
1255000 983.7
1260000 754.6
1265000 979.2
1270000 951.3
1275000 969.5
1280000 874.0
1285000 972.1
1290000 971.0
1295000 886.8
1300000 974.7
1305000 976.0
1310000 959.8
1315000 975.3
1320000 968.6
1325000 978.9
1330000 966.3
1335000 970.4
1340000 880.8
1345000 973.8
1350000 967.1
1355000 881.6
1360000 972.1
1365000 977.3
1370000 981.2
1375000 776.0
1380000 967.8
1385000 956.8
1390000 978.5
1395000 787.9
1400000 861.8
1405000 927.6
1410000 958.1
1415000 872.0
1420000 984.4
1425000 966.5
1430000 963.0
1435000 872.9
1440000 864.1
1445000 963.8
1450000 782.5
1455000 969.4
1460000 980.6
1465000 971.9
1470000 982.0
1475000 972.5
1480000 939.1
1485000 964.3
1490000 931.9
1495000 875.6
1500000 871.5
1505000 972.1
1510000 929.4
1515000 963.3
1520000 963.7
1525000 878.1
1530000 961.7
1535000 779.6
1540000 803.0
1545000 955.9
1550000 964.6
1555000 961.7
1560000 869.7
1565000 965.5
1570000 876.0
1575000 973.9
1580000 776.7
1585000 864.3
1590000 971.3
1595000 865.7
1600000 781.1
1605000 979.7
1610000 880.3
1615000 979.9
1620000 976.0
1625000 862.4
1630000 878.1
1635000 947.5
1640000 875.6
1645000 966.0
1650000 876.2
1655000 963.8
1660000 875.0
1665000 976.5
1670000 865.3
1675000 877.5
1680000 976.5
1685000 973.2
1690000 968.5
1695000 951.4
1700000 968.7
1705000 975.7
1710000 968.1
1715000 978.5
1720000 902.5
1725000 981.5
1730000 973.0
1735000 976.9
1740000 981.6
1745000 961.7
1750000 965.7
1755000 976.5
1760000 867.7
1765000 923.1
1770000 973.3
1775000 981.1
1780000 877.8
1785000 783.4
1790000 879.6
1795000 970.3
1800000 881.1
1805000 976.1
1810000 883.6
1815000 968.9
1820000 978.4
1825000 974.0
1830000 973.7
1835000 978.1
1840000 969.6
1845000 871.5
1850000 887.8
1855000 726.1
1860000 969.3
1865000 772.3
1870000 869.5
1875000 875.9
1880000 969.7
1885000 957.3
1890000 972.3
1895000 968.2
1900000 775.3
1905000 972.5
1910000 979.1
1915000 841.8
1920000 971.7
1925000 965.3
1930000 961.2
1935000 959.3
1940000 970.4
1945000 890.7
1950000 967.1
1955000 776.0
1960000 880.9
1965000 969.9
1970000 972.3
1975000 962.3
1980000 967.0
1985000 977.8
1990000 966.9
1995000 980.6
2000000 975.9
