5000 92.5
10000 0.0
15000 0.0
20000 0.4
25000 200.0
30000 200.5
35000 0.7
40000 2.5
45000 96.6
50000 0.0
55000 100.0
60000 288.6
65000 14.7
70000 18.0
75000 45.8
80000 204.3
85000 90.8
90000 202.3
95000 184.6
100000 139.1
105000 58.6
110000 349.9
115000 0.0
120000 232.1
125000 305.5
130000 361.6
135000 96.8
140000 191.0
145000 192.4
150000 100.2
155000 12.1
160000 195.6
165000 349.0
170000 433.9
175000 288.1
180000 771.1
185000 590.1
190000 248.1
195000 197.0
200000 468.1
205000 386.9
210000 98.5
215000 294.4
220000 380.1
225000 374.6
230000 5.5
235000 195.1
240000 601.3
245000 318.7
250000 244.3
255000 518.5
260000 502.7
265000 469.5
270000 766.5
275000 561.6
280000 288.2
285000 587.0
290000 501.3
295000 497.5
300000 464.2
305000 666.8
310000 625.6
315000 848.4
320000 556.7
325000 677.6
330000 671.1
335000 576.7
340000 691.2
345000 580.2
350000 768.2
355000 668.9
360000 752.9
365000 607.7
370000 774.4
375000 878.0
380000 580.9
385000 784.4
390000 762.5
395000 564.8
400000 739.8
405000 773.8
410000 585.7
415000 685.8
420000 666.2
425000 678.4
430000 466.3
435000 960.4
440000 772.9
445000 765.5
450000 872.3
455000 765.3
460000 687.4
465000 680.3
470000 868.0
475000 545.5
480000 683.4
485000 861.4
490000 672.4
495000 859.4
500000 882.5
505000 857.9
510000 667.6
515000 866.0
520000 581.9
525000 770.4
530000 950.1
535000 848.5
540000 974.5
545000 861.4
550000 766.3
555000 971.0
560000 762.1
565000 868.8
570000 957.9
575000 765.6
580000 865.9
585000 967.0
590000 954.2
595000 872.5
600000 670.0
605000 970.3
610000 769.0
615000 761.9
620000 672.3
625000 863.5
630000 770.9
635000 884.3
640000 755.9
645000 863.1
650000 881.7
655000 865.3
660000 873.3
665000 975.7
670000 926.3
675000 971.6
680000 867.6
685000 952.9
690000 773.1
695000 589.5
700000 873.7
705000 769.3
710000 764.8
715000 877.7
720000 871.1
725000 971.6
730000 863.1
735000 967.1
740000 877.5
745000 872.1
750000 778.0
755000 963.8
760000 870.8
765000 974.8
770000 960.9
775000 874.5
780000 867.7
785000 872.4
790000 776.0
795000 962.7
800000 962.9
805000 873.8
810000 966.6
815000 963.8
820000 961.9
825000 866.3
830000 963.8
835000 874.3
840000 952.5
845000 862.5
850000 766.3
855000 679.7
860000 966.5
865000 959.7
870000 962.5
875000 871.4
880000 969.9
885000 956.5
890000 873.7
895000 863.9
900000 844.3
905000 978.0
910000 965.0
915000 870.7
920000 968.0
925000 873.1
930000 963.2
935000 958.1
940000 968.5
945000 969.5
950000 961.0
955000 876.9
960000 930.5
965000 880.4
970000 870.4
975000 978.8
980000 977.0
985000 915.7
990000 878.9
995000 867.0
1000000 968.2
1005000 959.6
1010000 960.1
1015000 978.1
1020000 964.4
1025000 975.8
1030000 880.1
1035000 957.3
1040000 973.4
1045000 878.9
1050000 867.0
1055000 876.8
1060000 964.8
1065000 955.4
1070000 962.1
1075000 854.7
1080000 963.2
1085000 971.6
1090000 968.2
1095000 876.8
1100000 869.1
1105000 874.6
1110000 778.7
1115000 965.9
1120000 863.7
1125000 772.1
1130000 948.6
1135000 951.1
1140000 951.1
1145000 861.8
1150000 966.4
1155000 854.7
1160000 975.5
1165000 870.7
1170000 685.9
1175000 970.9
1180000 774.8
1185000 956.5
1190000 867.7
1195000 953.5
1200000 873.0
1205000 975.3
1210000 862.1
1215000 873.7
1220000 881.7
1225000 968.0
1230000 977.0
1235000 973.0
1240000 873.9
1245000 961.5
1250000 865.7
1255000 881.4
1260000 923.9
1265000 982.8
1270000 770.6
1275000 969.7
1280000 715.7
1285000 806.1
1290000 870.5
1295000 870.1
1300000 872.5
1305000 967.9
1310000 769.9
1315000 852.7
1320000 871.9
1325000 876.1
1330000 876.7
1335000 966.4
1340000 972.7
1345000 956.4
1350000 880.4
1355000 879.9
1360000 960.8
1365000 779.0
1370000 958.8
1375000 769.0
1380000 873.0
1385000 971.3
1390000 770.8
1395000 962.7
1400000 877.5
1405000 874.9
1410000 964.6
1415000 972.9
1420000 963.4
1425000 962.8
1430000 970.8
1435000 867.1
1440000 967.3
1445000 975.8
1450000 873.5
1455000 974.3
1460000 763.3
1465000 974.6
1470000 972.1
1475000 877.2
1480000 972.9
1485000 868.9
1490000 963.1
1495000 965.4
1500000 971.4
1505000 962.3
1510000 964.5
1515000 964.6
1520000 871.3
1525000 969.9
1530000 981.7
1535000 874.2
1540000 877.8
1545000 970.5
1550000 966.6
1555000 972.8
1560000 876.7
1565000 865.9
1570000 961.4
1575000 877.3
1580000 972.3
1585000 771.7
1590000 876.2
1595000 949.7
1600000 976.2
1605000 961.6
1610000 954.6
1615000 974.1
1620000 973.4
1625000 969.1
1630000 878.4
1635000 874.2
1640000 956.6
1645000 970.3
1650000 968.2
1655000 965.4
1660000 875.6
1665000 776.7
1670000 864.3
1675000 971.5
1680000 869.8
1685000 963.3
1690000 842.0
1695000 976.0
1700000 970.9
1705000 884.9
1710000 870.3
1715000 781.6
1720000 784.7
1725000 973.1
1730000 963.3
1735000 972.9
1740000 854.1
1745000 850.4
1750000 976.2
1755000 678.3
1760000 959.5
1765000 883.0
1770000 958.5
1775000 975.5
1780000 972.3
1785000 971.3
1790000 878.1
1795000 974.8
1800000 964.1
1805000 962.8
1810000 972.3
1815000 966.5
1820000 879.7
1825000 973.0
1830000 862.9
1835000 877.7
1840000 976.2
1845000 974.1
1850000 973.2
1855000 966.7
1860000 965.6
1865000 880.2
1870000 878.8
1875000 975.6
1880000 977.1
1885000 874.6
1890000 967.9
1895000 873.9
1900000 967.0
1905000 967.3
1910000 953.2
1915000 978.2
1920000 962.2
1925000 974.6
1930000 970.0
1935000 877.3
1940000 873.7
1945000 976.6
1950000 978.8
1955000 990.1
1960000 964.2
1965000 949.8
1970000 968.7
1975000 967.8
1980000 972.5
1985000 774.5
1990000 974.0
1995000 967.5
2000000 872.4
