5000 100.0
10000 0.0
15000 0.0
20000 0.0
25000 100.0
30000 0.0
35000 2.0
40000 130.1
45000 191.7
50000 0.6
55000 178.7
60000 103.7
65000 0.2
70000 6.6
75000 200.0
80000 185.4
85000 23.3
90000 103.0
95000 0.0
100000 0.0
105000 0.6
110000 194.9
115000 6.2
120000 0.0
125000 31.6
130000 122.6
135000 0.7
140000 183.3
145000 132.8
150000 106.7
155000 89.2
160000 98.9
165000 84.6
170000 222.9
175000 84.3
180000 99.7
185000 127.5
190000 0.0
195000 186.1
200000 196.7
205000 101.1
210000 80.5
215000 263.6
220000 283.7
225000 297.0
230000 398.3
235000 288.5
240000 293.4
245000 287.3
250000 82.4
255000 88.9
260000 91.5
265000 475.6
270000 395.6
275000 293.3
280000 125.6
285000 291.6
290000 482.0
295000 281.5
300000 291.2
305000 286.0
310000 483.5
315000 427.3
320000 387.8
325000 464.7
330000 315.1
335000 381.8
340000 194.1
345000 378.3
350000 422.9
355000 289.5
360000 336.1
365000 590.5
370000 585.2
375000 384.4
380000 394.7
385000 394.6
390000 100.0
395000 291.6
400000 285.4
405000 578.8
410000 585.6
415000 141.7
420000 474.3
425000 291.9
430000 677.2
435000 489.9
440000 788.6
445000 398.1
450000 887.1
455000 582.5
460000 491.2
465000 467.3
470000 292.7
475000 585.9
480000 292.2
485000 590.0
490000 487.3
495000 774.9
500000 567.3
505000 518.2
510000 382.9
515000 772.3
520000 670.8
525000 681.2
530000 683.4
535000 683.4
540000 684.3
545000 676.4
550000 480.8
555000 394.7
560000 389.3
565000 588.3
570000 678.5
575000 672.5
580000 480.2
585000 489.8
590000 483.1
595000 584.3
600000 780.0
605000 486.5
610000 591.9
615000 584.7
620000 579.7
625000 755.6
630000 767.7
635000 971.6
640000 587.1
645000 394.8
650000 860.2
655000 687.3
660000 588.1
665000 486.5
670000 593.2
675000 755.6
680000 491.2
685000 576.6
690000 773.5
695000 389.6
700000 690.8
705000 492.0
710000 668.3
715000 672.5
720000 788.1
725000 785.7
730000 586.4
735000 779.2
740000 682.1
745000 672.3
750000 580.9
755000 683.3
760000 483.9
765000 576.2
770000 678.4
775000 781.6
780000 872.9
785000 720.3
790000 587.5
795000 685.5
800000 581.7
805000 766.4
810000 581.8
815000 686.1
820000 586.3
825000 458.3
830000 770.7
835000 772.9
840000 679.8
845000 679.2
850000 686.4
855000 871.4
860000 674.7
865000 983.7
870000 488.0
875000 976.0
880000 873.4
885000 678.9
890000 873.8
895000 862.7
900000 781.9
905000 680.2
910000 684.8
915000 867.6
920000 681.0
925000 868.9
930000 765.4
935000 873.3
940000 880.6
945000 866.6
950000 872.2
955000 768.5
960000 694.2
965000 679.1
970000 770.5
975000 680.3
980000 582.7
985000 778.3
990000 665.5
995000 670.8
1000000 875.9
1005000 678.6
1010000 864.4
1015000 868.4
1020000 969.2
1025000 768.6
1030000 971.1
1035000 866.1
1040000 863.0
1045000 973.0
1050000 775.6
1055000 972.3
1060000 869.8
1065000 771.3
1070000 871.8
1075000 778.3
1080000 868.3
1085000 880.7
1090000 865.7
1095000 773.5
1100000 883.0
1105000 584.6
1110000 969.5
1115000 969.7
1120000 948.7
1125000 766.8
1130000 966.2
1135000 871.5
1140000 889.4
1145000 970.4
1150000 968.6
1155000 960.0
1160000 877.8
1165000 972.4
1170000 886.3
1175000 869.0
1180000 786.5
1185000 874.1
1190000 873.8
1195000 873.1
1200000 973.1
1205000 775.4
1210000 969.5
1215000 754.0
1220000 971.9
1225000 966.7
1230000 878.2
1235000 957.4
1240000 855.6
1245000 672.6
1250000 973.5
1255000 877.2
1260000 779.8
1265000 963.3
1270000 681.8
1275000 766.3
1280000 873.1
1285000 970.7
1290000 970.3
1295000 967.8
1300000 852.5
1305000 876.8
1310000 957.5
1315000 879.3
1320000 970.0
1325000 785.3
1330000 966.9
1335000 976.9
1340000 859.9
1345000 967.8
1350000 972.3
1355000 876.2
1360000 873.5
1365000 957.1
1370000 881.2
1375000 869.0
1380000 779.3
1385000 863.4
1390000 918.8
1395000 874.3
1400000 956.2
1405000 960.5
1410000 874.2
1415000 978.6
1420000 974.3
1425000 977.7
1430000 963.3
1435000 875.5
1440000 985.8
1445000 877.4
1450000 967.9
1455000 974.8
1460000 958.1
1465000 868.2
1470000 875.4
1475000 876.8
1480000 870.7
1485000 980.5
1490000 880.0
1495000 977.6
1500000 969.7
1505000 978.6
1510000 971.3
1515000 975.8
1520000 965.1
1525000 973.7
1530000 969.8
1535000 973.1
1540000 973.3
1545000 879.4
1550000 878.7
1555000 867.8
1560000 684.7
1565000 969.6
1570000 970.2
1575000 784.4
1580000 969.9
1585000 877.7
1590000 963.0
1595000 977.3
1600000 975.0
1605000 968.2
1610000 971.7
1615000 974.8
1620000 966.5
1625000 967.0
1630000 973.0
1635000 976.0
1640000 961.6
1645000 770.7
1650000 963.4
1655000 777.7
1660000 966.0
1665000 876.4
1670000 975.1
1675000 875.2
1680000 862.5
1685000 970.8
1690000 876.2
1695000 877.6
1700000 970.2
1705000 881.0
1710000 951.8
1715000 940.2
1720000 976.2
1725000 967.1
1730000 968.9
1735000 879.8
1740000 972.5
1745000 971.4
1750000 977.4
1755000 865.6
1760000 974.9
1765000 777.0
1770000 971.2
1775000 968.2
1780000 969.2
1785000 977.9
1790000 970.8
1795000 858.6
1800000 967.8
1805000 971.9
1810000 968.9
1815000 972.3
1820000 979.0
1825000 860.1
1830000 969.4
1835000 786.7
1840000 975.9
1845000 972.0
1850000 972.0
1855000 973.0
1860000 879.4
1865000 885.5
1870000 952.4
1875000 979.4
1880000 875.9
1885000 976.4
1890000 950.2
1895000 979.6
1900000 980.4
1905000 982.1
1910000 878.8
1915000 970.9
1920000 874.0
1925000 970.8
1930000 874.9
1935000 876.2
1940000 780.3
1945000 968.5
1950000 973.2
1955000 979.2
1960000 974.6
1965000 958.6
1970000 881.1
1975000 906.2
1980000 965.2
1985000 874.1
1990000 966.7
1995000 876.6
2000000 876.6
