5000 0.0
10000 100.0
15000 100.0
20000 0.0
25000 5.1
30000 90.1
35000 2.6
40000 288.3
45000 101.2
50000 108.8
55000 101.2
60000 199.4
65000 1.2
70000 10.5
75000 176.5
80000 295.9
85000 36.0
90000 232.7
95000 97.7
100000 180.8
105000 74.1
110000 94.5
115000 388.0
120000 182.1
125000 286.1
130000 200.0
135000 194.1
140000 181.2
145000 105.7
150000 417.8
155000 293.1
160000 219.9
165000 327.7
170000 87.3
175000 296.5
180000 295.2
185000 113.8
190000 232.2
195000 361.2
200000 314.9
205000 98.0
210000 187.5
215000 198.9
220000 196.8
225000 685.1
230000 199.1
235000 303.4
240000 98.4
245000 454.6
250000 582.9
255000 387.9
260000 197.7
265000 586.1
270000 294.8
275000 196.3
280000 97.5
285000 291.6
290000 403.9
295000 289.8
300000 95.6
305000 488.5
310000 385.4
315000 476.4
320000 293.8
325000 587.1
330000 467.1
335000 387.6
340000 535.2
345000 665.3
350000 282.5
355000 294.9
360000 453.1
365000 293.8
370000 85.3
375000 415.6
380000 296.1
385000 203.5
390000 686.5
395000 569.2
400000 776.4
405000 199.0
410000 198.8
415000 584.2
420000 592.9
425000 497.7
430000 333.9
435000 571.1
440000 388.0
445000 778.4
450000 588.7
455000 570.6
460000 291.9
465000 572.4
470000 542.0
475000 486.5
480000 290.0
485000 189.2
490000 297.5
495000 580.8
500000 678.4
505000 582.8
510000 588.4
515000 584.4
520000 679.0
525000 596.8
530000 682.6
535000 669.3
540000 776.9
545000 840.1
550000 662.9
555000 672.2
560000 577.6
565000 780.5
570000 872.9
575000 577.5
580000 682.3
585000 759.2
590000 575.9
595000 680.2
600000 683.2
605000 775.2
610000 582.1
615000 784.5
620000 665.3
625000 678.9
630000 683.5
635000 295.6
640000 738.8
645000 675.6
650000 484.5
655000 750.2
660000 677.4
665000 675.6
670000 871.9
675000 678.3
680000 675.4
685000 769.3
690000 667.0
695000 667.2
700000 586.7
705000 480.8
710000 584.2
715000 676.5
720000 681.3
725000 773.8
730000 637.7
735000 772.2
740000 582.3
745000 876.1
750000 765.1
755000 780.5
760000 619.0
765000 675.8
770000 872.0
775000 874.8
780000 972.7
785000 788.5
790000 871.4
795000 782.5
800000 678.5
805000 783.5
810000 861.2
815000 876.6
820000 679.3
825000 779.6
830000 882.3
835000 757.0
840000 870.7
845000 667.2
850000 660.0
855000 689.0
860000 869.2
865000 871.2
870000 877.7
875000 862.6
880000 784.8
885000 868.1
890000 684.6
895000 866.8
900000 767.9
905000 866.3
910000 639.7
915000 783.4
920000 864.2
925000 882.9
930000 864.3
935000 961.6
940000 767.6
945000 676.4
950000 971.4
955000 954.2
960000 854.6
965000 759.1
970000 769.0
975000 968.3
980000 968.2
985000 862.4
990000 864.7
995000 963.4
1000000 871.6
1005000 875.6
1010000 877.8
1015000 879.7
1020000 967.0
1025000 883.1
1030000 775.8
1035000 582.9
1040000 784.4
1045000 771.3
1050000 874.3
1055000 776.0
1060000 981.6
1065000 877.4
1070000 770.1
1075000 943.8
1080000 772.7
1085000 877.8
1090000 983.2
1095000 964.0
1100000 859.7
1105000 985.8
1110000 951.1
1115000 778.4
1120000 973.6
1125000 881.1
1130000 958.2
1135000 777.7
1140000 876.6
1145000 780.6
1150000 974.1
1155000 965.8
1160000 950.5
1165000 843.7
1170000 865.2
1175000 975.6
1180000 868.8
1185000 864.4
1190000 869.3
1195000 959.8
1200000 873.3
1205000 968.6
1210000 948.4
1215000 964.9
1220000 877.6
1225000 870.1
1230000 875.2
1235000 974.8
1240000 871.9
1245000 773.2
1250000 777.7
1255000 882.2
1260000 848.1
1265000 772.8
1270000 771.7
1275000 962.0
1280000 973.5
1285000 968.0
1290000 867.4
1295000 864.3
1300000 869.8
1305000 977.2
1310000 880.8
1315000 976.0
1320000 895.6
1325000 965.1
1330000 781.3
1335000 958.4
1340000 957.4
1345000 959.9
1350000 975.8
1355000 972.1
1360000 960.2
1365000 873.1
1370000 969.0
1375000 781.5
1380000 971.1
1385000 769.2
1390000 870.6
1395000 866.3
1400000 974.3
1405000 778.5
1410000 960.2
1415000 785.2
1420000 970.5
1425000 882.1
1430000 856.7
1435000 971.1
1440000 964.3
1445000 971.9
1450000 857.0
1455000 779.0
1460000 870.5
1465000 880.2
1470000 895.3
1475000 977.2
1480000 972.1
1485000 956.8
1490000 868.5
1495000 865.3
1500000 867.8
1505000 785.4
1510000 965.5
1515000 861.2
1520000 975.0
1525000 874.1
1530000 974.2
1535000 951.0
1540000 856.2
1545000 974.8
1550000 872.1
1555000 968.4
1560000 982.0
1565000 872.3
1570000 969.3
1575000 865.9
1580000 973.4
1585000 962.6
1590000 968.9
1595000 778.6
1600000 858.8
1605000 957.4
1610000 962.4
1615000 958.6
1620000 973.4
1625000 674.5
1630000 974.9
1635000 968.5
1640000 740.5
1645000 976.1
1650000 970.0
1655000 873.7
1660000 873.1
1665000 682.4
1670000 970.4
1675000 881.4
1680000 952.6
1685000 957.4
1690000 971.6
1695000 871.0
1700000 776.7
1705000 975.7
1710000 961.5
1715000 745.5
1720000 868.6
1725000 973.3
1730000 782.8
1735000 967.9
1740000 974.1
1745000 961.6
1750000 970.5
1755000 876.2
1760000 970.5
1765000 968.8
1770000 776.6
1775000 974.4
1780000 982.2
1785000 968.0
1790000 863.1
1795000 971.9
1800000 873.0
1805000 974.9
1810000 885.9
1815000 878.3
1820000 969.4
1825000 971.8
1830000 780.1
1835000 971.6
1840000 676.4
1845000 680.9
1850000 974.7
1855000 868.9
1860000 979.8
1865000 952.9
1870000 883.9
1875000 874.4
1880000 976.7
1885000 967.8
1890000 881.3
1895000 960.4
1900000 977.9
1905000 880.8
1910000 968.2
1915000 973.6
1920000 947.0
1925000 979.7
1930000 953.2
1935000 760.4
1940000 951.8
1945000 872.0
1950000 879.4
1955000 875.4
1960000 972.4
1965000 868.9
1970000 875.3
1975000 892.5
1980000 978.3
1985000 874.2
1990000 972.3
1995000 877.5
2000000 973.6
