5000 0.0
10000 0.0
15000 100.0
20000 0.0
25000 100.0
30000 0.0
35000 0.8
40000 0.0
45000 99.9
50000 0.0
55000 0.8
60000 92.4
65000 8.1
70000 1.4
75000 1.2
80000 189.7
85000 110.0
90000 148.5
95000 196.0
100000 5.3
105000 97.2
110000 100.0
115000 168.8
120000 3.8
125000 101.1
130000 100.0
135000 198.7
140000 297.0
145000 220.3
150000 308.6
155000 391.1
160000 105.4
165000 254.4
170000 321.3
175000 295.1
180000 298.1
185000 162.7
190000 391.4
195000 286.9
200000 567.9
205000 371.0
210000 193.3
215000 381.4
220000 370.1
225000 295.2
230000 391.0
235000 380.9
240000 190.0
245000 291.0
250000 242.0
255000 396.8
260000 491.2
265000 0.0
270000 289.5
275000 297.6
280000 291.3
285000 334.1
290000 250.3
295000 195.0
300000 292.7
305000 187.0
310000 478.3
315000 228.1
320000 377.0
325000 386.3
330000 397.0
335000 567.8
340000 681.9
345000 283.5
350000 389.3
355000 586.2
360000 392.4
365000 189.8
370000 480.1
375000 650.9
380000 718.4
385000 294.2
390000 491.8
395000 191.5
400000 87.8
405000 287.3
410000 391.5
415000 582.1
420000 195.0
425000 368.9
430000 576.8
435000 578.4
440000 485.7
445000 575.9
450000 380.2
455000 490.1
460000 320.4
465000 299.2
470000 583.8
475000 196.9
480000 580.2
485000 289.2
490000 783.9
495000 663.1
500000 757.0
505000 758.9
510000 593.0
515000 668.9
520000 765.8
525000 487.1
530000 190.2
535000 571.0
540000 625.4
545000 652.1
550000 885.2
555000 575.2
560000 473.2
565000 686.0
570000 395.2
575000 576.1
580000 585.5
585000 787.9
590000 761.7
595000 614.0
600000 648.5
605000 767.8
610000 770.3
615000 875.2
620000 661.2
625000 775.3
630000 678.9
635000 869.2
640000 950.5
645000 772.4
650000 784.7
655000 764.2
660000 483.3
665000 680.9
670000 675.8
675000 871.5
680000 775.7
685000 773.1
690000 672.0
695000 678.3
700000 661.8
705000 682.9
710000 851.8
715000 772.7
720000 776.0
725000 660.1
730000 770.8
735000 673.4
740000 964.9
745000 878.0
750000 664.7
755000 972.6
760000 785.3
765000 764.5
770000 679.2
775000 876.8
780000 667.9
785000 790.7
790000 764.6
795000 972.1
800000 770.9
805000 965.4
810000 983.4
815000 948.6
820000 858.2
825000 777.8
830000 780.6
835000 875.0
840000 871.9
845000 879.9
850000 871.2
855000 671.0
860000 657.5
865000 964.9
870000 872.5
875000 873.0
880000 764.9
885000 975.3
890000 964.5
895000 961.5
900000 864.2
905000 865.5
910000 871.2
915000 969.0
920000 958.5
925000 766.5
930000 869.4
935000 786.1
940000 774.5
945000 752.3
950000 970.0
955000 856.0
960000 873.5
965000 966.3
970000 838.8
975000 684.1
980000 849.4
985000 682.1
990000 874.5
995000 979.1
1000000 869.6
1005000 960.3
1010000 785.3
1015000 961.4
1020000 983.5
1025000 873.0
1030000 976.9
1035000 884.5
1040000 980.4
1045000 976.3
1050000 874.3
1055000 869.2
1060000 870.2
1065000 860.6
1070000 971.4
1075000 764.9
1080000 982.5
1085000 689.2
1090000 870.4
1095000 773.6
1100000 873.4
1105000 955.4
1110000 873.2
1115000 900.4
1120000 964.5
1125000 979.7
1130000 857.5
1135000 976.9
1140000 777.6
1145000 874.6
1150000 862.9
1155000 976.4
1160000 860.1
1165000 976.5
1170000 680.6
1175000 971.4
1180000 876.3
1185000 969.5
1190000 922.3
1195000 772.2
1200000 862.3
1205000 970.6
1210000 958.0
1215000 869.1
1220000 858.4
1225000 969.8
1230000 954.6
1235000 890.1
1240000 968.9
1245000 975.9
1250000 779.8
1255000 686.3
1260000 881.0
1265000 968.3
1270000 981.0
1275000 959.8
1280000 958.5
1285000 870.3
1290000 959.6
1295000 970.1
1300000 967.9
1305000 977.8
1310000 877.4
1315000 871.4
1320000 865.0
1325000 970.7
1330000 878.5
1335000 877.7
1340000 863.5
1345000 869.8
1350000 957.3
1355000 967.2
1360000 777.7
1365000 960.7
1370000 938.9
1375000 971.8
1380000 877.0
1385000 954.5
1390000 978.4
1395000 961.5
1400000 973.2
1405000 942.7
1410000 977.1
1415000 963.6
1420000 878.8
1425000 871.3
1430000 869.8
1435000 801.5
1440000 965.7
1445000 963.6
1450000 970.0
1455000 875.1
1460000 970.4
1465000 953.4
1470000 876.7
1475000 970.8
1480000 822.4
1485000 858.8
1490000 964.7
1495000 687.2
1500000 868.0
1505000 963.6
1510000 868.3
1515000 856.3
1520000 970.3
1525000 865.1
1530000 875.3
1535000 872.4
1540000 973.8
1545000 859.4
1550000 964.4
1555000 971.2
1560000 869.7
1565000 969.6
1570000 874.5
1575000 981.2
1580000 978.2
1585000 969.3
1590000 633.7
1595000 974.7
1600000 844.1
1605000 956.6
1610000 966.1
1615000 976.3
1620000 879.3
1625000 963.0
1630000 777.8
1635000 977.3
1640000 876.4
1645000 959.1
1650000 783.4
1655000 667.6
1660000 966.4
1665000 968.0
1670000 766.2
1675000 967.9
1680000 685.0
1685000 968.0
1690000 965.7
1695000 975.3
1700000 959.0
1705000 977.7
1710000 976.0
1715000 968.2
1720000 973.7
1725000 863.2
1730000 827.9
1735000 967.7
1740000 872.5
1745000 764.6
1750000 953.9
1755000 876.0
1760000 974.1
1765000 871.2
1770000 981.2
1775000 870.4
1780000 872.1
1785000 980.9
1790000 973.7
1795000 773.3
1800000 972.3
1805000 781.6
1810000 967.1
1815000 967.8
1820000 875.9
1825000 968.7
1830000 884.0
1835000 970.8
1840000 867.9
1845000 667.7
1850000 983.4
1855000 870.4
1860000 973.4
1865000 975.5
1870000 880.6
1875000 974.1
1880000 768.5
1885000 884.4
1890000 967.1
1895000 850.4
1900000 981.1
1905000 777.1
1910000 967.6
1915000 773.4
1920000 871.4
1925000 965.1
1930000 880.4
1935000 972.8
1940000 957.3
1945000 874.8
1950000 940.1
1955000 876.8
1960000 978.0
1965000 973.2
1970000 975.1
1975000 769.4
1980000 970.1
1985000 976.0
1990000 874.6
1995000 876.2
2000000 879.7
