5000 0.0
10000 0.0
15000 100.0
20000 100.0
25000 94.1
30000 100.0
35000 102.9
40000 5.1
45000 115.1
50000 113.9
55000 0.6
60000 418.8
65000 117.5
70000 100.0
75000 100.0
80000 183.0
85000 4.1
90000 295.3
95000 294.0
100000 0.0
105000 447.4
110000 299.8
115000 1.4
120000 98.9
125000 102.5
130000 201.3
135000 1.8
140000 377.3
145000 92.6
150000 289.7
155000 288.5
160000 197.8
165000 198.9
170000 391.0
175000 0.0
180000 481.9
185000 684.3
190000 297.7
195000 266.8
200000 294.6
205000 587.4
210000 511.6
215000 292.3
220000 397.5
225000 97.9
230000 386.9
235000 484.7
240000 471.7
245000 344.7
250000 288.4
255000 186.9
260000 397.6
265000 387.3
270000 272.7
275000 482.7
280000 485.4
285000 293.0
290000 198.5
295000 587.2
300000 483.6
305000 482.2
310000 477.4
315000 486.7
320000 196.3
325000 390.2
330000 586.3
335000 486.0
340000 295.0
345000 596.8
350000 393.1
355000 578.3
360000 388.2
365000 379.3
370000 386.1
375000 488.1
380000 296.1
385000 484.2
390000 203.9
395000 494.8
400000 572.4
405000 751.3
410000 668.1
415000 583.8
420000 564.6
425000 765.0
430000 481.5
435000 691.0
440000 746.3
445000 294.0
450000 578.0
455000 679.0
460000 481.2
465000 283.1
470000 389.0
475000 488.1
480000 430.3
485000 393.5
490000 773.0
495000 491.6
500000 678.3
505000 564.0
510000 476.6
515000 390.2
520000 290.5
525000 285.1
530000 672.9
535000 289.0
540000 481.5
545000 588.8
550000 579.6
555000 681.9
560000 675.5
565000 674.1
570000 679.6
575000 577.8
580000 590.9
585000 767.7
590000 771.4
595000 895.1
600000 780.8
605000 731.8
610000 482.3
615000 577.7
620000 665.1
625000 763.8
630000 662.8
635000 678.5
640000 568.7
645000 674.0
650000 767.8
655000 478.3
660000 857.8
665000 581.4
670000 769.8
675000 774.5
680000 774.8
685000 865.3
690000 567.3
695000 485.9
700000 681.0
705000 757.7
710000 784.7
715000 962.7
720000 872.5
725000 865.1
730000 671.7
735000 778.3
740000 572.4
745000 978.9
750000 836.1
755000 777.6
760000 577.3
765000 707.7
770000 731.8
775000 869.5
780000 681.1
785000 867.6
790000 963.8
795000 860.3
800000 758.4
805000 670.7
810000 686.0
815000 857.2
820000 573.5
825000 583.7
830000 774.2
835000 767.2
840000 479.2
845000 668.0
850000 777.1
855000 866.5
860000 875.7
865000 777.2
870000 485.1
875000 580.8
880000 662.7
885000 878.2
890000 976.2
895000 982.7
900000 876.8
905000 871.6
910000 957.6
915000 970.8
920000 579.5
925000 772.8
930000 768.5
935000 769.9
940000 849.8
945000 867.2
950000 873.9
955000 967.1
960000 958.8
965000 854.7
970000 668.8
975000 486.8
980000 973.6
985000 977.8
990000 680.7
995000 867.8
1000000 958.7
1005000 967.2
1010000 864.1
1015000 952.5
1020000 853.0
1025000 588.0
1030000 855.1
1035000 481.2
1040000 857.3
1045000 762.8
1050000 865.0
1055000 872.8
1060000 977.9
1065000 874.2
1070000 877.5
1075000 861.9
1080000 865.0
1085000 954.4
1090000 680.9
1095000 872.8
1100000 779.3
1105000 965.1
1110000 788.0
1115000 862.9
1120000 971.0
1125000 765.3
1130000 688.8
1135000 968.2
1140000 774.3
1145000 862.4
1150000 968.2
1155000 879.6
1160000 966.8
1165000 876.4
1170000 870.5
1175000 864.7
1180000 867.2
1185000 866.2
1190000 978.4
1195000 767.4
1200000 971.2
1205000 864.3
1210000 971.8
1215000 872.4
1220000 946.5
1225000 964.0
1230000 575.7
1235000 872.6
1240000 973.8
1245000 959.7
1250000 959.3
1255000 982.4
1260000 975.2
1265000 943.9
1270000 969.3
1275000 964.8
1280000 876.6
1285000 535.0
1290000 674.7
1295000 969.9
1300000 963.5
1305000 773.7
1310000 783.3
1315000 978.3
1320000 966.4
1325000 960.6
1330000 965.7
1335000 870.1
1340000 873.2
1345000 874.0
1350000 965.7
1355000 871.7
1360000 780.6
1365000 871.0
1370000 978.3
1375000 965.3
1380000 859.6
1385000 981.4
1390000 872.2
1395000 959.6
1400000 972.8
1405000 772.9
1410000 879.9
1415000 956.0
1420000 872.7
1425000 966.8
1430000 976.7
1435000 974.6
1440000 875.1
1445000 866.1
1450000 970.9
1455000 975.5
1460000 871.1
1465000 866.5
1470000 967.1
1475000 876.6
1480000 769.5
1485000 973.2
1490000 878.7
1495000 956.4
1500000 973.5
1505000 968.9
1510000 973.9
1515000 979.2
1520000 878.9
1525000 973.0
1530000 960.9
1535000 975.7
1540000 876.7
1545000 863.3
1550000 777.0
1555000 878.4
1560000 769.8
1565000 973.5
1570000 868.1
1575000 875.2
1580000 783.7
1585000 882.3
1590000 974.8
1595000 976.1
1600000 880.1
1605000 874.8
1610000 781.4
1615000 979.4
1620000 967.4
1625000 863.8
1630000 957.0
1635000 883.6
1640000 978.6
1645000 968.6
1650000 874.1
1655000 863.7
1660000 778.3
1665000 675.8
1670000 955.8
1675000 877.7
1680000 977.9
1685000 979.3
1690000 680.8
1695000 829.6
1700000 967.1
1705000 967.9
1710000 879.2
1715000 970.9
1720000 875.4
1725000 953.5
1730000 972.8
1735000 846.8
1740000 872.6
1745000 961.3
1750000 809.8
1755000 878.6
1760000 877.3
1765000 955.2
1770000 967.6
1775000 975.5
1780000 971.0
1785000 874.8
1790000 966.3
1795000 972.5
1800000 978.7
1805000 975.5
1810000 776.0
1815000 875.8
1820000 969.4
1825000 959.1
1830000 969.6
1835000 974.6
1840000 967.4
1845000 976.2
1850000 976.4
1855000 972.7
1860000 975.9
1865000 880.2
1870000 979.2
1875000 973.3
1880000 967.1
1885000 970.3
1890000 876.3
1895000 975.1
1900000 977.1
1905000 967.1
1910000 971.4
1915000 776.9
1920000 873.9
1925000 972.6
1930000 971.8
1935000 979.1
1940000 967.3
1945000 975.1
1950000 976.6
1955000 876.1
1960000 971.6
1965000 976.3
1970000 977.1
1975000 879.9
1980000 975.7
1985000 869.8
1990000 788.6
1995000 980.6
2000000 968.8
