5000 33.5
10000 57.8
15000 0.3
20000 18.7
25000 20.9
30000 32.4
35000 91.5
40000 72.7
45000 81.6
50000 63.3
55000 123.1
60000 249.0
65000 136.8
70000 283.9
75000 260.5
80000 244.8
85000 249.7
90000 372.7
95000 365.7
100000 380.0
105000 429.0
110000 227.2
115000 419.8
120000 493.5
125000 516.1
130000 541.0
135000 560.9
140000 575.7
145000 523.7
150000 550.6
155000 524.3
160000 546.8
165000 604.2
170000 592.2
175000 595.9
180000 592.4
185000 607.5
190000 636.2
195000 619.9
200000 628.0
205000 641.8
210000 646.8
215000 640.7
220000 643.2
225000 627.0
230000 658.3
235000 654.9
240000 680.7
245000 655.4
250000 668.3
255000 675.5
260000 699.7
265000 685.0
270000 693.7
275000 697.2
280000 701.2
285000 722.5
290000 722.3
295000 716.1
300000 725.3
305000 714.1
310000 727.3
315000 743.7
320000 708.4
325000 730.8
330000 729.0
335000 717.7
340000 715.5
345000 734.7
350000 739.5
355000 728.9
360000 728.3
365000 735.9
370000 729.1
375000 737.4
380000 736.4
385000 740.2
390000 728.8
395000 751.6
400000 726.5
405000 733.1
410000 750.2
415000 749.5
420000 763.0
425000 741.2
430000 754.6
435000 763.6
440000 754.0
445000 774.4
450000 777.6
455000 707.6
460000 775.8
465000 772.9
470000 700.5
475000 771.9
480000 706.7
485000 774.9
490000 794.1
495000 780.9
500000 764.1
505000 806.5
510000 794.5
515000 807.7
520000 755.2
525000 787.7
530000 798.0
535000 813.1
540000 793.8
545000 809.2
550000 785.3
555000 806.7
560000 807.2
565000 810.4
570000 809.5
575000 780.1
580000 791.2
585000 818.7
590000 808.0
595000 812.1
600000 813.6
605000 819.7
610000 805.9
615000 824.8
620000 795.9
625000 798.8
630000 819.5
635000 828.5
640000 819.0
645000 811.9
650000 813.9
655000 843.2
660000 827.9
665000 818.5
670000 781.7
675000 830.4
680000 841.7
685000 805.3
690000 840.8
695000 832.6
700000 816.4
705000 817.5
710000 823.8
715000 840.0
720000 838.1
725000 834.4
730000 839.2
735000 759.7
740000 848.0
745000 829.1
750000 849.6
755000 844.7
760000 789.2
765000 854.3
770000 834.8
775000 844.4
780000 850.5
785000 839.5
790000 843.1
795000 861.6
800000 833.7
805000 870.1
810000 838.4
815000 866.4
820000 851.6
825000 853.0
830000 857.1
835000 854.6
840000 859.9
845000 856.6
850000 865.4
855000 849.9
860000 864.5
865000 673.0
870000 865.4
875000 854.5
880000 872.3
885000 861.0
890000 849.9
895000 862.3
900000 817.3
905000 858.5
910000 864.7
915000 841.8
920000 816.1
925000 876.1
930000 800.4
935000 820.9
940000 841.6
945000 870.0
950000 859.7
955000 866.6
960000 872.4
965000 856.4
970000 871.7
975000 819.7
980000 784.2
985000 856.0
990000 857.4
995000 853.5
1000000 866.7
1005000 872.2
1010000 870.8
1015000 878.0
1020000 866.3
1025000 877.9
1030000 858.2
1035000 840.7
1040000 852.6
1045000 857.4
1050000 876.0
1055000 849.9
1060000 853.0
1065000 863.4
1070000 873.5
1075000 877.8
1080000 867.8
1085000 880.8
1090000 872.2
1095000 868.1
1100000 875.1
1105000 874.3
1110000 875.5
1115000 811.6
1120000 875.8
1125000 861.7
1130000 858.8
1135000 880.7
1140000 822.6
1145000 877.2
1150000 833.5
1155000 874.2
1160000 877.2
1165000 859.5
1170000 859.8
1175000 879.8
1180000 867.7
1185000 869.6
1190000 868.6
1195000 875.6
1200000 884.9
1205000 886.1
1210000 879.3
1215000 863.2
1220000 732.6
1225000 846.1
1230000 882.4
1235000 884.6
1240000 883.9
1245000 880.7
1250000 882.6
1255000 864.1
1260000 879.8
1265000 875.3
1270000 882.1
1275000 867.5
1280000 883.6
1285000 788.3
1290000 890.2
1295000 870.3
1300000 880.1
1305000 874.7
1310000 873.9
1315000 883.2
1320000 875.8
1325000 889.5
1330000 883.2
1335000 883.9
1340000 878.0
1345000 885.1
1350000 887.5
1355000 882.6
1360000 876.4
1365000 890.5
1370000 889.6
1375000 890.8
1380000 881.8
1385000 884.8
1390000 886.5
1395000 891.0
1400000 889.1
1405000 881.3
1410000 883.5
1415000 860.5
1420000 881.6
1425000 879.5
1430000 886.9
1435000 888.2
1440000 878.7
1445000 886.8
1450000 890.6
1455000 886.0
1460000 893.2
1465000 878.9
1470000 891.2
1475000 878.3
1480000 879.7
1485000 877.8
1490000 892.0
1495000 892.7
1500000 885.5
1505000 885.3
1510000 892.4
1515000 888.7
1520000 894.3
1525000 887.5
1530000 892.1
1535000 889.8
1540000 893.4
1545000 888.9
1550000 891.8
1555000 888.3
1560000 891.8
1565000 895.8
1570000 894.2
1575000 891.8
1580000 893.9
1585000 888.3
1590000 891.2
1595000 882.0
1600000 894.7
1605000 892.0
1610000 891.6
1615000 893.1
1620000 895.3
1625000 893.7
1630000 890.5
1635000 889.8
1640000 893.1
1645000 894.7
1650000 899.4
1655000 892.4
1660000 898.2
1665000 894.8
1670000 894.0
1675000 892.4
1680000 882.3
1685000 895.4
1690000 893.8
1695000 895.2
1700000 897.2
1705000 901.1
1710000 898.5
1715000 897.5
1720000 896.0
1725000 893.9
1730000 899.0
1735000 896.7
1740000 894.7
1745000 895.4
1750000 900.2
1755000 894.1
1760000 897.8
1765000 895.2
1770000 895.4
1775000 897.8
1780000 898.6
1785000 886.3
1790000 899.2
1795000 873.3
1800000 900.7
1805000 899.2
1810000 902.7
1815000 897.3
1820000 900.7
1825000 894.7
1830000 900.3
1835000 898.9
1840000 900.5
1845000 896.5
1850000 902.2
1855000 900.0
1860000 881.8
1865000 898.9
1870000 903.8
1875000 898.2
1880000 901.1
1885000 899.7
1890000 902.9
1895000 902.7
1900000 899.3
1905000 900.0
1910000 898.7
1915000 898.9
1920000 900.2
1925000 902.6
1930000 902.8
1935000 901.1
1940000 896.9
1945000 901.4
1950000 902.0
1955000 900.6
1960000 901.1
1965000 898.4
1970000 902.1
1975000 900.7
1980000 903.3
1985000 900.9
1990000 900.6
1995000 900.0
2000000 902.4
