5000 16.0
10000 14.1
15000 0.2
20000 24.8
25000 19.8
30000 48.5
35000 34.6
40000 41.2
45000 46.1
50000 95.3
55000 182.0
60000 86.7
65000 82.6
70000 180.9
75000 112.5
80000 140.5
85000 167.5
90000 204.7
95000 269.9
100000 275.2
105000 190.9
110000 244.9
115000 144.2
120000 384.9
125000 410.0
130000 393.2
135000 435.3
140000 117.9
145000 505.7
150000 488.7
155000 446.1
160000 516.7
165000 573.6
170000 579.8
175000 600.3
180000 630.7
185000 634.2
190000 637.8
195000 635.9
200000 656.7
205000 667.9
210000 672.0
215000 607.4
220000 688.1
225000 669.5
230000 664.4
235000 689.4
240000 684.7
245000 743.7
250000 731.3
255000 622.2
260000 684.4
265000 716.1
270000 720.7
275000 752.0
280000 739.3
285000 748.9
290000 742.9
295000 762.1
300000 765.4
305000 735.1
310000 768.8
315000 771.8
320000 770.8
325000 776.7
330000 763.6
335000 779.8
340000 781.4
345000 767.5
350000 767.6
355000 784.9
360000 795.0
365000 810.4
370000 765.8
375000 796.7
380000 773.2
385000 807.4
390000 806.8
395000 787.3
400000 798.3
405000 777.5
410000 781.2
415000 723.5
420000 755.5
425000 775.7
430000 794.5
435000 809.8
440000 817.3
445000 811.8
450000 804.3
455000 796.4
460000 821.4
465000 804.0
470000 791.1
475000 786.6
480000 786.7
485000 814.1
490000 818.5
495000 779.0
500000 800.3
505000 812.9
510000 833.8
515000 810.3
520000 821.9
525000 832.2
530000 804.0
535000 811.3
540000 798.7
545000 822.7
550000 837.6
555000 823.1
560000 828.7
565000 789.0
570000 811.4
575000 827.2
580000 791.5
585000 778.5
590000 843.6
595000 814.9
600000 828.0
605000 832.0
610000 827.2
615000 842.1
620000 818.2
625000 827.8
630000 824.7
635000 845.1
640000 828.7
645000 807.4
650000 854.8
655000 809.6
660000 797.4
665000 856.3
670000 832.8
675000 855.6
680000 845.7
685000 844.5
690000 854.5
695000 854.6
700000 849.3
705000 841.6
710000 842.6
715000 861.5
720000 846.5
725000 849.7
730000 847.5
735000 845.6
740000 827.1
745000 854.5
750000 859.4
755000 848.4
760000 866.4
765000 858.5
770000 860.9
775000 865.2
780000 836.9
785000 856.2
790000 866.0
795000 862.7
800000 868.3
805000 863.0
810000 829.0
815000 855.6
820000 862.0
825000 858.4
830000 859.9
835000 871.7
840000 857.4
845000 853.8
850000 828.0
855000 815.9
860000 878.8
865000 865.8
870000 827.5
875000 873.9
880000 859.8
885000 849.6
890000 824.1
895000 857.1
900000 858.1
905000 849.5
910000 870.7
915000 876.3
920000 866.5
925000 866.1
930000 823.6
935000 873.7
940000 842.4
945000 871.9
950000 874.4
955000 865.3
960000 851.1
965000 875.8
970000 868.7
975000 856.3
980000 855.7
985000 877.6
990000 872.7
995000 857.8
1000000 865.5
1005000 875.5
1010000 874.1
1015000 871.6
1020000 853.1
1025000 854.5
1030000 859.9
1035000 855.3
1040000 860.8
1045000 876.4
1050000 837.9
1055000 858.2
1060000 851.2
1065000 879.9
1070000 879.4
1075000 880.3
1080000 860.2
1085000 873.9
1090000 878.7
1095000 868.0
1100000 860.3
1105000 868.9
1110000 878.1
1115000 855.7
1120000 872.1
1125000 870.7
1130000 876.6
1135000 878.7
1140000 883.7
1145000 873.5
1150000 879.4
1155000 880.2
1160000 868.6
1165000 873.7
1170000 877.6
1175000 888.2
1180000 879.1
1185000 887.4
1190000 878.1
1195000 869.6
1200000 886.7
1205000 877.0
1210000 877.0
1215000 779.3
1220000 887.2
1225000 888.1
1230000 884.8
1235000 883.2
1240000 882.7
1245000 858.9
1250000 835.2
1255000 881.9
1260000 883.8
1265000 885.9
1270000 871.7
1275000 888.4
1280000 878.8
1285000 883.3
1290000 598.9
1295000 875.9
1300000 884.9
1305000 881.9
1310000 886.1
1315000 887.0
1320000 883.0
1325000 882.1
1330000 884.9
1335000 886.7
1340000 888.1
1345000 884.7
1350000 889.8
1355000 884.1
1360000 891.6
1365000 884.1
1370000 884.9
1375000 886.7
1380000 887.8
1385000 880.7
1390000 873.1
1395000 887.3
1400000 880.6
1405000 867.4
1410000 891.3
1415000 883.7
1420000 887.9
1425000 887.8
1430000 886.5
1435000 888.8
1440000 891.6
1445000 887.5
1450000 887.4
1455000 889.0
1460000 886.9
1465000 868.9
1470000 889.6
1475000 884.9
1480000 883.8
1485000 880.5
1490000 887.4
1495000 890.5
1500000 890.7
1505000 885.5
1510000 892.3
1515000 885.7
1520000 888.9
1525000 881.1
1530000 887.2
1535000 894.5
1540000 885.4
1545000 888.6
1550000 888.5
1555000 891.0
1560000 893.0
1565000 889.6
1570000 889.4
1575000 894.1
1580000 892.2
1585000 893.4
1590000 895.0
1595000 892.1
1600000 888.4
1605000 895.1
1610000 889.5
1615000 894.6
1620000 895.2
1625000 892.2
1630000 888.9
1635000 890.9
1640000 891.0
1645000 890.5
1650000 891.8
1655000 888.6
1660000 892.9
1665000 893.3
1670000 894.1
1675000 891.5
1680000 893.1
1685000 890.4
1690000 891.5
1695000 886.8
1700000 887.8
1705000 887.1
1710000 882.1
1715000 896.4
1720000 882.7
1725000 886.7
1730000 894.7
1735000 895.6
1740000 897.8
1745000 895.3
1750000 897.7
1755000 895.9
1760000 892.8
1765000 896.9
1770000 896.2
1775000 898.1
1780000 898.6
1785000 896.2
1790000 894.9
1795000 899.1
1800000 893.3
1805000 857.0
1810000 893.7
1815000 898.3
1820000 896.6
1825000 895.0
1830000 898.3
1835000 896.2
1840000 894.3
1845000 897.8
1850000 900.2
1855000 894.6
1860000 896.6
1865000 891.8
1870000 898.7
1875000 897.8
1880000 899.5
1885000 895.3
1890000 901.5
1895000 898.4
1900000 902.7
1905000 898.8
1910000 891.2
1915000 901.7
1920000 900.5
1925000 900.7
1930000 900.2
1935000 897.4
1940000 902.3
1945000 896.2
1950000 900.4
1955000 898.1
1960000 902.2
1965000 902.5
1970000 901.9
1975000 897.8
1980000 898.4
1985000 900.6
1990000 903.2
1995000 898.9
2000000 901.9
