5000 19.9
10000 16.8
15000 0.3
20000 3.0
25000 22.0
30000 61.5
35000 52.9
40000 38.1
45000 132.8
50000 98.0
55000 66.7
60000 182.9
65000 182.9
70000 226.8
75000 237.8
80000 170.0
85000 277.2
90000 390.1
95000 363.5
100000 213.3
105000 414.5
110000 331.6
115000 377.8
120000 417.2
125000 481.5
130000 466.0
135000 249.8
140000 453.0
145000 197.3
150000 312.4
155000 253.0
160000 332.8
165000 484.3
170000 602.6
175000 565.8
180000 465.5
185000 635.8
190000 610.7
195000 426.2
200000 649.4
205000 692.7
210000 650.5
215000 678.7
220000 649.2
225000 594.3
230000 693.3
235000 663.3
240000 568.2
245000 741.5
250000 735.8
255000 718.8
260000 752.0
265000 691.4
270000 757.4
275000 793.5
280000 802.6
285000 790.0
290000 794.2
295000 742.1
300000 773.3
305000 748.3
310000 820.2
315000 817.1
320000 790.2
325000 834.9
330000 819.0
335000 809.5
340000 805.3
345000 785.2
350000 783.2
355000 842.1
360000 799.0
365000 816.9
370000 843.2
375000 855.4
380000 850.9
385000 801.6
390000 838.2
395000 861.8
400000 864.7
405000 858.8
410000 820.7
415000 860.1
420000 848.7
425000 794.3
430000 861.5
435000 857.7
440000 865.5
445000 859.0
450000 844.4
455000 858.0
460000 871.1
465000 862.3
470000 790.4
475000 865.6
480000 850.7
485000 841.4
490000 870.9
495000 871.7
500000 864.0
505000 874.8
510000 858.5
515000 870.0
520000 860.7
525000 860.3
530000 864.7
535000 871.5
540000 862.1
545000 866.9
550000 866.9
555000 880.1
560000 873.5
565000 870.1
570000 860.4
575000 870.6
580000 872.3
585000 874.9
590000 857.5
595000 863.2
600000 876.0
605000 871.2
610000 853.9
615000 880.4
620000 858.1
625000 863.2
630000 864.2
635000 861.4
640000 869.1
645000 874.0
650000 841.2
655000 877.9
660000 872.7
665000 866.8
670000 869.6
675000 875.7
680000 868.9
685000 872.3
690000 872.6
695000 871.2
700000 877.1
705000 874.2
710000 864.8
715000 870.3
720000 854.2
725000 865.4
730000 875.3
735000 868.3
740000 874.6
745000 873.2
750000 873.3
755000 867.5
760000 878.7
765000 863.1
770000 871.9
775000 872.0
780000 865.5
785000 867.2
790000 872.7
795000 860.1
800000 878.5
805000 873.5
810000 873.4
815000 808.4
820000 878.5
825000 876.9
830000 868.0
835000 875.9
840000 874.6
845000 884.3
850000 881.5
855000 872.7
860000 874.5
865000 883.0
870000 875.7
875000 877.6
880000 878.3
885000 865.8
890000 880.9
895000 881.0
900000 888.8
905000 883.7
910000 886.1
915000 862.8
920000 858.5
925000 876.0
930000 873.8
935000 886.4
940000 884.7
945000 872.6
950000 878.0
955000 881.8
960000 888.8
965000 802.3
970000 881.7
975000 875.3
980000 862.2
985000 885.3
990000 884.2
995000 869.3
1000000 798.3
1005000 877.6
1010000 886.4
1015000 890.1
1020000 882.6
1025000 880.9
1030000 879.7
1035000 890.3
1040000 885.8
1045000 882.3
1050000 864.6
1055000 889.9
1060000 893.3
1065000 890.1
1070000 890.5
1075000 891.8
1080000 883.4
1085000 887.3
1090000 891.2
1095000 893.6
1100000 895.9
1105000 891.0
1110000 892.4
1115000 888.0
1120000 893.1
1125000 890.4
1130000 890.4
1135000 890.1
1140000 889.9
1145000 896.1
1150000 874.5
1155000 866.2
1160000 881.7
1165000 891.1
1170000 896.5
1175000 891.7
1180000 897.5
1185000 897.2
1190000 895.4
1195000 896.6
1200000 858.7
1205000 888.1
1210000 890.4
1215000 889.2
1220000 885.1
1225000 885.6
1230000 896.1
1235000 895.7
1240000 892.6
1245000 894.7
1250000 882.8
1255000 893.3
1260000 899.3
1265000 893.3
1270000 891.6
1275000 897.2
1280000 891.2
1285000 896.6
1290000 896.2
1295000 894.5
1300000 894.4
1305000 885.5
1310000 901.6
1315000 900.3
1320000 899.2
1325000 894.3
1330000 898.3
1335000 897.7
1340000 900.8
1345000 899.0
1350000 898.4
1355000 900.9
1360000 897.3
1365000 812.7
1370000 898.3
1375000 899.2
1380000 901.6
1385000 874.1
1390000 898.8
1395000 902.6
1400000 889.4
1405000 899.3
1410000 898.0
1415000 903.8
1420000 901.5
1425000 898.7
1430000 899.3
1435000 882.2
1440000 806.7
1445000 902.2
1450000 901.6
1455000 902.2
1460000 901.2
1465000 900.9
1470000 903.4
1475000 898.6
1480000 899.5
1485000 898.6
1490000 851.3
1495000 901.0
1500000 899.3
1505000 899.1
1510000 893.4
1515000 902.9
1520000 892.0
1525000 895.0
1530000 887.1
1535000 903.8
1540000 900.1
1545000 896.4
1550000 902.2
1555000 881.5
1560000 902.7
1565000 875.7
1570000 893.6
1575000 812.2
1580000 900.5
1585000 883.6
1590000 888.3
1595000 898.7
1600000 901.5
1605000 900.1
1610000 904.0
1615000 896.4
1620000 898.4
1625000 904.3
1630000 893.2
1635000 901.8
1640000 874.2
1645000 886.4
1650000 898.3
1655000 877.1
1660000 900.7
1665000 904.2
1670000 897.3
1675000 885.5
1680000 903.3
1685000 893.0
1690000 905.9
1695000 905.4
1700000 899.3
1705000 898.1
1710000 902.7
1715000 903.5
1720000 896.5
1725000 905.7
1730000 900.3
1735000 903.1
1740000 897.2
1745000 906.6
1750000 905.2
1755000 904.1
1760000 905.9
1765000 905.0
1770000 906.5
1775000 898.3
1780000 896.8
1785000 881.7
1790000 900.5
1795000 904.6
1800000 903.4
1805000 901.2
1810000 903.1
1815000 903.2
1820000 904.9
1825000 900.4
1830000 905.4
1835000 902.5
1840000 902.5
1845000 908.8
1850000 898.9
1855000 896.4
1860000 907.0
1865000 907.6
1870000 903.9
1875000 905.0
1880000 907.1
1885000 905.6
1890000 818.8
1895000 904.0
1900000 903.7
1905000 910.6
1910000 902.4
1915000 901.5
1920000 901.7
1925000 907.9
1930000 903.2
1935000 903.3
1940000 904.2
1945000 909.1
1950000 903.1
1955000 906.0
1960000 909.6
1965000 899.0
1970000 907.5
1975000 904.0
1980000 423.5
1985000 907.6
1990000 908.4
1995000 905.3
2000000 907.1
