5000 8.1
10000 6.3
15000 0.3
20000 33.1
25000 32.6
30000 64.7
35000 67.0
40000 17.2
45000 90.7
50000 83.2
55000 91.5
60000 122.7
65000 282.2
70000 172.9
75000 166.6
80000 262.0
85000 92.8
90000 55.3
95000 313.5
100000 293.4
105000 417.1
110000 430.9
115000 425.4
120000 322.1
125000 500.8
130000 490.9
135000 542.1
140000 540.6
145000 530.0
150000 563.4
155000 503.1
160000 566.0
165000 490.5
170000 581.5
175000 604.2
180000 625.7
185000 636.6
190000 651.2
195000 667.3
200000 700.9
205000 680.0
210000 687.1
215000 656.7
220000 647.1
225000 685.8
230000 670.9
235000 717.6
240000 713.5
245000 721.4
250000 715.3
255000 732.9
260000 744.3
265000 726.7
270000 746.4
275000 712.9
280000 735.7
285000 721.2
290000 739.4
295000 748.3
300000 745.0
305000 745.6
310000 767.0
315000 732.1
320000 778.8
325000 746.0
330000 780.3
335000 787.3
340000 778.7
345000 770.8
350000 781.7
355000 793.6
360000 800.5
365000 774.5
370000 771.9
375000 789.2
380000 779.4
385000 777.7
390000 793.1
395000 819.8
400000 758.5
405000 802.4
410000 822.4
415000 781.0
420000 803.8
425000 818.1
430000 802.1
435000 813.4
440000 803.4
445000 828.3
450000 818.6
455000 817.6
460000 790.8
465000 819.3
470000 818.3
475000 829.4
480000 832.4
485000 830.0
490000 811.0
495000 835.2
500000 825.1
505000 833.7
510000 843.1
515000 840.5
520000 839.1
525000 839.5
530000 849.3
535000 838.9
540000 840.3
545000 818.2
550000 851.8
555000 841.1
560000 822.5
565000 831.5
570000 844.9
575000 820.7
580000 848.9
585000 803.8
590000 830.5
595000 855.9
600000 856.0
605000 846.9
610000 835.0
615000 865.7
620000 865.9
625000 867.9
630000 849.8
635000 861.3
640000 867.8
645000 839.1
650000 868.5
655000 858.5
660000 829.0
665000 861.1
670000 872.7
675000 867.5
680000 859.8
685000 873.2
690000 865.5
695000 845.2
700000 872.8
705000 863.5
710000 844.9
715000 878.3
720000 851.9
725000 879.7
730000 859.3
735000 860.2
740000 876.3
745000 874.0
750000 864.8
755000 874.3
760000 855.9
765000 879.6
770000 857.4
775000 880.2
780000 879.1
785000 860.0
790000 879.3
795000 884.9
800000 882.1
805000 884.6
810000 882.7
815000 888.7
820000 887.2
825000 873.4
830000 883.1
835000 878.0
840000 815.2
845000 857.9
850000 882.5
855000 888.4
860000 878.2
865000 885.6
870000 875.2
875000 886.2
880000 878.7
885000 889.4
890000 819.9
895000 870.6
900000 888.3
905000 879.8
910000 890.0
915000 877.2
920000 888.1
925000 882.0
930000 876.5
935000 869.3
940000 873.7
945000 887.0
950000 876.7
955000 883.2
960000 826.4
965000 874.5
970000 880.3
975000 855.1
980000 873.3
985000 877.5
990000 859.1
995000 875.2
1000000 879.7
1005000 882.7
1010000 869.7
1015000 864.8
1020000 873.4
1025000 871.7
1030000 877.5
1035000 871.8
1040000 836.6
1045000 883.0
1050000 877.6
1055000 877.1
1060000 887.4
1065000 884.4
1070000 886.3
1075000 865.6
1080000 877.3
1085000 536.4
1090000 882.7
1095000 875.5
1100000 867.0
1105000 873.8
1110000 866.7
1115000 877.3
1120000 704.7
1125000 585.3
1130000 884.8
1135000 789.4
1140000 880.0
1145000 364.6
1150000 549.1
1155000 881.3
1160000 871.7
1165000 864.6
1170000 882.6
1175000 885.0
1180000 844.8
1185000 782.8
1190000 884.1
1195000 878.8
1200000 798.6
1205000 820.0
1210000 884.4
1215000 875.7
1220000 842.3
1225000 889.1
1230000 885.1
1235000 872.0
1240000 888.2
1245000 885.8
1250000 833.9
1255000 845.4
1260000 883.3
1265000 885.2
1270000 863.0
1275000 865.2
1280000 884.3
1285000 882.7
1290000 869.4
1295000 819.7
1300000 887.6
1305000 829.5
1310000 893.1
1315000 867.2
1320000 852.0
1325000 896.3
1330000 891.7
1335000 892.1
1340000 893.7
1345000 891.5
1350000 886.7
1355000 889.7
1360000 887.0
1365000 885.4
1370000 836.4
1375000 887.3
1380000 893.6
1385000 891.2
1390000 883.8
1395000 889.5
1400000 893.6
1405000 892.6
1410000 865.6
1415000 895.1
1420000 900.6
1425000 890.5
1430000 897.8
1435000 895.0
1440000 897.1
1445000 893.7
1450000 893.2
1455000 890.3
1460000 899.2
1465000 893.7
1470000 896.1
1475000 890.5
1480000 888.7
1485000 890.6
1490000 855.4
1495000 890.9
1500000 891.5
1505000 896.5
1510000 894.4
1515000 892.7
1520000 883.3
1525000 895.3
1530000 891.0
1535000 894.5
1540000 880.0
1545000 902.1
1550000 896.1
1555000 883.9
1560000 882.5
1565000 855.7
1570000 858.6
1575000 895.4
1580000 898.0
1585000 899.3
1590000 889.5
1595000 899.2
1600000 889.4
1605000 896.7
1610000 899.7
1615000 898.4
1620000 900.7
1625000 898.9
1630000 825.5
1635000 891.2
1640000 897.1
1645000 897.8
1650000 889.3
1655000 897.7
1660000 895.7
1665000 888.3
1670000 894.7
1675000 896.1
1680000 887.8
1685000 869.6
1690000 835.9
1695000 835.6
1700000 791.5
1705000 897.3
1710000 888.4
1715000 896.1
1720000 897.7
1725000 897.2
1730000 900.5
1735000 896.9
1740000 897.8
1745000 900.7
1750000 897.2
1755000 902.3
1760000 810.5
1765000 111.5
1770000 895.9
1775000 876.3
1780000 895.1
1785000 896.9
1790000 893.3
1795000 899.2
1800000 892.9
1805000 862.6
1810000 897.2
1815000 872.1
1820000 898.4
1825000 899.8
1830000 898.7
1835000 896.3
1840000 899.7
1845000 898.4
1850000 887.8
1855000 895.6
1860000 899.1
1865000 899.4
1870000 901.4
1875000 889.5
1880000 895.8
1885000 897.0
1890000 782.9
1895000 899.3
1900000 894.1
1905000 894.9
1910000 902.5
1915000 896.3
1920000 894.3
1925000 878.5
1930000 898.4
1935000 898.3
1940000 901.0
1945000 899.7
1950000 901.2
1955000 887.2
1960000 901.8
1965000 898.6
1970000 895.5
1975000 898.2
1980000 898.4
1985000 903.6
1990000 901.1
1995000 880.2
2000000 898.0
