5000 3.2
10000 2.3
15000 0.8
20000 21.6
25000 22.4
30000 57.8
35000 46.6
40000 20.5
45000 37.9
50000 45.1
55000 49.5
60000 108.0
65000 173.3
70000 229.1
75000 259.3
80000 293.2
85000 127.8
90000 298.0
95000 384.1
100000 401.2
105000 402.5
110000 151.3
115000 460.3
120000 512.3
125000 442.2
130000 527.5
135000 512.6
140000 525.4
145000 560.4
150000 537.9
155000 571.0
160000 548.6
165000 589.3
170000 576.8
175000 602.6
180000 600.2
185000 614.6
190000 619.9
195000 611.5
200000 638.4
205000 633.5
210000 641.5
215000 643.9
220000 632.8
225000 651.6
230000 628.9
235000 654.4
240000 653.2
245000 679.3
250000 680.4
255000 672.0
260000 680.4
265000 671.4
270000 688.3
275000 691.4
280000 704.2
285000 685.0
290000 697.2
295000 704.3
300000 706.5
305000 725.7
310000 716.3
315000 724.9
320000 718.0
325000 739.3
330000 736.2
335000 753.9
340000 746.5
345000 724.1
350000 757.2
355000 741.1
360000 719.8
365000 718.5
370000 760.3
375000 771.9
380000 741.7
385000 780.5
390000 757.0
395000 722.9
400000 775.7
405000 752.2
410000 756.6
415000 755.1
420000 779.0
425000 772.3
430000 783.2
435000 785.0
440000 787.2
445000 784.2
450000 764.3
455000 793.3
460000 751.5
465000 792.9
470000 773.0
475000 785.2
480000 768.1
485000 768.8
490000 772.1
495000 791.3
500000 780.2
505000 791.8
510000 792.7
515000 806.0
520000 799.1
525000 787.9
530000 806.6
535000 797.8
540000 799.6
545000 796.8
550000 801.9
555000 769.6
560000 798.6
565000 799.9
570000 791.4
575000 802.9
580000 792.5
585000 799.6
590000 810.8
595000 798.0
600000 805.4
605000 799.2
610000 813.7
615000 754.7
620000 795.5
625000 784.9
630000 803.7
635000 813.8
640000 807.2
645000 824.1
650000 768.1
655000 825.5
660000 823.8
665000 660.0
670000 822.2
675000 792.9
680000 806.6
685000 720.8
690000 804.8
695000 831.4
700000 814.5
705000 723.8
710000 831.6
715000 812.9
720000 814.0
725000 819.5
730000 821.4
735000 823.3
740000 817.6
745000 829.6
750000 841.9
755000 809.6
760000 807.8
765000 834.1
770000 822.2
775000 829.1
780000 811.6
785000 832.4
790000 814.9
795000 739.6
800000 830.2
805000 815.1
810000 822.4
815000 801.0
820000 794.9
825000 829.6
830000 839.9
835000 833.9
840000 803.7
845000 837.8
850000 824.5
855000 833.2
860000 830.2
865000 828.7
870000 832.9
875000 833.5
880000 826.4
885000 821.4
890000 823.4
895000 823.7
900000 829.0
905000 838.6
910000 831.2
915000 839.1
920000 845.5
925000 835.5
930000 832.7
935000 839.7
940000 849.2
945000 842.3
950000 843.0
955000 842.9
960000 843.5
965000 845.7
970000 739.3
975000 815.3
980000 845.4
985000 852.5
990000 790.6
995000 852.4
1000000 846.6
1005000 842.7
1010000 849.5
1015000 854.9
1020000 850.4
1025000 837.4
1030000 849.2
1035000 726.8
1040000 695.0
1045000 854.3
1050000 852.6
1055000 850.6
1060000 855.8
1065000 854.5
1070000 861.2
1075000 854.4
1080000 842.4
1085000 850.2
1090000 831.2
1095000 844.3
1100000 776.0
1105000 819.8
1110000 860.0
1115000 867.9
1120000 869.7
1125000 860.5
1130000 854.4
1135000 852.9
1140000 849.0
1145000 690.3
1150000 852.5
1155000 832.9
1160000 861.2
1165000 839.1
1170000 873.6
1175000 861.0
1180000 856.5
1185000 853.9
1190000 855.8
1195000 863.8
1200000 871.2
1205000 855.6
1210000 869.7
1215000 860.4
1220000 871.1
1225000 863.2
1230000 817.9
1235000 868.3
1240000 818.1
1245000 832.3
1250000 875.4
1255000 861.5
1260000 872.4
1265000 792.7
1270000 863.4
1275000 876.3
1280000 781.3
1285000 861.9
1290000 845.4
1295000 811.0
1300000 872.3
1305000 873.7
1310000 873.3
1315000 856.8
1320000 871.9
1325000 874.4
1330000 877.5
1335000 869.4
1340000 844.6
1345000 878.7
1350000 867.7
1355000 852.5
1360000 875.3
1365000 867.0
1370000 760.7
1375000 856.8
1380000 868.6
1385000 864.2
1390000 860.9
1395000 883.8
1400000 884.6
1405000 871.0
1410000 805.1
1415000 874.3
1420000 884.8
1425000 871.9
1430000 829.9
1435000 828.7
1440000 861.8
1445000 881.8
1450000 866.1
1455000 840.4
1460000 867.6
1465000 872.1
1470000 887.3
1475000 885.0
1480000 847.3
1485000 834.7
1490000 876.4
1495000 881.0
1500000 857.1
1505000 843.4
1510000 869.5
1515000 859.2
1520000 883.3
1525000 882.4
1530000 883.6
1535000 878.4
1540000 871.0
1545000 854.9
1550000 884.8
1555000 881.0
1560000 886.4
1565000 875.5
1570000 884.2
1575000 877.2
1580000 876.7
1585000 885.1
1590000 890.1
1595000 857.4
1600000 890.8
1605000 876.4
1610000 879.9
1615000 830.2
1620000 887.7
1625000 888.8
1630000 882.6
1635000 884.1
1640000 876.2
1645000 891.5
1650000 888.0
1655000 874.8
1660000 881.3
1665000 853.7
1670000 896.5
1675000 878.7
1680000 893.8
1685000 881.4
1690000 882.9
1695000 839.7
1700000 887.3
1705000 868.6
1710000 896.3
1715000 899.1
1720000 858.7
1725000 891.1
1730000 892.7
1735000 889.9
1740000 822.6
1745000 883.9
1750000 892.8
1755000 871.6
1760000 880.4
1765000 873.6
1770000 880.6
1775000 893.8
1780000 889.3
1785000 897.2
1790000 887.8
1795000 892.9
1800000 890.7
1805000 878.0
1810000 897.4
1815000 874.8
1820000 887.1
1825000 898.7
1830000 897.2
1835000 888.1
1840000 892.2
1845000 876.3
1850000 874.7
1855000 896.4
1860000 647.6
1865000 884.7
1870000 880.0
1875000 841.6
1880000 885.9
1885000 890.7
1890000 896.6
1895000 856.9
1900000 875.2
1905000 894.0
1910000 884.3
1915000 860.9
1920000 885.1
1925000 592.7
1930000 891.4
1935000 815.7
1940000 893.7
1945000 879.7
1950000 890.8
1955000 898.3
1960000 830.2
1965000 888.6
1970000 813.0
1975000 717.2
1980000 896.4
1985000 873.9
1990000 893.8
1995000 799.1
2000000 893.1
