5000 7.6
10000 8.1
15000 0.4
20000 24.8
25000 27.2
30000 34.0
35000 39.5
40000 111.4
45000 98.3
50000 115.0
55000 112.5
60000 174.0
65000 245.0
70000 192.8
75000 195.2
80000 279.1
85000 251.5
90000 157.2
95000 344.2
100000 163.4
105000 388.1
110000 395.5
115000 441.7
120000 478.4
125000 441.7
130000 432.9
135000 364.6
140000 455.5
145000 486.9
150000 503.9
155000 533.7
160000 518.8
165000 513.7
170000 520.2
175000 578.1
180000 541.7
185000 556.6
190000 587.9
195000 600.8
200000 547.5
205000 628.8
210000 588.4
215000 443.6
220000 560.9
225000 521.9
230000 601.8
235000 595.1
240000 615.1
245000 583.5
250000 600.9
255000 599.8
260000 651.1
265000 654.4
270000 619.3
275000 657.9
280000 661.4
285000 660.8
290000 654.6
295000 663.1
300000 649.8
305000 659.8
310000 666.4
315000 681.1
320000 669.2
325000 646.8
330000 662.6
335000 671.6
340000 649.4
345000 671.5
350000 657.5
355000 675.8
360000 681.1
365000 650.9
370000 654.7
375000 672.3
380000 641.6
385000 686.0
390000 690.9
395000 673.0
400000 688.6
405000 677.5
410000 625.2
415000 665.4
420000 682.8
425000 688.1
430000 669.1
435000 672.7
440000 688.8
445000 681.0
450000 696.1
455000 655.5
460000 636.3
465000 706.5
470000 699.3
475000 668.2
480000 708.2
485000 701.0
490000 702.5
495000 699.2
500000 695.3
505000 701.9
510000 701.1
515000 714.2
520000 717.0
525000 703.0
530000 715.9
535000 704.4
540000 711.4
545000 720.0
550000 713.5
555000 722.0
560000 693.5
565000 736.4
570000 735.8
575000 749.1
580000 742.4
585000 738.7
590000 733.5
595000 743.3
600000 726.6
605000 738.3
610000 744.6
615000 740.4
620000 731.3
625000 748.2
630000 732.9
635000 742.8
640000 725.6
645000 744.8
650000 747.3
655000 749.9
660000 764.5
665000 758.6
670000 768.8
675000 770.6
680000 757.2
685000 769.7
690000 745.5
695000 725.5
700000 772.5
705000 774.1
710000 754.4
715000 735.6
720000 764.3
725000 766.0
730000 751.2
735000 769.0
740000 717.1
745000 777.3
750000 757.1
755000 746.5
760000 778.9
765000 769.0
770000 762.6
775000 776.7
780000 775.3
785000 788.3
790000 779.9
795000 782.1
800000 797.9
805000 783.2
810000 786.3
815000 779.1
820000 786.0
825000 794.1
830000 796.9
835000 792.3
840000 760.9
845000 793.9
850000 763.1
855000 764.5
860000 735.2
865000 797.9
870000 793.3
875000 749.4
880000 795.4
885000 799.3
890000 796.7
895000 791.6
900000 795.9
905000 798.5
910000 804.0
915000 799.6
920000 772.5
925000 809.0
930000 812.8
935000 810.5
940000 802.9
945000 806.8
950000 813.4
955000 809.1
960000 816.5
965000 769.9
970000 809.0
975000 794.6
980000 817.4
985000 805.3
990000 811.4
995000 816.2
1000000 790.6
1005000 808.2
1010000 822.0
1015000 809.3
1020000 800.2
1025000 811.7
1030000 812.7
1035000 832.3
1040000 774.1
1045000 830.2
1050000 823.9
1055000 833.9
1060000 810.2
1065000 703.2
1070000 838.9
1075000 821.4
1080000 829.8
1085000 842.6
1090000 788.8
1095000 831.3
1100000 828.0
1105000 845.5
1110000 764.7
1115000 835.0
1120000 794.1
1125000 819.6
1130000 797.6
1135000 851.4
1140000 831.2
1145000 838.8
1150000 846.1
1155000 835.5
1160000 804.6
1165000 842.2
1170000 777.8
1175000 818.8
1180000 848.1
1185000 785.0
1190000 828.4
1195000 795.5
1200000 801.3
1205000 851.4
1210000 849.7
1215000 856.0
1220000 866.4
1225000 853.5
1230000 813.6
1235000 860.0
1240000 857.8
1245000 851.1
1250000 848.9
1255000 865.9
1260000 864.8
1265000 857.2
1270000 871.7
1275000 857.2
1280000 850.2
1285000 864.5
1290000 847.9
1295000 826.8
1300000 846.1
1305000 860.5
1310000 762.1
1315000 865.5
1320000 844.1
1325000 851.3
1330000 641.2
1335000 857.8
1340000 856.9
1345000 849.2
1350000 876.0
1355000 843.2
1360000 873.5
1365000 848.4
1370000 873.7
1375000 861.5
1380000 866.9
1385000 871.6
1390000 831.5
1395000 875.2
1400000 869.0
1405000 861.2
1410000 813.5
1415000 870.9
1420000 867.1
1425000 870.5
1430000 872.5
1435000 871.3
1440000 870.6
1445000 829.2
1450000 875.4
1455000 875.8
1460000 872.7
1465000 864.4
1470000 791.5
1475000 881.3
1480000 873.6
1485000 867.0
1490000 795.1
1495000 879.0
1500000 878.6
1505000 853.4
1510000 879.9
1515000 873.9
1520000 862.2
1525000 883.0
1530000 841.6
1535000 881.9
1540000 883.2
1545000 872.7
1550000 864.3
1555000 802.4
1560000 861.1
1565000 876.3
1570000 874.6
1575000 886.9
1580000 866.9
1585000 879.1
1590000 878.7
1595000 876.6
1600000 836.1
1605000 879.1
1610000 886.0
1615000 830.8
1620000 860.6
1625000 884.8
1630000 883.2
1635000 879.5
1640000 882.8
1645000 881.5
1650000 890.1
1655000 887.9
1660000 890.3
1665000 877.4
1670000 883.9
1675000 890.2
1680000 891.1
1685000 887.5
1690000 885.5
1695000 883.8
1700000 884.8
1705000 892.7
1710000 884.0
1715000 882.8
1720000 884.5
1725000 888.2
1730000 800.7
1735000 883.5
1740000 892.9
1745000 890.3
1750000 892.8
1755000 891.8
1760000 892.7
1765000 892.4
1770000 894.8
1775000 882.7
1780000 894.7
1785000 872.1
1790000 871.6
1795000 897.6
1800000 890.8
1805000 888.3
1810000 882.4
1815000 893.9
1820000 894.8
1825000 892.2
1830000 896.2
1835000 893.3
1840000 890.6
1845000 870.0
1850000 892.1
1855000 891.8
1860000 895.7
1865000 892.4
1870000 900.5
1875000 897.6
1880000 873.3
1885000 884.0
1890000 893.9
1895000 895.2
1900000 896.3
1905000 897.3
1910000 897.9
1915000 898.3
1920000 900.0
1925000 898.2
1930000 896.1
1935000 810.8
1940000 899.2
1945000 900.7
1950000 895.1
1955000 898.4
1960000 895.9
1965000 899.9
1970000 895.5
1975000 890.1
1980000 893.8
1985000 900.6
1990000 900.5
1995000 887.4
2000000 897.5
