5000 13.1
10000 21.0
15000 0.2
20000 4.0
25000 6.0
30000 44.9
35000 86.1
40000 59.1
45000 53.7
50000 114.1
55000 37.5
60000 167.1
65000 116.0
70000 258.0
75000 147.7
80000 197.6
85000 163.1
90000 267.8
95000 305.1
100000 290.4
105000 345.2
110000 357.5
115000 395.3
120000 246.3
125000 413.7
130000 389.6
135000 427.2
140000 407.3
145000 469.9
150000 480.7
155000 486.0
160000 484.5
165000 478.4
170000 551.5
175000 534.6
180000 504.5
185000 549.5
190000 542.0
195000 562.6
200000 562.4
205000 599.3
210000 607.4
215000 654.9
220000 615.7
225000 633.8
230000 670.1
235000 679.4
240000 694.4
245000 704.7
250000 681.0
255000 717.6
260000 735.0
265000 723.3
270000 739.9
275000 712.5
280000 707.8
285000 745.1
290000 750.6
295000 744.7
300000 768.4
305000 759.8
310000 760.6
315000 760.7
320000 773.5
325000 777.8
330000 772.6
335000 773.4
340000 739.2
345000 782.1
350000 783.0
355000 784.7
360000 780.7
365000 789.9
370000 780.3
375000 790.8
380000 796.7
385000 789.9
390000 792.6
395000 803.3
400000 808.8
405000 792.2
410000 795.2
415000 800.7
420000 799.3
425000 786.0
430000 821.3
435000 812.8
440000 813.4
445000 807.5
450000 767.6
455000 810.6
460000 785.4
465000 817.2
470000 816.9
475000 827.0
480000 816.3
485000 817.5
490000 814.1
495000 826.9
500000 828.8
505000 817.2
510000 754.5
515000 816.0
520000 812.6
525000 834.9
530000 832.3
535000 818.7
540000 825.1
545000 831.9
550000 824.6
555000 827.6
560000 844.2
565000 827.5
570000 825.3
575000 834.7
580000 835.9
585000 835.6
590000 786.8
595000 824.4
600000 819.4
605000 838.7
610000 847.7
615000 841.0
620000 811.0
625000 853.1
630000 844.1
635000 847.3
640000 847.4
645000 845.2
650000 834.4
655000 835.9
660000 845.0
665000 817.5
670000 840.1
675000 820.4
680000 805.3
685000 858.3
690000 856.7
695000 835.0
700000 852.9
705000 847.0
710000 853.4
715000 862.0
720000 843.6
725000 847.4
730000 858.4
735000 847.3
740000 852.3
745000 856.4
750000 860.8
755000 854.6
760000 854.1
765000 846.6
770000 840.5
775000 861.0
780000 829.2
785000 861.9
790000 856.9
795000 855.9
800000 855.1
805000 859.6
810000 839.9
815000 856.5
820000 865.0
825000 858.6
830000 855.2
835000 859.1
840000 864.6
845000 833.1
850000 850.2
855000 863.6
860000 868.9
865000 814.0
870000 858.5
875000 866.1
880000 870.2
885000 823.9
890000 870.3
895000 842.4
900000 856.6
905000 848.3
910000 874.5
915000 839.6
920000 870.1
925000 858.7
930000 872.5
935000 868.9
940000 876.7
945000 863.1
950000 874.6
955000 872.9
960000 870.9
965000 876.3
970000 848.9
975000 828.1
980000 847.6
985000 831.1
990000 872.6
995000 878.0
1000000 878.8
1005000 867.2
1010000 832.8
1015000 870.6
1020000 870.1
1025000 869.4
1030000 864.4
1035000 871.4
1040000 856.1
1045000 885.9
1050000 865.8
1055000 873.8
1060000 879.9
1065000 867.3
1070000 552.8
1075000 878.9
1080000 865.3
1085000 853.3
1090000 868.7
1095000 870.5
1100000 880.6
1105000 869.7
1110000 852.4
1115000 865.1
1120000 876.3
1125000 875.2
1130000 856.5
1135000 877.7
1140000 807.0
1145000 862.4
1150000 871.1
1155000 860.4
1160000 878.5
1165000 860.0
1170000 885.0
1175000 872.1
1180000 861.5
1185000 885.9
1190000 874.4
1195000 884.5
1200000 878.1
1205000 883.3
1210000 891.3
1215000 882.7
1220000 750.1
1225000 868.4
1230000 885.4
1235000 866.7
1240000 890.4
1245000 888.9
1250000 890.0
1255000 865.4
1260000 880.9
1265000 833.1
1270000 890.5
1275000 873.3
1280000 875.9
1285000 835.1
1290000 892.8
1295000 813.9
1300000 887.9
1305000 886.5
1310000 878.7
1315000 890.7
1320000 873.4
1325000 893.2
1330000 887.2
1335000 497.8
1340000 583.6
1345000 746.5
1350000 891.7
1355000 890.4
1360000 888.5
1365000 882.1
1370000 884.2
1375000 10.7
1380000 880.1
1385000 890.8
1390000 888.4
1395000 877.8
1400000 879.6
1405000 890.6
1410000 877.7
1415000 836.2
1420000 885.7
1425000 881.5
1430000 893.0
1435000 888.1
1440000 882.7
1445000 849.6
1450000 892.7
1455000 875.7
1460000 878.7
1465000 891.8
1470000 580.4
1475000 873.1
1480000 826.9
1485000 889.5
1490000 864.9
1495000 868.1
1500000 868.7
1505000 893.2
1510000 881.4
1515000 889.0
1520000 762.9
1525000 889.6
1530000 892.2
1535000 884.1
1540000 834.3
1545000 883.9
1550000 886.1
1555000 875.7
1560000 887.0
1565000 887.7
1570000 888.0
1575000 882.4
1580000 867.1
1585000 867.0
1590000 889.0
1595000 880.4
1600000 892.2
1605000 895.6
1610000 880.9
1615000 883.4
1620000 888.5
1625000 886.4
1630000 893.1
1635000 887.1
1640000 883.6
1645000 888.1
1650000 894.2
1655000 890.5
1660000 891.4
1665000 846.6
1670000 881.6
1675000 867.3
1680000 879.7
1685000 888.4
1690000 862.9
1695000 891.5
1700000 882.9
1705000 879.4
1710000 887.6
1715000 886.7
1720000 882.3
1725000 891.6
1730000 838.5
1735000 886.6
1740000 895.0
1745000 894.4
1750000 891.6
1755000 892.8
1760000 875.7
1765000 884.8
1770000 881.2
1775000 888.3
1780000 879.3
1785000 886.4
1790000 893.7
1795000 889.8
1800000 890.8
1805000 886.4
1810000 891.4
1815000 880.2
1820000 890.4
1825000 893.8
1830000 890.6
1835000 892.1
1840000 893.9
1845000 886.7
1850000 894.1
1855000 885.0
1860000 890.2
1865000 891.1
1870000 893.1
1875000 890.4
1880000 893.2
1885000 891.4
1890000 890.9
1895000 896.6
1900000 886.3
1905000 891.1
1910000 890.7
1915000 893.9
1920000 889.2
1925000 894.8
1930000 893.3
1935000 893.7
1940000 892.8
1945000 757.0
1950000 892.4
1955000 892.8
1960000 894.3
1965000 892.5
1970000 891.5
1975000 894.9
1980000 886.9
1985000 884.4
1990000 895.4
1995000 895.6
2000000 887.4
