5000 1.3
10000 1.1
15000 0.3
20000 30.4
25000 43.5
30000 105.0
35000 51.9
40000 82.8
45000 63.4
50000 116.0
55000 68.4
60000 113.4
65000 135.6
70000 142.7
75000 212.1
80000 200.8
85000 205.7
90000 287.6
95000 359.6
100000 256.9
105000 431.8
110000 443.9
115000 185.0
120000 220.9
125000 462.6
130000 222.1
135000 421.3
140000 493.1
145000 399.5
150000 516.7
155000 431.7
160000 480.7
165000 525.7
170000 511.2
175000 531.1
180000 543.3
185000 550.4
190000 584.6
195000 576.8
200000 565.1
205000 548.9
210000 585.4
215000 579.5
220000 601.7
225000 601.7
230000 592.7
235000 617.4
240000 601.3
245000 610.0
250000 636.0
255000 597.9
260000 639.6
265000 634.0
270000 648.2
275000 639.8
280000 641.5
285000 658.7
290000 652.5
295000 644.3
300000 653.4
305000 665.0
310000 666.8
315000 655.0
320000 660.2
325000 664.1
330000 674.3
335000 660.2
340000 674.9
345000 670.1
350000 664.0
355000 667.5
360000 658.5
365000 691.4
370000 651.2
375000 685.5
380000 675.8
385000 649.6
390000 680.7
395000 686.6
400000 692.1
405000 700.1
410000 705.8
415000 711.7
420000 720.8
425000 711.6
430000 710.8
435000 722.9
440000 711.0
445000 704.1
450000 723.1
455000 724.2
460000 725.9
465000 725.4
470000 728.2
475000 724.4
480000 726.7
485000 720.8
490000 724.1
495000 733.3
500000 735.3
505000 724.1
510000 724.0
515000 699.0
520000 736.6
525000 718.0
530000 737.3
535000 730.6
540000 735.4
545000 711.7
550000 742.0
555000 724.2
560000 733.9
565000 733.6
570000 744.4
575000 725.8
580000 735.2
585000 739.4
590000 730.4
595000 749.8
600000 741.4
605000 741.9
610000 708.5
615000 744.6
620000 752.5
625000 743.8
630000 753.0
635000 755.0
640000 759.4
645000 746.1
650000 766.8
655000 761.3
660000 737.0
665000 760.8
670000 738.8
675000 761.3
680000 753.1
685000 741.2
690000 719.6
695000 758.8
700000 752.5
705000 768.0
710000 746.0
715000 754.4
720000 779.3
725000 770.3
730000 771.1
735000 767.1
740000 764.9
745000 770.8
750000 771.1
755000 780.3
760000 768.1
765000 750.6
770000 756.7
775000 753.5
780000 777.5
785000 761.0
790000 741.4
795000 753.5
800000 765.1
805000 785.5
810000 780.1
815000 771.7
820000 784.1
825000 785.9
830000 724.5
835000 781.1
840000 783.5
845000 782.2
850000 781.9
855000 781.5
860000 775.5
865000 795.3
870000 758.6
875000 779.9
880000 764.0
885000 781.0
890000 761.6
895000 789.1
900000 720.5
905000 794.6
910000 721.2
915000 794.3
920000 757.2
925000 794.9
930000 813.0
935000 746.4
940000 763.0
945000 806.0
950000 804.6
955000 626.1
960000 760.7
965000 802.0
970000 798.1
975000 800.9
980000 811.3
985000 759.0
990000 811.8
995000 793.5
1000000 806.2
1005000 825.1
1010000 799.9
1015000 780.6
1020000 818.7
1025000 823.1
1030000 816.3
1035000 816.9
1040000 784.2
1045000 805.3
1050000 819.2
1055000 822.7
1060000 819.5
1065000 759.2
1070000 836.3
1075000 819.4
1080000 797.2
1085000 833.4
1090000 831.7
1095000 813.1
1100000 743.2
1105000 835.3
1110000 844.3
1115000 848.8
1120000 846.7
1125000 814.0
1130000 850.7
1135000 839.4
1140000 845.3
1145000 842.8
1150000 856.3
1155000 784.5
1160000 805.5
1165000 846.9
1170000 856.9
1175000 862.5
1180000 698.4
1185000 849.7
1190000 699.1
1195000 867.3
1200000 863.4
1205000 862.6
1210000 850.6
1215000 838.5
1220000 863.5
1225000 872.6
1230000 845.0
1235000 869.2
1240000 857.4
1245000 864.3
1250000 871.9
1255000 868.9
1260000 863.2
1265000 872.6
1270000 870.1
1275000 857.0
1280000 842.8
1285000 854.4
1290000 868.4
1295000 868.6
1300000 872.8
1305000 868.9
1310000 867.9
1315000 871.3
1320000 857.1
1325000 850.4
1330000 872.0
1335000 876.9
1340000 871.3
1345000 872.6
1350000 872.2
1355000 771.6
1360000 868.6
1365000 880.3
1370000 876.7
1375000 878.4
1380000 872.0
1385000 872.2
1390000 871.2
1395000 877.1
1400000 874.7
1405000 877.8
1410000 865.6
1415000 877.1
1420000 872.3
1425000 883.8
1430000 874.5
1435000 871.4
1440000 874.0
1445000 882.6
1450000 876.7
1455000 881.0
1460000 845.2
1465000 879.2
1470000 872.6
1475000 886.9
1480000 875.9
1485000 875.9
1490000 881.8
1495000 874.5
1500000 877.0
1505000 754.4
1510000 882.6
1515000 886.0
1520000 876.9
1525000 872.4
1530000 878.4
1535000 889.3
1540000 876.7
1545000 871.2
1550000 883.3
1555000 882.6
1560000 875.8
1565000 883.8
1570000 885.2
1575000 885.8
1580000 880.2
1585000 879.7
1590000 873.5
1595000 884.1
1600000 884.6
1605000 884.4
1610000 878.6
1615000 883.9
1620000 883.3
1625000 876.5
1630000 878.3
1635000 877.5
1640000 867.5
1645000 881.0
1650000 869.5
1655000 871.3
1660000 884.5
1665000 876.6
1670000 883.2
1675000 881.6
1680000 846.9
1685000 882.6
1690000 883.7
1695000 880.8
1700000 877.4
1705000 883.2
1710000 885.0
1715000 877.1
1720000 889.3
1725000 887.2
1730000 885.3
1735000 842.7
1740000 888.0
1745000 881.1
1750000 893.9
1755000 885.2
1760000 871.4
1765000 884.8
1770000 882.5
1775000 887.0
1780000 889.8
1785000 886.6
1790000 894.2
1795000 882.7
1800000 884.5
1805000 881.8
1810000 882.4
1815000 884.9
1820000 879.4
1825000 876.3
1830000 884.7
1835000 885.9
1840000 880.4
1845000 888.3
1850000 888.1
1855000 859.5
1860000 886.3
1865000 875.5
1870000 882.7
1875000 881.7
1880000 889.5
1885000 889.3
1890000 885.3
1895000 882.6
1900000 882.2
1905000 861.9
1910000 886.8
1915000 889.1
1920000 890.6
1925000 877.9
1930000 888.0
1935000 879.7
1940000 881.5
1945000 866.5
1950000 882.4
1955000 474.8
1960000 887.2
1965000 874.2
1970000 890.7
1975000 881.0
1980000 889.5
1985000 884.0
1990000 816.7
1995000 877.8
2000000 890.0
