5000 33.1
10000 48.7
15000 0.3
20000 2.4
25000 49.2
30000 53.7
35000 39.7
40000 44.8
45000 105.1
50000 31.1
55000 148.6
60000 241.5
65000 257.6
70000 305.8
75000 206.4
80000 191.9
85000 261.5
90000 347.4
95000 400.7
100000 438.6
105000 448.9
110000 467.0
115000 506.7
120000 537.5
125000 524.6
130000 529.2
135000 543.4
140000 550.3
145000 596.2
150000 634.0
155000 626.4
160000 570.4
165000 251.2
170000 644.1
175000 656.7
180000 682.8
185000 712.8
190000 706.1
195000 711.8
200000 725.6
205000 740.0
210000 742.7
215000 749.5
220000 758.6
225000 751.3
230000 761.2
235000 757.6
240000 752.5
245000 741.6
250000 747.8
255000 738.4
260000 740.1
265000 766.7
270000 742.8
275000 756.4
280000 770.7
285000 777.6
290000 787.7
295000 776.5
300000 772.3
305000 793.2
310000 738.7
315000 737.8
320000 797.4
325000 780.8
330000 797.2
335000 769.8
340000 800.2
345000 801.6
350000 747.8
355000 794.5
360000 797.5
365000 808.0
370000 809.0
375000 812.6
380000 807.9
385000 812.6
390000 824.1
395000 813.8
400000 804.8
405000 793.5
410000 828.0
415000 819.7
420000 805.9
425000 802.3
430000 827.2
435000 838.0
440000 828.4
445000 836.4
450000 832.5
455000 835.6
460000 821.1
465000 830.4
470000 838.5
475000 830.7
480000 819.9
485000 842.6
490000 822.0
495000 821.8
500000 844.2
505000 844.0
510000 836.6
515000 831.0
520000 829.3
525000 839.6
530000 852.6
535000 852.7
540000 834.8
545000 862.5
550000 855.4
555000 856.5
560000 824.0
565000 861.3
570000 869.0
575000 851.0
580000 851.0
585000 870.2
590000 864.4
595000 853.2
600000 871.7
605000 861.5
610000 855.4
615000 860.9
620000 834.0
625000 858.2
630000 862.0
635000 868.1
640000 861.1
645000 867.6
650000 813.6
655000 833.4
660000 860.3
665000 862.5
670000 859.4
675000 848.4
680000 784.5
685000 866.5
690000 855.9
695000 845.1
700000 815.3
705000 869.0
710000 857.2
715000 857.6
720000 865.6
725000 816.9
730000 788.1
735000 859.4
740000 848.6
745000 862.1
750000 869.9
755000 798.6
760000 847.8
765000 864.3
770000 826.9
775000 845.7
780000 849.2
785000 859.8
790000 410.3
795000 849.8
800000 837.4
805000 848.7
810000 804.3
815000 845.9
820000 852.6
825000 804.1
830000 867.7
835000 827.3
840000 849.1
845000 820.9
850000 855.0
855000 856.5
860000 664.7
865000 792.2
870000 879.3
875000 858.0
880000 876.8
885000 865.6
890000 870.8
895000 786.2
900000 690.9
905000 854.8
910000 869.7
915000 815.8
920000 860.7
925000 862.6
930000 868.7
935000 626.3
940000 870.4
945000 831.6
950000 859.2
955000 867.9
960000 873.1
965000 860.0
970000 812.2
975000 875.4
980000 857.3
985000 874.1
990000 875.4
995000 876.9
1000000 840.4
1005000 886.6
1010000 864.8
1015000 873.1
1020000 869.9
1025000 848.2
1030000 813.3
1035000 856.2
1040000 876.7
1045000 874.6
1050000 868.1
1055000 870.9
1060000 854.7
1065000 884.1
1070000 874.0
1075000 867.5
1080000 860.3
1085000 882.6
1090000 875.3
1095000 879.5
1100000 865.3
1105000 800.0
1110000 877.4
1115000 872.9
1120000 888.0
1125000 888.2
1130000 886.8
1135000 889.2
1140000 878.9
1145000 841.4
1150000 788.8
1155000 879.5
1160000 837.5
1165000 886.5
1170000 876.9
1175000 883.0
1180000 873.3
1185000 869.6
1190000 893.7
1195000 890.0
1200000 883.3
1205000 893.1
1210000 891.0
1215000 890.6
1220000 887.6
1225000 892.0
1230000 885.7
1235000 880.1
1240000 880.1
1245000 801.2
1250000 883.9
1255000 883.9
1260000 863.8
1265000 890.1
1270000 892.5
1275000 893.3
1280000 887.5
1285000 843.5
1290000 870.2
1295000 891.3
1300000 878.7
1305000 889.8
1310000 895.7
1315000 888.8
1320000 878.2
1325000 893.0
1330000 833.7
1335000 874.3
1340000 892.9
1345000 890.4
1350000 892.8
1355000 887.9
1360000 885.2
1365000 891.1
1370000 887.9
1375000 888.3
1380000 873.6
1385000 886.8
1390000 846.7
1395000 884.6
1400000 889.6
1405000 888.8
1410000 892.1
1415000 881.6
1420000 891.9
1425000 891.7
1430000 891.7
1435000 882.9
1440000 892.4
1445000 882.4
1450000 893.2
1455000 889.5
1460000 881.2
1465000 894.9
1470000 884.0
1475000 894.1
1480000 891.5
1485000 892.3
1490000 887.0
1495000 882.2
1500000 886.6
1505000 892.2
1510000 894.7
1515000 892.7
1520000 884.1
1525000 877.4
1530000 726.1
1535000 875.5
1540000 894.3
1545000 893.9
1550000 886.8
1555000 892.0
1560000 884.3
1565000 895.3
1570000 894.1
1575000 889.3
1580000 849.7
1585000 889.5
1590000 895.4
1595000 891.0
1600000 892.6
1605000 872.3
1610000 892.2
1615000 884.1
1620000 894.0
1625000 888.8
1630000 893.7
1635000 889.5
1640000 892.5
1645000 860.4
1650000 889.3
1655000 893.0
1660000 885.3
1665000 895.2
1670000 890.8
1675000 891.2
1680000 897.6
1685000 898.2
1690000 892.0
1695000 899.8
1700000 854.5
1705000 899.1
1710000 896.2
1715000 890.8
1720000 812.8
1725000 894.0
1730000 894.8
1735000 896.8
1740000 894.9
1745000 896.1
1750000 875.1
1755000 896.8
1760000 896.8
1765000 892.5
1770000 900.6
1775000 895.1
1780000 893.9
1785000 898.1
1790000 799.8
1795000 879.6
1800000 895.4
1805000 887.3
1810000 895.3
1815000 896.1
1820000 899.9
1825000 900.3
1830000 896.8
1835000 899.1
1840000 900.4
1845000 892.5
1850000 891.6
1855000 900.0
1860000 898.9
1865000 899.6
1870000 901.1
1875000 901.4
1880000 893.8
1885000 897.2
1890000 901.2
1895000 901.5
1900000 896.9
1905000 899.6
1910000 897.8
1915000 899.1
1920000 897.7
1925000 898.2
1930000 901.9
1935000 904.7
1940000 902.6
1945000 900.3
1950000 898.8
1955000 902.4
1960000 893.5
1965000 904.0
1970000 902.9
1975000 902.3
1980000 902.6
1985000 904.3
1990000 903.6
1995000 902.5
2000000 895.3
