5000 5.2
10000 4.9
15000 0.1
20000 19.0
25000 2.3
30000 51.0
35000 51.8
40000 67.2
45000 36.2
50000 56.5
55000 70.4
60000 120.4
65000 136.7
70000 137.0
75000 311.8
80000 171.1
85000 312.9
90000 338.0
95000 427.7
100000 429.4
105000 469.2
110000 480.7
115000 508.8
120000 533.6
125000 536.4
130000 552.9
135000 561.2
140000 559.5
145000 618.1
150000 613.5
155000 655.9
160000 643.0
165000 615.2
170000 637.6
175000 682.2
180000 668.6
185000 701.5
190000 681.6
195000 716.6
200000 701.0
205000 716.7
210000 721.8
215000 716.0
220000 721.3
225000 729.7
230000 722.2
235000 723.0
240000 711.2
245000 686.9
250000 730.3
255000 726.4
260000 738.5
265000 740.7
270000 741.5
275000 714.6
280000 717.7
285000 705.5
290000 759.5
295000 752.5
300000 754.9
305000 744.1
310000 759.0
315000 744.4
320000 772.4
325000 745.9
330000 768.3
335000 754.3
340000 771.9
345000 768.4
350000 278.1
355000 769.4
360000 775.2
365000 746.9
370000 765.9
375000 765.5
380000 759.4
385000 768.6
390000 774.9
395000 778.8
400000 756.1
405000 800.8
410000 792.2
415000 640.3
420000 711.3
425000 773.0
430000 445.1
435000 774.1
440000 759.8
445000 749.9
450000 765.6
455000 808.3
460000 192.3
465000 786.6
470000 773.9
475000 793.8
480000 797.0
485000 785.1
490000 785.0
495000 799.3
500000 739.6
505000 783.0
510000 730.5
515000 205.3
520000 789.3
525000 805.6
530000 788.4
535000 798.0
540000 808.7
545000 800.0
550000 815.0
555000 787.7
560000 803.7
565000 799.6
570000 811.8
575000 756.1
580000 798.0
585000 804.8
590000 822.8
595000 819.3
600000 821.0
605000 819.7
610000 815.0
615000 786.5
620000 823.8
625000 820.3
630000 816.5
635000 807.5
640000 818.0
645000 831.1
650000 829.0
655000 823.7
660000 829.4
665000 841.3
670000 801.3
675000 824.6
680000 804.2
685000 825.4
690000 821.8
695000 837.3
700000 848.5
705000 854.9
710000 825.5
715000 853.1
720000 841.8
725000 834.5
730000 846.4
735000 832.5
740000 831.3
745000 830.2
750000 451.3
755000 831.6
760000 837.9
765000 862.0
770000 718.6
775000 839.0
780000 846.6
785000 858.1
790000 378.3
795000 849.6
800000 825.0
805000 838.2
810000 780.3
815000 847.0
820000 845.0
825000 845.5
830000 800.9
835000 853.5
840000 818.3
845000 849.0
850000 813.9
855000 851.0
860000 860.5
865000 854.9
870000 811.9
875000 820.1
880000 841.0
885000 863.6
890000 791.8
895000 855.1
900000 864.2
905000 796.9
910000 868.4
915000 844.3
920000 849.8
925000 847.7
930000 863.7
935000 851.3
940000 862.6
945000 871.7
950000 565.1
955000 865.2
960000 863.4
965000 869.4
970000 853.6
975000 875.3
980000 863.2
985000 809.2
990000 878.0
995000 882.6
1000000 872.0
1005000 865.2
1010000 866.2
1015000 870.3
1020000 872.2
1025000 873.4
1030000 857.9
1035000 877.4
1040000 831.8
1045000 876.4
1050000 868.6
1055000 746.6
1060000 865.0
1065000 851.3
1070000 863.4
1075000 874.1
1080000 880.5
1085000 883.5
1090000 868.5
1095000 882.5
1100000 880.6
1105000 882.9
1110000 855.8
1115000 877.5
1120000 887.7
1125000 880.5
1130000 880.1
1135000 863.6
1140000 877.8
1145000 891.7
1150000 869.2
1155000 889.4
1160000 882.9
1165000 861.4
1170000 889.2
1175000 855.8
1180000 849.9
1185000 875.1
1190000 874.1
1195000 885.2
1200000 874.0
1205000 887.7
1210000 883.2
1215000 886.8
1220000 866.1
1225000 894.0
1230000 885.5
1235000 882.5
1240000 886.7
1245000 875.8
1250000 880.5
1255000 710.4
1260000 888.6
1265000 889.2
1270000 878.0
1275000 886.9
1280000 883.2
1285000 887.8
1290000 886.0
1295000 889.7
1300000 883.9
1305000 878.7
1310000 877.7
1315000 885.7
1320000 878.0
1325000 857.0
1330000 862.9
1335000 892.3
1340000 890.0
1345000 891.4
1350000 892.5
1355000 838.9
1360000 893.4
1365000 898.6
1370000 880.7
1375000 889.1
1380000 897.7
1385000 892.2
1390000 888.6
1395000 888.7
1400000 891.8
1405000 893.1
1410000 897.3
1415000 897.1
1420000 896.7
1425000 891.1
1430000 897.4
1435000 896.0
1440000 891.2
1445000 895.8
1450000 878.3
1455000 892.7
1460000 887.1
1465000 881.3
1470000 898.1
1475000 871.1
1480000 879.5
1485000 874.8
1490000 896.5
1495000 889.9
1500000 897.0
1505000 896.1
1510000 889.7
1515000 891.5
1520000 896.1
1525000 887.1
1530000 828.0
1535000 865.9
1540000 895.1
1545000 900.4
1550000 895.6
1555000 899.4
1560000 899.1
1565000 900.9
1570000 897.6
1575000 890.1
1580000 896.9
1585000 898.6
1590000 899.1
1595000 895.8
1600000 90.3
1605000 880.1
1610000 882.5
1615000 862.0
1620000 864.7
1625000 870.3
1630000 895.4
1635000 896.7
1640000 897.6
1645000 895.3
1650000 889.4
1655000 897.7
1660000 898.5
1665000 896.4
1670000 901.6
1675000 875.1
1680000 897.6
1685000 900.1
1690000 894.5
1695000 899.6
1700000 899.5
1705000 897.3
1710000 895.1
1715000 899.9
1720000 902.0
1725000 897.6
1730000 899.3
1735000 896.8
1740000 894.7
1745000 889.0
1750000 903.3
1755000 901.8
1760000 901.2
1765000 896.3
1770000 901.0
1775000 896.4
1780000 891.0
1785000 903.3
1790000 902.3
1795000 896.5
1800000 896.4
1805000 899.8
1810000 900.8
1815000 853.7
1820000 899.2
1825000 901.0
1830000 887.9
1835000 890.1
1840000 903.7
1845000 901.5
1850000 901.5
1855000 901.9
1860000 892.0
1865000 900.2
1870000 900.2
1875000 895.0
1880000 879.5
1885000 894.4
1890000 906.1
1895000 899.7
1900000 900.8
1905000 900.2
1910000 899.5
1915000 897.7
1920000 904.8
1925000 907.8
1930000 903.3
1935000 907.0
1940000 907.8
1945000 898.5
1950000 900.3
1955000 889.9
1960000 897.9
1965000 889.3
1970000 901.7
1975000 901.9
1980000 903.5
1985000 907.3
1990000 868.7
1995000 906.2
2000000 908.9
