10000 0.0
20000 0.0
30000 0.4
40000 0.0
50000 0.2
60000 0.5
70000 0.8
80000 2.2
90000 89.8
100000 2.7
110000 0.9
120000 58.8
130000 60.4
140000 2.1
150000 0.6
160000 94.7
170000 49.7
180000 1.2
190000 0.3
200000 6.0
210000 0.0
220000 202.0
230000 29.0
240000 3.2
250000 0.8
260000 5.7
270000 174.1
280000 37.6
290000 124.0
300000 180.1
310000 249.0
320000 148.0
330000 121.2
340000 117.9
350000 250.2
360000 107.5
370000 127.3
380000 58.6
390000 180.2
400000 362.2
410000 203.6
420000 2.9
430000 183.6
440000 180.1
450000 160.0
460000 384.4
470000 213.9
480000 36.5
490000 308.1
500000 154.0
510000 493.6
520000 223.5
530000 48.9
540000 167.8
550000 105.7
560000 16.2
570000 489.8
580000 402.5
590000 270.7
600000 188.7
610000 183.7
620000 401.4
630000 212.1
640000 23.7
650000 478.6
660000 180.5
670000 333.6
680000 251.7
690000 256.6
700000 484.1
710000 53.0
720000 151.6
730000 350.7
740000 255.8
750000 303.5
760000 629.5
770000 46.7
780000 163.9
790000 536.5
800000 384.5
810000 238.2
820000 347.7
830000 250.5
840000 292.7
850000 562.2
860000 390.5
870000 278.5
880000 756.4
890000 485.6
900000 598.9
910000 354.6
920000 301.3
930000 257.6
940000 286.2
950000 191.5
960000 189.7
970000 703.9
980000 672.5
990000 389.4
1000000 704.1
1010000 280.9
1020000 222.8
1030000 306.4
1040000 499.8
1050000 285.9
1060000 310.5
1070000 428.6
1080000 391.7
1090000 580.8
1100000 194.8
1110000 283.1
1120000 475.7
1130000 485.0
1140000 296.8
1150000 447.7
1160000 487.7
1170000 680.1
1180000 549.7
1190000 292.2
1200000 490.6
1210000 663.3
1220000 546.0
1230000 484.0
1240000 486.0
1250000 505.3
1260000 614.4
1270000 753.7
1280000 811.0
1290000 589.6
1300000 757.7
1310000 751.4
1320000 580.2
1330000 569.9
1340000 773.9
1350000 487.7
1360000 728.6
1370000 611.4
1380000 475.5
1390000 677.5
1400000 751.8
1410000 459.1
1420000 767.6
1430000 665.1
1440000 682.1
1450000 781.1
1460000 491.0
1470000 580.6
1480000 605.7
1490000 838.4
1500000 748.5
1510000 686.4
1520000 808.8
1530000 639.5
1540000 671.6
1550000 871.2
1560000 597.6
1570000 754.4
1580000 868.1
1590000 745.0
1600000 607.0
1610000 731.9
1620000 866.0
1630000 868.4
1640000 724.4
1650000 682.5
1660000 763.2
1670000 771.4
1680000 844.4
1690000 764.4
1700000 612.5
1710000 679.9
1720000 581.9
1730000 964.3
1740000 733.8
1750000 844.9
1760000 682.6
1770000 915.3
1780000 576.1
1790000 849.5
1800000 867.3
1810000 770.7
1820000 752.4
1830000 779.4
1840000 582.5
1850000 767.1
1860000 778.7
1870000 863.2
1880000 722.3
1890000 850.6
1900000 859.9
1910000 606.3
1920000 489.4
1930000 880.5
1940000 892.5
1950000 577.8
1960000 876.3
1970000 880.7
1980000 580.4
1990000 770.9
2000000 843.4
