10000 0.0
20000 0.0
30000 0.2
40000 0.0
50000 0.5
60000 0.0
70000 0.5
80000 0.4
90000 0.0
100000 0.1
110000 0.0
120000 0.0
130000 0.1
140000 0.0
150000 52.5
160000 10.2
170000 0.1
180000 0.3
190000 52.0
200000 0.0
210000 98.3
220000 0.1
230000 45.9
240000 66.4
250000 3.0
260000 12.7
270000 0.0
280000 0.6
290000 0.2
300000 89.2
310000 154.3
320000 0.0
330000 9.9
340000 6.7
350000 0.5
360000 0.3
370000 0.0
380000 97.5
390000 1.6
400000 12.4
410000 28.3
420000 1.7
430000 38.3
440000 81.5
450000 6.5
460000 1.2
470000 89.8
480000 41.6
490000 146.5
500000 0.0
510000 99.1
520000 97.5
530000 97.4
540000 15.3
550000 12.1
560000 3.0
570000 2.4
580000 5.9
590000 120.7
600000 58.3
610000 91.9
620000 3.5
630000 206.5
640000 9.2
650000 208.8
660000 0.0
670000 2.8
680000 301.0
690000 136.0
700000 2.0
710000 189.0
720000 1.2
730000 95.9
740000 287.0
750000 109.9
760000 100.7
770000 82.3
780000 0.2
790000 1.4
800000 33.5
810000 56.3
820000 1.9
830000 98.5
840000 14.4
850000 90.8
860000 147.3
870000 2.9
880000 188.5
890000 77.8
900000 168.5
910000 160.1
920000 177.6
930000 54.0
940000 36.7
950000 104.5
960000 31.2
970000 137.1
980000 93.6
990000 119.7
1000000 217.7
1010000 21.9
1020000 0.0
1030000 101.9
1040000 246.0
1050000 61.0
1060000 259.6
1070000 83.9
1080000 72.4
1090000 0.8
1100000 165.9
1110000 201.4
1120000 77.9
1130000 193.5
1140000 68.2
1150000 396.9
1160000 219.7
1170000 104.0
1180000 86.8
1190000 98.6
1200000 214.9
1210000 3.1
1220000 109.4
1230000 278.0
1240000 250.3
1250000 198.8
1260000 369.5
1270000 130.7
1280000 1.9
1290000 199.8
1300000 123.5
1310000 272.3
1320000 107.3
1330000 526.6
1340000 307.8
1350000 148.7
1360000 152.3
1370000 166.2
1380000 204.0
1390000 292.3
1400000 53.6
1410000 195.0
1420000 193.7
1430000 283.8
1440000 290.4
1450000 118.6
1460000 120.7
1470000 192.4
1480000 380.5
1490000 101.2
1500000 105.3
1510000 67.0
1520000 150.9
1530000 238.8
1540000 119.7
1550000 30.5
1560000 236.5
1570000 241.6
1580000 286.6
1590000 224.0
1600000 243.1
1610000 269.1
1620000 346.0
1630000 262.7
1640000 36.0
1650000 214.4
1660000 431.9
1670000 223.4
1680000 344.9
1690000 170.4
1700000 198.1
1710000 272.0
1720000 197.1
1730000 446.2
1740000 92.0
1750000 66.7
1760000 193.5
1770000 262.6
1780000 165.3
1790000 290.4
1800000 93.8
1810000 32.8
1820000 35.9
1830000 228.5
1840000 112.9
1850000 97.7
1860000 97.9
1870000 225.5
1880000 277.6
1890000 103.8
1900000 199.4
1910000 25.4
1920000 383.8
1930000 181.8
1940000 402.1
1950000 102.7
1960000 392.5
1970000 367.9
1980000 208.8
1990000 110.8
2000000 81.3
