10000 0.0
20000 0.8
30000 0.2
40000 0.9
50000 160.3
60000 0.0
70000 5.4
80000 0.1
90000 0.0
100000 2.5
110000 0.5
120000 1.5
130000 0.0
140000 1.6
150000 0.0
160000 0.0
170000 0.1
180000 0.0
190000 0.2
200000 9.7
210000 2.0
220000 42.4
230000 1.9
240000 1.0
250000 5.6
260000 97.7
270000 229.9
280000 1.0
290000 285.9
300000 268.0
310000 99.6
320000 121.3
330000 26.3
340000 269.9
350000 178.4
360000 20.2
370000 113.3
380000 95.9
390000 279.5
400000 288.9
410000 83.8
420000 261.5
430000 1.6
440000 104.0
450000 189.7
460000 96.8
470000 134.3
480000 216.5
490000 52.8
500000 282.7
510000 120.5
520000 192.3
530000 180.4
540000 243.1
550000 20.7
560000 139.3
570000 1.4
580000 96.5
590000 97.5
600000 158.0
610000 53.2
620000 149.5
630000 355.2
640000 194.6
650000 19.4
660000 159.0
670000 154.0
680000 64.4
690000 11.8
700000 213.9
710000 269.9
720000 203.9
730000 381.7
740000 249.6
750000 86.1
760000 212.5
770000 136.7
780000 99.0
790000 82.9
800000 306.5
810000 273.1
820000 222.1
830000 300.3
840000 198.1
850000 569.8
860000 249.4
870000 273.2
880000 243.5
890000 289.1
900000 678.5
910000 282.9
920000 530.4
930000 365.6
940000 445.4
950000 220.9
960000 406.2
970000 282.1
980000 70.7
990000 506.5
1000000 526.7
1010000 197.9
1020000 590.1
1030000 192.6
1040000 447.4
1050000 298.7
1060000 546.2
1070000 308.4
1080000 392.3
1090000 168.8
1100000 494.2
1110000 349.7
1120000 292.0
1130000 702.5
1140000 200.2
1150000 275.2
1160000 256.2
1170000 291.2
1180000 501.4
1190000 648.9
1200000 271.5
1210000 364.6
1220000 342.7
1230000 193.8
1240000 411.1
1250000 484.5
1260000 313.9
1270000 469.7
1280000 403.9
1290000 392.1
1300000 380.5
1310000 278.1
1320000 459.7
1330000 386.3
1340000 752.1
1350000 101.6
1360000 499.8
1370000 374.0
1380000 591.0
1390000 570.9
1400000 358.4
1410000 605.5
1420000 103.3
1430000 567.2
1440000 813.6
1450000 56.7
1460000 330.9
1470000 740.2
1480000 661.2
1490000 630.0
1500000 585.8
1510000 579.9
1520000 259.6
1530000 678.9
1540000 612.7
1550000 391.0
1560000 699.0
1570000 357.2
1580000 854.9
1590000 567.2
1600000 567.7
1610000 571.6
1620000 503.3
1630000 251.1
1640000 667.9
1650000 480.5
1660000 507.5
1670000 665.2
1680000 555.1
1690000 482.6
1700000 444.4
1710000 554.2
1720000 378.3
1730000 342.6
1740000 468.2
1750000 475.6
1760000 260.1
1770000 858.6
1780000 403.6
1790000 273.5
1800000 661.2
1810000 743.0
1820000 872.2
1830000 533.8
1840000 577.1
1850000 768.7
1860000 372.5
1870000 573.5
1880000 482.0
1890000 498.2
1900000 386.2
1910000 527.3
1920000 679.6
1930000 829.0
1940000 492.8
1950000 649.1
1960000 772.7
1970000 625.4
1980000 729.2
1990000 771.5
2000000 674.9
