10000 0.0
20000 0.0
30000 0.2
40000 2.1
50000 0.0
60000 0.0
70000 66.6
80000 9.1
90000 3.1
100000 13.0
110000 47.3
120000 0.0
130000 0.0
140000 0.0
150000 219.6
160000 118.8
170000 1.3
180000 90.9
190000 1.0
200000 166.8
210000 2.8
220000 95.2
230000 198.4
240000 0.6
250000 118.7
260000 160.6
270000 93.7
280000 0.7
290000 0.8
300000 49.4
310000 280.8
320000 329.6
330000 188.8
340000 140.1
350000 92.3
360000 1.7
370000 116.9
380000 256.1
390000 147.6
400000 75.3
410000 2.3
420000 19.6
430000 127.2
440000 56.9
450000 98.3
460000 260.1
470000 129.9
480000 102.6
490000 36.0
500000 195.5
510000 74.4
520000 203.1
530000 101.9
540000 406.7
550000 137.1
560000 196.2
570000 540.8
580000 300.0
590000 97.9
600000 221.5
610000 385.4
620000 324.9
630000 110.5
640000 153.1
650000 369.8
660000 285.2
670000 40.7
680000 117.8
690000 283.2
700000 322.1
710000 496.6
720000 136.5
730000 226.9
740000 442.9
750000 533.0
760000 303.8
770000 283.1
780000 495.2
790000 281.3
800000 356.5
810000 232.6
820000 253.1
830000 384.7
840000 147.6
850000 395.5
860000 283.8
870000 355.8
880000 294.4
890000 548.8
900000 199.7
910000 297.6
920000 285.3
930000 626.9
940000 297.6
950000 401.9
960000 779.8
970000 610.9
980000 532.6
990000 431.1
1000000 462.4
1010000 521.7
1020000 490.2
1030000 324.7
1040000 333.3
1050000 396.4
1060000 394.2
1070000 532.3
1080000 103.2
1090000 159.9
1100000 390.5
1110000 475.0
1120000 297.9
1130000 456.7
1140000 389.5
1150000 274.4
1160000 353.9
1170000 392.6
1180000 621.3
1190000 575.9
1200000 459.8
1210000 267.6
1220000 254.6
1230000 632.2
1240000 480.2
1250000 593.1
1260000 260.7
1270000 655.7
1280000 307.3
1290000 448.3
1300000 388.2
1310000 358.4
1320000 272.2
1330000 408.5
1340000 390.0
1350000 425.1
1360000 625.3
1370000 209.8
1380000 557.7
1390000 320.0
1400000 499.0
1410000 580.5
1420000 518.4
1430000 455.8
1440000 609.4
1450000 588.7
1460000 346.5
1470000 430.4
1480000 782.6
1490000 484.1
1500000 692.4
1510000 631.9
1520000 488.0
1530000 735.6
1540000 390.7
1550000 556.2
1560000 591.0
1570000 440.5
1580000 439.3
1590000 393.6
1600000 555.5
1610000 628.5
1620000 248.2
1630000 676.4
1640000 670.3
1650000 693.0
1660000 375.8
1670000 440.8
1680000 594.9
1690000 662.2
1700000 274.7
1710000 521.3
1720000 308.1
1730000 276.3
1740000 331.2
1750000 390.0
1760000 297.2
1770000 417.2
1780000 604.3
1790000 335.0
1800000 511.5
1810000 396.5
1820000 778.0
1830000 415.3
1840000 546.9
1850000 642.0
1860000 440.4
1870000 552.6
1880000 817.8
1890000 844.4
1900000 583.5
1910000 511.1
1920000 541.2
1930000 676.5
1940000 523.7
1950000 389.3
1960000 969.3
1970000 732.1
1980000 774.7
1990000 539.7
2000000 499.4
