10000 1.2
20000 0.0
30000 0.7
40000 0.0
50000 0.5
60000 1.0
70000 95.7
80000 0.3
90000 4.9
100000 0.4
110000 0.0
120000 0.3
130000 0.0
140000 0.0
150000 125.9
160000 0.8
170000 54.2
180000 45.1
190000 22.9
200000 2.4
210000 54.6
220000 91.5
230000 0.6
240000 5.8
250000 3.5
260000 70.3
270000 2.0
280000 87.8
290000 0.6
300000 107.4
310000 104.2
320000 95.0
330000 22.1
340000 61.1
350000 113.3
360000 3.4
370000 98.9
380000 28.6
390000 101.3
400000 94.4
410000 9.3
420000 97.5
430000 30.7
440000 96.8
450000 0.0
460000 98.1
470000 29.9
480000 36.4
490000 3.7
500000 139.0
510000 0.0
520000 91.7
530000 0.0
540000 84.5
550000 102.4
560000 123.0
570000 4.5
580000 1.0
590000 158.7
600000 1.5
610000 64.1
620000 0.0
630000 1.0
640000 0.0
650000 72.5
660000 256.3
670000 190.2
680000 96.8
690000 135.8
700000 0.5
710000 38.7
720000 9.6
730000 217.2
740000 66.5
750000 96.1
760000 102.2
770000 63.3
780000 57.6
790000 2.4
800000 29.2
810000 12.3
820000 101.8
830000 97.3
840000 8.3
850000 8.1
860000 51.2
870000 141.5
880000 44.6
890000 17.7
900000 103.8
910000 43.5
920000 192.3
930000 7.5
940000 4.8
950000 1.6
960000 88.9
970000 95.6
980000 85.6
990000 191.7
1000000 93.8
1010000 64.7
1020000 155.5
1030000 110.2
1040000 194.0
1050000 97.6
1060000 367.3
1070000 222.5
1080000 140.1
1090000 28.7
1100000 38.2
1110000 260.0
1120000 70.7
1130000 98.2
1140000 168.5
1150000 221.6
1160000 9.8
1170000 236.9
1180000 203.8
1190000 75.4
1200000 97.0
1210000 316.1
1220000 195.3
1230000 180.0
1240000 310.4
1250000 4.2
1260000 300.5
1270000 190.5
1280000 3.0
1290000 200.5
1300000 180.7
1310000 108.7
1320000 197.0
1330000 225.4
1340000 290.6
1350000 143.7
1360000 194.1
1370000 289.0
1380000 400.0
1390000 339.3
1400000 267.8
1410000 198.0
1420000 268.2
1430000 416.1
1440000 201.9
1450000 332.0
1460000 175.7
1470000 90.3
1480000 162.5
1490000 295.0
1500000 1.6
1510000 110.1
1520000 0.6
1530000 240.4
1540000 245.7
1550000 0.3
1560000 99.0
1570000 229.4
1580000 188.7
1590000 99.8
1600000 282.5
1610000 152.5
1620000 98.7
1630000 372.1
1640000 7.9
1650000 195.6
1660000 174.6
1670000 2.0
1680000 261.5
1690000 219.6
1700000 171.4
1710000 184.4
1720000 192.1
1730000 162.1
1740000 323.4
1750000 200.0
1760000 114.1
1770000 195.3
1780000 283.2
1790000 100.3
1800000 234.8
1810000 260.6
1820000 280.9
1830000 197.0
1840000 407.7
1850000 162.3
1860000 360.1
1870000 385.6
1880000 82.9
1890000 100.0
1900000 205.4
1910000 223.6
1920000 11.9
1930000 378.3
1940000 129.1
1950000 4.3
1960000 437.5
1970000 401.5
1980000 281.4
1990000 323.2
2000000 181.7
