10000 0.0
20000 0.0
30000 0.5
40000 0.0
50000 2.1
60000 0.0
70000 0.0
80000 0.0
90000 37.3
100000 94.5
110000 62.6
120000 1.6
130000 0.0
140000 10.9
150000 0.4
160000 0.5
170000 1.3
180000 0.3
190000 22.6
200000 13.0
210000 109.3
220000 34.7
230000 50.5
240000 92.1
250000 21.0
260000 18.6
270000 276.7
280000 189.4
290000 280.2
300000 40.2
310000 227.9
320000 65.7
330000 94.2
340000 127.8
350000 176.0
360000 0.1
370000 4.5
380000 158.7
390000 295.0
400000 569.4
410000 205.0
420000 290.6
430000 86.1
440000 297.6
450000 572.8
460000 216.7
470000 311.8
480000 332.3
490000 305.2
500000 294.2
510000 202.3
520000 349.6
530000 118.8
540000 418.2
550000 418.7
560000 191.0
570000 460.8
580000 223.1
590000 285.5
600000 292.5
610000 153.7
620000 417.0
630000 286.5
640000 308.3
650000 356.7
660000 245.7
670000 432.3
680000 290.0
690000 95.4
700000 195.4
710000 694.6
720000 4.9
730000 320.5
740000 383.9
750000 251.5
760000 370.5
770000 98.7
780000 383.0
790000 394.4
800000 359.0
810000 428.9
820000 296.4
830000 359.4
840000 465.5
850000 136.0
860000 198.1
870000 367.3
880000 387.0
890000 405.7
900000 446.9
910000 208.4
920000 226.0
930000 268.2
940000 277.7
950000 118.3
960000 287.6
970000 269.2
980000 379.5
990000 291.1
1000000 254.8
1010000 193.4
1020000 380.3
1030000 374.9
1040000 242.9
1050000 295.6
1060000 148.4
1070000 156.9
1080000 329.0
1090000 638.6
1100000 267.6
1110000 216.8
1120000 347.1
1130000 312.0
1140000 638.3
1150000 553.0
1160000 476.9
1170000 566.9
1180000 433.4
1190000 183.4
1200000 326.7
1210000 422.0
1220000 477.4
1230000 352.8
1240000 270.3
1250000 387.1
1260000 351.5
1270000 189.4
1280000 331.1
1290000 125.9
1300000 429.5
1310000 519.5
1320000 358.3
1330000 712.3
1340000 498.0
1350000 383.6
1360000 384.6
1370000 580.4
1380000 78.9
1390000 295.8
1400000 428.0
1410000 480.3
1420000 466.2
1430000 593.8
1440000 391.1
1450000 267.3
1460000 647.4
1470000 195.9
1480000 316.1
1490000 296.7
1500000 470.3
1510000 590.0
1520000 397.0
1530000 490.3
1540000 533.6
1550000 709.3
1560000 640.8
1570000 389.1
1580000 431.3
1590000 309.1
1600000 462.8
1610000 571.4
1620000 392.4
1630000 387.6
1640000 343.4
1650000 225.9
1660000 594.1
1670000 392.1
1680000 232.8
1690000 508.2
1700000 179.5
1710000 549.7
1720000 294.8
1730000 461.3
1740000 421.8
1750000 313.0
1760000 482.9
1770000 370.9
1780000 0.2
1790000 347.5
1800000 570.5
1810000 358.1
1820000 482.2
1830000 703.4
1840000 621.5
1850000 515.2
1860000 585.8
1870000 558.8
1880000 494.2
1890000 649.5
1900000 421.8
1910000 513.2
1920000 456.5
1930000 506.5
1940000 570.6
1950000 507.5
1960000 486.3
1970000 420.8
1980000 378.5
1990000 568.7
2000000 481.9
