10000 36.1
20000 0.0
30000 0.0
40000 0.0
50000 86.4
60000 0.0
70000 0.5
80000 0.4
90000 92.4
100000 0.9
110000 1.1
120000 30.5
130000 0.7
140000 0.0
150000 0.6
160000 0.0
170000 0.9
180000 96.3
190000 0.3
200000 95.3
210000 60.9
220000 13.1
230000 9.1
240000 82.4
250000 37.7
260000 95.4
270000 26.8
280000 83.7
290000 1.4
300000 7.4
310000 2.0
320000 119.6
330000 0.9
340000 3.5
350000 97.9
360000 99.6
370000 172.5
380000 97.3
390000 99.4
400000 98.5
410000 127.3
420000 145.5
430000 294.9
440000 178.7
450000 189.6
460000 269.1
470000 77.6
480000 58.8
490000 6.0
500000 209.3
510000 222.8
520000 103.5
530000 0.5
540000 195.8
550000 96.4
560000 173.1
570000 165.4
580000 145.7
590000 77.3
600000 151.3
610000 1.0
620000 128.3
630000 136.3
640000 358.1
650000 253.8
660000 155.9
670000 124.3
680000 97.8
690000 252.8
700000 109.3
710000 271.4
720000 132.1
730000 195.2
740000 268.5
750000 16.1
760000 104.2
770000 9.3
780000 265.5
790000 102.5
800000 206.9
810000 76.5
820000 252.2
830000 25.3
840000 252.6
850000 186.3
860000 177.9
870000 182.4
880000 51.7
890000 165.5
900000 394.9
910000 273.0
920000 191.6
930000 101.4
940000 123.6
950000 118.6
960000 171.3
970000 208.4
980000 102.7
990000 271.3
1000000 275.7
1010000 501.5
1020000 195.7
1030000 481.6
1040000 431.5
1050000 290.3
1060000 238.7
1070000 366.7
1080000 384.8
1090000 181.3
1100000 277.3
1110000 531.0
1120000 252.8
1130000 199.0
1140000 242.5
1150000 124.0
1160000 152.0
1170000 287.7
1180000 154.5
1190000 292.9
1200000 486.6
1210000 262.7
1220000 87.3
1230000 479.4
1240000 1.1
1250000 176.2
1260000 96.6
1270000 324.1
1280000 189.5
1290000 352.8
1300000 289.5
1310000 485.5
1320000 307.9
1330000 246.4
1340000 179.2
1350000 129.3
1360000 275.9
1370000 539.5
1380000 268.7
1390000 203.6
1400000 182.0
1410000 128.8
1420000 192.1
1430000 103.5
1440000 356.6
1450000 414.4
1460000 480.0
1470000 284.5
1480000 0.6
1490000 320.1
1500000 168.3
1510000 354.6
1520000 285.1
1530000 65.5
1540000 196.6
1550000 461.9
1560000 382.2
1570000 193.6
1580000 198.5
1590000 338.8
1600000 161.5
1610000 386.5
1620000 292.7
1630000 709.1
1640000 380.0
1650000 390.4
1660000 391.3
1670000 252.7
1680000 323.2
1690000 498.9
1700000 197.8
1710000 228.6
1720000 467.4
1730000 564.2
1740000 292.0
1750000 477.1
1760000 206.0
1770000 289.2
1780000 276.6
1790000 284.8
1800000 386.3
1810000 99.7
1820000 294.7
1830000 368.8
1840000 511.0
1850000 475.3
1860000 304.9
1870000 583.2
1880000 571.7
1890000 345.5
1900000 351.0
1910000 292.7
1920000 591.0
1930000 197.7
1940000 313.4
1950000 368.5
1960000 395.7
1970000 157.9
1980000 339.5
1990000 159.0
2000000 101.7
