10000 2.6
20000 0.0
30000 0.0
40000 0.0
50000 97.7
60000 0.0
70000 0.7
80000 93.1
90000 48.6
100000 0.5
110000 148.5
120000 108.5
130000 200.0
140000 56.1
150000 0.3
160000 45.6
170000 12.1
180000 8.9
190000 3.8
200000 191.8
210000 50.9
220000 0.7
230000 96.8
240000 0.0
250000 0.1
260000 0.0
270000 6.2
280000 144.8
290000 46.0
300000 54.6
310000 49.5
320000 1.7
330000 51.2
340000 176.6
350000 11.9
360000 14.8
370000 16.8
380000 56.2
390000 117.5
400000 74.6
410000 155.7
420000 2.3
430000 136.0
440000 72.9
450000 10.9
460000 2.4
470000 190.7
480000 135.8
490000 155.5
500000 0.3
510000 112.6
520000 98.8
530000 106.3
540000 98.1
550000 141.1
560000 254.5
570000 348.4
580000 261.7
590000 8.5
600000 335.4
610000 86.5
620000 201.8
630000 192.2
640000 149.7
650000 46.7
660000 235.5
670000 178.8
680000 281.9
690000 201.2
700000 277.6
710000 213.9
720000 372.5
730000 327.9
740000 285.2
750000 426.2
760000 402.2
770000 143.2
780000 242.4
790000 236.4
800000 434.2
810000 348.1
820000 185.9
830000 189.9
840000 366.1
850000 193.7
860000 477.7
870000 196.7
880000 328.9
890000 194.6
900000 226.9
910000 470.6
920000 447.1
930000 279.3
940000 256.4
950000 473.9
960000 199.1
970000 464.9
980000 115.9
990000 370.0
1000000 295.5
1010000 512.9
1020000 369.3
1030000 382.6
1040000 194.7
1050000 384.2
1060000 183.5
1070000 282.6
1080000 364.0
1090000 353.8
1100000 668.1
1110000 224.1
1120000 438.7
1130000 298.7
1140000 205.8
1150000 449.8
1160000 413.1
1170000 234.7
1180000 157.8
1190000 648.4
1200000 383.6
1210000 557.2
1220000 279.3
1230000 633.1
1240000 245.0
1250000 389.3
1260000 528.0
1270000 289.1
1280000 330.3
1290000 108.1
1300000 247.9
1310000 93.2
1320000 381.9
1330000 413.4
1340000 484.5
1350000 348.3
1360000 151.6
1370000 359.2
1380000 456.6
1390000 345.1
1400000 508.3
1410000 419.7
1420000 462.6
1430000 397.7
1440000 459.3
1450000 450.5
1460000 285.8
1470000 318.3
1480000 106.5
1490000 493.4
1500000 447.9
1510000 667.2
1520000 443.7
1530000 367.7
1540000 665.8
1550000 292.3
1560000 519.5
1570000 392.6
1580000 660.6
1590000 336.3
1600000 494.8
1610000 470.6
1620000 228.9
1630000 299.8
1640000 298.1
1650000 567.1
1660000 375.8
1670000 600.8
1680000 522.4
1690000 617.9
1700000 550.7
1710000 581.1
1720000 676.4
1730000 431.5
1740000 408.7
1750000 464.6
1760000 514.9
1770000 670.0
1780000 383.9
1790000 488.8
1800000 768.2
1810000 293.8
1820000 633.7
1830000 321.2
1840000 834.8
1850000 725.2
1860000 579.5
1870000 617.3
1880000 746.0
1890000 787.6
1900000 855.0
1910000 780.8
1920000 580.9
1930000 385.9
1940000 623.9
1950000 599.6
1960000 764.6
1970000 681.9
1980000 677.9
1990000 623.8
2000000 749.2
