10000 5.4
20000 0.0
30000 95.4
40000 0.4
50000 0.0
60000 0.2
70000 3.3
80000 62.2
90000 198.3
100000 0.4
110000 1.3
120000 0.1
130000 0.4
140000 0.0
150000 0.1
160000 0.9
170000 0.4
180000 3.2
190000 97.9
200000 0.7
210000 27.1
220000 14.4
230000 179.9
240000 144.1
250000 12.9
260000 26.5
270000 178.4
280000 13.6
290000 0.0
300000 180.0
310000 2.8
320000 2.3
330000 118.5
340000 91.8
350000 0.3
360000 0.5
370000 214.0
380000 2.8
390000 100.4
400000 5.4
410000 121.7
420000 109.5
430000 131.4
440000 53.2
450000 75.2
460000 193.5
470000 293.4
480000 36.7
490000 97.9
500000 20.2
510000 89.2
520000 80.9
530000 91.4
540000 2.2
550000 187.4
560000 191.6
570000 208.6
580000 161.6
590000 5.4
600000 404.8
610000 155.3
620000 90.8
630000 117.0
640000 263.1
650000 117.7
660000 384.4
670000 181.3
680000 375.2
690000 217.2
700000 538.9
710000 206.0
720000 461.4
730000 468.9
740000 294.0
750000 310.4
760000 161.4
770000 180.9
780000 270.9
790000 205.6
800000 420.4
810000 155.0
820000 162.8
830000 183.2
840000 246.6
850000 297.1
860000 208.3
870000 419.9
880000 327.2
890000 389.4
900000 428.9
910000 412.3
920000 382.1
930000 435.6
940000 417.1
950000 179.8
960000 409.8
970000 309.8
980000 132.5
990000 350.7
1000000 401.3
1010000 282.7
1020000 300.8
1030000 295.7
1040000 430.9
1050000 185.7
1060000 384.7
1070000 345.2
1080000 397.2
1090000 328.9
1100000 429.9
1110000 193.1
1120000 442.5
1130000 330.3
1140000 236.8
1150000 423.0
1160000 159.3
1170000 493.1
1180000 195.3
1190000 549.0
1200000 298.0
1210000 332.5
1220000 223.3
1230000 383.2
1240000 479.9
1250000 371.6
1260000 273.8
1270000 672.9
1280000 476.1
1290000 359.7
1300000 577.0
1310000 415.1
1320000 380.9
1330000 403.8
1340000 305.9
1350000 289.8
1360000 191.6
1370000 201.7
1380000 578.5
1390000 123.2
1400000 492.2
1410000 392.2
1420000 479.0
1430000 294.4
1440000 502.2
1450000 397.0
1460000 292.1
1470000 290.5
1480000 337.7
1490000 525.6
1500000 382.1
1510000 455.6
1520000 313.3
1530000 587.4
1540000 261.3
1550000 292.8
1560000 292.8
1570000 582.5
1580000 608.0
1590000 600.7
1600000 638.9
1610000 458.6
1620000 668.2
1630000 348.8
1640000 650.2
1650000 368.9
1660000 420.9
1670000 755.2
1680000 544.7
1690000 380.2
1700000 546.1
1710000 650.8
1720000 260.5
1730000 435.1
1740000 581.9
1750000 752.5
1760000 486.1
1770000 332.5
1780000 262.0
1790000 314.9
1800000 535.3
1810000 677.2
1820000 501.9
1830000 605.2
1840000 544.1
1850000 340.7
1860000 578.9
1870000 664.9
1880000 440.0
1890000 576.6
1900000 629.0
1910000 670.2
1920000 608.9
1930000 413.2
1940000 300.0
1950000 730.6
1960000 476.6
1970000 786.2
1980000 525.8
1990000 449.7
2000000 826.5
