10000 33.3
20000 0.0
30000 0.0
40000 0.5
50000 0.0
60000 0.0
70000 0.0
80000 0.0
90000 0.0
100000 94.7
110000 91.9
120000 0.6
130000 0.9
140000 0.0
150000 0.7
160000 0.0
170000 1.2
180000 16.8
190000 0.0
200000 1.1
210000 7.3
220000 0.8
230000 11.4
240000 0.0
250000 0.4
260000 0.2
270000 0.7
280000 0.7
290000 1.2
300000 90.9
310000 36.6
320000 100.5
330000 0.4
340000 4.0
350000 145.8
360000 43.9
370000 0.7
380000 23.4
390000 28.3
400000 31.2
410000 37.9
420000 12.5
430000 21.6
440000 65.5
450000 3.6
460000 116.5
470000 0.0
480000 110.8
490000 34.9
500000 14.8
510000 155.3
520000 110.6
530000 81.9
540000 189.1
550000 97.8
560000 101.7
570000 318.0
580000 48.0
590000 175.2
600000 96.1
610000 2.3
620000 56.6
630000 94.0
640000 101.3
650000 190.6
660000 123.1
670000 76.6
680000 98.4
690000 133.8
700000 181.3
710000 91.8
720000 0.1
730000 76.4
740000 98.7
750000 93.5
760000 100.4
770000 59.7
780000 249.4
790000 31.2
800000 27.4
810000 64.4
820000 60.9
830000 102.1
840000 11.7
850000 200.8
860000 98.5
870000 194.4
880000 96.3
890000 172.8
900000 176.7
910000 0.8
920000 136.9
930000 118.5
940000 95.4
950000 201.8
960000 96.1
970000 212.1
980000 197.7
990000 203.9
1000000 198.1
1010000 194.4
1020000 328.1
1030000 147.7
1040000 57.8
1050000 165.3
1060000 116.3
1070000 76.6
1080000 171.2
1090000 188.2
1100000 144.5
1110000 287.7
1120000 94.1
1130000 137.6
1140000 122.1
1150000 394.9
1160000 96.7
1170000 132.5
1180000 238.9
1190000 96.4
1200000 385.4
1210000 273.1
1220000 287.1
1230000 95.1
1240000 195.0
1250000 339.2
1260000 239.7
1270000 250.1
1280000 80.9
1290000 287.7
1300000 287.7
1310000 96.8
1320000 187.7
1330000 174.8
1340000 290.4
1350000 302.1
1360000 144.6
1370000 189.1
1380000 0.1
1390000 218.4
1400000 99.7
1410000 243.9
1420000 157.8
1430000 232.2
1440000 201.2
1450000 193.2
1460000 350.1
1470000 248.9
1480000 93.7
1490000 253.3
1500000 95.4
1510000 262.0
1520000 116.0
1530000 64.4
1540000 477.3
1550000 96.0
1560000 183.3
1570000 91.7
1580000 160.4
1590000 9.8
1600000 21.3
1610000 381.9
1620000 98.9
1630000 0.3
1640000 417.6
1650000 193.8
1660000 98.3
1670000 98.5
1680000 98.9
1690000 197.3
1700000 94.8
1710000 89.1
1720000 94.7
1730000 201.2
1740000 485.5
1750000 134.0
1760000 97.0
1770000 99.0
1780000 110.1
1790000 244.0
1800000 287.7
1810000 196.1
1820000 157.4
1830000 197.9
1840000 129.9
1850000 98.0
1860000 187.3
1870000 470.6
1880000 175.4
1890000 95.5
1900000 94.2
1910000 65.6
1920000 185.1
1930000 105.7
1940000 214.0
1950000 396.3
1960000 93.1
1970000 348.0
1980000 192.1
1990000 68.2
2000000 69.7
