10000 0.3
20000 0.7
30000 0.3
40000 0.4
50000 11.9
60000 2.2
70000 0.2
80000 5.1
90000 9.7
100000 2.8
110000 3.6
120000 2.8
130000 0.3
140000 9.0
150000 12.7
160000 2.5
170000 16.5
180000 9.8
190000 9.6
200000 1.2
210000 0.6
220000 0.2
230000 1.7
240000 0.7
250000 33.0
260000 10.5
270000 11.0
280000 27.8
290000 15.6
300000 4.4
310000 8.3
320000 30.5
330000 11.6
340000 8.8
350000 3.2
360000 16.0
370000 5.7
380000 8.2
390000 3.6
400000 6.3
410000 6.2
420000 6.9
430000 4.4
440000 15.4
450000 9.8
460000 15.8
470000 5.8
480000 1.4
490000 9.1
500000 1.6
510000 1.0
520000 5.9
530000 3.1
540000 20.3
550000 2.7
560000 5.1
570000 21.8
580000 10.8
590000 4.5
600000 8.5
610000 3.5
620000 6.8
630000 0.0
640000 4.5
650000 21.2
660000 10.5
670000 16.2
680000 9.9
690000 21.3
700000 7.4
710000 3.1
720000 21.0
730000 3.7
740000 4.1
750000 28.5
760000 14.1
770000 3.7
780000 7.4
790000 20.5
800000 9.9
810000 2.9
820000 0.1
830000 4.4
840000 2.8
850000 0.3
860000 12.3
870000 19.1
880000 5.9
890000 3.4
900000 6.3
910000 15.9
920000 0.3
930000 18.6
940000 15.2
950000 17.9
960000 11.9
970000 33.1
980000 24.2
990000 32.1
1000000 48.3
1010000 5.7
1020000 3.2
1030000 12.4
1040000 0.1
1050000 16.2
1060000 21.4
1070000 6.3
1080000 28.6
1090000 43.5
1100000 58.8
1110000 22.5
1120000 0.7
1130000 47.8
1140000 20.8
1150000 29.7
1160000 47.6
1170000 39.0
1180000 9.5
1190000 53.5
1200000 42.8
1210000 1.2
1220000 3.2
1230000 50.6
1240000 34.8
1250000 58.9
1260000 22.4
1270000 20.9
1280000 23.6
1290000 17.3
1300000 31.1
1310000 14.4
1320000 17.4
1330000 29.4
1340000 103.0
1350000 46.6
1360000 23.7
1370000 1.0
1380000 17.6
1390000 77.3
1400000 7.9
1410000 2.1
1420000 12.4
1430000 38.2
1440000 26.9
1450000 32.9
1460000 17.3
1470000 34.0
1480000 22.6
1490000 14.2
1500000 39.4
1510000 56.4
1520000 16.5
1530000 25.8
1540000 22.2
1550000 42.0
1560000 30.7
1570000 21.1
1580000 61.6
1590000 20.2
1600000 39.1
1610000 10.1
1620000 28.0
1630000 31.6
1640000 23.3
1650000 18.4
1660000 23.7
1670000 30.1
1680000 6.7
1690000 11.8
1700000 6.8
1710000 6.6
1720000 14.9
1730000 10.1
1740000 39.3
1750000 7.0
1760000 0.5
1770000 1.1
1780000 25.5
1790000 33.9
1800000 18.2
1810000 1.1
1820000 2.8
1830000 22.2
1840000 37.6
1850000 9.7
1860000 11.6
1870000 17.9
1880000 10.4
1890000 36.9
1900000 42.0
1910000 42.8
1920000 43.8
1930000 109.8
1940000 57.7
1950000 41.8
1960000 93.9
1970000 13.6
1980000 0.8
1990000 92.8
2000000 58.0
