10000 1.2
20000 5.9
30000 5.2
40000 2.2
50000 8.3
60000 6.3
70000 3.5
80000 17.3
90000 3.6
100000 1.0
110000 12.8
120000 6.0
130000 2.3
140000 5.6
150000 9.6
160000 5.6
170000 0.2
180000 3.9
190000 4.1
200000 0.1
210000 2.5
220000 7.3
230000 7.0
240000 9.9
250000 0.4
260000 6.7
270000 5.4
280000 0.2
290000 8.9
300000 2.3
310000 15.8
320000 4.8
330000 8.3
340000 2.5
350000 5.8
360000 2.6
370000 34.6
380000 13.0
390000 7.7
400000 2.2
410000 12.6
420000 8.0
430000 1.6
440000 1.4
450000 0.8
460000 6.1
470000 18.3
480000 10.4
490000 10.9
500000 0.5
510000 4.4
520000 6.7
530000 0.7
540000 16.3
550000 8.0
560000 20.8
570000 13.6
580000 16.8
590000 9.8
600000 10.6
610000 1.4
620000 0.6
630000 0.5
640000 16.0
650000 10.5
660000 17.3
670000 4.8
680000 7.2
690000 8.9
700000 2.3
710000 6.7
720000 5.2
730000 1.0
740000 2.2
750000 3.4
760000 6.5
770000 0.7
780000 1.9
790000 2.4
800000 8.9
810000 3.7
820000 0.9
830000 1.7
840000 12.9
850000 19.8
860000 4.3
870000 6.7
880000 24.4
890000 15.6
900000 10.2
910000 6.4
920000 13.0
930000 9.2
940000 13.5
950000 21.1
960000 17.1
970000 1.1
980000 20.4
990000 4.9
1000000 4.3
1010000 3.5
1020000 9.0
1030000 24.1
1040000 23.8
1050000 22.8
1060000 36.0
1070000 31.1
1080000 18.7
1090000 26.5
1100000 20.7
1110000 50.7
1120000 36.5
1130000 15.6
1140000 13.1
1150000 17.4
1160000 27.5
1170000 36.3
1180000 16.9
1190000 10.6
1200000 43.8
1210000 3.5
1220000 1.6
1230000 7.5
1240000 8.6
1250000 25.9
1260000 6.6
1270000 20.2
1280000 8.9
1290000 20.6
1300000 14.5
1310000 11.5
1320000 24.4
1330000 25.0
1340000 3.2
1350000 10.1
1360000 22.2
1370000 41.1
1380000 9.4
1390000 21.1
1400000 59.3
1410000 0.8
1420000 1.2
1430000 14.7
1440000 23.2
1450000 13.1
1460000 6.2
1470000 18.4
1480000 23.3
1490000 26.1
1500000 15.2
1510000 37.7
1520000 35.4
1530000 14.0
1540000 48.2
1550000 37.0
1560000 65.2
1570000 39.5
1580000 11.7
1590000 1.0
1600000 3.0
1610000 4.1
1620000 0.9
1630000 3.5
1640000 6.5
1650000 17.8
1660000 34.1
1670000 27.1
1680000 21.4
1690000 25.9
1700000 43.7
1710000 20.3
1720000 37.1
1730000 10.3
1740000 25.7
1750000 4.8
1760000 33.0
1770000 14.6
1780000 28.4
1790000 37.3
1800000 7.3
1810000 18.2
1820000 12.4
1830000 20.0
1840000 13.5
1850000 10.9
1860000 13.7
1870000 1.0
1880000 4.3
1890000 21.6
1900000 13.7
1910000 22.9
1920000 63.2
1930000 63.9
1940000 38.2
1950000 8.9
1960000 18.5
1970000 8.3
1980000 3.8
1990000 38.6
2000000 36.1
