10000 2.2
20000 0.6
30000 7.0
40000 0.6
50000 0.4
60000 1.1
70000 9.6
80000 9.4
90000 7.6
100000 12.0
110000 1.9
120000 6.0
130000 7.1
140000 5.2
150000 3.8
160000 2.0
170000 2.5
180000 6.9
190000 2.7
200000 1.8
210000 0.9
220000 0.1
230000 9.4
240000 5.9
250000 2.1
260000 3.4
270000 2.8
280000 1.9
290000 7.3
300000 0.5
310000 0.6
320000 0.3
330000 15.0
340000 6.0
350000 10.0
360000 0.1
370000 3.4
380000 8.5
390000 7.2
400000 4.1
410000 4.9
420000 1.4
430000 11.4
440000 16.9
450000 20.8
460000 8.4
470000 3.2
480000 16.0
490000 24.1
500000 22.7
510000 19.0
520000 11.8
530000 8.5
540000 0.5
550000 16.4
560000 3.3
570000 2.9
580000 4.4
590000 14.1
600000 5.9
610000 3.0
620000 12.3
630000 22.0
640000 17.1
650000 29.3
660000 59.8
670000 10.6
680000 25.9
690000 31.7
700000 15.7
710000 20.1
720000 16.2
730000 11.9
740000 24.5
750000 15.0
760000 26.2
770000 8.3
780000 5.3
790000 1.5
800000 8.0
810000 2.2
820000 8.3
830000 9.8
840000 25.1
850000 18.5
860000 9.5
870000 18.3
880000 26.0
890000 25.4
900000 17.8
910000 35.4
920000 55.0
930000 43.2
940000 31.7
950000 35.1
960000 16.8
970000 2.6
980000 19.3
990000 33.0
1000000 16.8
1010000 3.7
1020000 11.6
1030000 46.9
1040000 7.1
1050000 36.8
1060000 10.8
1070000 35.8
1080000 9.1
1090000 17.2
1100000 25.7
1110000 7.4
1120000 48.0
1130000 47.2
1140000 4.7
1150000 31.7
1160000 49.7
1170000 20.7
1180000 10.4
1190000 2.0
1200000 44.1
1210000 6.1
1220000 2.0
1230000 15.0
1240000 9.4
1250000 20.2
1260000 26.0
1270000 26.0
1280000 41.8
1290000 36.9
1300000 12.9
1310000 16.9
1320000 23.6
1330000 12.3
1340000 2.7
1350000 14.0
1360000 35.7
1370000 28.3
1380000 18.3
1390000 35.9
1400000 38.7
1410000 5.4
1420000 7.4
1430000 7.8
1440000 34.4
1450000 26.4
1460000 40.1
1470000 43.2
1480000 35.5
1490000 48.0
1500000 40.3
1510000 32.2
1520000 50.3
1530000 37.1
1540000 28.4
1550000 62.7
1560000 85.0
1570000 62.9
1580000 72.0
1590000 44.5
1600000 17.2
1610000 13.5
1620000 16.2
1630000 7.2
1640000 14.8
1650000 6.6
1660000 18.6
1670000 39.1
1680000 27.4
1690000 49.4
1700000 72.5
1710000 52.9
1720000 88.9
1730000 46.7
1740000 101.4
1750000 78.1
1760000 63.6
1770000 30.1
1780000 39.8
1790000 120.8
1800000 36.7
1810000 2.1
1820000 7.7
1830000 8.8
1840000 1.0
1850000 64.1
1860000 34.9
1870000 89.0
1880000 34.3
1890000 97.3
1900000 91.2
1910000 45.2
1920000 59.5
1930000 80.2
1940000 69.6
1950000 136.5
1960000 170.0
1970000 98.3
1980000 39.5
1990000 81.5
2000000 67.2
