10000 4.7
20000 7.4
30000 1.5
40000 1.8
50000 0.7
60000 4.6
70000 14.9
80000 10.3
90000 7.7
100000 9.0
110000 0.8
120000 3.5
130000 17.4
140000 4.2
150000 23.7
160000 21.4
170000 9.3
180000 17.3
190000 12.2
200000 19.9
210000 0.5
220000 17.5
230000 14.7
240000 3.4
250000 24.8
260000 1.5
270000 8.8
280000 22.4
290000 26.6
300000 42.5
310000 23.2
320000 15.5
330000 39.3
340000 64.5
350000 17.7
360000 8.3
370000 2.5
380000 19.4
390000 18.5
400000 59.7
410000 3.4
420000 3.4
430000 10.1
440000 13.8
450000 21.7
460000 25.3
470000 11.4
480000 46.6
490000 26.8
500000 32.3
510000 44.7
520000 1.2
530000 3.5
540000 20.7
550000 11.2
560000 1.9
570000 21.6
580000 5.4
590000 13.8
600000 10.7
610000 1.7
620000 0.6
630000 11.8
640000 3.5
650000 5.4
660000 15.0
670000 16.5
680000 41.3
690000 36.5
700000 10.6
710000 11.7
720000 7.8
730000 19.9
740000 37.6
750000 3.4
760000 13.2
770000 12.7
780000 24.7
790000 0.6
800000 24.0
810000 1.0
820000 11.9
830000 10.6
840000 38.0
850000 9.0
860000 2.6
870000 2.4
880000 23.9
890000 27.2
900000 23.6
910000 0.2
920000 32.8
930000 31.3
940000 0.1
950000 5.6
960000 1.4
970000 7.3
980000 12.1
990000 9.1
1000000 0.6
1010000 1.2
1020000 6.7
1030000 3.6
1040000 14.1
1050000 10.1
1060000 26.6
1070000 39.3
1080000 6.9
1090000 1.8
1100000 1.2
1110000 29.4
1120000 17.2
1130000 41.4
1140000 15.3
1150000 26.4
1160000 8.8
1170000 18.1
1180000 22.2
1190000 13.3
1200000 15.5
1210000 0.4
1220000 0.5
1230000 4.4
1240000 13.6
1250000 5.2
1260000 30.2
1270000 2.9
1280000 20.8
1290000 28.9
1300000 9.4
1310000 52.3
1320000 75.2
1330000 7.3
1340000 38.1
1350000 55.1
1360000 31.1
1370000 17.6
1380000 40.8
1390000 0.2
1400000 1.0
1410000 2.9
1420000 5.0
1430000 0.9
1440000 32.8
1450000 12.8
1460000 10.5
1470000 26.8
1480000 12.4
1490000 34.8
1500000 76.6
1510000 27.6
1520000 74.2
1530000 36.9
1540000 22.6
1550000 132.4
1560000 134.6
1570000 27.0
1580000 69.9
1590000 45.7
1600000 65.7
1610000 0.8
1620000 6.1
1630000 20.5
1640000 0.5
1650000 19.0
1660000 14.7
1670000 7.2
1680000 45.1
1690000 1.0
1700000 85.1
1710000 85.9
1720000 36.8
1730000 39.9
1740000 29.1
1750000 46.0
1760000 113.8
1770000 85.1
1780000 82.8
1790000 60.4
1800000 34.3
1810000 15.0
1820000 18.6
1830000 6.8
1840000 18.1
1850000 69.3
1860000 24.3
1870000 76.6
1880000 64.0
1890000 41.9
1900000 50.5
1910000 88.7
1920000 76.5
1930000 115.6
1940000 106.5
1950000 63.2
1960000 136.2
1970000 72.0
1980000 66.4
1990000 115.9
2000000 51.6
