10000 3.6
20000 0.1
30000 0.3
40000 8.2
50000 6.6
60000 1.8
70000 1.7
80000 2.6
90000 11.7
100000 0.8
110000 4.9
120000 15.3
130000 2.3
140000 6.1
150000 2.8
160000 3.7
170000 4.4
180000 6.8
190000 5.1
200000 10.7
210000 0.1
220000 2.7
230000 4.8
240000 19.0
250000 14.9
260000 17.4
270000 8.9
280000 9.4
290000 0.6
300000 6.5
310000 10.3
320000 22.4
330000 6.0
340000 0.4
350000 22.4
360000 14.6
370000 0.5
380000 20.2
390000 6.0
400000 4.3
410000 0.4
420000 0.9
430000 11.0
440000 9.8
450000 1.6
460000 44.3
470000 3.6
480000 5.5
490000 4.6
500000 10.6
510000 20.5
520000 6.5
530000 14.1
540000 68.8
550000 12.8
560000 26.7
570000 6.1
580000 33.4
590000 22.1
600000 1.0
610000 3.6
620000 7.8
630000 14.7
640000 1.2
650000 4.0
660000 2.4
670000 13.1
680000 2.3
690000 11.3
700000 8.5
710000 5.7
720000 30.5
730000 8.8
740000 7.0
750000 18.8
760000 3.1
770000 8.0
780000 2.8
790000 8.5
800000 17.2
810000 10.4
820000 4.5
830000 4.3
840000 0.9
850000 15.8
860000 21.1
870000 13.7
880000 6.3
890000 7.3
900000 30.7
910000 3.9
920000 15.7
930000 14.8
940000 6.5
950000 3.9
960000 12.6
970000 23.5
980000 25.9
990000 32.8
1000000 11.9
1010000 0.8
1020000 9.2
1030000 29.3
1040000 15.0
1050000 5.3
1060000 4.1
1070000 8.3
1080000 22.0
1090000 10.6
1100000 9.6
1110000 11.5
1120000 13.7
1130000 11.4
1140000 7.4
1150000 8.9
1160000 27.0
1170000 3.2
1180000 4.2
1190000 22.0
1200000 16.7
1210000 3.2
1220000 2.3
1230000 12.9
1240000 17.3
1250000 3.0
1260000 47.9
1270000 16.1
1280000 40.5
1290000 0.8
1300000 14.4
1310000 20.1
1320000 1.5
1330000 6.5
1340000 6.9
1350000 12.2
1360000 12.6
1370000 12.5
1380000 5.7
1390000 2.0
1400000 3.9
1410000 5.8
1420000 11.8
1430000 6.6
1440000 18.6
1450000 30.3
1460000 25.8
1470000 13.0
1480000 35.2
1490000 25.1
1500000 14.8
1510000 19.3
1520000 54.6
1530000 15.1
1540000 36.4
1550000 47.4
1560000 29.0
1570000 34.7
1580000 39.0
1590000 31.8
1600000 47.2
1610000 0.2
1620000 17.8
1630000 16.7
1640000 17.0
1650000 38.5
1660000 11.5
1670000 8.8
1680000 70.3
1690000 65.5
1700000 24.9
1710000 77.2
1720000 71.4
1730000 51.5
1740000 2.2
1750000 51.4
1760000 43.6
1770000 47.6
1780000 114.4
1790000 41.0
1800000 51.8
1810000 2.2
1820000 3.0
1830000 5.5
1840000 7.3
1850000 3.0
1860000 22.3
1870000 55.7
1880000 74.9
1890000 123.6
1900000 81.6
1910000 5.0
1920000 93.5
1930000 57.1
1940000 93.9
1950000 15.5
1960000 76.0
1970000 15.6
1980000 18.9
1990000 58.0
2000000 55.9
