10000 2.4
20000 1.7
30000 1.8
40000 5.9
50000 16.5
60000 10.5
70000 2.8
80000 27.2
90000 13.4
100000 1.7
110000 8.8
120000 9.6
130000 4.2
140000 14.3
150000 2.8
160000 19.1
170000 9.0
180000 1.7
190000 3.8
200000 22.5
210000 3.6
220000 3.1
230000 16.7
240000 6.1
250000 19.4
260000 39.8
270000 5.7
280000 9.7
290000 29.3
300000 7.4
310000 7.8
320000 7.4
330000 18.1
340000 1.0
350000 19.4
360000 19.5
370000 22.5
380000 37.0
390000 28.9
400000 11.0
410000 6.0
420000 6.6
430000 4.0
440000 38.0
450000 13.1
460000 26.6
470000 3.9
480000 9.1
490000 1.0
500000 7.0
510000 10.5
520000 26.4
530000 20.9
540000 8.5
550000 18.3
560000 12.6
570000 40.8
580000 18.6
590000 10.1
600000 18.2
610000 8.6
620000 0.2
630000 11.5
640000 18.5
650000 32.8
660000 12.5
670000 22.2
680000 36.8
690000 25.2
700000 32.9
710000 21.4
720000 3.8
730000 72.3
740000 13.5
750000 11.0
760000 13.9
770000 36.5
780000 90.2
790000 15.2
800000 54.8
810000 0.2
820000 2.5
830000 19.8
840000 21.2
850000 12.3
860000 58.6
870000 53.1
880000 87.8
890000 46.3
900000 33.5
910000 49.3
920000 32.3
930000 14.9
940000 9.1
950000 33.9
960000 28.7
970000 24.3
980000 26.2
990000 34.5
1000000 34.7
1010000 3.3
1020000 9.7
1030000 6.3
1040000 28.4
1050000 39.0
1060000 12.8
1070000 5.8
1080000 2.1
1090000 63.1
1100000 0.5
1110000 12.5
1120000 19.5
1130000 36.1
1140000 30.7
1150000 59.5
1160000 47.8
1170000 12.4
1180000 35.8
1190000 42.9
1200000 4.2
1210000 2.7
1220000 2.7
1230000 2.9
1240000 11.5
1250000 3.8
1260000 1.5
1270000 0.4
1280000 2.9
1290000 2.8
1300000 8.9
1310000 9.4
1320000 50.9
1330000 12.9
1340000 20.4
1350000 15.2
1360000 58.8
1370000 16.0
1380000 5.0
1390000 24.1
1400000 16.6
1410000 2.3
1420000 32.6
1430000 4.0
1440000 2.0
1450000 21.7
1460000 38.7
1470000 37.0
1480000 58.6
1490000 24.6
1500000 6.6
1510000 11.7
1520000 32.6
1530000 53.4
1540000 47.6
1550000 24.7
1560000 44.4
1570000 3.4
1580000 30.8
1590000 13.6
1600000 40.1
1610000 0.1
1620000 0.0
1630000 51.3
1640000 13.3
1650000 14.9
1660000 38.7
1670000 30.8
1680000 17.5
1690000 38.5
1700000 12.8
1710000 16.4
1720000 92.4
1730000 7.3
1740000 37.3
1750000 97.0
1760000 28.0
1770000 56.3
1780000 27.1
1790000 58.3
1800000 59.4
1810000 1.1
1820000 22.3
1830000 8.7
1840000 1.4
1850000 18.4
1860000 10.2
1870000 20.9
1880000 34.6
1890000 77.0
1900000 41.5
1910000 77.6
1920000 75.4
1930000 63.9
1940000 18.6
1950000 33.7
1960000 69.5
1970000 50.4
1980000 16.7
1990000 55.3
2000000 28.4
