10000 7.3
20000 3.9
30000 0.1
40000 0.1
50000 4.4
60000 0.8
70000 11.2
80000 5.5
90000 3.6
100000 3.7
110000 4.7
120000 0.1
130000 6.5
140000 8.0
150000 15.1
160000 4.9
170000 14.1
180000 0.7
190000 1.5
200000 0.1
210000 8.6
220000 3.1
230000 4.4
240000 0.3
250000 1.9
260000 9.0
270000 6.5
280000 1.7
290000 4.1
300000 0.4
310000 6.5
320000 6.2
330000 3.5
340000 6.2
350000 10.1
360000 0.5
370000 3.8
380000 2.3
390000 9.9
400000 20.6
410000 0.3
420000 4.0
430000 6.4
440000 2.4
450000 16.5
460000 4.2
470000 11.6
480000 15.2
490000 5.2
500000 22.2
510000 6.7
520000 6.8
530000 12.8
540000 12.7
550000 8.4
560000 13.3
570000 4.3
580000 3.4
590000 0.0
600000 5.7
610000 2.6
620000 0.0
630000 26.3
640000 15.7
650000 2.8
660000 19.9
670000 8.6
680000 33.3
690000 17.4
700000 26.0
710000 12.9
720000 11.5
730000 10.7
740000 24.2
750000 15.6
760000 20.5
770000 7.0
780000 13.4
790000 9.2
800000 14.7
810000 2.5
820000 4.3
830000 5.2
840000 8.6
850000 14.2
860000 8.9
870000 3.4
880000 13.4
890000 7.4
900000 1.2
910000 10.4
920000 4.1
930000 1.1
940000 7.7
950000 5.0
960000 14.4
970000 7.0
980000 6.4
990000 5.8
1000000 10.8
1010000 4.6
1020000 2.3
1030000 1.6
1040000 17.0
1050000 6.6
1060000 16.3
1070000 18.7
1080000 17.8
1090000 21.2
1100000 53.6
1110000 27.4
1120000 23.8
1130000 21.9
1140000 4.3
1150000 14.7
1160000 6.0
1170000 8.7
1180000 5.5
1190000 1.9
1200000 53.5
1210000 1.5
1220000 5.5
1230000 10.3
1240000 20.1
1250000 1.0
1260000 4.7
1270000 87.3
1280000 22.7
1290000 19.2
1300000 23.7
1310000 25.3
1320000 32.1
1330000 41.4
1340000 22.4
1350000 21.7
1360000 40.7
1370000 33.0
1380000 20.6
1390000 52.2
1400000 48.4
1410000 2.1
1420000 19.6
1430000 33.1
1440000 15.5
1450000 14.6
1460000 51.0
1470000 64.9
1480000 82.4
1490000 66.3
1500000 20.1
1510000 6.5
1520000 52.4
1530000 38.0
1540000 79.7
1550000 15.1
1560000 53.5
1570000 47.8
1580000 5.2
1590000 9.8
1600000 68.9
1610000 0.2
1620000 4.1
1630000 18.0
1640000 14.1
1650000 29.2
1660000 14.8
1670000 32.7
1680000 13.6
1690000 13.2
1700000 35.5
1710000 55.7
1720000 44.7
1730000 33.8
1740000 55.9
1750000 29.9
1760000 73.0
1770000 19.0
1780000 30.8
1790000 68.7
1800000 39.0
1810000 1.9
1820000 0.1
1830000 12.2
1840000 16.4
1850000 16.9
1860000 16.5
1870000 13.7
1880000 54.4
1890000 50.4
1900000 84.3
1910000 58.9
1920000 55.8
1930000 33.5
1940000 45.4
1950000 51.0
1960000 59.4
1970000 86.3
1980000 72.5
1990000 19.4
2000000 96.1
