10000 0.4
20000 0.2
30000 7.4
40000 2.1
50000 3.1
60000 10.9
70000 6.5
80000 8.8
90000 3.5
100000 1.3
110000 8.8
120000 3.2
130000 23.0
140000 0.3
150000 9.8
160000 5.4
170000 1.8
180000 0.8
190000 1.4
200000 2.3
210000 0.0
220000 0.6
230000 9.4
240000 5.8
250000 1.6
260000 11.1
270000 11.1
280000 0.4
290000 5.9
300000 1.1
310000 1.1
320000 13.1
330000 22.0
340000 3.5
350000 7.8
360000 5.0
370000 14.2
380000 3.6
390000 2.9
400000 2.8
410000 0.2
420000 11.4
430000 14.7
440000 13.4
450000 4.1
460000 0.9
470000 7.9
480000 3.0
490000 7.9
500000 2.0
510000 21.3
520000 19.4
530000 3.2
540000 4.9
550000 39.6
560000 19.5
570000 22.1
580000 14.3
590000 10.7
600000 29.3
610000 7.9
620000 15.4
630000 30.3
640000 14.5
650000 10.9
660000 2.8
670000 11.5
680000 12.9
690000 7.0
700000 15.8
710000 9.8
720000 16.9
730000 10.9
740000 45.1
750000 12.5
760000 6.5
770000 17.6
780000 1.1
790000 12.8
800000 16.3
810000 4.0
820000 2.6
830000 0.6
840000 13.2
850000 3.1
860000 16.5
870000 0.5
880000 25.1
890000 16.8
900000 21.3
910000 6.2
920000 0.8
930000 2.1
940000 14.6
950000 12.3
960000 17.9
970000 25.0
980000 25.4
990000 39.3
1000000 22.8
1010000 8.0
1020000 14.3
1030000 17.9
1040000 4.6
1050000 38.0
1060000 8.2
1070000 65.0
1080000 25.9
1090000 47.0
1100000 22.7
1110000 18.8
1120000 5.2
1130000 5.1
1140000 26.6
1150000 27.8
1160000 0.4
1170000 1.5
1180000 13.7
1190000 14.0
1200000 9.5
1210000 0.1
1220000 7.0
1230000 2.2
1240000 12.5
1250000 1.4
1260000 8.7
1270000 13.7
1280000 18.8
1290000 13.3
1300000 16.4
1310000 10.8
1320000 13.9
1330000 13.3
1340000 23.9
1350000 21.6
1360000 42.1
1370000 16.3
1380000 31.1
1390000 3.2
1400000 6.1
1410000 6.1
1420000 11.8
1430000 20.6
1440000 10.8
1450000 9.8
1460000 10.5
1470000 24.7
1480000 10.3
1490000 1.4
1500000 20.8
1510000 20.1
1520000 10.5
1530000 13.6
1540000 38.8
1550000 23.3
1560000 32.7
1570000 17.9
1580000 23.1
1590000 25.2
1600000 30.2
1610000 5.0
1620000 9.8
1630000 21.9
1640000 9.1
1650000 19.0
1660000 3.9
1670000 19.6
1680000 25.0
1690000 17.2
1700000 9.9
1710000 39.6
1720000 8.1
1730000 7.5
1740000 5.9
1750000 3.3
1760000 16.7
1770000 4.4
1780000 19.5
1790000 0.1
1800000 13.7
1810000 12.8
1820000 32.3
1830000 41.1
1840000 27.9
1850000 18.9
1860000 17.7
1870000 57.3
1880000 52.3
1890000 42.8
1900000 18.2
1910000 28.0
1920000 45.0
1930000 89.1
1940000 75.4
1950000 55.0
1960000 8.0
1970000 36.7
1980000 15.6
1990000 24.2
2000000 65.3
