10000 0.9
20000 7.8
30000 0.3
40000 3.6
50000 15.5
60000 3.2
70000 1.1
80000 22.6
90000 15.4
100000 2.5
110000 2.8
120000 24.5
130000 7.3
140000 0.1
150000 3.1
160000 0.8
170000 7.7
180000 47.5
190000 9.2
200000 3.9
210000 0.8
220000 0.1
230000 8.4
240000 0.9
250000 19.5
260000 9.3
270000 3.7
280000 23.9
290000 14.5
300000 10.2
310000 0.6
320000 4.5
330000 30.2
340000 10.3
350000 30.0
360000 22.6
370000 6.3
380000 1.4
390000 15.8
400000 6.9
410000 0.5
420000 6.6
430000 3.8
440000 24.2
450000 10.3
460000 8.9
470000 2.5
480000 15.7
490000 3.0
500000 7.8
510000 3.0
520000 33.4
530000 24.0
540000 28.6
550000 5.6
560000 8.5
570000 16.4
580000 10.7
590000 7.2
600000 0.9
610000 14.8
620000 3.7
630000 9.9
640000 19.6
650000 34.8
660000 25.2
670000 10.2
680000 18.6
690000 18.7
700000 8.9
710000 3.1
720000 5.0
730000 12.1
740000 3.0
750000 2.8
760000 8.1
770000 18.3
780000 3.7
790000 6.0
800000 1.9
810000 8.8
820000 2.2
830000 18.7
840000 19.7
850000 17.2
860000 12.7
870000 5.4
880000 20.8
890000 1.0
900000 14.2
910000 4.1
920000 7.6
930000 26.4
940000 56.5
950000 34.6
960000 13.5
970000 11.2
980000 22.7
990000 49.9
1000000 1.5
1010000 1.4
1020000 6.9
1030000 3.9
1040000 20.6
1050000 17.6
1060000 14.5
1070000 14.1
1080000 32.3
1090000 16.2
1100000 18.7
1110000 28.8
1120000 26.3
1130000 30.3
1140000 0.9
1150000 12.4
1160000 32.3
1170000 40.7
1180000 3.8
1190000 71.0
1200000 24.8
1210000 0.1
1220000 39.6
1230000 39.7
1240000 4.0
1250000 9.8
1260000 4.7
1270000 34.5
1280000 15.3
1290000 14.0
1300000 18.0
1310000 59.1
1320000 53.7
1330000 85.4
1340000 54.8
1350000 42.8
1360000 54.5
1370000 18.5
1380000 47.7
1390000 22.6
1400000 51.2
1410000 1.6
1420000 1.2
1430000 13.8
1440000 1.4
1450000 48.1
1460000 64.8
1470000 0.4
1480000 28.5
1490000 76.2
1500000 100.3
1510000 44.6
1520000 39.3
1530000 1.3
1540000 102.1
1550000 65.3
1560000 72.7
1570000 58.5
1580000 47.2
1590000 54.5
1600000 105.4
1610000 5.0
1620000 5.5
1630000 7.9
1640000 10.1
1650000 1.3
1660000 21.1
1670000 16.8
1680000 47.5
1690000 26.0
1700000 73.0
1710000 27.5
1720000 50.7
1730000 24.1
1740000 21.9
1750000 44.2
1760000 69.3
1770000 36.7
1780000 34.0
1790000 18.8
1800000 63.2
1810000 0.9
1820000 10.3
1830000 16.5
1840000 25.8
1850000 26.0
1860000 30.5
1870000 18.6
1880000 75.2
1890000 52.8
1900000 43.5
1910000 49.1
1920000 17.2
1930000 28.8
1940000 65.5
1950000 49.4
1960000 49.2
1970000 70.1
1980000 63.0
1990000 42.1
2000000 42.0
