10000 4.9
20000 5.6
30000 3.1
40000 25.7
50000 4.8
60000 3.2
70000 14.5
80000 8.7
90000 0.5
100000 5.9
110000 5.2
120000 3.6
130000 3.7
140000 37.4
150000 20.2
160000 5.8
170000 6.8
180000 21.1
190000 11.5
200000 24.1
210000 1.2
220000 6.3
230000 2.5
240000 28.7
250000 18.1
260000 25.8
270000 13.0
280000 14.4
290000 12.6
300000 69.6
310000 27.7
320000 26.2
330000 80.8
340000 35.0
350000 47.4
360000 19.2
370000 52.9
380000 63.7
390000 42.0
400000 44.0
410000 6.6
420000 1.7
430000 2.3
440000 33.3
450000 9.4
460000 47.1
470000 40.6
480000 28.3
490000 6.6
500000 30.4
510000 40.9
520000 38.2
530000 36.6
540000 30.0
550000 21.8
560000 18.7
570000 22.4
580000 4.7
590000 20.8
600000 31.6
610000 0.1
620000 5.7
630000 9.4
640000 11.1
650000 42.2
660000 11.6
670000 18.1
680000 68.7
690000 3.6
700000 42.7
710000 6.7
720000 22.8
730000 15.9
740000 45.9
750000 35.9
760000 32.2
770000 20.9
780000 33.8
790000 52.7
800000 70.7
810000 3.4
820000 33.0
830000 13.2
840000 40.1
850000 57.8
860000 44.4
870000 70.6
880000 94.6
890000 86.0
900000 60.7
910000 63.8
920000 29.1
930000 84.9
940000 60.7
950000 76.9
960000 64.9
970000 116.9
980000 24.8
990000 44.7
1000000 60.9
1010000 7.4
1020000 31.9
1030000 26.3
1040000 31.2
1050000 44.0
1060000 32.1
1070000 45.3
1080000 11.0
1090000 1.4
1100000 18.3
1110000 63.7
1120000 26.0
1130000 25.4
1140000 15.5
1150000 17.9
1160000 7.4
1170000 3.4
1180000 24.2
1190000 57.8
1200000 68.8
1210000 2.3
1220000 0.9
1230000 11.7
1240000 25.3
1250000 12.7
1260000 18.8
1270000 86.3
1280000 52.5
1290000 25.3
1300000 131.4
1310000 33.8
1320000 44.3
1330000 20.6
1340000 50.6
1350000 89.8
1360000 29.5
1370000 81.4
1380000 83.8
1390000 55.5
1400000 35.6
1410000 4.3
1420000 23.3
1430000 18.4
1440000 26.2
1450000 15.7
1460000 62.4
1470000 24.9
1480000 10.5
1490000 21.7
1500000 56.6
1510000 5.0
1520000 68.7
1530000 95.7
1540000 61.6
1550000 36.3
1560000 82.0
1570000 41.4
1580000 100.0
1590000 9.7
1600000 79.0
1610000 3.4
1620000 2.2
1630000 3.8
1640000 34.4
1650000 19.0
1660000 24.7
1670000 69.7
1680000 39.6
1690000 23.0
1700000 71.2
1710000 78.6
1720000 95.8
1730000 155.2
1740000 8.8
1750000 139.5
1760000 20.9
1770000 17.6
1780000 11.8
1790000 63.4
1800000 50.3
1810000 8.5
1820000 1.0
1830000 26.4
1840000 41.7
1850000 28.7
1860000 65.6
1870000 134.1
1880000 109.1
1890000 14.0
1900000 137.6
1910000 61.4
1920000 108.6
1930000 146.5
1940000 124.2
1950000 91.0
1960000 120.8
1970000 45.2
1980000 91.3
1990000 83.7
2000000 77.7
