5000 0.6
10000 0.7
15000 0.8
20000 1.2
25000 0.7
30000 0.9
35000 1.0
40000 0.7
45000 0.7
50000 0.7
55000 0.6
60000 0.8
65000 1.1
70000 0.7
75000 1.1
80000 1.2
85000 1.2
90000 1.3
95000 0.9
100000 1.1
105000 0.8
110000 1.4
115000 1.3
120000 1.1
125000 1.1
130000 1.2
135000 1.1
140000 1.2
145000 0.9
150000 1.0
155000 1.3
160000 0.9
165000 1.2
170000 1.2
175000 1.0
180000 1.0
185000 1.6
190000 1.3
195000 1.0
200000 20.6
205000 0.6
210000 1.2
215000 6.5
220000 0.9
225000 0.8
230000 1.0
235000 11.0
240000 36.7
245000 41.9
250000 24.8
255000 11.0
260000 20.2
265000 19.5
270000 18.8
275000 48.7
280000 20.2
285000 58.3
290000 64.7
295000 7.5
300000 1.3
305000 19.2
310000 43.3
315000 1.1
320000 28.2
325000 46.7
330000 4.4
335000 75.0
340000 0.9
345000 84.8
350000 87.1
355000 31.6
360000 0.9
365000 1.1
370000 87.9
375000 83.3
380000 1.0
385000 88.6
390000 39.7
395000 91.2
400000 99.7
405000 97.9
410000 98.5
415000 103.3
420000 106.0
425000 59.5
430000 103.3
435000 103.7
440000 103.8
445000 101.5
450000 103.0
455000 109.6
460000 101.1
465000 103.2
470000 107.3
475000 93.5
480000 112.6
485000 100.0
490000 1.0
495000 108.6
500000 110.7
505000 112.6
510000 110.2
515000 111.7
520000 109.0
525000 86.6
530000 99.9
535000 108.5
540000 117.3
545000 112.3
550000 109.1
555000 10.1
560000 110.0
565000 17.0
570000 117.2
575000 0.8
580000 42.1
585000 109.3
590000 79.6
595000 113.2
600000 114.1
605000 122.7
610000 85.0
615000 119.0
620000 124.1
625000 118.1
630000 121.2
635000 121.4
640000 115.3
645000 119.3
650000 1.4
655000 116.4
660000 102.3
665000 124.0
670000 124.9
675000 123.4
680000 120.6
685000 126.7
690000 126.5
695000 125.2
700000 123.2
705000 123.5
710000 126.4
715000 125.6
720000 128.2
725000 42.9
730000 124.4
735000 128.0
740000 128.4
745000 126.9
750000 128.4
755000 125.6
760000 132.9
765000 131.3
770000 122.4
775000 121.9
780000 7.6
785000 122.0
790000 126.4
795000 130.1
800000 126.9
805000 129.0
810000 126.0
815000 126.6
820000 130.7
825000 127.6
830000 132.5
835000 10.9
840000 129.1
845000 128.6
850000 86.1
855000 101.0
860000 127.9
865000 114.6
870000 0.9
875000 123.3
880000 129.0
885000 129.3
890000 130.9
895000 123.5
900000 132.1
905000 130.4
910000 132.6
915000 128.6
920000 132.8
925000 130.6
930000 130.8
935000 129.2
940000 135.9
945000 134.0
950000 134.7
955000 135.9
960000 131.0
965000 132.6
970000 135.2
975000 128.3
980000 135.5
985000 133.0
990000 136.2
995000 138.7
1000000 136.2
1005000 140.5
1010000 132.5
1015000 138.9
1020000 135.7
1025000 136.0
1030000 136.9
1035000 140.5
1040000 137.2
1045000 131.0
1050000 134.7
1055000 136.7
1060000 133.5
1065000 136.4
1070000 131.2
1075000 1.0
1080000 129.1
1085000 138.1
1090000 134.0
1095000 129.9
1100000 137.2
1105000 137.7
1110000 135.4
1115000 139.5
1120000 138.5
1125000 142.5
1130000 138.2
1135000 141.2
1140000 136.3
1145000 139.7
1150000 138.1
1155000 137.4
1160000 137.3
1165000 140.6
1170000 140.4
1175000 142.9
1180000 142.7
1185000 140.5
1190000 141.1
1195000 138.7
1200000 139.6
1205000 139.5
1210000 127.4
1215000 138.1
1220000 11.5
1225000 136.9
1230000 139.5
1235000 137.4
1240000 139.7
1245000 143.7
1250000 139.1
1255000 139.9
1260000 139.5
1265000 136.8
1270000 141.6
1275000 142.2
1280000 142.4
1285000 138.5
1290000 140.7
1295000 142.1
1300000 142.9
1305000 143.0
1310000 142.9
1315000 142.6
1320000 143.9
1325000 143.4
1330000 145.2
1335000 139.5
1340000 133.5
1345000 141.0
1350000 142.2
1355000 145.5
1360000 149.1
1365000 146.1
1370000 139.8
1375000 143.1
1380000 143.7
1385000 142.2
1390000 141.9
1395000 142.1
1400000 140.9
1405000 142.1
1410000 142.3
1415000 142.1
1420000 148.1
1425000 147.4
1430000 149.3
1435000 145.3
1440000 144.3
1445000 146.1
1450000 148.1
1455000 148.0
1460000 146.8
1465000 146.7
1470000 148.2
1475000 142.2
1480000 141.7
1485000 146.0
1490000 146.3
1495000 149.0
1500000 147.8
1505000 151.9
1510000 151.1
1515000 144.1
1520000 154.2
1525000 155.0
1530000 1.0
1535000 0.8
1540000 7.7
1545000 119.0
1550000 139.1
1555000 145.6
1560000 135.2
1565000 149.2
1570000 148.0
1575000 150.8
1580000 153.3
1585000 155.8
1590000 148.8
1595000 1.7
1600000 8.8
1605000 83.6
1610000 120.2
1615000 138.7
1620000 127.7
1625000 151.8
1630000 148.6
1635000 143.6
1640000 20.8
1645000 144.3
1650000 149.8
1655000 147.8
1660000 152.2
1665000 143.8
1670000 155.9
1675000 150.1
1680000 139.4
1685000 12.5
1690000 150.9
1695000 148.7
1700000 147.4
1705000 153.1
1710000 149.3
1715000 153.5
1720000 156.7
1725000 159.3
1730000 159.1
1735000 154.0
1740000 155.7
1745000 142.4
1750000 169.6
1755000 159.5
1760000 172.7
1765000 168.2
1770000 161.7
1775000 166.8
1780000 166.9
1785000 164.5
1790000 159.2
1795000 9.3
1800000 170.6
1805000 170.4
1810000 177.0
1815000 173.6
1820000 168.3
1825000 177.2
1830000 172.5
1835000 173.2
1840000 170.4
1845000 180.4
1850000 171.3
1855000 174.6
1860000 181.4
1865000 167.3
1870000 185.8
1875000 182.0
1880000 179.2
1885000 173.6
1890000 155.4
1895000 178.5
1900000 175.3
1905000 178.6
1910000 170.2
1915000 163.4
1920000 149.3
1925000 179.3
1930000 173.2
1935000 184.4
1940000 1.0
1945000 166.8
1950000 2.5
1955000 1.4
1960000 29.3
1965000 140.4
1970000 125.1
1975000 1.3
1980000 111.5
1985000 148.9
1990000 160.3
1995000 182.3
2000000 171.7
