5000 0.6
10000 0.9
15000 0.7
20000 0.7
25000 0.8
30000 0.5
35000 1.2
40000 0.8
45000 0.7
50000 0.8
55000 1.0
60000 0.5
65000 0.8
70000 0.8
75000 0.9
80000 0.8
85000 0.8
90000 1.0
95000 1.0
100000 0.8
105000 0.5
110000 0.9
115000 0.8
120000 1.0
125000 0.6
130000 1.0
135000 0.7
140000 0.9
145000 0.9
150000 1.0
155000 0.7
160000 0.6
165000 1.3
170000 3.4
175000 1.7
180000 5.8
185000 2.6
190000 0.8
195000 1.9
200000 33.8
205000 0.7
210000 1.2
215000 13.6
220000 8.1
225000 0.8
230000 7.1
235000 0.8
240000 0.6
245000 4.1
250000 8.0
255000 13.8
260000 7.0
265000 11.6
270000 10.1
275000 9.2
280000 4.6
285000 11.3
290000 6.6
295000 4.0
300000 7.4
305000 12.4
310000 11.5
315000 1.2
320000 0.4
325000 3.4
330000 12.3
335000 5.6
340000 7.1
345000 4.5
350000 3.9
355000 8.2
360000 15.1
365000 13.1
370000 9.4
375000 7.4
380000 1.7
385000 10.2
390000 9.4
395000 8.4
400000 9.9
405000 5.7
410000 7.6
415000 6.5
420000 4.7
425000 1.9
430000 6.7
435000 7.6
440000 5.0
445000 6.5
450000 8.6
455000 5.8
460000 8.0
465000 5.0
470000 0.8
475000 0.6
480000 3.5
485000 4.3
490000 1.9
495000 2.7
500000 7.0
505000 6.5
510000 3.9
515000 5.6
520000 7.0
525000 2.5
530000 2.7
535000 5.2
540000 3.5
545000 2.9
550000 0.8
555000 4.6
560000 3.8
565000 2.9
570000 7.7
575000 2.5
580000 3.5
585000 1.5
590000 8.1
595000 1.1
600000 0.7
605000 0.9
610000 1.2
615000 0.7
620000 2.2
625000 1.8
630000 3.3
635000 3.1
640000 0.9
645000 1.7
650000 1.5
655000 2.6
660000 0.8
665000 1.0
670000 1.0
675000 0.9
680000 3.6
685000 1.4
690000 3.6
695000 3.8
700000 1.2
705000 3.1
710000 5.7
715000 1.9
720000 2.4
725000 2.2
730000 2.4
735000 1.0
740000 3.0
745000 2.7
750000 0.6
755000 0.8
760000 0.5
765000 1.6
770000 1.0
775000 1.0
780000 1.4
785000 1.5
790000 1.5
795000 0.9
800000 0.7
805000 1.8
810000 2.1
815000 0.5
820000 2.3
825000 3.3
830000 1.4
835000 0.9
840000 4.5
845000 1.4
850000 1.1
855000 2.5
860000 2.3
865000 1.7
870000 1.2
875000 1.1
880000 1.8
885000 1.1
890000 0.9
895000 2.4
900000 0.7
905000 1.0
910000 0.8
915000 1.1
920000 0.8
925000 0.4
930000 1.0
935000 1.5
940000 1.0
945000 1.0
950000 1.2
955000 0.7
960000 0.8
965000 0.6
970000 0.8
975000 1.4
980000 1.1
985000 1.8
990000 1.3
995000 0.7
1000000 1.0
1005000 0.5
1010000 0.8
1015000 0.7
1020000 1.8
1025000 0.8
1030000 0.6
1035000 0.9
1040000 0.7
1045000 1.0
1050000 1.0
1055000 1.1
1060000 0.6
1065000 1.2
1070000 1.8
1075000 1.0
1080000 0.8
1085000 0.6
1090000 0.7
1095000 2.3
1100000 1.7
1105000 0.7
1110000 0.9
1115000 1.3
1120000 1.0
1125000 1.4
1130000 0.7
1135000 0.8
1140000 0.9
1145000 1.0
1150000 0.7
1155000 0.6
1160000 0.8
1165000 0.8
1170000 1.1
1175000 0.8
1180000 1.7
1185000 1.7
1190000 1.0
1195000 0.9
1200000 0.4
1205000 0.9
1210000 0.6
1215000 0.4
1220000 0.8
1225000 0.7
1230000 0.9
1235000 0.5
1240000 1.0
1245000 0.7
1250000 0.4
1255000 1.1
1260000 2.6
1265000 0.7
1270000 1.0
1275000 0.6
1280000 0.9
1285000 1.0
1290000 0.9
1295000 0.5
1300000 1.2
1305000 0.5
1310000 0.7
1315000 0.9
1320000 0.4
1325000 0.5
1330000 1.4
1335000 0.8
1340000 0.6
1345000 0.8
1350000 0.9
1355000 0.7
1360000 0.6
1365000 0.7
1370000 0.8
1375000 0.6
1380000 0.4
1385000 0.9
1390000 1.3
1395000 0.6
1400000 1.1
1405000 1.0
1410000 0.4
1415000 0.6
1420000 0.6
1425000 1.1
1430000 1.8
1435000 1.0
1440000 0.6
1445000 0.8
1450000 0.9
1455000 0.5
1460000 0.9
1465000 0.6
1470000 0.8
1475000 0.7
1480000 0.8
1485000 0.7
1490000 0.7
1495000 0.7
1500000 0.6
1505000 1.4
1510000 0.6
1515000 0.6
1520000 0.9
1525000 0.9
1530000 0.6
1535000 0.6
1540000 0.6
1545000 0.8
1550000 0.6
1555000 0.6
1560000 0.9
1565000 0.9
1570000 1.0
1575000 0.7
1580000 0.9
1585000 1.1
1590000 0.6
1595000 1.1
1600000 0.7
1605000 0.5
1610000 1.0
1615000 0.5
1620000 0.8
1625000 0.5
1630000 0.9
1635000 0.6
1640000 0.6
1645000 1.0
1650000 1.4
1655000 1.1
1660000 0.9
1665000 0.9
1670000 0.6
1675000 1.2
1680000 0.8
1685000 0.7
1690000 1.1
1695000 1.1
1700000 1.2
1705000 1.3
1710000 0.9
1715000 1.0
1720000 1.2
1725000 0.7
1730000 1.8
1735000 1.5
1740000 0.7
1745000 0.7
1750000 0.7
1755000 1.1
1760000 0.8
1765000 1.0
1770000 0.8
1775000 1.1
1780000 1.5
1785000 0.8
1790000 0.9
1795000 1.1
1800000 1.3
1805000 1.0
1810000 0.8
1815000 0.6
1820000 0.9
1825000 0.8
1830000 1.2
1835000 0.9
1840000 0.6
1845000 0.9
1850000 0.9
1855000 0.9
1860000 0.6
1865000 1.0
1870000 0.7
1875000 0.6
1880000 0.8
1885000 0.8
1890000 1.1
1895000 0.9
1900000 1.3
1905000 0.9
1910000 0.6
1915000 1.1
1920000 0.9
1925000 1.6
1930000 0.9
1935000 0.6
1940000 1.5
1945000 1.0
1950000 1.0
1955000 0.6
1960000 0.7
1965000 1.3
1970000 0.8
1975000 0.8
1980000 0.6
1985000 0.8
1990000 1.0
1995000 0.9
2000000 0.9
