5000 0.7
10000 1.1
15000 0.8
20000 0.9
25000 1.0
30000 0.6
35000 0.9
40000 0.9
45000 0.8
50000 0.8
55000 0.9
60000 0.3
65000 0.7
70000 0.9
75000 0.9
80000 1.1
85000 1.1
90000 0.9
95000 1.1
100000 0.9
105000 1.2
110000 1.0
115000 0.8
120000 2.4
125000 1.9
130000 1.3
135000 13.1
140000 4.3
145000 16.2
150000 3.2
155000 15.8
160000 9.9
165000 13.4
170000 16.5
175000 28.9
180000 1.0
185000 2.9
190000 23.8
195000 1.0
200000 35.9
205000 33.5
210000 22.5
215000 24.3
220000 31.9
225000 32.8
230000 27.8
235000 0.8
240000 0.7
245000 34.7
250000 38.7
255000 39.0
260000 37.3
265000 42.5
270000 36.9
275000 41.1
280000 45.8
285000 46.4
290000 45.0
295000 44.7
300000 49.5
305000 42.5
310000 0.8
315000 0.7
320000 0.6
325000 0.8
330000 0.7
335000 1.2
340000 1.6
345000 0.7
350000 1.1
355000 0.8
360000 1.0
365000 1.2
370000 0.8
375000 0.5
380000 0.7
385000 1.0
390000 0.8
395000 1.1
400000 0.8
405000 0.7
410000 0.8
415000 0.6
420000 0.4
425000 0.4
430000 0.9
435000 0.3
440000 1.3
445000 0.6
450000 0.6
455000 0.7
460000 0.9
465000 1.1
470000 0.9
475000 0.6
480000 0.9
485000 0.7
490000 1.2
495000 0.7
500000 0.6
505000 0.6
510000 0.7
515000 0.7
520000 1.0
525000 0.9
530000 0.7
535000 0.7
540000 0.7
545000 0.7
550000 1.0
555000 0.5
560000 0.6
565000 1.0
570000 0.5
575000 0.7
580000 0.5
585000 0.5
590000 0.5
595000 0.7
600000 0.8
605000 1.5
610000 0.8
615000 0.9
620000 0.5
625000 0.9
630000 0.8
635000 0.9
640000 0.6
645000 0.8
650000 0.8
655000 0.5
660000 0.8
665000 0.9
670000 0.5
675000 0.8
680000 0.6
685000 0.7
690000 1.0
695000 1.0
700000 1.1
705000 1.1
710000 0.9
715000 1.0
720000 0.9
725000 0.6
730000 0.7
735000 0.7
740000 0.6
745000 0.6
750000 0.6
755000 0.5
760000 0.9
765000 0.8
770000 0.6
775000 0.8
780000 0.9
785000 1.0
790000 1.1
795000 1.0
800000 0.9
805000 0.9
810000 0.9
815000 0.7
820000 1.5
825000 0.6
830000 0.8
835000 0.9
840000 0.7
845000 0.6
850000 0.9
855000 0.7
860000 0.5
865000 1.0
870000 0.4
875000 0.9
880000 0.6
885000 0.7
890000 1.0
895000 0.7
900000 0.7
905000 1.0
910000 0.8
915000 0.8
920000 0.6
925000 0.6
930000 0.8
935000 0.7
940000 0.8
945000 0.7
950000 0.7
955000 0.7
960000 0.5
965000 0.4
970000 0.6
975000 0.6
980000 0.6
985000 0.6
990000 0.8
995000 1.0
1000000 0.5
1005000 0.5
1010000 0.7
1015000 0.7
1020000 1.0
1025000 0.5
1030000 0.7
1035000 0.5
1040000 0.5
1045000 0.7
1050000 1.1
1055000 0.6
1060000 0.7
1065000 0.9
1070000 0.9
1075000 1.2
1080000 1.0
1085000 1.1
1090000 0.9
1095000 0.9
1100000 0.6
1105000 0.5
1110000 1.1
1115000 0.8
1120000 1.0
1125000 0.9
1130000 1.0
1135000 0.6
1140000 0.6
1145000 0.7
1150000 0.6
1155000 0.9
1160000 0.5
1165000 0.7
1170000 1.0
1175000 0.5
1180000 0.9
1185000 0.5
1190000 0.5
1195000 0.8
1200000 0.8
1205000 0.5
1210000 0.6
1215000 0.8
1220000 0.7
1225000 0.5
1230000 0.7
1235000 0.7
1240000 0.5
1245000 1.0
1250000 0.8
1255000 0.6
1260000 0.7
1265000 0.9
1270000 0.7
1275000 0.7
1280000 0.8
1285000 0.7
1290000 0.6
1295000 0.9
1300000 1.0
1305000 0.5
1310000 0.7
1315000 0.7
1320000 0.8
1325000 1.1
1330000 0.7
1335000 1.1
1340000 0.7
1345000 1.0
1350000 0.4
1355000 0.8
1360000 1.1
1365000 0.8
1370000 0.9
1375000 0.9
1380000 1.1
1385000 1.1
1390000 0.5
1395000 0.9
1400000 1.0
1405000 0.9
1410000 0.8
1415000 1.0
1420000 0.5
1425000 0.5
1430000 1.2
1435000 0.8
1440000 0.7
1445000 1.0
1450000 1.4
1455000 0.5
1460000 1.0
1465000 1.2
1470000 0.8
1475000 0.8
1480000 0.9
1485000 0.6
1490000 0.9
1495000 1.1
1500000 1.2
1505000 1.2
1510000 1.1
1515000 1.2
1520000 0.5
1525000 0.9
1530000 0.9
1535000 0.6
1540000 1.1
1545000 1.2
1550000 0.9
1555000 0.8
1560000 0.8
1565000 1.0
1570000 0.5
1575000 0.9
1580000 0.9
1585000 0.6
1590000 0.7
1595000 0.5
1600000 0.9
1605000 0.6
1610000 0.9
1615000 1.0
1620000 1.0
1625000 0.8
1630000 1.4
1635000 0.7
1640000 0.6
1645000 0.6
1650000 1.1
1655000 0.8
1660000 0.7
1665000 1.0
1670000 0.7
1675000 0.7
1680000 0.9
1685000 1.0
1690000 0.7
1695000 0.8
1700000 1.1
1705000 0.9
1710000 0.9
1715000 0.8
1720000 1.3
1725000 0.8
1730000 0.7
1735000 1.1
1740000 0.8
1745000 0.9
1750000 1.1
1755000 0.9
1760000 0.9
1765000 0.9
1770000 0.7
1775000 0.7
1780000 1.0
1785000 0.6
1790000 0.9
1795000 0.9
1800000 0.8
1805000 0.7
1810000 1.3
1815000 0.8
1820000 1.0
1825000 0.9
1830000 0.7
1835000 0.7
1840000 1.0
1845000 0.8
1850000 0.8
1855000 1.2
1860000 0.9
1865000 0.9
1870000 0.9
1875000 0.9
1880000 0.8
1885000 0.8
1890000 0.7
1895000 0.6
1900000 0.7
1905000 1.1
1910000 0.8
1915000 0.8
1920000 0.9
1925000 0.7
1930000 0.8
1935000 1.1
1940000 0.5
1945000 1.1
1950000 0.8
1955000 0.9
1960000 0.7
1965000 0.7
1970000 0.5
1975000 1.2
1980000 1.0
1985000 1.1
1990000 0.9
1995000 0.9
2000000 0.9
