5000 0.9
10000 0.8
15000 0.7
20000 0.8
25000 0.7
30000 0.9
35000 0.8
40000 1.0
45000 0.7
50000 0.8
55000 1.0
60000 0.7
65000 1.0
70000 0.5
75000 0.6
80000 1.0
85000 0.9
90000 1.0
95000 1.1
100000 1.2
105000 1.2
110000 0.6
115000 0.9
120000 1.1
125000 0.6
130000 3.6
135000 0.6
140000 1.6
145000 6.6
150000 0.9
155000 0.8
160000 2.9
165000 11.8
170000 0.4
175000 1.1
180000 1.5
185000 3.3
190000 2.3
195000 5.2
200000 0.7
205000 6.6
210000 7.8
215000 1.1
220000 5.2
225000 2.2
230000 2.3
235000 7.2
240000 0.9
245000 4.7
250000 1.5
255000 3.4
260000 5.3
265000 1.8
270000 3.5
275000 3.2
280000 3.6
285000 3.2
290000 4.2
295000 4.4
300000 4.8
305000 3.1
310000 5.0
315000 2.2
320000 3.2
325000 5.4
330000 4.4
335000 4.1
340000 5.4
345000 1.1
350000 3.5
355000 1.6
360000 3.3
365000 2.1
370000 1.9
375000 3.2
380000 5.1
385000 1.5
390000 2.3
395000 0.9
400000 3.1
405000 1.7
410000 2.4
415000 1.3
420000 2.5
425000 2.1
430000 1.8
435000 3.0
440000 3.5
445000 2.9
450000 1.6
455000 1.8
460000 1.8
465000 4.0
470000 2.1
475000 1.8
480000 2.0
485000 1.7
490000 1.6
495000 1.6
500000 2.9
505000 4.0
510000 2.2
515000 0.8
520000 2.9
525000 1.6
530000 2.2
535000 3.3
540000 2.7
545000 2.8
550000 2.2
555000 1.7
560000 1.4
565000 1.8
570000 3.6
575000 2.2
580000 2.0
585000 1.4
590000 2.5
595000 1.9
600000 1.2
605000 1.7
610000 1.1
615000 1.4
620000 0.9
625000 1.7
630000 2.5
635000 0.8
640000 0.8
645000 0.6
650000 1.9
655000 1.6
660000 4.0
665000 6.2
670000 1.2
675000 1.0
680000 2.5
685000 1.8
690000 4.3
695000 3.1
700000 1.5
705000 2.6
710000 2.9
715000 2.1
720000 1.7
725000 1.4
730000 1.6
735000 2.0
740000 2.6
745000 2.0
750000 3.3
755000 2.1
760000 2.6
765000 2.3
770000 2.3
775000 1.6
780000 1.7
785000 1.4
790000 2.3
795000 1.2
800000 0.8
805000 0.8
810000 0.9
815000 1.0
820000 0.8
825000 0.8
830000 0.8
835000 0.8
840000 0.8
845000 0.5
850000 0.7
855000 0.6
860000 0.6
865000 1.0
870000 0.9
875000 1.4
880000 1.4
885000 2.2
890000 0.7
895000 1.3
900000 1.1
905000 1.9
910000 1.8
915000 0.7
920000 1.6
925000 1.3
930000 1.4
935000 1.6
940000 0.7
945000 0.7
950000 1.2
955000 0.7
960000 0.6
965000 0.9
970000 0.6
975000 0.5
980000 0.6
985000 0.7
990000 0.7
995000 1.0
1000000 1.4
1005000 0.7
1010000 2.0
1015000 1.0
1020000 0.7
1025000 0.6
1030000 0.9
1035000 0.8
1040000 0.6
1045000 0.7
1050000 0.6
1055000 0.9
1060000 1.0
1065000 1.1
1070000 0.8
1075000 1.0
1080000 1.1
1085000 1.0
1090000 1.8
1095000 0.8
1100000 1.0
1105000 1.4
1110000 1.1
1115000 0.8
1120000 1.3
1125000 0.5
1130000 0.9
1135000 1.0
1140000 0.8
1145000 1.5
1150000 1.3
1155000 1.2
1160000 1.2
1165000 0.6
1170000 0.4
1175000 1.0
1180000 0.9
1185000 0.7
1190000 0.5
1195000 0.9
1200000 0.8
1205000 0.6
1210000 1.0
1215000 0.5
1220000 1.1
1225000 1.0
1230000 1.2
1235000 0.9
1240000 2.6
1245000 0.6
1250000 1.4
1255000 0.7
1260000 0.9
1265000 0.9
1270000 0.8
1275000 0.9
1280000 1.7
1285000 1.4
1290000 1.5
1295000 1.6
1300000 1.6
1305000 1.6
1310000 1.0
1315000 1.0
1320000 0.7
1325000 0.6
1330000 0.7
1335000 0.9
1340000 0.8
1345000 1.1
1350000 1.6
1355000 2.0
1360000 2.8
1365000 1.3
1370000 0.8
1375000 2.1
1380000 0.5
1385000 0.4
1390000 0.9
1395000 1.2
1400000 0.8
1405000 0.8
1410000 0.8
1415000 2.0
1420000 2.5
1425000 2.0
1430000 1.5
1435000 0.5
1440000 0.5
1445000 1.8
1450000 2.5
1455000 1.1
1460000 1.1
1465000 1.1
1470000 1.1
1475000 0.8
1480000 0.9
1485000 1.9
1490000 1.2
1495000 1.2
1500000 0.9
1505000 1.0
1510000 1.0
1515000 0.6
1520000 1.0
1525000 0.5
1530000 0.8
1535000 0.9
1540000 0.7
1545000 0.8
1550000 0.7
1555000 0.5
1560000 0.7
1565000 0.8
1570000 0.7
1575000 0.8
1580000 1.0
1585000 1.7
1590000 1.0
1595000 1.3
1600000 1.3
1605000 1.4
1610000 0.7
1615000 0.9
1620000 0.9
1625000 1.0
1630000 2.6
1635000 0.7
1640000 2.5
1645000 0.7
1650000 0.9
1655000 0.8
1660000 1.4
1665000 0.7
1670000 1.0
1675000 0.9
1680000 0.6
1685000 0.7
1690000 1.1
1695000 1.0
1700000 0.9
1705000 1.1
1710000 0.6
1715000 0.9
1720000 1.4
1725000 1.2
1730000 1.2
1735000 0.7
1740000 3.8
1745000 1.4
1750000 1.3
1755000 1.3
1760000 4.5
1765000 0.9
1770000 2.7
1775000 1.0
1780000 3.5
1785000 1.5
1790000 2.0
1795000 0.4
1800000 0.6
1805000 0.9
1810000 1.4
1815000 0.9
1820000 0.5
1825000 1.3
1830000 0.9
1835000 1.5
1840000 0.7
1845000 0.5
1850000 0.5
1855000 0.7
1860000 0.6
1865000 1.5
1870000 0.7
1875000 0.7
1880000 0.7
1885000 0.6
1890000 0.9
1895000 0.8
1900000 1.0
1905000 1.3
1910000 1.7
1915000 0.9
1920000 0.8
1925000 0.8
1930000 1.0
1935000 1.0
1940000 0.5
1945000 1.3
1950000 0.6
1955000 1.0
1960000 0.9
1965000 0.8
1970000 0.9
1975000 1.1
1980000 1.0
1985000 0.8
1990000 0.8
1995000 0.6
2000000 0.7
