5000 0.8
10000 1.0
15000 0.9
20000 0.7
25000 0.9
30000 0.6
35000 0.6
40000 0.5
45000 1.0
50000 0.4
55000 0.5
60000 0.7
65000 0.8
70000 0.9
75000 0.8
80000 0.8
85000 0.8
90000 1.0
95000 1.3
100000 1.0
105000 0.8
110000 1.2
115000 0.8
120000 11.6
125000 12.1
130000 17.6
135000 0.4
140000 1.0
145000 0.9
150000 2.9
155000 1.0
160000 1.1
165000 1.1
170000 9.5
175000 4.0
180000 6.2
185000 4.2
190000 4.2
195000 5.3
200000 4.7
205000 7.2
210000 0.9
215000 1.0
220000 0.6
225000 1.1
230000 0.8
235000 2.0
240000 0.8
245000 0.8
250000 3.7
255000 11.0
260000 2.7
265000 8.0
270000 1.6
275000 1.1
280000 0.6
285000 0.9
290000 21.9
295000 9.1
300000 3.3
305000 0.6
310000 24.1
315000 14.7
320000 29.7
325000 16.6
330000 17.4
335000 7.6
340000 0.9
345000 1.1
350000 30.7
355000 33.8
360000 13.4
365000 0.9
370000 1.3
375000 0.9
380000 0.8
385000 0.7
390000 0.7
395000 2.6
400000 1.7
405000 1.1
410000 2.4
415000 3.1
420000 12.1
425000 26.7
430000 19.1
435000 1.3
440000 24.7
445000 0.7
450000 2.8
455000 9.6
460000 31.8
465000 0.6
470000 35.6
475000 1.9
480000 37.3
485000 28.4
490000 33.5
495000 35.7
500000 39.2
505000 38.2
510000 34.2
515000 0.7
520000 49.7
525000 43.7
530000 1.4
535000 47.4
540000 43.1
545000 38.9
550000 1.0
555000 0.8
560000 25.0
565000 3.0
570000 6.3
575000 44.9
580000 44.0
585000 28.6
590000 21.0
595000 49.6
600000 34.2
605000 36.7
610000 28.6
615000 21.6
620000 34.7
625000 4.0
630000 30.2
635000 9.7
640000 55.3
645000 35.2
650000 39.6
655000 43.7
660000 5.1
665000 0.5
670000 0.8
675000 0.7
680000 1.2
685000 0.7
690000 16.5
695000 0.8
700000 0.8
705000 0.6
710000 0.7
715000 0.6
720000 0.7
725000 0.7
730000 0.9
735000 0.8
740000 0.7
745000 1.1
750000 0.8
755000 0.9
760000 0.8
765000 1.0
770000 1.0
775000 1.2
780000 0.9
785000 1.0
790000 0.6
795000 0.8
800000 1.1
805000 13.2
810000 2.0
815000 1.1
820000 0.6
825000 1.0
830000 1.2
835000 1.0
840000 0.7
845000 0.8
850000 0.6
855000 0.6
860000 0.7
865000 0.8
870000 1.0
875000 0.9
880000 0.7
885000 0.5
890000 0.9
895000 0.7
900000 0.8
905000 0.9
910000 0.8
915000 0.9
920000 1.2
925000 0.6
930000 0.9
935000 1.0
940000 0.8
945000 0.9
950000 0.8
955000 0.7
960000 0.9
965000 0.9
970000 0.8
975000 0.8
980000 0.9
985000 0.7
990000 0.7
995000 0.6
1000000 1.1
1005000 0.7
1010000 0.7
1015000 0.8
1020000 0.8
1025000 1.0
1030000 0.9
1035000 0.7
1040000 0.7
1045000 0.5
1050000 0.7
1055000 0.9
1060000 0.6
1065000 0.8
1070000 0.7
1075000 0.7
1080000 0.9
1085000 0.7
1090000 0.7
1095000 0.8
1100000 0.8
1105000 0.8
1110000 0.7
1115000 0.8
1120000 0.8
1125000 0.8
1130000 0.6
1135000 0.7
1140000 0.7
1145000 0.9
1150000 0.7
1155000 0.9
1160000 0.5
1165000 0.8
1170000 0.8
1175000 0.6
1180000 1.1
1185000 0.7
1190000 0.8
1195000 0.9
1200000 0.6
1205000 0.7
1210000 1.0
1215000 0.8
1220000 0.6
1225000 0.7
1230000 0.8
1235000 1.0
1240000 0.8
1245000 0.9
1250000 0.9
1255000 0.7
1260000 0.9
1265000 0.6
1270000 1.0
1275000 1.0
1280000 0.5
1285000 1.0
1290000 0.8
1295000 1.1
1300000 0.8
1305000 0.8
1310000 0.8
1315000 0.9
1320000 1.2
1325000 1.0
1330000 1.0
1335000 0.7
1340000 1.2
1345000 1.2
1350000 0.9
1355000 0.6
1360000 1.2
1365000 0.7
1370000 0.8
1375000 1.2
1380000 0.8
1385000 1.3
1390000 0.9
1395000 0.8
1400000 0.9
1405000 1.0
1410000 0.8
1415000 0.5
1420000 0.8
1425000 0.9
1430000 0.9
1435000 0.9
1440000 0.7
1445000 0.9
1450000 0.5
1455000 0.7
1460000 0.7
1465000 0.7
1470000 1.0
1475000 0.8
1480000 0.9
1485000 0.9
1490000 0.9
1495000 1.0
1500000 0.6
1505000 0.6
1510000 1.0
1515000 0.6
1520000 0.9
1525000 0.7
1530000 0.7
1535000 0.9
1540000 1.0
1545000 0.7
1550000 0.8
1555000 0.9
1560000 0.9
1565000 1.1
1570000 0.8
1575000 0.6
1580000 1.0
1585000 0.8
1590000 1.1
1595000 1.2
1600000 0.4
1605000 0.9
1610000 0.7
1615000 0.8
1620000 1.1
1625000 1.0
1630000 0.8
1635000 1.2
1640000 0.9
1645000 0.7
1650000 0.9
1655000 0.8
1660000 0.9
1665000 0.9
1670000 0.9
1675000 1.1
1680000 0.6
1685000 0.8
1690000 1.1
1695000 1.0
1700000 1.3
1705000 1.1
1710000 0.7
1715000 0.7
1720000 1.0
1725000 0.8
1730000 0.3
1735000 0.8
1740000 1.0
1745000 0.8
1750000 0.9
1755000 0.9
1760000 0.7
1765000 0.5
1770000 1.0
1775000 0.7
1780000 0.9
1785000 0.8
1790000 0.6
1795000 1.0
1800000 0.7
1805000 0.9
1810000 0.7
1815000 1.1
1820000 0.6
1825000 0.6
1830000 0.9
1835000 0.9
1840000 0.6
1845000 0.6
1850000 0.7
1855000 0.8
1860000 1.0
1865000 1.1
1870000 0.6
1875000 0.4
1880000 0.6
1885000 1.0
1890000 0.9
1895000 0.7
1900000 1.0
1905000 0.9
1910000 0.8
1915000 0.7
1920000 0.4
1925000 0.8
1930000 0.5
1935000 0.8
1940000 1.1
1945000 0.8
1950000 1.1
1955000 0.9
1960000 0.7
1965000 0.9
1970000 0.6
1975000 0.8
1980000 0.7
1985000 0.7
1990000 1.1
1995000 0.5
2000000 0.5
