5000 0.8
10000 0.9
15000 0.7
20000 0.5
25000 0.5
30000 1.0
35000 0.7
40000 0.6
45000 0.6
50000 0.9
55000 0.9
60000 1.4
65000 1.1
70000 0.8
75000 0.8
80000 1.0
85000 0.8
90000 0.8
95000 0.9
100000 1.2
105000 1.0
110000 1.2
115000 1.3
120000 0.7
125000 0.9
130000 0.6
135000 0.9
140000 0.6
145000 1.2
150000 1.0
155000 1.2
160000 0.8
165000 0.6
170000 0.9
175000 1.1
180000 0.9
185000 0.9
190000 0.8
195000 1.0
200000 0.5
205000 0.7
210000 0.8
215000 0.9
220000 0.9
225000 0.9
230000 0.8
235000 1.0
240000 0.9
245000 1.0
250000 1.2
255000 0.9
260000 0.5
265000 0.8
270000 0.9
275000 0.7
280000 0.9
285000 0.8
290000 0.9
295000 0.5
300000 0.8
305000 0.6
310000 0.8
315000 1.2
320000 0.8
325000 0.7
330000 0.6
335000 0.7
340000 1.1
345000 0.8
350000 0.7
355000 0.7
360000 0.7
365000 0.7
370000 1.1
375000 0.8
380000 0.8
385000 0.7
390000 1.1
395000 0.7
400000 1.1
405000 1.1
410000 0.8
415000 0.9
420000 0.7
425000 0.9
430000 0.7
435000 1.2
440000 0.9
445000 1.0
450000 0.5
455000 1.1
460000 0.9
465000 0.9
470000 1.2
475000 1.0
480000 1.0
485000 0.9
490000 1.1
495000 1.0
500000 1.4
505000 1.0
510000 1.0
515000 1.0
520000 1.0
525000 1.2
530000 1.0
535000 0.6
540000 0.8
545000 0.7
550000 0.9
555000 1.2
560000 1.3
565000 0.8
570000 0.7
575000 0.9
580000 0.9
585000 0.9
590000 0.7
595000 1.0
600000 1.0
605000 0.9
610000 1.0
615000 0.8
620000 0.5
625000 1.0
630000 0.9
635000 0.7
640000 0.6
645000 1.3
650000 1.4
655000 1.2
660000 0.8
665000 1.0
670000 1.2
675000 0.7
680000 1.0
685000 0.8
690000 0.6
695000 0.8
700000 0.6
705000 0.8
710000 0.6
715000 0.9
720000 1.3
725000 1.1
730000 1.6
735000 0.7
740000 1.0
745000 0.8
750000 0.9
755000 0.9
760000 1.1
765000 0.8
770000 0.4
775000 0.7
780000 0.8
785000 0.8
790000 0.7
795000 0.5
800000 0.9
805000 1.0
810000 0.5
815000 1.0
820000 1.0
825000 1.1
830000 0.8
835000 0.9
840000 1.0
845000 1.1
850000 1.0
855000 1.0
860000 1.3
865000 0.8
870000 0.9
875000 1.3
880000 1.0
885000 1.1
890000 0.7
895000 1.0
900000 0.6
905000 1.3
910000 1.1
915000 0.9
920000 0.7
925000 1.0
930000 0.9
935000 1.0
940000 0.8
945000 1.0
950000 1.0
955000 0.8
960000 1.3
965000 0.7
970000 0.4
975000 0.9
980000 0.7
985000 0.8
990000 0.6
995000 0.6
1000000 1.1
1005000 0.8
1010000 0.6
1015000 1.2
1020000 0.8
1025000 0.8
1030000 1.2
1035000 1.3
1040000 1.2
1045000 0.6
1050000 0.9
1055000 1.0
1060000 1.0
1065000 1.2
1070000 1.2
1075000 1.4
1080000 0.6
1085000 0.9
1090000 0.8
1095000 1.2
1100000 0.9
1105000 1.0
1110000 0.8
1115000 0.9
1120000 0.8
1125000 0.7
1130000 1.4
1135000 1.0
1140000 0.7
1145000 1.0
1150000 0.6
1155000 1.9
1160000 1.2
1165000 1.5
1170000 0.8
1175000 1.1
1180000 0.9
1185000 0.7
1190000 1.4
1195000 1.4
1200000 0.9
1205000 1.0
1210000 1.5
1215000 0.7
1220000 1.3
1225000 0.8
1230000 0.6
1235000 0.7
1240000 0.8
1245000 1.2
1250000 1.2
1255000 0.9
1260000 0.7
1265000 0.8
1270000 0.7
1275000 1.8
1280000 1.0
1285000 0.7
1290000 1.0
1295000 0.9
1300000 1.1
1305000 0.7
1310000 0.7
1315000 0.8
1320000 0.8
1325000 0.7
1330000 1.0
1335000 0.8
1340000 1.6
1345000 1.1
1350000 1.7
1355000 0.8
1360000 0.7
1365000 0.9
1370000 1.3
1375000 1.2
1380000 1.9
1385000 0.9
1390000 0.5
1395000 0.8
1400000 0.9
1405000 0.7
1410000 1.1
1415000 1.0
1420000 0.8
1425000 0.6
1430000 0.9
1435000 1.4
1440000 0.9
1445000 0.8
1450000 1.0
1455000 1.0
1460000 1.0
1465000 1.2
1470000 0.9
1475000 1.1
1480000 1.0
1485000 0.8
1490000 1.0
1495000 1.3
1500000 0.4
1505000 0.8
1510000 0.7
1515000 0.7
1520000 0.8
1525000 1.0
1530000 0.7
1535000 0.7
1540000 0.9
1545000 0.9
1550000 0.7
1555000 0.8
1560000 0.8
1565000 0.6
1570000 0.6
1575000 0.8
1580000 0.8
1585000 0.7
1590000 0.9
1595000 0.9
1600000 0.5
1605000 1.1
1610000 0.8
1615000 0.9
1620000 1.0
1625000 1.1
1630000 1.3
1635000 0.9
1640000 0.9
1645000 0.7
1650000 0.7
1655000 0.8
1660000 1.1
1665000 1.1
1670000 1.2
1675000 1.3
1680000 1.2
1685000 0.9
1690000 1.3
1695000 1.1
1700000 0.7
1705000 0.7
1710000 1.9
1715000 1.3
1720000 0.9
1725000 1.2
1730000 1.4
1735000 0.5
1740000 0.6
1745000 0.8
1750000 1.5
1755000 1.1
1760000 0.9
1765000 1.1
1770000 0.6
1775000 1.0
1780000 1.3
1785000 1.0
1790000 1.0
1795000 0.7
1800000 1.7
1805000 0.7
1810000 1.2
1815000 1.4
1820000 1.0
1825000 1.2
1830000 1.1
1835000 0.7
1840000 0.8
1845000 1.1
1850000 1.1
1855000 0.9
1860000 1.7
1865000 1.0
1870000 0.5
1875000 0.9
1880000 1.0
1885000 0.8
1890000 1.0
1895000 1.0
1900000 1.0
1905000 1.9
1910000 2.0
1915000 0.9
1920000 1.1
1925000 1.3
1930000 1.1
1935000 1.0
1940000 0.8
1945000 0.6
1950000 1.0
1955000 1.5
1960000 0.8
1965000 0.9
1970000 0.9
1975000 1.2
1980000 1.1
1985000 1.0
1990000 1.1
1995000 0.9
2000000 1.1
