5000 0.6
10000 1.1
15000 0.9
20000 0.8
25000 0.7
30000 0.8
35000 0.7
40000 0.8
45000 0.8
50000 0.7
55000 0.6
60000 0.7
65000 0.9
70000 0.9
75000 0.8
80000 0.8
85000 1.2
90000 1.0
95000 0.7
100000 0.5
105000 0.4
110000 0.7
115000 0.5
120000 0.5
125000 0.5
130000 0.7
135000 0.6
140000 0.7
145000 0.5
150000 0.8
155000 0.9
160000 0.6
165000 0.7
170000 0.5
175000 1.0
180000 1.0
185000 0.5
190000 0.7
195000 0.7
200000 1.4
205000 1.0
210000 1.1
215000 0.7
220000 1.4
225000 0.8
230000 0.5
235000 1.0
240000 0.8
245000 0.7
250000 0.7
255000 1.2
260000 1.3
265000 1.4
270000 0.7
275000 1.0
280000 1.0
285000 1.0
290000 0.7
295000 1.5
300000 1.0
305000 1.0
310000 1.9
315000 1.5
320000 1.6
325000 1.5
330000 1.3
335000 1.0
340000 1.1
345000 1.3
350000 3.3
355000 13.5
360000 15.7
365000 16.2
370000 23.2
375000 32.5
380000 3.8
385000 44.6
390000 28.8
395000 57.8
400000 55.0
405000 66.0
410000 34.1
415000 44.6
420000 75.4
425000 55.4
430000 63.1
435000 57.4
440000 1.0
445000 59.0
450000 36.3
455000 4.7
460000 58.0
465000 59.9
470000 68.2
475000 67.6
480000 56.2
485000 84.8
490000 76.8
495000 54.0
500000 71.1
505000 75.7
510000 67.1
515000 71.1
520000 73.2
525000 76.1
530000 1.9
535000 85.1
540000 88.6
545000 90.5
550000 1.1
555000 73.3
560000 74.1
565000 98.6
570000 78.3
575000 89.0
580000 99.3
585000 96.2
590000 91.2
595000 36.9
600000 83.6
605000 17.6
610000 75.0
615000 33.3
620000 87.4
625000 105.7
630000 94.6
635000 101.6
640000 90.3
645000 102.5
650000 100.2
655000 4.3
660000 70.3
665000 77.1
670000 66.0
675000 98.2
680000 91.9
685000 94.8
690000 91.0
695000 1.0
700000 108.6
705000 81.0
710000 115.5
715000 116.4
720000 117.0
725000 116.2
730000 107.8
735000 109.3
740000 97.1
745000 115.0
750000 113.4
755000 1.2
760000 116.0
765000 123.0
770000 120.5
775000 124.8
780000 121.2
785000 106.0
790000 120.7
795000 104.1
800000 124.7
805000 127.5
810000 120.2
815000 2.5
820000 126.2
825000 130.2
830000 133.3
835000 132.3
840000 130.2
845000 134.6
850000 133.9
855000 133.3
860000 134.4
865000 133.3
870000 135.9
875000 140.1
880000 138.6
885000 136.6
890000 1.1
895000 132.8
900000 134.4
905000 134.8
910000 135.4
915000 141.0
920000 135.9
925000 137.0
930000 89.6
935000 145.1
940000 141.8
945000 145.5
950000 138.0
955000 148.7
960000 143.7
965000 141.0
970000 139.4
975000 1.1
980000 139.8
985000 141.2
990000 103.9
995000 147.9
1000000 143.4
1005000 143.9
1010000 129.3
1015000 1.0
1020000 142.2
1025000 146.3
1030000 145.2
1035000 145.5
1040000 144.7
1045000 143.4
1050000 122.1
1055000 144.5
1060000 146.4
1065000 142.4
1070000 132.9
1075000 149.2
1080000 143.8
1085000 148.0
1090000 131.8
1095000 111.2
1100000 129.1
1105000 110.1
1110000 112.8
1115000 137.5
1120000 152.0
1125000 149.8
1130000 146.2
1135000 153.3
1140000 151.2
1145000 148.3
1150000 125.6
1155000 150.2
1160000 154.1
1165000 150.4
1170000 151.2
1175000 136.6
1180000 152.0
1185000 152.0
1190000 157.2
1195000 159.4
1200000 158.9
1205000 157.5
1210000 157.9
1215000 110.8
1220000 145.3
1225000 156.2
1230000 152.0
1235000 158.7
1240000 159.6
1245000 159.8
1250000 159.1
1255000 157.6
1260000 144.6
1265000 160.8
1270000 162.5
1275000 161.3
1280000 166.3
1285000 162.3
1290000 163.0
1295000 150.5
1300000 165.2
1305000 162.6
1310000 164.7
1315000 167.3
1320000 159.5
1325000 166.7
1330000 144.7
1335000 176.3
1340000 173.8
1345000 178.8
1350000 178.4
1355000 176.3
1360000 185.7
1365000 189.3
1370000 190.4
1375000 76.4
1380000 192.7
1385000 192.8
1390000 187.4
1395000 189.2
1400000 143.9
1405000 178.9
1410000 177.6
1415000 199.6
1420000 190.8
1425000 177.8
1430000 189.5
1435000 187.7
1440000 184.0
1445000 197.8
1450000 161.8
1455000 3.6
1460000 197.3
1465000 189.5
1470000 0.8
1475000 202.8
1480000 210.7
1485000 138.9
1490000 181.3
1495000 206.5
1500000 202.2
1505000 205.1
1510000 203.7
1515000 211.1
1520000 184.1
1525000 221.8
1530000 212.9
1535000 212.6
1540000 204.7
1545000 206.4
1550000 214.1
1555000 205.9
1560000 224.1
1565000 206.8
1570000 215.6
1575000 217.1
1580000 220.1
1585000 210.7
1590000 212.3
1595000 191.1
1600000 4.7
1605000 208.7
1610000 161.9
1615000 157.7
1620000 213.2
1625000 156.3
1630000 227.9
1635000 0.8
1640000 208.0
1645000 204.0
1650000 197.8
1655000 3.9
1660000 218.1
1665000 196.2
1670000 123.6
1675000 214.6
1680000 220.4
1685000 227.9
1690000 223.2
1695000 229.3
1700000 231.7
1705000 230.5
1710000 231.0
1715000 224.5
1720000 224.3
1725000 221.7
1730000 234.9
1735000 234.8
1740000 237.8
1745000 225.4
1750000 223.7
1755000 217.6
1760000 223.8
1765000 230.8
1770000 237.2
1775000 241.5
1780000 222.3
1785000 1.2
1790000 0.8
1795000 2.8
1800000 0.9
1805000 4.8
1810000 9.7
1815000 0.6
1820000 0.9
1825000 1.2
1830000 105.4
1835000 23.0
1840000 83.2
1845000 153.6
1850000 1.3
1855000 140.0
1860000 116.9
1865000 179.5
1870000 4.4
1875000 0.8
1880000 224.6
1885000 179.0
1890000 206.0
1895000 233.6
1900000 217.1
1905000 66.4
1910000 164.0
1915000 239.8
1920000 216.8
1925000 228.8
1930000 227.5
1935000 236.4
1940000 229.2
1945000 211.9
1950000 223.8
1955000 241.1
1960000 232.0
1965000 224.0
1970000 231.1
1975000 230.2
1980000 227.1
1985000 229.9
1990000 203.7
1995000 228.8
2000000 218.2
