5000 0.7
10000 1.4
15000 0.8
20000 0.5
25000 0.7
30000 0.7
35000 1.0
40000 0.5
45000 0.7
50000 0.9
55000 0.5
60000 0.9
65000 0.7
70000 0.8
75000 0.9
80000 1.0
85000 1.3
90000 1.0
95000 1.2
100000 0.6
105000 1.1
110000 0.9
115000 0.8
120000 0.7
125000 1.0
130000 0.9
135000 1.2
140000 1.1
145000 7.2
150000 0.7
155000 9.0
160000 1.4
165000 0.9
170000 0.9
175000 15.5
180000 14.9
185000 32.4
190000 42.9
195000 38.4
200000 41.6
205000 46.6
210000 46.9
215000 25.9
220000 42.6
225000 44.6
230000 37.0
235000 1.0
240000 32.1
245000 42.3
250000 14.4
255000 35.4
260000 1.0
265000 1.0
270000 31.6
275000 44.4
280000 11.5
285000 38.7
290000 40.8
295000 36.2
300000 0.9
305000 10.6
310000 59.2
315000 48.1
320000 43.9
325000 45.5
330000 52.4
335000 1.1
340000 0.9
345000 0.6
350000 1.2
355000 0.4
360000 0.9
365000 0.7
370000 1.0
375000 3.9
380000 5.3
385000 21.9
390000 0.6
395000 13.6
400000 13.7
405000 7.5
410000 0.7
415000 0.8
420000 0.7
425000 0.8
430000 1.0
435000 0.9
440000 0.9
445000 0.8
450000 1.3
455000 1.2
460000 0.6
465000 0.8
470000 1.1
475000 1.0
480000 1.0
485000 0.9
490000 0.6
495000 0.8
500000 0.9
505000 1.1
510000 0.7
515000 1.0
520000 0.6
525000 0.6
530000 0.5
535000 0.8
540000 0.6
545000 1.1
550000 0.4
555000 0.4
560000 0.6
565000 0.6
570000 0.8
575000 0.6
580000 0.9
585000 1.0
590000 0.7
595000 0.8
600000 0.8
605000 0.9
610000 0.6
615000 1.0
620000 0.7
625000 0.7
630000 0.8
635000 1.3
640000 0.6
645000 0.5
650000 0.6
655000 1.2
660000 0.7
665000 0.9
670000 0.9
675000 0.8
680000 0.8
685000 0.7
690000 0.8
695000 0.9
700000 0.8
705000 1.2
710000 0.8
715000 0.8
720000 0.9
725000 0.8
730000 0.7
735000 0.6
740000 0.7
745000 2.0
750000 0.7
755000 0.7
760000 0.9
765000 0.9
770000 0.9
775000 0.7
780000 1.3
785000 0.6
790000 1.0
795000 0.8
800000 0.6
805000 1.0
810000 1.0
815000 0.5
820000 0.6
825000 0.6
830000 0.9
835000 0.8
840000 0.8
845000 0.7
850000 0.8
855000 0.7
860000 0.7
865000 0.9
870000 0.8
875000 1.1
880000 0.9
885000 0.8
890000 0.3
895000 0.6
900000 0.9
905000 1.0
910000 0.8
915000 0.8
920000 0.4
925000 1.2
930000 0.7
935000 0.7
940000 0.6
945000 0.6
950000 0.9
955000 1.2
960000 0.9
965000 0.8
970000 0.9
975000 1.0
980000 0.8
985000 0.8
990000 0.6
995000 0.8
1000000 0.6
1005000 0.7
1010000 0.6
1015000 0.9
1020000 0.6
1025000 0.8
1030000 0.9
1035000 0.7
1040000 0.8
1045000 0.7
1050000 0.6
1055000 0.9
1060000 0.6
1065000 0.7
1070000 0.7
1075000 0.7
1080000 0.6
1085000 1.5
1090000 1.0
1095000 0.6
1100000 0.8
1105000 0.7
1110000 0.7
1115000 1.1
1120000 1.1
1125000 0.6
1130000 0.6
1135000 1.2
1140000 1.7
1145000 1.0
1150000 1.0
1155000 1.0
1160000 1.0
1165000 0.8
1170000 0.6
1175000 0.8
1180000 0.8
1185000 0.8
1190000 0.7
1195000 0.7
1200000 0.7
1205000 1.0
1210000 0.6
1215000 0.8
1220000 0.5
1225000 0.5
1230000 1.2
1235000 0.8
1240000 0.9
1245000 0.7
1250000 1.2
1255000 0.3
1260000 0.9
1265000 1.0
1270000 0.5
1275000 0.8
1280000 0.9
1285000 0.7
1290000 1.6
1295000 0.7
1300000 0.7
1305000 0.8
1310000 0.5
1315000 0.8
1320000 0.7
1325000 0.8
1330000 1.0
1335000 1.0
1340000 0.7
1345000 0.5
1350000 0.6
1355000 0.6
1360000 0.9
1365000 0.7
1370000 0.4
1375000 0.5
1380000 0.8
1385000 1.1
1390000 0.9
1395000 1.0
1400000 0.8
1405000 0.6
1410000 1.0
1415000 1.5
1420000 0.6
1425000 0.8
1430000 1.1
1435000 1.1
1440000 0.8
1445000 0.8
1450000 1.5
1455000 0.9
1460000 0.9
1465000 0.8
1470000 0.9
1475000 0.7
1480000 0.7
1485000 0.6
1490000 0.9
1495000 0.6
1500000 1.0
1505000 0.7
1510000 1.1
1515000 1.0
1520000 0.7
1525000 1.3
1530000 0.9
1535000 0.9
1540000 0.9
1545000 0.8
1550000 1.0
1555000 1.5
1560000 0.9
1565000 0.9
1570000 0.8
1575000 0.6
1580000 0.7
1585000 1.2
1590000 1.0
1595000 1.1
1600000 0.9
1605000 1.0
1610000 1.0
1615000 0.8
1620000 0.8
1625000 0.7
1630000 0.5
1635000 1.0
1640000 0.8
1645000 0.9
1650000 0.7
1655000 1.0
1660000 1.0
1665000 1.0
1670000 0.8
1675000 1.4
1680000 1.1
1685000 0.8
1690000 1.0
1695000 1.1
1700000 1.4
1705000 1.0
1710000 1.2
1715000 0.7
1720000 0.8
1725000 0.9
1730000 0.9
1735000 1.0
1740000 0.7
1745000 0.8
1750000 1.1
1755000 1.3
1760000 0.9
1765000 0.9
1770000 0.8
1775000 0.7
1780000 0.7
1785000 0.5
1790000 0.6
1795000 0.7
1800000 1.4
1805000 1.1
1810000 1.1
1815000 0.8
1820000 0.9
1825000 0.7
1830000 0.7
1835000 0.8
1840000 1.0
1845000 1.1
1850000 0.7
1855000 1.2
1860000 1.1
1865000 0.9
1870000 0.9
1875000 0.9
1880000 0.8
1885000 0.9
1890000 1.1
1895000 0.9
1900000 0.8
1905000 0.8
1910000 0.9
1915000 0.7
1920000 0.5
1925000 1.2
1930000 0.9
1935000 1.0
1940000 0.8
1945000 0.8
1950000 0.9
1955000 0.9
1960000 1.2
1965000 1.4
1970000 0.7
1975000 0.8
1980000 0.6
1985000 0.9
1990000 1.2
1995000 0.8
2000000 0.9
