5000 0.8
10000 0.8
15000 1.0
20000 0.8
25000 1.0
30000 0.9
35000 1.0
40000 1.1
45000 1.1
50000 0.4
55000 0.8
60000 0.9
65000 1.0
70000 0.6
75000 0.9
80000 0.7
85000 0.9
90000 0.9
95000 0.8
100000 0.8
105000 1.6
110000 1.1
115000 0.8
120000 1.3
125000 1.3
130000 0.9
135000 1.1
140000 0.9
145000 0.9
150000 0.9
155000 0.8
160000 1.1
165000 3.7
170000 7.3
175000 3.0
180000 3.2
185000 0.9
190000 1.1
195000 12.9
200000 1.8
205000 11.3
210000 1.1
215000 5.7
220000 1.0
225000 1.7
230000 0.7
235000 1.0
240000 1.8
245000 5.7
250000 9.2
255000 10.6
260000 11.8
265000 5.0
270000 0.7
275000 10.7
280000 2.1
285000 1.0
290000 2.9
295000 1.2
300000 2.0
305000 6.2
310000 1.3
315000 1.1
320000 5.8
325000 15.8
330000 0.8
335000 0.6
340000 2.8
345000 17.8
350000 1.2
355000 24.2
360000 2.3
365000 32.5
370000 20.4
375000 0.7
380000 27.8
385000 25.5
390000 12.1
395000 2.7
400000 7.7
405000 23.2
410000 1.1
415000 24.8
420000 20.0
425000 4.9
430000 25.4
435000 0.9
440000 15.1
445000 16.8
450000 29.1
455000 25.8
460000 31.9
465000 2.3
470000 1.0
475000 0.9
480000 25.6
485000 33.0
490000 0.9
495000 38.3
500000 9.2
505000 13.3
510000 7.2
515000 32.5
520000 9.5
525000 18.2
530000 1.8
535000 9.8
540000 0.8
545000 10.6
550000 18.4
555000 28.2
560000 30.1
565000 6.7
570000 37.5
575000 7.9
580000 11.6
585000 0.8
590000 21.3
595000 17.0
600000 22.8
605000 21.4
610000 22.5
615000 32.8
620000 19.4
625000 0.7
630000 2.5
635000 15.3
640000 33.4
645000 0.8
650000 0.9
655000 0.7
660000 1.0
665000 0.6
670000 1.1
675000 0.8
680000 0.8
685000 1.0
690000 0.8
695000 0.8
700000 0.7
705000 0.6
710000 0.7
715000 1.1
720000 1.0
725000 0.9
730000 0.8
735000 0.9
740000 0.7
745000 0.7
750000 1.2
755000 0.8
760000 1.0
765000 0.7
770000 0.7
775000 0.5
780000 1.0
785000 0.6
790000 0.8
795000 1.2
800000 1.2
805000 1.0
810000 0.7
815000 0.8
820000 1.0
825000 0.4
830000 0.9
835000 0.8
840000 0.8
845000 0.7
850000 0.6
855000 0.5
860000 0.8
865000 0.8
870000 0.5
875000 0.7
880000 1.1
885000 0.7
890000 0.8
895000 1.2
900000 0.8
905000 1.0
910000 0.7
915000 0.9
920000 0.6
925000 0.6
930000 0.6
935000 0.4
940000 0.8
945000 0.9
950000 1.0
955000 0.7
960000 0.9
965000 0.7
970000 1.0
975000 0.8
980000 0.6
985000 0.8
990000 0.9
995000 0.9
1000000 0.7
1005000 0.7
1010000 0.9
1015000 0.7
1020000 0.4
1025000 0.9
1030000 0.7
1035000 0.9
1040000 0.6
1045000 0.6
1050000 1.2
1055000 0.9
1060000 1.3
1065000 0.7
1070000 0.7
1075000 0.4
1080000 0.5
1085000 0.9
1090000 1.2
1095000 0.8
1100000 1.2
1105000 1.0
1110000 0.8
1115000 0.9
1120000 0.6
1125000 0.9
1130000 0.7
1135000 0.7
1140000 0.6
1145000 0.7
1150000 0.9
1155000 0.8
1160000 1.3
1165000 0.9
1170000 1.1
1175000 1.0
1180000 0.5
1185000 0.7
1190000 0.6
1195000 1.0
1200000 1.0
1205000 1.5
1210000 0.6
1215000 1.0
1220000 0.9
1225000 0.7
1230000 1.1
1235000 0.8
1240000 0.9
1245000 1.0
1250000 1.2
1255000 0.6
1260000 1.1
1265000 1.0
1270000 0.8
1275000 0.6
1280000 0.7
1285000 0.9
1290000 1.0
1295000 0.6
1300000 1.1
1305000 0.7
1310000 0.9
1315000 0.7
1320000 0.9
1325000 0.9
1330000 0.7
1335000 0.9
1340000 1.2
1345000 0.7
1350000 0.7
1355000 0.8
1360000 0.8
1365000 0.6
1370000 1.1
1375000 0.8
1380000 0.6
1385000 0.9
1390000 0.8
1395000 1.2
1400000 1.0
1405000 0.8
1410000 1.1
1415000 0.7
1420000 0.9
1425000 0.8
1430000 0.8
1435000 1.0
1440000 1.3
1445000 0.8
1450000 1.0
1455000 0.7
1460000 0.7
1465000 0.9
1470000 1.0
1475000 1.1
1480000 0.8
1485000 0.8
1490000 0.5
1495000 0.6
1500000 1.5
1505000 0.8
1510000 0.9
1515000 0.9
1520000 0.4
1525000 1.0
1530000 0.9
1535000 0.5
1540000 1.2
1545000 0.6
1550000 1.0
1555000 0.7
1560000 0.8
1565000 0.4
1570000 0.8
1575000 0.8
1580000 0.4
1585000 0.9
1590000 1.1
1595000 0.8
1600000 0.7
1605000 0.9
1610000 1.2
1615000 1.0
1620000 0.9
1625000 1.0
1630000 1.1
1635000 1.0
1640000 1.0
1645000 0.9
1650000 0.6
1655000 0.4
1660000 0.9
1665000 1.0
1670000 0.8
1675000 0.6
1680000 0.6
1685000 0.4
1690000 0.7
1695000 0.8
1700000 0.7
1705000 1.1
1710000 0.4
1715000 1.0
1720000 0.5
1725000 0.7
1730000 0.8
1735000 0.7
1740000 0.8
1745000 0.9
1750000 1.2
1755000 1.0
1760000 0.9
1765000 0.6
1770000 0.6
1775000 0.6
1780000 0.7
1785000 0.6
1790000 1.0
1795000 0.9
1800000 1.1
1805000 0.7
1810000 1.1
1815000 0.9
1820000 1.1
1825000 1.2
1830000 0.6
1835000 0.9
1840000 1.2
1845000 1.3
1850000 0.8
1855000 1.2
1860000 0.7
1865000 0.8
1870000 1.1
1875000 1.0
1880000 1.0
1885000 0.8
1890000 0.5
1895000 1.0
1900000 0.5
1905000 0.9
1910000 0.8
1915000 0.7
1920000 1.0
1925000 1.1
1930000 0.7
1935000 1.0
1940000 0.8
1945000 1.2
1950000 1.1
1955000 0.8
1960000 1.1
1965000 1.2
1970000 1.2
1975000 0.9
1980000 1.4
1985000 1.0
1990000 1.3
1995000 1.0
2000000 1.3
