5000 1.4
10000 0.7
15000 0.7
20000 1.1
25000 1.0
30000 0.5
35000 1.3
40000 1.0
45000 1.0
50000 0.7
55000 1.0
60000 0.7
65000 1.1
70000 0.9
75000 0.9
80000 0.8
85000 0.6
90000 1.2
95000 1.3
100000 1.4
105000 1.1
110000 1.4
115000 1.1
120000 1.2
125000 1.3
130000 1.0
135000 1.1
140000 1.1
145000 1.3
150000 1.0
155000 1.2
160000 0.9
165000 1.3
170000 1.4
175000 1.5
180000 3.0
185000 1.0
190000 1.3
195000 6.8
200000 1.3
205000 1.1
210000 0.9
215000 1.9
220000 3.7
225000 1.5
230000 3.7
235000 15.9
240000 4.1
245000 10.1
250000 0.8
255000 31.2
260000 4.7
265000 23.1
270000 17.0
275000 15.1
280000 11.1
285000 1.1
290000 27.6
295000 2.7
300000 4.7
305000 5.0
310000 5.2
315000 8.4
320000 1.0
325000 11.4
330000 16.6
335000 21.7
340000 23.8
345000 19.4
350000 1.0
355000 5.4
360000 5.1
365000 2.0
370000 6.0
375000 13.6
380000 1.0
385000 0.9
390000 3.1
395000 14.6
400000 11.6
405000 14.0
410000 12.1
415000 1.0
420000 1.2
425000 2.9
430000 0.5
435000 0.8
440000 0.5
445000 0.6
450000 0.8
455000 2.6
460000 0.8
465000 1.4
470000 0.9
475000 0.9
480000 0.9
485000 8.9
490000 2.6
495000 0.6
500000 4.4
505000 6.0
510000 2.8
515000 7.9
520000 0.6
525000 8.4
530000 1.4
535000 2.6
540000 14.2
545000 0.8
550000 7.7
555000 2.9
560000 7.3
565000 2.6
570000 0.3
575000 3.3
580000 1.2
585000 13.5
590000 3.6
595000 1.4
600000 0.7
605000 3.0
610000 1.6
615000 2.1
620000 1.6
625000 10.0
630000 6.8
635000 0.6
640000 5.2
645000 6.1
650000 0.6
655000 0.7
660000 0.8
665000 7.8
670000 0.7
675000 0.7
680000 0.6
685000 7.8
690000 0.9
695000 0.7
700000 0.4
705000 0.8
710000 23.4
715000 0.7
720000 0.8
725000 0.8
730000 0.7
735000 0.8
740000 0.8
745000 4.4
750000 3.1
755000 0.9
760000 1.0
765000 7.7
770000 0.5
775000 2.9
780000 0.4
785000 1.5
790000 0.8
795000 4.5
800000 1.1
805000 2.7
810000 0.7
815000 1.3
820000 0.4
825000 3.3
830000 0.8
835000 6.0
840000 2.0
845000 0.7
850000 0.8
855000 4.8
860000 5.1
865000 6.8
870000 0.8
875000 1.0
880000 2.2
885000 3.8
890000 1.1
895000 2.8
900000 0.8
905000 2.1
910000 0.8
915000 2.3
920000 3.3
925000 4.8
930000 3.9
935000 1.0
940000 0.8
945000 0.9
950000 1.0
955000 0.6
960000 2.7
965000 3.0
970000 0.4
975000 2.1
980000 0.7
985000 1.8
990000 2.2
995000 3.2
1000000 6.1
1005000 1.4
1010000 0.8
1015000 1.4
1020000 0.9
1025000 0.7
1030000 3.3
1035000 2.1
1040000 1.7
1045000 3.2
1050000 2.5
1055000 4.0
1060000 0.7
1065000 1.5
1070000 1.0
1075000 0.9
1080000 4.8
1085000 2.5
1090000 1.1
1095000 0.6
1100000 2.8
1105000 1.3
1110000 0.8
1115000 0.7
1120000 0.8
1125000 0.7
1130000 1.1
1135000 4.8
1140000 5.3
1145000 0.7
1150000 0.7
1155000 1.7
1160000 0.9
1165000 2.3
1170000 1.6
1175000 0.9
1180000 2.9
1185000 1.3
1190000 1.3
1195000 0.9
1200000 0.7
1205000 0.8
1210000 2.2
1215000 1.3
1220000 1.0
1225000 2.5
1230000 0.7
1235000 0.9
1240000 1.2
1245000 1.1
1250000 1.6
1255000 0.9
1260000 1.2
1265000 1.5
1270000 0.9
1275000 0.3
1280000 1.0
1285000 0.8
1290000 0.7
1295000 0.6
1300000 0.8
1305000 0.8
1310000 0.7
1315000 0.9
1320000 0.8
1325000 2.6
1330000 1.5
1335000 2.2
1340000 2.2
1345000 0.7
1350000 2.7
1355000 1.2
1360000 1.3
1365000 1.1
1370000 0.9
1375000 1.1
1380000 1.2
1385000 0.6
1390000 0.7
1395000 0.7
1400000 1.6
1405000 0.8
1410000 0.7
1415000 0.8
1420000 1.0
1425000 0.7
1430000 1.2
1435000 0.9
1440000 0.8
1445000 0.7
1450000 1.1
1455000 0.6
1460000 1.2
1465000 1.1
1470000 0.6
1475000 1.1
1480000 1.2
1485000 1.2
1490000 1.5
1495000 1.0
1500000 1.1
1505000 1.0
1510000 1.1
1515000 0.7
1520000 1.1
1525000 2.7
1530000 2.4
1535000 1.8
1540000 1.7
1545000 1.6
1550000 0.8
1555000 1.0
1560000 0.8
1565000 0.6
1570000 1.1
1575000 1.0
1580000 0.9
1585000 0.9
1590000 0.9
1595000 0.6
1600000 0.9
1605000 1.2
1610000 1.0
1615000 1.1
1620000 1.2
1625000 1.2
1630000 0.8
1635000 0.6
1640000 0.7
1645000 0.7
1650000 0.6
1655000 1.2
1660000 1.1
1665000 0.7
1670000 0.8
1675000 1.0
1680000 0.7
1685000 0.9
1690000 0.7
1695000 0.7
1700000 0.9
1705000 0.8
1710000 0.7
1715000 0.7
1720000 0.8
1725000 0.7
1730000 1.0
1735000 0.7
1740000 0.6
1745000 0.8
1750000 1.1
1755000 0.8
1760000 0.8
1765000 1.5
1770000 0.5
1775000 0.6
1780000 0.8
1785000 1.3
1790000 0.9
1795000 0.8
1800000 1.2
1805000 0.6
1810000 0.7
1815000 0.7
1820000 0.9
1825000 0.9
1830000 0.8
1835000 0.8
1840000 0.8
1845000 1.4
1850000 0.9
1855000 0.8
1860000 0.9
1865000 0.9
1870000 1.4
1875000 1.0
1880000 0.9
1885000 0.8
1890000 0.9
1895000 0.7
1900000 0.6
1905000 0.8
1910000 0.6
1915000 0.6
1920000 1.1
1925000 0.9
1930000 1.1
1935000 0.8
1940000 1.0
1945000 0.9
1950000 1.1
1955000 0.8
1960000 0.5
1965000 1.1
1970000 0.8
1975000 0.7
1980000 0.7
1985000 0.9
1990000 1.0
1995000 1.0
2000000 0.8
