5000 24.7
10000 237.4
15000 23.5
20000 59.1
25000 43.2
30000 58.8
35000 109.4
40000 13.2
45000 257.8
50000 59.7
55000 60.9
60000 111.7
65000 12.8
70000 129.4
75000 156.6
80000 12.8
85000 70.3
90000 134.4
95000 142.7
100000 63.2
105000 128.2
110000 204.3
115000 211.4
120000 186.6
125000 144.7
130000 244.3
135000 196.8
140000 208.6
145000 434.3
150000 244.6
155000 351.7
160000 243.9
165000 255.9
170000 284.8
175000 296.5
180000 283.4
185000 350.4
190000 293.1
195000 275.8
200000 280.3
205000 455.1
210000 494.0
215000 446.0
220000 490.2
225000 532.6
230000 514.8
235000 364.1
240000 616.9
245000 636.2
250000 586.8
255000 560.4
260000 621.6
265000 650.9
270000 521.6
275000 714.2
280000 687.1
285000 692.0
290000 709.3
295000 761.6
300000 745.8
305000 741.6
310000 744.7
315000 735.2
320000 718.4
325000 795.7
330000 789.1
335000 663.2
340000 777.5
345000 645.2
350000 808.5
355000 778.9
360000 753.3
365000 792.7
370000 746.2
375000 808.2
380000 812.0
385000 770.3
390000 802.0
395000 808.4
400000 774.2
405000 716.3
410000 754.6
415000 753.5
420000 818.0
425000 799.1
430000 862.7
435000 853.9
440000 844.0
445000 843.3
450000 816.3
455000 832.0
460000 821.4
465000 797.6
470000 861.4
475000 833.0
480000 875.9
485000 864.8
490000 859.9
495000 860.3
500000 847.0
505000 866.8
510000 857.6
515000 858.5
520000 869.0
525000 850.3
530000 871.0
535000 852.1
540000 863.2
545000 863.3
550000 832.5
555000 848.8
560000 854.5
565000 869.2
570000 816.5
575000 866.0
580000 856.2
585000 882.4
590000 832.7
595000 858.9
600000 877.7
605000 801.9
610000 854.3
615000 858.9
620000 780.1
625000 808.3
630000 864.6
635000 857.4
640000 838.5
645000 822.5
650000 872.7
655000 900.2
660000 879.0
665000 875.5
670000 894.1
675000 831.6
680000 904.2
685000 886.4
690000 907.0
695000 901.8
700000 888.0
705000 892.4
710000 884.1
715000 894.2
720000 898.3
725000 890.1
730000 832.4
735000 882.9
740000 895.5
745000 878.4
750000 885.7
755000 894.3
760000 892.8
765000 877.8
770000 901.2
775000 885.7
780000 884.8
785000 909.2
790000 882.9
795000 904.2
800000 872.2
805000 721.5
810000 834.6
815000 836.9
820000 856.1
825000 861.4
830000 895.4
835000 890.0
840000 901.2
845000 868.7
850000 897.1
855000 897.2
860000 888.1
865000 877.2
870000 901.7
875000 908.7
880000 903.5
885000 889.5
890000 908.0
895000 897.5
900000 881.0
905000 875.2
910000 896.9
915000 895.3
920000 895.8
925000 886.4
930000 891.0
935000 889.8
940000 886.8
945000 894.5
950000 889.5
955000 911.9
960000 909.3
965000 897.3
970000 912.8
975000 899.0
980000 898.5
985000 897.1
990000 908.8
995000 886.9
1000000 912.5
1005000 785.4
1010000 850.8
1015000 876.2
1020000 874.9
1025000 873.5
1030000 888.1
1035000 906.0
1040000 891.7
1045000 884.0
1050000 893.7
1055000 896.2
1060000 909.1
1065000 894.4
1070000 896.5
1075000 890.4
1080000 916.5
1085000 893.8
1090000 893.8
1095000 897.5
1100000 895.3
1105000 899.5
1110000 894.3
1115000 894.0
1120000 911.2
1125000 911.1
1130000 897.4
1135000 908.7
1140000 905.9
1145000 887.6
1150000 900.2
1155000 902.7
1160000 899.1
1165000 902.6
1170000 919.8
1175000 902.7
1180000 894.5
1185000 911.7
1190000 912.8
1195000 907.3
1200000 905.5
1205000 771.1
1210000 667.5
1215000 880.5
1220000 889.7
1225000 898.0
1230000 885.5
1235000 918.7
1240000 897.3
1245000 898.8
1250000 916.0
1255000 903.2
1260000 904.9
1265000 905.2
1270000 919.3
1275000 915.9
1280000 905.6
1285000 909.8
1290000 904.7
1295000 922.1
1300000 887.0
1305000 915.0
1310000 901.2
1315000 920.5
1320000 926.2
1325000 902.9
1330000 928.7
1335000 925.1
1340000 912.4
1345000 916.6
1350000 921.1
1355000 920.1
1360000 925.6
1365000 924.1
1370000 924.3
1375000 926.5
1380000 921.6
1385000 926.2
1390000 930.5
1395000 928.6
1400000 930.6
1405000 685.3
1410000 740.6
1415000 886.1
1420000 912.7
1425000 899.1
1430000 891.3
1435000 908.7
1440000 896.7
1445000 912.7
1450000 903.4
1455000 912.6
1460000 922.6
1465000 919.1
1470000 923.5
1475000 932.8
1480000 931.0
1485000 924.2
1490000 929.1
1495000 926.4
1500000 922.1
1505000 899.9
1510000 917.5
1515000 909.5
1520000 917.2
1525000 925.4
1530000 928.3
1535000 923.6
1540000 916.7
1545000 932.7
1550000 923.2
1555000 933.6
1560000 929.8
1565000 935.2
1570000 930.1
1575000 919.2
1580000 941.9
1585000 941.0
1590000 936.3
1595000 923.5
1600000 919.8
1605000 585.5
1610000 877.6
1615000 903.7
1620000 888.9
1625000 898.9
1630000 923.8
1635000 932.9
1640000 911.3
1645000 931.5
1650000 914.2
1655000 933.6
1660000 937.8
1665000 932.4
1670000 930.3
1675000 931.9
1680000 933.0
1685000 935.8
1690000 934.3
1695000 931.8
1700000 913.5
1705000 925.9
1710000 938.2
1715000 941.7
1720000 943.6
1725000 937.3
1730000 942.4
1735000 950.9
1740000 930.2
1745000 932.6
1750000 916.3
1755000 932.3
1760000 932.1
1765000 939.5
1770000 940.0
1775000 947.0
1780000 933.3
1785000 943.3
1790000 931.9
1795000 926.6
1800000 932.4
1805000 697.2
1810000 841.1
1815000 775.0
1820000 902.0
1825000 910.9
1830000 913.4
1835000 934.5
1840000 912.0
1845000 920.5
1850000 930.8
1855000 923.4
1860000 933.5
1865000 934.9
1870000 928.0
1875000 915.1
1880000 925.2
1885000 944.2
1890000 933.4
1895000 930.6
1900000 934.9
1905000 945.1
1910000 918.6
1915000 946.0
1920000 925.9
1925000 934.8
1930000 920.8
1935000 936.2
1940000 931.4
1945000 937.2
1950000 930.9
1955000 936.0
1960000 919.2
1965000 931.3
1970000 939.6
1975000 929.2
1980000 923.8
1985000 927.5
1990000 946.7
1995000 934.3
2000000 911.0
