5000 40.0
10000 123.7
15000 103.7
20000 87.3
25000 34.8
30000 144.2
35000 107.9
40000 158.0
45000 104.5
50000 7.2
55000 65.6
60000 55.5
65000 17.4
70000 81.1
75000 36.5
80000 26.4
85000 52.0
90000 114.8
95000 123.8
100000 118.5
105000 147.4
110000 239.8
115000 170.6
120000 169.0
125000 161.9
130000 161.3
135000 172.7
140000 196.1
145000 155.0
150000 163.8
155000 170.2
160000 170.9
165000 202.6
170000 215.9
175000 157.8
180000 135.3
185000 87.0
190000 218.9
195000 99.4
200000 113.4
205000 485.9
210000 294.2
215000 455.2
220000 311.1
225000 467.0
230000 201.9
235000 209.0
240000 379.8
245000 299.6
250000 471.5
255000 477.1
260000 456.3
265000 371.7
270000 310.9
275000 447.4
280000 533.4
285000 282.1
290000 483.8
295000 589.0
300000 239.3
305000 449.7
310000 569.5
315000 266.8
320000 605.3
325000 242.1
330000 638.3
335000 426.3
340000 671.1
345000 486.8
350000 661.6
355000 397.2
360000 590.3
365000 673.5
370000 569.2
375000 716.0
380000 693.1
385000 684.1
390000 692.4
395000 464.6
400000 678.1
405000 695.3
410000 673.4
415000 710.9
420000 732.2
425000 741.5
430000 783.8
435000 806.9
440000 790.2
445000 815.4
450000 726.2
455000 789.2
460000 818.5
465000 762.0
470000 763.7
475000 807.6
480000 698.5
485000 809.2
490000 756.0
495000 714.6
500000 474.5
505000 789.3
510000 306.7
515000 731.8
520000 810.8
525000 796.5
530000 397.3
535000 766.3
540000 738.0
545000 786.9
550000 776.4
555000 780.0
560000 781.5
565000 823.4
570000 829.6
575000 745.5
580000 789.7
585000 813.3
590000 848.2
595000 827.4
600000 825.6
605000 679.4
610000 823.6
615000 786.1
620000 861.9
625000 877.5
630000 873.5
635000 858.9
640000 837.0
645000 864.7
650000 898.3
655000 889.7
660000 886.8
665000 863.2
670000 467.3
675000 893.3
680000 884.4
685000 881.9
690000 891.6
695000 880.4
700000 884.5
705000 897.6
710000 899.0
715000 896.6
720000 875.6
725000 856.0
730000 276.3
735000 894.8
740000 893.9
745000 898.9
750000 880.8
755000 887.2
760000 866.7
765000 917.9
770000 902.2
775000 893.9
780000 900.0
785000 910.6
790000 897.7
795000 907.9
800000 904.2
805000 859.4
810000 901.1
815000 864.8
820000 862.5
825000 889.5
830000 880.1
835000 899.5
840000 904.5
845000 901.1
850000 890.9
855000 917.5
860000 911.0
865000 886.5
870000 929.7
875000 779.7
880000 905.4
885000 896.8
890000 914.2
895000 909.7
900000 921.0
905000 886.6
910000 899.0
915000 896.0
920000 910.7
925000 894.2
930000 909.6
935000 912.0
940000 919.0
945000 902.7
950000 916.4
955000 907.9
960000 854.8
965000 929.6
970000 915.5
975000 913.6
980000 933.3
985000 918.7
990000 900.2
995000 916.3
1000000 931.3
1005000 732.7
1010000 884.7
1015000 865.2
1020000 907.0
1025000 919.5
1030000 908.7
1035000 924.4
1040000 909.9
1045000 899.4
1050000 920.5
1055000 914.0
1060000 925.8
1065000 897.3
1070000 908.3
1075000 924.2
1080000 923.7
1085000 911.8
1090000 886.4
1095000 912.8
1100000 849.5
1105000 934.7
1110000 922.3
1115000 907.9
1120000 915.3
1125000 920.3
1130000 911.2
1135000 948.1
1140000 911.8
1145000 900.0
1150000 927.2
1155000 922.3
1160000 161.8
1165000 919.9
1170000 909.0
1175000 915.9
1180000 932.8
1185000 936.8
1190000 923.9
1195000 933.0
1200000 937.2
1205000 827.2
1210000 888.1
1215000 890.1
1220000 905.7
1225000 906.0
1230000 885.6
1235000 923.2
1240000 878.4
1245000 919.9
1250000 901.5
1255000 932.8
1260000 927.5
1265000 923.4
1270000 928.8
1275000 920.8
1280000 935.0
1285000 925.1
1290000 930.3
1295000 12.2
1300000 945.7
1305000 921.8
1310000 98.2
1315000 930.7
1320000 917.6
1325000 936.2
1330000 920.8
1335000 913.4
1340000 937.4
1345000 931.3
1350000 230.8
1355000 939.9
1360000 944.2
1365000 943.4
1370000 939.8
1375000 935.8
1380000 919.9
1385000 922.1
1390000 906.8
1395000 941.7
1400000 931.9
1405000 831.3
1410000 882.1
1415000 897.4
1420000 916.0
1425000 920.9
1430000 928.9
1435000 914.2
1440000 930.2
1445000 913.9
1450000 930.4
1455000 951.9
1460000 835.7
1465000 918.5
1470000 768.6
1475000 949.1
1480000 938.7
1485000 924.4
1490000 926.9
1495000 916.7
1500000 937.3
1505000 942.9
1510000 935.1
1515000 941.2
1520000 914.5
1525000 922.8
1530000 933.8
1535000 921.4
1540000 934.4
1545000 917.9
1550000 916.6
1555000 928.8
1560000 935.1
1565000 935.4
1570000 911.2
1575000 934.6
1580000 934.0
1585000 924.9
1590000 951.4
1595000 931.1
1600000 914.9
1605000 554.4
1610000 876.4
1615000 937.7
1620000 909.5
1625000 940.6
1630000 921.7
1635000 919.2
1640000 899.8
1645000 934.9
1650000 934.1
1655000 916.9
1660000 935.6
1665000 936.9
1670000 925.7
1675000 911.9
1680000 917.0
1685000 948.0
1690000 923.7
1695000 942.1
1700000 942.5
1705000 943.8
1710000 898.2
1715000 946.5
1720000 941.3
1725000 914.1
1730000 907.0
1735000 936.9
1740000 928.1
1745000 921.0
1750000 940.7
1755000 937.2
1760000 938.6
1765000 930.0
1770000 932.2
1775000 916.8
1780000 916.3
1785000 41.7
1790000 934.9
1795000 932.3
1800000 940.9
1805000 259.5
1810000 874.4
1815000 910.6
1820000 934.6
1825000 937.8
1830000 930.0
1835000 918.1
1840000 939.2
1845000 928.5
1850000 924.5
1855000 942.6
1860000 912.5
1865000 931.9
1870000 940.0
1875000 937.4
1880000 946.5
1885000 747.5
1890000 926.7
1895000 930.7
1900000 940.6
1905000 919.8
1910000 909.4
1915000 941.9
1920000 948.7
1925000 924.6
1930000 938.8
1935000 922.0
1940000 849.8
1945000 923.8
1950000 939.0
1955000 930.0
1960000 945.5
1965000 940.7
1970000 927.0
1975000 947.2
1980000 950.1
1985000 933.2
1990000 887.6
1995000 948.5
2000000 929.8
