5000 115.1
10000 161.3
15000 238.2
20000 153.5
25000 58.2
30000 107.0
35000 151.0
40000 57.9
45000 110.1
50000 57.2
55000 109.4
60000 243.7
65000 117.0
70000 110.0
75000 65.8
80000 105.3
85000 227.6
90000 202.4
95000 245.0
100000 237.9
105000 126.4
110000 149.0
115000 191.9
120000 205.0
125000 277.0
130000 247.8
135000 259.7
140000 220.9
145000 258.6
150000 286.9
155000 322.8
160000 313.4
165000 290.3
170000 291.6
175000 279.7
180000 289.6
185000 318.8
190000 291.0
195000 279.9
200000 292.8
205000 439.7
210000 466.0
215000 469.2
220000 461.0
225000 483.5
230000 565.4
235000 386.3
240000 571.3
245000 559.5
250000 602.8
255000 574.2
260000 550.5
265000 592.7
270000 636.7
275000 591.9
280000 561.6
285000 604.7
290000 575.6
295000 580.0
300000 611.1
305000 626.2
310000 650.4
315000 663.4
320000 670.6
325000 589.1
330000 614.3
335000 645.2
340000 681.4
345000 677.6
350000 676.7
355000 670.1
360000 687.2
365000 674.0
370000 658.2
375000 613.0
380000 669.0
385000 659.5
390000 701.6
395000 648.7
400000 704.9
405000 648.2
410000 680.6
415000 676.7
420000 688.2
425000 736.7
430000 753.1
435000 747.0
440000 740.1
445000 741.8
450000 762.1
455000 748.7
460000 723.8
465000 753.5
470000 725.4
475000 775.3
480000 766.1
485000 772.8
490000 770.9
495000 756.6
500000 760.0
505000 753.6
510000 737.7
515000 753.0
520000 737.2
525000 762.2
530000 803.5
535000 781.1
540000 792.0
545000 767.7
550000 766.0
555000 762.9
560000 753.8
565000 800.0
570000 799.4
575000 802.0
580000 771.4
585000 773.6
590000 804.0
595000 813.2
600000 759.6
605000 731.9
610000 740.2
615000 790.0
620000 786.9
625000 767.8
630000 789.3
635000 815.2
640000 795.4
645000 822.6
650000 797.9
655000 806.7
660000 819.9
665000 821.7
670000 814.1
675000 806.9
680000 820.4
685000 816.6
690000 820.2
695000 820.2
700000 812.8
705000 836.8
710000 843.8
715000 836.3
720000 833.4
725000 828.5
730000 820.4
735000 848.8
740000 844.6
745000 785.5
750000 828.5
755000 842.1
760000 860.2
765000 856.5
770000 844.9
775000 836.9
780000 829.6
785000 840.3
790000 820.4
795000 813.6
800000 837.9
805000 747.4
810000 782.8
815000 803.5
820000 822.0
825000 836.1
830000 851.0
835000 835.6
840000 841.2
845000 823.4
850000 826.7
855000 852.2
860000 852.7
865000 842.5
870000 864.7
875000 833.0
880000 838.0
885000 864.3
890000 845.3
895000 836.6
900000 864.7
905000 871.7
910000 861.6
915000 875.1
920000 878.9
925000 875.6
930000 866.3
935000 864.6
940000 863.7
945000 868.4
950000 874.6
955000 847.9
960000 890.2
965000 886.3
970000 881.3
975000 874.8
980000 870.4
985000 880.2
990000 882.5
995000 900.8
1000000 864.1
1005000 722.6
1010000 771.5
1015000 851.4
1020000 853.7
1025000 846.8
1030000 853.2
1035000 878.2
1040000 848.5
1045000 881.3
1050000 891.4
1055000 897.2
1060000 889.9
1065000 870.4
1070000 896.4
1075000 877.6
1080000 908.1
1085000 892.9
1090000 896.7
1095000 890.9
1100000 904.1
1105000 890.0
1110000 894.7
1115000 879.1
1120000 883.8
1125000 882.0
1130000 884.3
1135000 881.1
1140000 884.1
1145000 867.1
1150000 891.7
1155000 874.0
1160000 892.9
1165000 900.4
1170000 892.1
1175000 887.8
1180000 873.9
1185000 886.7
1190000 891.7
1195000 895.0
1200000 885.4
1205000 788.7
1210000 845.4
1215000 814.0
1220000 818.6
1225000 824.4
1230000 881.1
1235000 847.1
1240000 873.7
1245000 883.9
1250000 869.4
1255000 868.2
1260000 871.3
1265000 891.1
1270000 902.3
1275000 870.9
1280000 877.7
1285000 889.8
1290000 896.3
1295000 872.2
1300000 908.5
1305000 893.2
1310000 868.4
1315000 916.3
1320000 902.2
1325000 878.2
1330000 134.2
1335000 892.5
1340000 873.0
1345000 864.9
1350000 863.6
1355000 870.1
1360000 895.6
1365000 449.8
1370000 842.3
1375000 872.7
1380000 873.2
1385000 875.6
1390000 914.2
1395000 901.6
1400000 901.1
1405000 683.4
1410000 803.1
1415000 692.7
1420000 860.9
1425000 873.8
1430000 872.2
1435000 875.2
1440000 65.0
1445000 784.2
1450000 515.2
1455000 861.0
1460000 897.9
1465000 897.9
1470000 895.6
1475000 859.6
1480000 874.0
1485000 864.3
1490000 898.1
1495000 887.3
1500000 885.5
1505000 877.6
1510000 900.4
1515000 910.0
1520000 892.2
1525000 900.5
1530000 836.5
1535000 894.0
1540000 912.1
1545000 904.1
1550000 901.4
1555000 898.7
1560000 865.6
1565000 837.3
1570000 882.2
1575000 901.3
1580000 857.5
1585000 889.7
1590000 863.5
1595000 902.1
1600000 869.8
1605000 662.7
1610000 818.3
1615000 848.7
1620000 858.4
1625000 841.7
1630000 880.9
1635000 868.7
1640000 874.5
1645000 820.5
1650000 874.1
1655000 890.5
1660000 198.6
1665000 858.8
1670000 896.0
1675000 915.3
1680000 908.4
1685000 890.3
1690000 899.2
1695000 899.9
1700000 908.6
1705000 901.9
1710000 851.5
1715000 892.7
1720000 908.4
1725000 863.2
1730000 913.6
1735000 917.1
1740000 887.1
1745000 906.3
1750000 873.8
1755000 907.3
1760000 896.2
1765000 352.8
1770000 281.8
1775000 347.9
1780000 311.6
1785000 317.0
1790000 291.1
1795000 311.2
1800000 533.9
1805000 515.6
1810000 816.5
1815000 846.1
1820000 847.2
1825000 867.9
1830000 891.9
1835000 893.3
1840000 865.3
1845000 904.6
1850000 890.4
1855000 879.3
1860000 895.3
1865000 896.0
1870000 888.2
1875000 890.6
1880000 844.7
1885000 889.8
1890000 910.2
1895000 908.1
1900000 885.9
1905000 888.7
1910000 906.2
1915000 907.6
1920000 878.8
1925000 905.5
1930000 895.4
1935000 907.0
1940000 897.3
1945000 913.5
1950000 906.8
1955000 895.6
1960000 890.3
1965000 918.8
1970000 914.7
1975000 906.1
1980000 901.3
1985000 909.7
1990000 908.8
1995000 906.5
2000000 893.4
