5000 70.9
10000 9.9
15000 58.8
20000 102.2
25000 250.0
30000 155.0
35000 57.2
40000 154.2
45000 57.9
50000 111.2
55000 59.2
60000 211.9
65000 63.7
70000 61.3
75000 72.6
80000 41.9
85000 107.6
90000 213.4
95000 111.4
100000 16.9
105000 135.7
110000 8.2
115000 60.0
120000 34.2
125000 56.0
130000 183.5
135000 150.3
140000 139.4
145000 153.5
150000 158.7
155000 152.5
160000 171.2
165000 177.8
170000 157.4
175000 230.1
180000 180.8
185000 170.8
190000 196.0
195000 185.4
200000 198.7
205000 266.7
210000 486.7
215000 472.0
220000 255.6
225000 237.3
230000 458.8
235000 345.7
240000 510.7
245000 435.6
250000 542.9
255000 345.9
260000 408.4
265000 641.5
270000 607.2
275000 543.0
280000 661.3
285000 640.7
290000 667.6
295000 623.8
300000 674.6
305000 665.0
310000 718.8
315000 635.3
320000 715.4
325000 713.0
330000 596.1
335000 745.3
340000 719.2
345000 695.9
350000 717.2
355000 711.4
360000 519.5
365000 714.2
370000 702.4
375000 716.4
380000 665.2
385000 734.6
390000 690.4
395000 749.1
400000 772.1
405000 660.8
410000 657.0
415000 740.6
420000 766.5
425000 706.7
430000 748.3
435000 724.1
440000 676.9
445000 298.3
450000 708.3
455000 797.5
460000 752.0
465000 700.9
470000 732.3
475000 776.5
480000 786.9
485000 799.5
490000 789.9
495000 784.2
500000 806.1
505000 747.4
510000 740.9
515000 799.2
520000 799.3
525000 791.6
530000 821.0
535000 785.2
540000 768.5
545000 765.0
550000 709.4
555000 744.8
560000 703.0
565000 801.6
570000 776.6
575000 800.9
580000 813.4
585000 767.2
590000 830.9
595000 732.3
600000 816.0
605000 802.6
610000 803.4
615000 825.0
620000 798.3
625000 776.2
630000 822.3
635000 819.0
640000 807.0
645000 764.2
650000 812.2
655000 814.4
660000 802.6
665000 794.0
670000 813.1
675000 804.7
680000 665.2
685000 830.0
690000 797.3
695000 794.1
700000 805.0
705000 802.5
710000 808.0
715000 794.2
720000 813.8
725000 788.6
730000 762.3
735000 796.4
740000 773.7
745000 804.6
750000 812.3
755000 812.1
760000 799.7
765000 742.1
770000 828.1
775000 718.0
780000 825.5
785000 811.5
790000 781.0
795000 826.3
800000 706.2
805000 717.5
810000 790.4
815000 795.4
820000 826.0
825000 845.3
830000 804.0
835000 685.2
840000 812.4
845000 793.9
850000 794.5
855000 833.9
860000 837.6
865000 844.0
870000 851.8
875000 851.1
880000 823.7
885000 826.3
890000 823.3
895000 673.9
900000 856.4
905000 859.3
910000 857.9
915000 753.6
920000 818.4
925000 837.8
930000 835.4
935000 846.5
940000 842.8
945000 657.8
950000 863.7
955000 781.2
960000 835.2
965000 854.8
970000 845.4
975000 840.2
980000 801.7
985000 741.6
990000 856.3
995000 554.6
1000000 854.8
1005000 788.4
1010000 854.8
1015000 853.8
1020000 835.1
1025000 859.6
1030000 836.0
1035000 845.4
1040000 855.5
1045000 873.8
1050000 848.9
1055000 863.5
1060000 815.8
1065000 861.3
1070000 863.4
1075000 856.3
1080000 871.5
1085000 845.4
1090000 851.6
1095000 862.5
1100000 863.8
1105000 867.4
1110000 860.8
1115000 863.0
1120000 856.9
1125000 863.6
1130000 851.8
1135000 856.8
1140000 849.4
1145000 746.8
1150000 858.7
1155000 871.6
1160000 871.2
1165000 875.9
1170000 866.7
1175000 869.8
1180000 841.6
1185000 844.0
1190000 874.0
1195000 866.4
1200000 872.7
1205000 710.6
1210000 813.3
1215000 810.3
1220000 866.4
1225000 872.0
1230000 882.5
1235000 883.6
1240000 874.2
1245000 878.4
1250000 865.4
1255000 897.2
1260000 868.3
1265000 882.4
1270000 876.6
1275000 869.0
1280000 893.5
1285000 875.8
1290000 875.3
1295000 886.5
1300000 863.9
1305000 871.9
1310000 899.8
1315000 868.3
1320000 876.5
1325000 888.3
1330000 880.7
1335000 877.4
1340000 889.8
1345000 868.7
1350000 877.9
1355000 871.9
1360000 887.9
1365000 896.4
1370000 897.7
1375000 869.9
1380000 893.4
1385000 884.5
1390000 881.1
1395000 857.9
1400000 783.3
1405000 795.7
1410000 833.4
1415000 857.2
1420000 883.3
1425000 873.7
1430000 877.1
1435000 826.0
1440000 891.7
1445000 887.9
1450000 867.2
1455000 890.9
1460000 893.4
1465000 897.5
1470000 880.2
1475000 883.0
1480000 901.3
1485000 901.4
1490000 893.2
1495000 880.5
1500000 865.3
1505000 899.7
1510000 902.8
1515000 882.5
1520000 889.2
1525000 898.1
1530000 877.7
1535000 903.6
1540000 160.6
1545000 901.2
1550000 904.5
1555000 902.3
1560000 892.8
1565000 883.1
1570000 895.8
1575000 904.7
1580000 905.7
1585000 871.7
1590000 896.1
1595000 710.9
1600000 895.6
1605000 781.4
1610000 758.9
1615000 858.9
1620000 818.9
1625000 822.6
1630000 887.3
1635000 852.0
1640000 857.6
1645000 857.7
1650000 875.7
1655000 891.5
1660000 895.3
1665000 903.6
1670000 892.8
1675000 906.0
1680000 917.4
1685000 932.6
1690000 839.8
1695000 907.0
1700000 924.1
1705000 912.5
1710000 921.4
1715000 879.5
1720000 904.5
1725000 913.7
1730000 912.9
1735000 900.3
1740000 911.9
1745000 906.7
1750000 880.5
1755000 901.4
1760000 914.8
1765000 899.2
1770000 920.2
1775000 876.1
1780000 914.1
1785000 880.4
1790000 907.7
1795000 867.6
1800000 897.6
1805000 680.7
1810000 825.9
1815000 891.8
1820000 886.2
1825000 902.7
