5000 78.9
10000 154.6
15000 152.9
20000 108.3
25000 103.6
30000 54.8
35000 8.3
40000 76.1
45000 154.5
50000 60.6
55000 17.9
60000 28.7
65000 216.4
70000 22.7
75000 247.8
80000 43.5
85000 252.3
90000 129.5
95000 212.7
100000 142.2
105000 176.1
110000 170.7
115000 152.6
120000 170.1
125000 201.9
130000 193.4
135000 181.1
140000 188.8
145000 201.2
150000 206.9
155000 183.5
160000 177.3
165000 176.2
170000 165.8
175000 193.8
180000 169.9
185000 136.7
190000 117.4
195000 200.0
200000 215.3
205000 443.7
210000 463.1
215000 452.7
220000 417.8
225000 260.9
230000 426.3
235000 465.1
240000 381.3
245000 453.7
250000 462.7
255000 456.7
260000 487.9
265000 285.0
270000 424.8
275000 370.5
280000 463.2
285000 528.4
290000 516.6
295000 522.6
300000 509.8
305000 519.0
310000 473.9
315000 493.3
320000 598.3
325000 584.0
330000 606.6
335000 570.8
340000 472.8
345000 610.8
350000 636.7
355000 647.3
360000 632.4
365000 661.2
370000 622.1
375000 301.2
380000 223.3
385000 699.1
390000 294.4
395000 676.0
400000 701.7
405000 553.6
410000 702.5
415000 655.3
420000 774.4
425000 765.7
430000 762.5
435000 807.2
440000 782.7
445000 799.3
450000 807.9
455000 786.9
460000 851.2
465000 820.1
470000 814.2
475000 813.7
480000 787.2
485000 806.2
490000 792.5
495000 855.2
500000 776.8
505000 417.0
510000 835.7
515000 794.2
520000 720.4
525000 817.4
530000 806.0
535000 838.7
540000 867.6
545000 845.7
550000 862.0
555000 803.4
560000 862.5
565000 765.4
570000 863.1
575000 803.5
580000 858.9
585000 833.4
590000 877.0
595000 855.3
600000 845.5
605000 796.4
610000 768.1
615000 833.6
620000 815.7
625000 841.4
630000 880.2
635000 856.0
640000 894.1
645000 853.9
650000 879.9
655000 890.7
660000 870.6
665000 883.4
670000 880.1
675000 867.4
680000 860.1
685000 869.0
690000 897.1
695000 860.0
700000 893.0
705000 912.1
710000 894.5
715000 431.9
720000 871.7
725000 841.9
730000 887.6
735000 865.6
740000 882.8
745000 866.8
750000 878.2
755000 885.5
760000 704.4
765000 878.7
770000 875.7
775000 890.4
780000 843.1
785000 869.4
790000 879.5
795000 885.5
800000 901.0
805000 697.7
810000 852.7
815000 867.4
820000 871.1
825000 847.0
830000 850.8
835000 848.5
840000 876.8
845000 884.7
850000 868.0
855000 864.5
860000 864.1
865000 884.6
870000 882.9
875000 882.3
880000 861.7
885000 869.3
890000 858.3
895000 862.3
900000 900.6
905000 876.0
910000 907.6
915000 903.1
920000 903.6
925000 899.0
930000 905.4
935000 891.3
940000 860.4
945000 907.9
950000 880.5
955000 904.0
960000 923.3
965000 890.4
970000 907.6
975000 918.7
980000 897.9
985000 906.9
990000 902.8
995000 914.7
1000000 897.0
1005000 767.2
1010000 849.5
1015000 883.8
1020000 878.1
1025000 895.4
1030000 918.5
1035000 892.9
1040000 912.1
1045000 916.5
1050000 910.1
1055000 903.0
1060000 922.9
1065000 914.1
1070000 911.4
1075000 900.9
1080000 919.8
1085000 898.1
1090000 885.9
1095000 916.2
1100000 924.8
1105000 914.9
1110000 911.8
1115000 906.9
1120000 911.6
1125000 914.3
1130000 909.5
1135000 903.3
1140000 906.3
1145000 925.1
1150000 910.6
1155000 915.1
1160000 906.5
1165000 904.1
1170000 933.2
1175000 909.3
1180000 925.6
1185000 922.8
1190000 913.5
1195000 924.5
1200000 927.6
1205000 569.4
1210000 864.5
1215000 884.8
1220000 891.7
1225000 899.9
1230000 915.3
1235000 915.2
1240000 913.8
1245000 915.3
1250000 926.7
1255000 903.2
1260000 940.4
1265000 912.1
1270000 927.3
1275000 928.4
1280000 918.9
1285000 939.1
1290000 925.6
1295000 901.6
1300000 919.3
1305000 933.0
1310000 926.2
1315000 919.7
1320000 929.5
1325000 927.4
1330000 910.7
1335000 938.8
1340000 928.8
1345000 940.7
1350000 921.8
1355000 918.0
1360000 911.2
1365000 909.7
1370000 926.4
1375000 930.8
1380000 933.5
1385000 921.0
1390000 921.9
1395000 903.3
1400000 936.5
1405000 751.5
1410000 785.5
1415000 882.8
1420000 896.9
1425000 914.3
1430000 921.0
1435000 891.3
1440000 911.2
1445000 927.5
1450000 925.0
1455000 935.4
1460000 932.9
1465000 936.8
1470000 929.9
1475000 906.1
1480000 934.0
1485000 915.2
1490000 941.9
1495000 934.9
1500000 914.6
1505000 925.1
1510000 927.0
1515000 922.9
1520000 911.5
1525000 919.3
1530000 903.4
1535000 917.2
1540000 928.9
1545000 920.8
1550000 936.1
1555000 926.2
1560000 906.0
1565000 931.5
1570000 921.7
1575000 934.8
1580000 924.7
1585000 936.9
1590000 935.5
1595000 907.1
1600000 944.9
1605000 499.0
1610000 861.1
1615000 871.2
1620000 914.5
1625000 881.2
1630000 874.7
1635000 918.3
1640000 930.0
1645000 915.5
1650000 910.6
1655000 940.4
1660000 912.8
1665000 935.1
1670000 932.4
1675000 949.2
1680000 932.8
1685000 943.2
1690000 934.8
1695000 931.7
1700000 744.1
1705000 924.7
1710000 947.4
1715000 936.3
1720000 942.1
1725000 930.5
1730000 922.5
1735000 925.3
1740000 930.8
1745000 938.9
1750000 910.7
1755000 916.9
1760000 348.0
1765000 429.3
1770000 389.9
1775000 798.4
1780000 897.5
1785000 935.1
1790000 914.6
1795000 908.8
1800000 900.2
1805000 567.8
1810000 901.5
1815000 902.2
1820000 917.1
1825000 924.2
1830000 927.0
1835000 948.3
1840000 931.4
1845000 927.8
1850000 917.9
1855000 938.3
1860000 942.1
1865000 927.5
1870000 919.9
1875000 944.0
1880000 942.8
1885000 910.3
1890000 932.1
1895000 921.0
1900000 913.2
1905000 940.6
1910000 930.8
1915000 943.3
1920000 935.9
1925000 946.3
1930000 932.3
1935000 943.9
1940000 934.9
1945000 944.8
1950000 932.3
1955000 936.9
1960000 940.6
1965000 955.0
1970000 943.3
1975000 942.1
1980000 939.0
1985000 931.0
1990000 921.6
1995000 948.0
2000000 925.6
