5000 28.0
10000 197.2
15000 58.3
20000 13.8
25000 80.3
30000 9.0
35000 148.9
40000 105.0
45000 50.4
50000 57.9
55000 158.7
60000 99.4
65000 107.3
70000 21.0
75000 117.8
80000 151.1
85000 177.4
90000 136.8
95000 200.7
100000 206.5
105000 169.1
110000 167.0
115000 224.2
120000 199.5
125000 222.0
130000 192.1
135000 260.8
140000 264.7
145000 235.7
150000 193.1
155000 238.9
160000 186.2
165000 189.2
170000 16.2
175000 457.0
180000 231.9
185000 386.5
190000 190.8
195000 380.8
200000 473.9
205000 475.1
210000 456.6
215000 415.1
220000 423.8
225000 411.8
230000 444.1
235000 464.0
240000 469.9
245000 417.4
250000 464.4
255000 482.9
260000 559.2
265000 492.3
270000 496.3
275000 310.7
280000 558.3
285000 584.8
290000 512.3
295000 572.0
300000 597.7
305000 615.9
310000 592.3
315000 672.7
320000 630.6
325000 620.2
330000 675.9
335000 381.9
340000 672.2
345000 282.4
350000 642.9
355000 612.7
360000 636.7
365000 677.7
370000 573.1
375000 600.6
380000 675.7
385000 618.4
390000 635.4
395000 632.1
400000 593.5
405000 639.9
410000 680.4
415000 679.3
420000 682.7
425000 641.0
430000 678.9
435000 668.4
440000 668.1
445000 710.3
450000 653.5
455000 724.5
460000 737.3
465000 284.8
470000 638.4
475000 729.2
480000 701.5
485000 723.3
490000 744.8
495000 714.9
500000 735.5
505000 692.6
510000 614.0
515000 694.3
520000 728.1
525000 705.3
530000 754.3
535000 729.8
540000 756.8
545000 742.6
550000 694.4
555000 410.7
560000 748.7
565000 741.9
570000 659.1
575000 739.5
580000 711.2
585000 733.7
590000 756.8
595000 682.4
600000 739.9
605000 665.0
610000 767.1
615000 741.6
620000 738.6
625000 748.3
630000 769.2
635000 807.9
640000 774.4
645000 710.0
650000 780.6
655000 783.4
660000 714.3
665000 715.4
670000 733.2
675000 808.5
680000 773.5
685000 756.0
690000 763.9
695000 798.5
700000 815.7
705000 799.9
710000 757.7
715000 817.2
720000 805.0
725000 812.7
730000 835.9
735000 784.6
740000 807.1
745000 847.3
750000 797.5
755000 786.3
760000 773.5
765000 818.6
770000 831.2
775000 843.4
780000 822.2
785000 494.0
790000 847.6
795000 832.2
800000 831.2
805000 719.1
810000 805.4
815000 817.5
820000 801.9
825000 836.2
830000 840.8
835000 827.0
840000 824.5
845000 838.7
850000 841.5
855000 851.7
860000 822.9
865000 821.5
870000 834.2
875000 838.6
880000 851.6
885000 836.7
890000 837.6
895000 850.1
900000 864.5
905000 849.1
910000 848.8
915000 847.7
920000 869.1
925000 846.4
930000 390.5
935000 852.9
940000 851.0
945000 832.9
950000 844.8
955000 837.8
960000 860.9
965000 864.8
970000 835.5
975000 823.7
980000 833.4
985000 874.1
990000 850.4
995000 866.2
1000000 846.8
1005000 751.5
1010000 842.9
1015000 818.2
1020000 856.9
1025000 866.9
1030000 866.2
1035000 851.1
1040000 866.7
1045000 857.2
1050000 857.0
1055000 883.9
1060000 874.8
1065000 874.2
1070000 895.2
1075000 862.1
1080000 863.0
1085000 847.9
1090000 849.7
1095000 890.2
1100000 862.8
1105000 861.0
1110000 856.7
1115000 887.7
1120000 893.8
1125000 903.6
1130000 894.4
1135000 868.4
1140000 898.7
1145000 897.0
1150000 908.3
1155000 900.8
1160000 913.3
1165000 907.9
1170000 878.3
1175000 889.5
1180000 877.2
1185000 899.1
1190000 905.9
1195000 875.2
1200000 883.2
1205000 763.0
1210000 852.1
1215000 865.5
1220000 885.6
1225000 886.3
1230000 885.9
1235000 871.2
1240000 453.4
1245000 872.7
1250000 911.9
1255000 896.4
1260000 863.2
1265000 891.7
1270000 698.7
1275000 892.1
1280000 756.9
1285000 891.9
1290000 900.1
1295000 892.9
1300000 875.4
1305000 878.7
1310000 773.0
1315000 897.9
1320000 879.8
1325000 884.3
1330000 896.3
1335000 896.5
1340000 906.9
1345000 899.6
1350000 906.0
1355000 900.3
1360000 897.8
1365000 901.1
1370000 903.4
1375000 900.0
1380000 734.8
1385000 893.3
1390000 888.1
1395000 904.5
1400000 914.2
1405000 754.6
1410000 813.7
1415000 848.1
1420000 899.5
1425000 900.1
1430000 878.0
1435000 907.0
1440000 900.9
1445000 904.0
1450000 885.6
1455000 911.9
1460000 902.6
1465000 893.2
1470000 901.5
1475000 899.8
1480000 896.9
1485000 908.2
1490000 903.5
1495000 880.6
1500000 916.2
1505000 875.0
1510000 877.5
1515000 900.9
1520000 889.6
1525000 900.6
1530000 909.8
1535000 892.8
1540000 917.8
1545000 895.3
1550000 907.2
1555000 913.7
1560000 912.6
1565000 908.2
1570000 917.9
1575000 926.5
1580000 904.7
1585000 912.5
1590000 929.5
1595000 903.8
1600000 844.1
1605000 713.5
1610000 812.9
1615000 844.7
1620000 868.9
1625000 864.8
1630000 887.7
1635000 881.5
1640000 876.4
1645000 908.1
1650000 919.4
1655000 882.9
1660000 897.0
1665000 915.3
1670000 915.5
1675000 427.9
1680000 910.5
1685000 926.2
1690000 920.1
1695000 934.8
1700000 936.9
1705000 346.0
1710000 910.7
1715000 920.3
1720000 923.6
1725000 901.5
1730000 910.3
1735000 894.6
1740000 927.6
1745000 935.0
1750000 901.3
1755000 928.5
1760000 927.5
1765000 926.6
1770000 907.3
1775000 927.3
1780000 877.8
1785000 916.7
1790000 929.9
1795000 906.2
1800000 945.8
1805000 732.8
1810000 837.0
1815000 841.8
1820000 881.1
1825000 890.4
1830000 916.5
1835000 871.0
1840000 928.0
1845000 922.7
1850000 927.7
1855000 920.2
1860000 926.6
1865000 925.3
1870000 930.7
1875000 931.5
1880000 943.4
1885000 921.1
1890000 930.5
1895000 916.0
1900000 903.2
1905000 920.5
1910000 920.0
1915000 924.4
1920000 900.5
1925000 948.5
1930000 922.9
1935000 931.3
1940000 911.2
1945000 935.8
1950000 903.6
1955000 939.6
1960000 948.2
1965000 895.4
1970000 915.4
1975000 890.4
1980000 916.0
1985000 904.1
1990000 925.9
1995000 893.2
2000000 918.4
