5000 19.6
10000 70.7
15000 106.2
20000 10.7
25000 246.6
30000 177.9
35000 204.6
40000 199.7
45000 55.0
50000 156.2
55000 61.2
60000 90.4
65000 59.3
70000 107.4
75000 58.3
80000 100.1
85000 20.0
90000 163.7
95000 85.0
100000 81.9
105000 75.5
110000 88.0
115000 168.0
120000 295.4
125000 153.6
130000 176.3
135000 187.6
140000 191.0
145000 206.0
150000 272.6
155000 163.8
160000 191.6
165000 210.0
170000 197.4
175000 205.3
180000 251.7
185000 297.2
190000 253.5
195000 248.7
200000 261.1
205000 445.9
210000 435.3
215000 435.0
220000 487.7
225000 543.6
230000 261.7
235000 511.3
240000 590.4
245000 553.1
250000 535.7
255000 590.7
260000 544.4
265000 457.0
270000 594.2
275000 572.3
280000 625.4
285000 594.3
290000 645.3
295000 664.8
300000 640.8
305000 671.6
310000 643.2
315000 673.6
320000 622.3
325000 720.0
330000 692.5
335000 659.7
340000 648.0
345000 657.6
350000 668.0
355000 685.3
360000 544.5
365000 417.9
370000 776.1
375000 701.7
380000 678.2
385000 720.5
390000 735.8
395000 731.6
400000 725.8
405000 633.9
410000 754.9
415000 707.4
420000 813.5
425000 811.6
430000 810.0
435000 815.6
440000 810.4
445000 822.7
450000 856.0
455000 828.8
460000 815.0
465000 840.9
470000 833.9
475000 815.8
480000 864.1
485000 861.8
490000 838.2
495000 862.4
500000 848.3
505000 853.2
510000 855.2
515000 879.2
520000 868.4
525000 882.2
530000 864.2
535000 847.0
540000 844.7
545000 865.0
550000 856.9
555000 862.4
560000 828.6
565000 847.2
570000 878.9
575000 848.4
580000 870.1
585000 837.3
590000 875.3
595000 860.7
600000 869.8
605000 822.9
610000 867.2
615000 877.2
620000 872.1
625000 855.4
630000 889.3
635000 858.9
640000 886.1
645000 842.2
650000 893.5
655000 879.4
660000 896.1
665000 909.7
670000 910.6
675000 910.6
680000 908.1
685000 905.5
690000 922.4
695000 915.4
700000 899.2
705000 904.5
710000 906.8
715000 911.2
720000 917.1
725000 896.1
730000 926.7
735000 917.3
740000 912.6
745000 907.1
750000 901.1
755000 913.6
760000 924.6
765000 921.1
770000 921.9
775000 932.7
780000 902.1
785000 921.3
790000 902.6
795000 916.6
800000 922.8
805000 728.4
810000 882.8
815000 890.2
820000 880.6
825000 898.2
830000 929.6
835000 915.3
840000 936.3
845000 920.9
850000 921.9
855000 916.1
860000 911.4
865000 922.5
870000 927.8
875000 915.7
880000 914.8
885000 920.6
890000 891.7
895000 899.8
900000 919.2
905000 913.1
910000 905.4
915000 911.6
920000 919.3
925000 896.6
930000 911.5
935000 929.9
940000 924.0
945000 902.1
950000 932.5
955000 926.5
960000 931.3
965000 942.3
970000 928.6
975000 900.4
980000 923.2
985000 915.5
990000 934.2
995000 916.7
1000000 934.7
1005000 765.7
1010000 847.2
1015000 884.1
1020000 860.5
1025000 912.6
1030000 902.5
1035000 888.3
1040000 906.6
1045000 925.9
1050000 910.7
1055000 897.9
1060000 895.2
1065000 919.8
1070000 913.7
1075000 924.2
1080000 921.4
1085000 916.8
1090000 922.8
1095000 919.7
1100000 924.5
1105000 909.8
1110000 919.0
1115000 913.8
1120000 913.2
1125000 911.0
1130000 925.6
1135000 912.5
1140000 902.1
1145000 881.1
1150000 917.0
1155000 910.1
1160000 908.6
1165000 924.4
1170000 924.5
1175000 921.0
1180000 897.1
1185000 923.2
1190000 937.0
1195000 905.4
1200000 935.0
1205000 728.9
1210000 867.2
1215000 858.7
1220000 919.3
1225000 905.8
1230000 892.5
1235000 917.6
1240000 913.3
1245000 913.5
1250000 901.4
1255000 911.7
1260000 925.3
1265000 924.9
1270000 918.8
1275000 924.2
1280000 904.3
1285000 934.8
1290000 953.6
1295000 923.4
1300000 924.1
1305000 930.8
1310000 932.0
1315000 930.0
1320000 935.2
1325000 940.0
1330000 937.1
1335000 922.7
1340000 933.9
1345000 937.9
1350000 921.5
1355000 909.5
1360000 906.9
1365000 921.5
1370000 936.7
1375000 920.6
1380000 925.1
1385000 927.1
1390000 932.6
1395000 916.3
1400000 934.1
1405000 302.1
1410000 821.7
1415000 930.0
1420000 939.3
1425000 886.1
1430000 941.1
1435000 920.6
1440000 918.8
1445000 921.1
1450000 922.1
1455000 931.9
1460000 937.1
1465000 950.7
1470000 908.4
1475000 929.3
1480000 283.9
1485000 930.0
1490000 938.5
1495000 894.1
1500000 939.0
1505000 51.3
1510000 930.0
1515000 935.2
1520000 934.3
1525000 933.0
1530000 934.3
1535000 915.3
1540000 922.7
1545000 218.0
1550000 942.0
1555000 915.5
1560000 939.1
1565000 931.4
1570000 918.2
1575000 905.2
1580000 927.1
1585000 47.5
1590000 937.8
1595000 920.9
1600000 908.5
1605000 697.6
1610000 529.4
1615000 873.4
1620000 907.6
1625000 936.8
1630000 911.8
1635000 945.5
1640000 908.7
1645000 944.4
1650000 934.4
1655000 912.4
1660000 951.2
1665000 912.5
1670000 944.5
1675000 907.2
1680000 947.7
1685000 940.2
1690000 954.1
1695000 932.3
1700000 927.9
1705000 932.6
1710000 951.2
1715000 929.4
1720000 902.2
1725000 934.9
1730000 919.6
1735000 914.5
1740000 941.0
1745000 940.6
1750000 936.5
1755000 940.7
1760000 933.7
1765000 947.8
1770000 919.2
1775000 955.5
1780000 954.9
1785000 944.8
1790000 925.5
1795000 927.9
1800000 947.3
1805000 618.5
1810000 867.7
1815000 918.8
1820000 883.6
1825000 902.2
1830000 901.9
1835000 943.1
1840000 939.5
1845000 937.4
1850000 947.9
1855000 916.9
1860000 917.1
1865000 931.8
1870000 934.0
1875000 916.7
1880000 943.5
1885000 934.0
1890000 929.9
1895000 925.7
1900000 935.9
1905000 940.4
1910000 945.5
1915000 945.2
1920000 952.8
1925000 922.3
1930000 926.0
1935000 941.5
1940000 936.0
1945000 938.4
1950000 933.0
1955000 941.2
1960000 927.7
1965000 947.3
1970000 940.4
1975000 952.2
1980000 930.0
1985000 934.9
1990000 944.4
1995000 925.2
2000000 956.8
