5000 175.1
10000 158.9
15000 153.7
20000 109.1
25000 58.1
30000 204.3
35000 152.3
40000 103.9
45000 206.8
50000 105.1
55000 110.3
60000 112.7
65000 109.2
70000 112.2
75000 11.5
80000 111.0
85000 59.3
90000 152.9
95000 178.9
100000 101.0
105000 110.2
110000 105.4
115000 52.9
120000 102.9
125000 80.2
130000 9.0
135000 70.1
140000 103.5
145000 50.6
150000 30.7
155000 32.2
160000 45.3
165000 76.4
170000 79.8
175000 92.1
180000 152.0
185000 164.8
190000 192.2
195000 187.0
200000 183.7
205000 409.9
210000 502.3
215000 255.9
220000 174.2
225000 225.0
230000 240.7
235000 221.2
240000 194.2
245000 208.3
250000 200.9
255000 228.1
260000 192.0
265000 230.4
270000 265.8
275000 223.1
280000 247.8
285000 229.9
290000 204.9
295000 262.1
300000 247.0
305000 262.6
310000 255.6
315000 234.1
320000 258.0
325000 264.6
330000 256.2
335000 260.8
340000 243.4
345000 211.2
350000 260.2
355000 197.7
360000 201.6
365000 230.8
370000 193.2
375000 171.9
380000 109.9
385000 181.7
390000 238.1
395000 190.0
400000 155.7
405000 481.1
410000 430.2
415000 463.4
420000 486.8
425000 506.7
430000 445.2
435000 489.8
440000 498.3
445000 486.1
450000 497.7
455000 487.8
460000 484.0
465000 462.1
470000 483.9
475000 498.3
480000 503.0
485000 488.6
490000 501.5
495000 503.3
500000 529.5
505000 539.4
510000 513.3
515000 515.8
520000 533.0
525000 563.8
530000 560.9
535000 567.6
540000 535.8
545000 563.8
550000 588.0
555000 569.6
560000 549.3
565000 585.2
570000 573.0
575000 558.8
580000 574.3
585000 571.0
590000 578.5
595000 601.1
600000 598.9
605000 605.2
610000 591.1
615000 620.1
620000 639.6
625000 620.5
630000 679.2
635000 649.5
640000 671.8
645000 664.5
650000 670.7
655000 655.0
660000 701.6
665000 728.3
670000 732.0
675000 728.0
680000 724.1
685000 713.2
690000 743.4
695000 747.6
700000 738.2
705000 741.4
710000 730.9
715000 757.7
720000 764.9
725000 747.6
730000 737.3
735000 742.9
740000 778.4
745000 751.7
750000 781.3
755000 760.0
760000 752.9
765000 773.6
770000 753.6
775000 751.9
780000 710.4
785000 778.9
790000 796.3
795000 757.9
800000 765.2
805000 680.3
810000 757.3
815000 805.1
820000 787.6
825000 811.8
830000 836.1
835000 795.6
840000 796.1
845000 804.3
850000 808.2
855000 814.9
860000 800.0
865000 806.9
870000 808.2
875000 828.1
880000 824.6
885000 823.4
890000 850.9
895000 847.9
900000 824.1
905000 815.7
910000 846.2
915000 841.2
920000 826.1
925000 853.6
930000 850.4
935000 842.3
940000 849.6
945000 852.3
950000 855.7
955000 841.8
960000 846.2
965000 840.9
970000 874.0
975000 842.6
980000 854.9
985000 847.7
990000 862.4
995000 868.0
1000000 875.5
1005000 793.3
1010000 803.7
1015000 819.9
1020000 872.6
1025000 887.0
1030000 867.1
1035000 857.2
1040000 881.5
1045000 890.2
1050000 901.8
1055000 889.4
1060000 890.7
1065000 909.7
1070000 875.1
1075000 882.0
1080000 869.6
1085000 883.9
1090000 885.6
1095000 885.6
1100000 875.6
1105000 889.4
1110000 897.3
1115000 886.6
1120000 897.0
1125000 893.5
1130000 911.9
1135000 884.1
1140000 903.1
1145000 896.2
1150000 889.6
1155000 912.2
1160000 899.8
1165000 916.5
1170000 924.3
1175000 924.1
1180000 772.5
1185000 916.5
1190000 893.9
1195000 902.2
1200000 885.9
1205000 738.1
1210000 899.8
1215000 883.9
1220000 900.8
1225000 898.8
1230000 914.1
1235000 895.8
1240000 927.2
1245000 920.6
1250000 900.9
1255000 911.0
1260000 918.7
1265000 935.4
1270000 935.7
1275000 931.0
1280000 931.9
1285000 931.1
1290000 899.7
1295000 924.4
1300000 923.9
1305000 923.2
1310000 941.9
1315000 932.9
1320000 846.2
1325000 948.8
1330000 343.2
1335000 932.7
1340000 936.4
1345000 919.0
1350000 922.1
1355000 937.1
1360000 921.4
1365000 930.2
1370000 931.2
1375000 930.6
1380000 929.0
1385000 926.3
1390000 906.4
1395000 929.9
1400000 913.7
1405000 702.5
1410000 904.5
1415000 912.0
1420000 926.4
1425000 913.0
1430000 911.3
1435000 935.3
1440000 920.7
1445000 926.5
1450000 930.8
1455000 919.2
1460000 926.4
1465000 894.2
1470000 928.8
1475000 918.0
1480000 937.7
1485000 931.3
1490000 950.5
1495000 950.3
1500000 960.8
1505000 929.7
1510000 952.8
1515000 934.1
1520000 941.1
1525000 939.0
1530000 911.5
1535000 947.1
1540000 941.1
1545000 913.3
1550000 945.2
1555000 911.5
1560000 848.0
1565000 952.7
1570000 945.1
1575000 932.9
1580000 923.3
1585000 937.7
1590000 923.4
1595000 939.0
1600000 939.0
1605000 782.1
1610000 782.6
1615000 923.9
1620000 937.8
1625000 931.1
1630000 921.1
1635000 946.3
1640000 944.9
1645000 951.6
1650000 935.5
1655000 927.1
1660000 917.3
1665000 936.9
1670000 933.7
1675000 906.6
1680000 955.4
1685000 936.7
1690000 947.1
1695000 938.4
1700000 932.1
1705000 938.2
1710000 956.4
1715000 927.6
1720000 899.3
1725000 916.2
1730000 925.2
1735000 942.4
1740000 940.2
1745000 929.5
1750000 933.1
1755000 925.0
1760000 927.8
1765000 937.0
1770000 887.3
1775000 935.5
1780000 938.6
1785000 937.5
1790000 940.6
1795000 941.5
1800000 940.1
1805000 745.3
1810000 889.7
1815000 922.4
1820000 937.4
1825000 930.8
1830000 945.3
1835000 934.1
1840000 918.2
1845000 925.4
1850000 928.0
1855000 945.1
1860000 906.1
1865000 943.5
1870000 910.1
1875000 935.1
1880000 927.1
1885000 917.8
1890000 939.0
1895000 926.2
1900000 939.0
1905000 926.4
1910000 940.6
1915000 951.5
1920000 933.4
1925000 942.9
1930000 933.9
1935000 937.5
1940000 957.8
1945000 925.7
1950000 913.6
1955000 935.7
1960000 935.7
1965000 924.0
1970000 939.8
1975000 934.7
1980000 937.7
1985000 957.8
1990000 899.8
1995000 923.0
2000000 930.3
