5000 167.6
10000 162.7
15000 9.9
20000 57.2
25000 152.8
30000 56.5
35000 57.1
40000 10.6
45000 154.0
50000 12.0
55000 82.0
60000 67.0
65000 24.2
70000 162.1
75000 216.2
80000 101.3
85000 183.0
90000 192.6
95000 164.2
100000 195.8
105000 184.4
110000 199.9
115000 231.9
120000 218.7
125000 244.2
130000 242.3
135000 272.6
140000 262.3
145000 287.0
150000 281.5
155000 293.9
160000 300.8
165000 293.9
170000 282.4
175000 278.2
180000 289.5
185000 282.2
190000 273.2
195000 288.0
200000 301.6
205000 420.0
210000 498.8
215000 509.0
220000 488.5
225000 476.0
230000 561.6
235000 582.7
240000 575.0
245000 619.4
250000 580.2
255000 652.6
260000 673.5
265000 639.9
270000 569.3
275000 659.1
280000 664.2
285000 680.7
290000 726.8
295000 705.9
300000 678.6
305000 607.1
310000 734.2
315000 728.6
320000 748.8
325000 723.3
330000 402.3
335000 479.1
340000 750.1
345000 780.1
350000 803.2
355000 776.9
360000 802.1
365000 788.7
370000 776.4
375000 592.9
380000 625.3
385000 812.0
390000 806.2
395000 785.8
400000 798.8
405000 677.0
410000 775.8
415000 798.5
420000 804.7
425000 777.3
430000 804.4
435000 820.7
440000 819.8
445000 838.0
450000 807.0
455000 820.0
460000 826.0
465000 835.3
470000 831.3
475000 831.8
480000 843.2
485000 852.3
490000 840.5
495000 860.1
500000 823.0
505000 842.6
510000 836.2
515000 823.5
520000 833.2
525000 863.7
530000 821.3
535000 857.0
540000 842.7
545000 843.8
550000 870.1
555000 843.5
560000 843.1
565000 855.8
570000 838.8
575000 853.0
580000 864.6
585000 872.2
590000 854.0
595000 853.5
600000 842.5
605000 706.2
610000 741.4
615000 847.3
620000 823.9
625000 852.6
630000 856.3
635000 839.8
640000 839.3
645000 850.8
650000 861.3
655000 854.7
660000 871.4
665000 870.2
670000 887.1
675000 869.5
680000 867.3
685000 875.4
690000 874.1
695000 873.4
700000 863.2
705000 880.0
710000 885.5
715000 888.0
720000 868.6
725000 879.5
730000 877.1
735000 877.5
740000 883.3
745000 873.9
750000 880.3
755000 876.4
760000 879.9
765000 877.9
770000 887.3
775000 882.0
780000 893.2
785000 869.2
790000 881.7
795000 893.7
800000 887.7
805000 793.5
810000 819.9
815000 818.5
820000 844.9
825000 856.1
830000 889.3
835000 874.6
840000 890.1
845000 877.5
850000 892.9
855000 891.7
860000 891.0
865000 897.9
870000 873.4
875000 898.3
880000 886.4
885000 879.3
890000 895.2
895000 899.5
900000 903.4
905000 895.3
910000 894.6
915000 902.8
920000 877.1
925000 889.6
930000 862.0
935000 892.1
940000 884.1
945000 887.1
950000 887.5
955000 883.9
960000 903.5
965000 898.4
970000 886.2
975000 903.7
980000 890.2
985000 886.8
990000 904.7
995000 900.9
1000000 897.9
1005000 753.4
1010000 832.4
1015000 889.9
1020000 874.9
1025000 906.9
1030000 902.7
1035000 898.6
1040000 900.4
1045000 907.3
1050000 904.9
1055000 901.2
1060000 908.7
1065000 910.8
1070000 882.5
1075000 910.2
1080000 910.5
1085000 907.7
1090000 921.8
1095000 886.6
1100000 901.2
1105000 906.4
1110000 916.8
1115000 908.4
1120000 925.9
1125000 916.2
1130000 912.6
1135000 910.8
1140000 915.6
1145000 918.0
1150000 911.8
1155000 902.6
1160000 909.1
1165000 924.3
1170000 885.2
1175000 909.9
1180000 915.4
1185000 919.3
1190000 42.8
1195000 926.6
1200000 925.1
1205000 830.7
1210000 867.7
1215000 897.8
1220000 904.7
1225000 895.8
1230000 767.4
1235000 908.5
1240000 909.5
1245000 916.1
1250000 926.7
1255000 917.6
1260000 921.9
1265000 902.9
1270000 882.0
1275000 897.6
1280000 892.2
1285000 927.6
1290000 902.6
1295000 926.4
1300000 936.8
1305000 921.6
1310000 919.9
1315000 901.9
1320000 911.8
1325000 923.6
1330000 910.8
1335000 936.6
1340000 918.1
1345000 883.5
1350000 919.9
1355000 905.7
1360000 910.9
1365000 929.4
1370000 883.3
1375000 918.7
1380000 922.7
1385000 925.9
1390000 916.7
1395000 925.8
1400000 936.0
1405000 664.5
1410000 844.1
1415000 859.9
1420000 911.0
1425000 881.5
1430000 929.7
1435000 930.9
1440000 919.2
1445000 905.3
1450000 920.8
1455000 927.6
1460000 918.3
1465000 925.7
1470000 903.2
1475000 921.8
1480000 921.1
1485000 906.5
1490000 926.6
1495000 920.8
1500000 913.2
1505000 913.8
1510000 921.2
1515000 911.5
1520000 924.4
1525000 920.6
1530000 925.1
1535000 932.6
1540000 929.2
1545000 933.1
1550000 933.5
1555000 925.2
1560000 925.7
1565000 920.3
1570000 920.7
1575000 902.7
1580000 933.9
1585000 919.0
1590000 916.4
1595000 923.1
1600000 919.5
1605000 618.5
1610000 869.9
1615000 901.2
1620000 906.3
1625000 917.1
1630000 925.8
1635000 929.8
1640000 927.8
1645000 917.7
1650000 912.5
1655000 913.5
1660000 924.6
1665000 890.9
1670000 942.9
1675000 916.4
1680000 923.2
1685000 45.1
1690000 916.3
1695000 917.2
1700000 937.9
1705000 930.3
1710000 914.9
1715000 930.8
1720000 929.3
1725000 923.2
1730000 922.3
1735000 930.4
1740000 940.1
1745000 917.0
1750000 924.4
1755000 925.1
1760000 932.6
1765000 931.1
1770000 927.0
1775000 920.0
1780000 926.4
1785000 923.1
1790000 509.2
1795000 173.7
1800000 413.6
1805000 725.6
1810000 850.8
1815000 905.7
1820000 916.5
1825000 929.6
1830000 916.5
1835000 934.8
1840000 907.8
1845000 930.1
1850000 933.1
1855000 940.1
1860000 931.6
1865000 937.7
1870000 924.5
1875000 934.8
1880000 934.7
1885000 940.0
1890000 936.0
1895000 932.8
1900000 916.3
1905000 938.6
1910000 929.3
1915000 947.8
1920000 929.3
1925000 921.8
1930000 930.3
1935000 932.0
1940000 949.3
1945000 928.4
1950000 940.3
1955000 929.0
1960000 934.3
1965000 934.7
1970000 932.5
1975000 949.6
1980000 941.9
1985000 937.0
1990000 930.5
1995000 940.0
2000000 917.0
