5000 65.7
10000 124.8
15000 134.0
20000 135.0
25000 58.4
30000 61.8
35000 205.9
40000 154.0
45000 107.1
50000 105.2
55000 207.9
60000 82.3
65000 110.7
70000 62.6
75000 110.6
80000 122.4
85000 64.9
90000 115.6
95000 96.0
100000 135.6
105000 143.8
110000 138.7
115000 165.7
120000 154.2
125000 167.0
130000 175.4
135000 181.4
140000 178.8
145000 200.1
150000 292.1
155000 249.4
160000 236.3
165000 260.0
170000 293.2
175000 267.7
180000 241.8
185000 270.3
190000 278.7
195000 116.3
200000 289.8
205000 485.0
210000 482.6
215000 438.9
220000 493.5
225000 547.3
230000 510.4
235000 547.9
240000 556.5
245000 603.7
250000 617.4
255000 581.8
260000 589.6
265000 560.2
270000 638.4
275000 575.9
280000 668.5
285000 676.6
290000 619.7
295000 645.9
300000 664.8
305000 668.8
310000 711.3
315000 704.3
320000 704.0
325000 714.8
330000 725.6
335000 611.0
340000 742.9
345000 622.2
350000 788.4
355000 785.4
360000 756.0
365000 767.6
370000 726.1
375000 745.4
380000 798.3
385000 804.9
390000 804.7
395000 760.7
400000 754.0
405000 740.5
410000 830.6
415000 774.7
420000 849.3
425000 834.7
430000 823.7
435000 839.1
440000 879.3
445000 881.7
450000 849.5
455000 858.5
460000 857.3
465000 850.2
470000 854.8
475000 879.7
480000 891.4
485000 875.6
490000 895.9
495000 889.7
500000 887.3
505000 892.5
510000 880.2
515000 900.8
520000 908.8
525000 882.5
530000 879.6
535000 906.9
540000 908.1
545000 911.2
550000 910.3
555000 868.6
560000 884.3
565000 835.3
570000 883.5
575000 918.2
580000 878.5
585000 901.6
590000 927.2
595000 909.4
600000 920.2
605000 790.2
610000 870.1
615000 819.9
620000 903.2
625000 909.2
630000 910.6
635000 932.9
640000 939.1
645000 915.5
650000 926.8
655000 922.2
660000 925.1
665000 902.6
670000 924.5
675000 931.5
680000 929.3
685000 928.0
690000 914.1
695000 939.4
700000 905.7
705000 922.3
710000 927.5
715000 932.7
720000 942.1
725000 924.2
730000 914.4
735000 896.7
740000 907.0
745000 935.2
750000 930.3
755000 917.5
760000 930.3
765000 926.9
770000 940.2
775000 929.7
780000 891.1
785000 938.9
790000 936.4
795000 939.1
800000 941.0
805000 755.9
810000 884.7
815000 901.8
820000 944.8
825000 946.9
830000 932.6
835000 929.2
840000 927.7
845000 954.4
850000 934.8
855000 934.9
860000 937.0
865000 942.8
870000 940.7
875000 942.9
880000 927.7
885000 927.8
890000 951.4
895000 929.0
900000 944.2
905000 936.8
910000 912.5
915000 937.9
920000 944.5
925000 947.8
930000 942.1
935000 946.0
940000 935.5
945000 944.8
950000 952.9
955000 954.2
960000 936.9
965000 945.4
970000 934.5
975000 930.1
980000 924.7
985000 942.2
990000 943.1
995000 939.5
1000000 934.9
1005000 888.5
1010000 926.1
1015000 938.9
1020000 947.7
1025000 928.9
1030000 936.1
1035000 952.3
1040000 951.9
1045000 937.6
1050000 942.3
1055000 947.9
1060000 914.2
1065000 939.2
1070000 945.9
1075000 945.3
1080000 932.8
1085000 955.9
1090000 935.9
1095000 945.0
1100000 936.9
1105000 945.2
1110000 948.3
1115000 930.4
1120000 930.5
1125000 951.0
1130000 933.2
1135000 937.9
1140000 943.8
1145000 940.7
1150000 954.2
1155000 927.4
1160000 936.9
1165000 950.3
1170000 956.6
1175000 945.9
1180000 931.1
1185000 927.6
1190000 946.0
1195000 947.8
1200000 937.6
1205000 658.0
1210000 771.2
1215000 922.0
1220000 922.4
1225000 919.9
1230000 923.0
1235000 920.8
1240000 941.8
1245000 936.1
1250000 922.3
1255000 918.6
1260000 937.4
1265000 940.0
1270000 950.4
1275000 942.3
1280000 81.0
1285000 953.0
1290000 947.7
1295000 933.4
1300000 934.4
1305000 944.1
1310000 936.4
1315000 938.9
1320000 934.3
1325000 940.5
1330000 940.2
1335000 953.5
1340000 926.4
1345000 950.7
1350000 924.7
1355000 955.2
1360000 933.7
1365000 944.0
1370000 952.2
1375000 921.3
1380000 946.0
1385000 919.5
1390000 941.4
1395000 933.5
1400000 927.3
1405000 579.6
1410000 924.5
1415000 943.4
1420000 907.9
1425000 928.6
1430000 918.3
1435000 934.3
1440000 935.4
1445000 955.8
1450000 946.3
1455000 949.6
1460000 943.5
1465000 935.7
1470000 930.8
1475000 926.5
1480000 932.2
1485000 943.2
1490000 943.6
1495000 948.1
1500000 947.4
1505000 941.2
1510000 931.5
1515000 921.5
1520000 939.7
1525000 931.7
1530000 926.2
1535000 933.1
1540000 933.6
1545000 916.7
1550000 944.1
1555000 956.7
1560000 928.4
1565000 939.9
1570000 937.4
1575000 947.5
1580000 941.3
1585000 928.8
1590000 911.8
1595000 932.0
1600000 936.4
1605000 852.0
1610000 934.8
1615000 945.1
1620000 932.4
1625000 936.9
1630000 938.2
1635000 940.8
1640000 956.1
1645000 957.6
1650000 943.3
1655000 953.5
1660000 931.1
1665000 913.4
1670000 950.5
1675000 946.1
1680000 930.8
1685000 929.4
1690000 944.0
1695000 944.4
1700000 953.3
1705000 927.5
1710000 952.3
1715000 937.3
1720000 933.9
1725000 943.3
1730000 950.3
1735000 934.6
1740000 946.9
1745000 945.7
1750000 941.3
1755000 953.9
1760000 938.2
1765000 947.5
1770000 929.6
1775000 933.6
1780000 917.9
1785000 938.0
1790000 943.7
1795000 944.1
1800000 929.0
1805000 733.9
1810000 908.1
1815000 915.9
1820000 943.9
1825000 950.1
1830000 936.7
1835000 949.3
1840000 919.9
1845000 943.4
1850000 933.7
1855000 949.8
1860000 932.4
1865000 936.4
1870000 933.9
1875000 943.0
1880000 907.6
1885000 943.6
1890000 948.7
1895000 952.6
1900000 945.7
1905000 947.0
1910000 934.7
1915000 947.6
1920000 925.4
1925000 896.6
1930000 950.8
1935000 920.4
1940000 903.5
1945000 925.1
1950000 938.0
1955000 951.3
1960000 959.8
1965000 935.2
1970000 949.2
1975000 918.8
1980000 943.8
1985000 948.5
1990000 928.0
1995000 955.0
2000000 952.0
