10000 50.8
20000 161.3
30000 61.5
40000 67.3
50000 188.0
60000 14.4
70000 32.0
80000 45.1
90000 75.9
100000 47.4
110000 30.0
120000 70.3
130000 60.3
140000 58.2
150000 49.4
160000 56.6
170000 94.6
180000 161.4
190000 193.3
200000 189.6
210000 34.1
220000 188.5
230000 208.0
240000 199.4
250000 311.9
260000 281.2
270000 217.7
280000 185.8
290000 294.2
300000 277.6
310000 269.2
320000 154.7
330000 214.5
340000 220.1
350000 258.6
360000 239.1
370000 255.0
380000 334.2
390000 307.9
400000 316.7
410000 122.2
420000 349.8
430000 361.4
440000 373.3
450000 451.5
460000 396.1
470000 375.9
480000 372.0
490000 365.3
500000 420.9
510000 374.2
520000 551.1
530000 431.2
540000 536.0
550000 346.9
560000 501.1
570000 458.2
580000 449.8
590000 518.0
600000 519.3
610000 169.9
620000 440.7
630000 320.3
640000 436.4
650000 556.1
660000 575.8
670000 446.3
680000 520.9
690000 549.6
700000 529.4
710000 497.2
720000 574.0
730000 605.5
740000 546.7
750000 532.3
760000 591.4
770000 582.3
780000 470.7
790000 522.8
800000 404.6
810000 74.1
820000 504.4
830000 655.7
840000 672.5
850000 689.9
860000 543.4
870000 594.4
880000 737.0
890000 621.7
900000 755.8
910000 625.4
920000 760.1
930000 755.1
940000 668.8
950000 754.1
960000 725.8
970000 737.8
980000 802.8
990000 818.8
1000000 669.4
1010000 164.3
1020000 596.4
1030000 659.7
1040000 517.5
1050000 584.7
1060000 626.4
1070000 533.9
1080000 721.2
1090000 662.9
1100000 594.9
1110000 480.0
1120000 627.5
1130000 607.6
1140000 518.6
1150000 610.6
1160000 618.6
1170000 669.1
1180000 574.2
1190000 580.7
1200000 545.4
1210000 57.8
1220000 510.4
1230000 419.3
1240000 740.2
1250000 587.7
1260000 581.2
1270000 480.0
1280000 576.1
1290000 655.3
1300000 631.6
1310000 649.4
1320000 673.0
1330000 527.1
1340000 578.8
1350000 565.9
1360000 510.7
1370000 696.6
1380000 654.7
1390000 689.1
1400000 583.5
1410000 301.1
1420000 541.7
1430000 597.0
1440000 566.3
1450000 332.6
1460000 765.8
1470000 643.4
1480000 729.8
1490000 545.2
1500000 577.1
1510000 496.7
1520000 602.4
1530000 612.7
1540000 703.4
1550000 648.0
1560000 666.9
1570000 723.0
1580000 699.0
1590000 753.2
1600000 509.6
1610000 163.9
1620000 707.2
1630000 443.6
1640000 600.3
1650000 442.1
1660000 713.8
1670000 615.8
1680000 576.9
1690000 628.8
1700000 623.4
1710000 645.1
1720000 698.8
1730000 523.1
1740000 662.1
1750000 650.2
1760000 645.4
1770000 676.5
1780000 640.0
1790000 609.2
1800000 662.9
1810000 96.5
1820000 604.1
1830000 627.5
1840000 648.8
1850000 669.6
1860000 569.6
1870000 683.8
1880000 717.0
1890000 735.5
1900000 576.8
1910000 650.9
1920000 668.3
1930000 655.7
1940000 729.5
1950000 739.6
1960000 772.4
1970000 650.4
1980000 691.4
1990000 747.0
2000000 638.6
