10000 65.6
20000 59.1
30000 71.8
40000 103.1
50000 49.9
60000 118.0
70000 92.2
80000 68.9
90000 82.8
100000 97.2
110000 220.3
120000 73.0
130000 37.7
140000 181.2
150000 74.5
160000 98.4
170000 41.8
180000 50.2
190000 80.7
200000 65.4
210000 101.0
220000 67.9
230000 157.4
240000 186.2
250000 189.8
260000 147.8
270000 233.6
280000 271.2
290000 176.3
300000 187.0
310000 307.4
320000 213.9
330000 156.1
340000 210.4
350000 151.2
360000 270.2
370000 194.3
380000 318.1
390000 265.9
400000 243.7
410000 38.9
420000 264.7
430000 237.1
440000 220.1
450000 248.1
460000 318.0
470000 304.3
480000 234.5
490000 384.0
500000 332.7
510000 348.7
520000 365.4
530000 274.5
540000 361.2
550000 402.6
560000 397.6
570000 422.2
580000 391.3
590000 305.2
600000 290.5
610000 23.6
620000 405.4
630000 351.6
640000 358.9
650000 492.3
660000 502.3
670000 619.3
680000 605.0
690000 650.5
700000 607.6
710000 502.1
720000 693.0
730000 650.2
740000 588.2
750000 639.4
760000 726.3
770000 674.1
780000 629.2
790000 655.2
800000 576.2
810000 68.5
820000 575.7
830000 645.0
840000 524.3
850000 661.9
860000 624.4
870000 663.2
880000 636.7
890000 572.8
900000 603.2
910000 610.8
920000 591.5
930000 618.0
940000 642.1
950000 669.9
960000 547.6
970000 658.0
980000 645.5
990000 729.9
1000000 578.6
1010000 130.3
1020000 578.1
1030000 692.5
1040000 720.5
1050000 634.0
1060000 692.8
1070000 518.4
1080000 651.4
1090000 507.1
1100000 601.2
1110000 493.6
1120000 484.1
1130000 634.3
1140000 632.6
1150000 606.0
1160000 774.3
1170000 728.4
1180000 663.5
1190000 593.9
1200000 547.0
1210000 297.9
1220000 704.5
1230000 646.0
1240000 581.9
1250000 622.8
1260000 717.0
1270000 614.3
1280000 762.7
1290000 738.8
1300000 754.5
1310000 637.0
1320000 558.9
1330000 725.3
1340000 609.9
1350000 688.3
1360000 662.5
1370000 634.7
1380000 661.5
1390000 748.2
1400000 701.6
1410000 198.1
1420000 634.4
1430000 716.2
1440000 650.6
1450000 623.0
1460000 655.1
1470000 544.7
1480000 680.6
1490000 730.2
1500000 645.2
1510000 537.6
1520000 691.0
1530000 575.4
1540000 613.5
1550000 551.0
1560000 653.7
1570000 638.2
1580000 675.5
1590000 500.7
1600000 664.1
1610000 299.6
1620000 569.4
1630000 647.5
1640000 548.9
1650000 480.1
1660000 660.2
1670000 713.2
1680000 652.8
1690000 736.5
1700000 613.2
1710000 635.0
1720000 629.1
1730000 529.9
1740000 615.7
1750000 583.4
1760000 624.6
1770000 553.6
1780000 529.8
1790000 626.7
1800000 617.5
1810000 134.9
1820000 601.4
1830000 578.2
1840000 519.8
1850000 595.7
1860000 551.0
1870000 583.6
1880000 703.2
1890000 668.9
1900000 636.5
1910000 636.0
1920000 664.3
1930000 539.9
1940000 705.6
1950000 650.9
1960000 666.2
1970000 739.8
1980000 663.8
1990000 605.9
2000000 767.2
