10000 55.7
20000 99.8
30000 67.8
40000 149.4
50000 40.9
60000 29.9
70000 127.9
80000 74.6
90000 78.4
100000 105.0
110000 47.9
120000 137.8
130000 111.2
140000 114.1
150000 85.8
160000 56.5
170000 80.8
180000 174.6
190000 48.7
200000 114.8
210000 21.9
220000 30.3
230000 150.4
240000 162.8
250000 123.9
260000 106.5
270000 209.3
280000 112.6
290000 248.1
300000 239.1
310000 176.7
320000 163.7
330000 125.1
340000 128.7
350000 125.2
360000 203.5
370000 153.0
380000 189.2
390000 261.7
400000 270.5
410000 21.2
420000 131.4
430000 264.1
440000 318.1
450000 315.0
460000 264.1
470000 290.5
480000 299.3
490000 368.0
500000 344.3
510000 328.9
520000 352.1
530000 360.5
540000 359.4
550000 335.7
560000 362.5
570000 329.2
580000 395.3
590000 386.2
600000 389.1
610000 18.9
620000 312.9
630000 385.5
640000 392.0
650000 357.5
660000 434.5
670000 319.1
680000 516.7
690000 475.5
700000 429.3
710000 450.3
720000 490.0
730000 527.7
740000 504.5
750000 478.7
760000 514.7
770000 442.7
780000 472.7
790000 485.8
800000 549.3
810000 24.8
820000 573.8
830000 631.2
840000 620.3
850000 617.3
860000 546.9
870000 601.3
880000 580.1
890000 546.0
900000 552.6
910000 628.4
920000 617.4
930000 593.7
940000 562.9
950000 670.5
960000 663.5
970000 603.2
980000 669.7
990000 707.6
1000000 526.7
1010000 66.9
1020000 620.9
1030000 586.1
1040000 640.9
1050000 575.6
1060000 563.0
1070000 581.7
1080000 646.3
1090000 681.9
1100000 577.1
1110000 624.8
1120000 586.7
1130000 624.7
1140000 632.5
1150000 788.7
1160000 554.0
1170000 605.8
1180000 660.7
1190000 639.4
1200000 679.5
1210000 92.3
1220000 600.3
1230000 481.9
1240000 663.7
1250000 661.0
1260000 725.9
1270000 752.3
1280000 705.6
1290000 604.1
1300000 614.4
1310000 607.6
1320000 664.5
1330000 678.2
1340000 690.1
1350000 762.5
1360000 658.4
1370000 598.7
1380000 749.6
1390000 555.3
1400000 713.7
1410000 20.2
1420000 555.2
1430000 592.3
1440000 631.4
1450000 620.2
1460000 634.7
1470000 756.4
1480000 646.8
1490000 562.3
1500000 695.7
1510000 685.9
1520000 689.5
1530000 744.0
1540000 755.4
1550000 656.4
1560000 744.0
1570000 714.0
1580000 634.7
1590000 692.6
1600000 590.6
1610000 18.9
1620000 730.8
1630000 700.6
1640000 593.2
1650000 588.7
1660000 751.7
1670000 726.7
1680000 759.2
1690000 605.8
1700000 555.8
1710000 726.4
1720000 733.3
1730000 726.7
1740000 747.6
1750000 739.4
1760000 703.7
1770000 610.0
1780000 767.9
1790000 657.5
1800000 603.0
1810000 120.7
1820000 782.7
1830000 750.6
1840000 675.2
1850000 722.3
1860000 615.4
1870000 727.9
1880000 343.2
1890000 734.0
1900000 411.0
1910000 778.4
1920000 671.7
1930000 555.8
1940000 424.5
1950000 519.2
1960000 431.3
1970000 664.1
1980000 550.5
1990000 691.8
2000000 709.0
