10000 37.7
20000 22.1
30000 43.6
40000 30.4
50000 72.5
60000 48.6
70000 77.8
80000 81.4
90000 109.1
100000 85.3
110000 90.5
120000 160.8
130000 78.7
140000 70.3
150000 57.7
160000 136.7
170000 53.5
180000 133.5
190000 71.4
200000 84.0
210000 46.4
220000 101.6
230000 272.7
240000 126.9
250000 189.6
260000 215.3
270000 117.5
280000 122.9
290000 162.8
300000 181.2
310000 186.1
320000 207.8
330000 255.6
340000 163.7
350000 137.3
360000 208.9
370000 260.9
380000 267.3
390000 254.8
400000 364.6
410000 10.9
420000 475.0
430000 333.1
440000 359.1
450000 303.9
460000 220.5
470000 270.8
480000 316.5
490000 294.4
500000 382.3
510000 349.4
520000 327.1
530000 416.6
540000 269.1
550000 380.7
560000 366.9
570000 307.9
580000 263.0
590000 395.3
600000 333.4
610000 41.9
620000 412.7
630000 525.7
640000 551.4
650000 595.5
660000 485.7
670000 534.8
680000 515.0
690000 453.9
700000 439.6
710000 497.4
720000 450.9
730000 522.3
740000 561.6
750000 549.7
760000 538.1
770000 608.9
780000 466.1
790000 523.5
800000 564.6
810000 51.2
820000 421.5
830000 677.8
840000 694.9
850000 563.9
860000 552.3
870000 699.1
880000 641.3
890000 632.3
900000 757.8
910000 628.9
920000 675.2
930000 695.7
940000 748.6
950000 573.1
960000 629.7
970000 678.9
980000 682.4
990000 713.5
1000000 522.4
1010000 217.5
1020000 705.9
1030000 722.6
1040000 621.0
1050000 491.4
1060000 370.3
1070000 606.9
1080000 620.7
1090000 545.2
1100000 702.3
1110000 564.2
1120000 579.7
1130000 618.9
1140000 567.9
1150000 665.7
1160000 600.4
1170000 617.6
1180000 683.4
1190000 568.6
1200000 530.8
1210000 68.5
1220000 688.4
1230000 706.4
1240000 637.3
1250000 659.5
1260000 554.6
1270000 731.2
1280000 655.8
1290000 713.8
1300000 750.4
1310000 690.0
1320000 536.7
1330000 649.5
1340000 687.2
1350000 735.2
1360000 763.5
1370000 600.3
1380000 569.5
1390000 628.0
1400000 717.1
1410000 95.6
1420000 851.2
1430000 688.3
1440000 841.8
1450000 513.9
1460000 725.2
1470000 708.4
1480000 675.5
1490000 752.6
1500000 733.9
1510000 737.8
1520000 658.6
1530000 731.9
1540000 714.1
1550000 542.1
1560000 708.5
1570000 807.4
1580000 665.8
1590000 526.8
1600000 644.5
1610000 102.3
1620000 768.4
1630000 767.9
1640000 613.2
1650000 763.1
1660000 668.1
1670000 741.5
1680000 528.6
1690000 804.2
1700000 838.2
1710000 706.0
1720000 694.0
1730000 598.9
1740000 737.5
1750000 711.6
1760000 776.8
1770000 735.7
1780000 775.2
1790000 683.5
1800000 580.4
1810000 146.3
1820000 765.2
1830000 628.3
1840000 814.4
1850000 774.4
1860000 589.5
1870000 741.7
1880000 646.1
1890000 681.0
1900000 878.9
1910000 791.7
1920000 792.0
1930000 569.5
1940000 643.1
1950000 673.9
1960000 619.6
1970000 794.6
1980000 727.8
1990000 708.5
2000000 729.8
