10000 160.1
20000 51.3
30000 187.4
40000 37.0
50000 64.5
60000 71.3
70000 14.7
80000 91.8
90000 129.3
100000 114.0
110000 64.2
120000 105.5
130000 76.5
140000 87.4
150000 123.8
160000 24.7
170000 58.0
180000 45.6
190000 24.9
200000 32.2
210000 8.8
220000 148.3
230000 64.8
240000 91.0
250000 126.7
260000 141.1
270000 143.0
280000 100.2
290000 187.7
300000 168.9
310000 148.7
320000 147.7
330000 211.6
340000 136.6
350000 97.9
360000 83.4
370000 77.8
380000 176.9
390000 29.8
400000 118.9
410000 86.5
420000 210.6
430000 271.9
440000 157.7
450000 258.7
460000 257.3
470000 204.2
480000 111.7
490000 205.0
500000 277.2
510000 277.9
520000 119.2
530000 192.1
540000 178.2
550000 377.4
560000 220.7
570000 333.5
580000 414.2
590000 215.2
600000 326.0
610000 104.8
620000 267.2
630000 291.8
640000 384.5
650000 315.0
660000 388.9
670000 432.4
680000 420.3
690000 325.9
700000 370.6
710000 442.3
720000 377.7
730000 364.9
740000 440.5
750000 414.4
760000 414.3
770000 444.5
780000 411.2
790000 315.7
800000 496.2
810000 39.3
820000 349.9
830000 538.8
840000 381.6
850000 489.9
860000 402.2
870000 486.0
880000 358.8
890000 527.1
900000 500.6
910000 480.1
920000 468.1
930000 638.1
940000 638.0
950000 637.4
960000 626.7
970000 664.1
980000 622.4
990000 651.1
1000000 582.6
1010000 53.7
1020000 607.6
1030000 526.9
1040000 461.8
1050000 673.1
1060000 610.5
1070000 556.5
1080000 599.9
1090000 703.8
1100000 647.0
1110000 617.5
1120000 586.5
1130000 626.0
1140000 387.6
1150000 682.9
1160000 679.4
1170000 760.5
1180000 596.0
1190000 541.5
1200000 488.4
1210000 117.2
1220000 461.4
1230000 547.8
1240000 320.9
1250000 444.3
1260000 581.7
1270000 516.4
1280000 635.4
1290000 647.0
1300000 590.1
1310000 542.2
1320000 552.8
1330000 665.5
1340000 665.5
1350000 633.3
1360000 640.4
1370000 581.9
1380000 515.4
1390000 567.3
1400000 662.1
1410000 249.1
1420000 756.0
1430000 803.9
1440000 597.6
1450000 719.1
1460000 548.1
1470000 532.2
1480000 678.8
1490000 573.1
1500000 536.5
1510000 600.0
1520000 630.9
1530000 678.4
1540000 455.7
1550000 585.2
1560000 627.7
1570000 525.0
1580000 511.8
1590000 552.1
1600000 763.7
1610000 113.4
1620000 668.9
1630000 477.1
1640000 595.0
1650000 687.4
1660000 531.8
1670000 605.4
1680000 504.3
1690000 668.8
1700000 677.3
1710000 442.0
1720000 563.4
1730000 732.2
1740000 579.8
1750000 499.6
1760000 561.1
1770000 687.9
1780000 533.1
1790000 685.2
1800000 651.3
1810000 166.5
1820000 625.6
1830000 416.0
1840000 551.0
1850000 492.7
1860000 618.8
1870000 514.8
1880000 533.0
1890000 648.2
1900000 578.0
1910000 449.9
1920000 603.0
1930000 642.7
1940000 587.5
1950000 424.1
1960000 639.0
1970000 494.1
1980000 622.5
1990000 520.8
2000000 634.1
