10000 141.4
20000 80.4
30000 60.8
40000 15.8
50000 43.7
60000 124.1
70000 122.3
80000 63.0
90000 77.8
100000 45.7
110000 91.5
120000 46.9
130000 66.1
140000 73.4
150000 72.4
160000 50.9
170000 34.4
180000 120.6
190000 13.0
200000 58.6
210000 80.3
220000 167.3
230000 263.0
240000 152.2
250000 190.2
260000 180.5
270000 199.2
280000 254.0
290000 301.1
300000 283.8
310000 92.3
320000 163.2
330000 111.1
340000 123.1
350000 104.5
360000 189.6
370000 179.9
380000 188.8
390000 180.3
400000 303.6
410000 9.5
420000 204.3
430000 330.5
440000 297.1
450000 297.9
460000 282.4
470000 216.3
480000 314.2
490000 318.5
500000 251.8
510000 358.3
520000 376.7
530000 404.5
540000 393.9
550000 361.6
560000 417.3
570000 297.3
580000 378.2
590000 306.0
600000 367.9
610000 38.6
620000 429.5
630000 511.6
640000 406.6
650000 387.6
660000 489.7
670000 399.5
680000 518.5
690000 458.9
700000 487.1
710000 504.3
720000 459.2
730000 482.7
740000 514.1
750000 428.5
760000 524.7
770000 484.9
780000 424.6
790000 466.6
800000 438.4
810000 119.3
820000 533.7
830000 664.6
840000 650.0
850000 576.7
860000 587.9
870000 586.6
880000 538.3
890000 456.7
900000 556.8
910000 669.4
920000 630.9
930000 482.3
940000 541.1
950000 602.6
960000 533.1
970000 594.6
980000 600.4
990000 551.7
1000000 622.8
1010000 47.3
1020000 550.8
1030000 564.6
1040000 677.7
1050000 692.9
1060000 575.0
1070000 613.4
1080000 628.0
1090000 570.0
1100000 694.5
1110000 696.3
1120000 488.9
1130000 623.6
1140000 665.6
1150000 638.0
1160000 646.5
1170000 511.2
1180000 678.0
1190000 753.9
1200000 555.3
1210000 16.9
1220000 360.6
1230000 571.6
1240000 600.5
1250000 551.4
1260000 556.7
1270000 489.2
1280000 575.4
1290000 434.3
1300000 452.2
1310000 387.8
1320000 495.1
1330000 696.8
1340000 602.2
1350000 655.9
1360000 638.3
1370000 614.0
1380000 717.7
1390000 626.4
1400000 622.2
1410000 77.3
1420000 440.6
1430000 562.0
1440000 594.3
1450000 558.8
1460000 666.3
1470000 552.4
1480000 651.0
1490000 628.0
1500000 477.2
1510000 572.6
1520000 614.0
1530000 540.5
1540000 512.8
1550000 602.3
1560000 538.7
1570000 602.8
1580000 599.3
1590000 526.3
1600000 702.4
1610000 176.9
1620000 576.6
1630000 698.9
1640000 655.4
1650000 629.2
1660000 499.2
1670000 680.3
1680000 600.4
1690000 667.6
1700000 732.9
1710000 581.4
1720000 641.1
1730000 666.1
1740000 601.5
1750000 598.8
1760000 697.0
1770000 470.6
1780000 600.6
1790000 537.3
1800000 638.8
1810000 96.8
1820000 369.0
1830000 483.0
1840000 729.0
1850000 550.8
1860000 556.2
1870000 759.6
1880000 499.5
1890000 547.2
1900000 551.0
1910000 554.7
1920000 565.4
1930000 654.4
1940000 481.1
1950000 524.9
1960000 420.6
1970000 523.6
1980000 423.3
1990000 598.1
2000000 430.2
