10000 29.0
20000 39.0
30000 61.9
40000 38.3
50000 111.9
60000 175.4
70000 108.4
80000 52.2
90000 38.9
100000 101.6
110000 27.8
120000 51.8
130000 65.7
140000 92.7
150000 22.6
160000 60.3
170000 64.0
180000 121.4
190000 91.6
200000 63.5
210000 107.4
220000 86.7
230000 188.0
240000 242.5
250000 165.7
260000 312.7
270000 195.4
280000 224.9
290000 272.6
300000 283.0
310000 266.6
320000 352.1
330000 255.9
340000 325.0
350000 292.9
360000 374.7
370000 329.0
380000 239.8
390000 283.0
400000 294.8
410000 16.9
420000 272.1
430000 306.5
440000 280.2
450000 299.6
460000 242.1
470000 334.5
480000 355.3
490000 340.0
500000 341.0
510000 451.4
520000 436.8
530000 452.7
540000 366.0
550000 392.7
560000 402.1
570000 377.6
580000 475.6
590000 450.0
600000 462.0
610000 137.2
620000 473.2
630000 620.4
640000 501.2
650000 526.8
660000 581.3
670000 697.2
680000 545.4
690000 723.1
700000 485.3
710000 600.8
720000 660.0
730000 464.9
740000 464.7
750000 648.5
760000 553.2
770000 604.3
780000 529.0
790000 680.7
800000 382.0
810000 139.6
820000 496.3
830000 695.3
840000 609.1
850000 476.3
860000 580.4
870000 589.1
880000 645.8
890000 527.9
900000 446.0
910000 482.8
920000 624.8
930000 470.1
940000 624.0
950000 649.6
960000 675.7
970000 583.5
980000 538.4
990000 389.8
1000000 385.9
1010000 128.0
1020000 516.8
1030000 584.7
1040000 400.4
1050000 544.3
1060000 595.3
1070000 628.0
1080000 629.4
1090000 550.8
1100000 568.7
1110000 710.3
1120000 555.1
1130000 586.2
1140000 656.1
1150000 638.2
1160000 593.5
1170000 649.5
1180000 653.2
1190000 662.8
1200000 620.1
1210000 160.7
1220000 585.1
1230000 515.2
1240000 522.7
1250000 568.1
1260000 641.6
1270000 728.3
1280000 664.5
1290000 700.3
1300000 633.9
1310000 616.2
1320000 745.1
1330000 605.6
1340000 628.8
1350000 729.6
1360000 602.8
1370000 649.8
1380000 763.9
1390000 796.3
1400000 732.4
1410000 16.6
1420000 573.7
1430000 647.3
1440000 734.3
1450000 719.8
1460000 690.9
1470000 597.9
1480000 738.8
1490000 586.3
1500000 706.2
1510000 642.9
1520000 670.0
1530000 606.0
1540000 661.7
1550000 613.5
1560000 610.0
1570000 646.7
1580000 670.8
1590000 712.9
1600000 613.7
1610000 137.9
1620000 680.6
1630000 688.7
1640000 763.5
1650000 655.0
1660000 693.0
1670000 749.0
1680000 619.8
1690000 635.1
1700000 628.8
1710000 690.3
1720000 797.0
1730000 706.6
1740000 696.3
1750000 611.2
1760000 598.1
1770000 674.1
1780000 712.4
1790000 692.9
1800000 675.4
1810000 28.8
1820000 481.7
1830000 539.7
1840000 679.1
1850000 635.3
1860000 678.0
1870000 712.9
1880000 657.0
1890000 749.0
1900000 589.3
1910000 781.3
1920000 718.4
1930000 744.0
1940000 585.6
1950000 589.5
1960000 542.6
1970000 617.9
1980000 535.1
1990000 645.0
2000000 690.4
