10000 63.8
20000 82.9
30000 207.4
40000 191.2
50000 155.6
60000 142.8
70000 51.2
80000 112.8
90000 213.9
100000 146.8
110000 65.1
120000 105.1
130000 126.6
140000 68.1
150000 62.0
160000 42.5
170000 47.3
180000 105.0
190000 77.4
200000 55.6
210000 79.2
220000 128.4
230000 221.0
240000 206.6
250000 205.4
260000 156.5
270000 150.9
280000 201.6
290000 220.2
300000 124.4
310000 221.6
320000 75.7
330000 288.9
340000 108.1
350000 165.3
360000 232.3
370000 210.2
380000 189.7
390000 178.9
400000 206.1
410000 98.8
420000 203.9
430000 261.9
440000 344.9
450000 291.5
460000 284.5
470000 360.7
480000 279.7
490000 412.9
500000 389.3
510000 372.0
520000 282.3
530000 425.4
540000 345.9
550000 343.0
560000 383.6
570000 370.3
580000 374.3
590000 416.3
600000 402.4
610000 70.4
620000 466.6
630000 423.9
640000 490.0
650000 458.8
660000 528.8
670000 484.0
680000 562.3
690000 618.0
700000 646.4
710000 710.1
720000 448.5
730000 704.2
740000 613.7
750000 663.1
760000 478.9
770000 640.9
780000 534.9
790000 605.6
800000 564.9
810000 44.6
820000 455.9
830000 718.7
840000 668.4
850000 683.2
860000 603.4
870000 667.6
880000 638.1
890000 601.3
900000 600.0
910000 661.0
920000 463.5
930000 425.2
940000 545.1
950000 534.5
960000 667.9
970000 692.1
980000 584.2
990000 689.9
1000000 685.1
1010000 41.7
1020000 557.2
1030000 513.0
1040000 676.9
1050000 620.8
1060000 593.3
1070000 628.6
1080000 580.3
1090000 674.1
1100000 636.1
1110000 765.2
1120000 680.5
1130000 652.9
1140000 528.7
1150000 709.5
1160000 615.6
1170000 758.0
1180000 542.6
1190000 698.7
1200000 573.1
1210000 187.2
1220000 493.9
1230000 549.9
1240000 603.8
1250000 770.6
1260000 658.9
1270000 762.9
1280000 603.4
1290000 442.7
1300000 749.6
1310000 745.5
1320000 648.0
1330000 657.8
1340000 587.8
1350000 627.9
1360000 524.0
1370000 670.5
1380000 722.2
1390000 607.5
1400000 648.6
1410000 72.8
1420000 461.1
1430000 670.1
1440000 708.9
1450000 592.6
1460000 620.1
1470000 507.2
1480000 561.8
1490000 601.3
1500000 499.7
1510000 655.5
1520000 605.1
1530000 455.2
1540000 698.7
1550000 551.3
1560000 773.8
1570000 722.3
1580000 715.8
1590000 648.0
1600000 527.4
1610000 135.9
1620000 593.0
1630000 722.4
1640000 598.4
1650000 594.1
1660000 725.6
1670000 580.2
1680000 709.0
1690000 630.1
1700000 669.5
1710000 707.5
1720000 627.3
1730000 724.4
1740000 772.8
1750000 693.9
1760000 708.2
1770000 666.5
1780000 751.3
1790000 638.2
1800000 741.0
1810000 105.7
1820000 453.9
1830000 589.0
1840000 648.2
1850000 695.0
1860000 783.9
1870000 664.4
1880000 597.3
1890000 788.5
1900000 589.9
1910000 719.6
1920000 622.7
1930000 644.8
1940000 534.7
1950000 643.9
1960000 604.9
1970000 328.0
1980000 640.3
1990000 564.2
2000000 548.9
