10000 68.5
20000 17.4
30000 34.6
40000 110.9
50000 113.4
60000 66.1
70000 28.1
80000 33.6
90000 63.5
100000 70.0
110000 64.4
120000 35.2
130000 32.0
140000 46.5
150000 49.6
160000 42.2
170000 74.7
180000 69.7
190000 27.1
200000 130.1
210000 13.3
220000 64.9
230000 91.6
240000 150.3
250000 199.5
260000 127.6
270000 81.7
280000 191.8
290000 170.1
300000 103.3
310000 143.7
320000 201.7
330000 183.4
340000 136.2
350000 152.3
360000 219.6
370000 171.2
380000 169.9
390000 149.2
400000 244.1
410000 24.4
420000 279.5
430000 267.6
440000 309.6
450000 352.1
460000 275.0
470000 456.2
480000 334.2
490000 381.8
500000 387.8
510000 294.7
520000 367.2
530000 359.9
540000 447.8
550000 326.8
560000 376.7
570000 426.4
580000 346.0
590000 421.6
600000 466.1
610000 80.6
620000 473.6
630000 441.9
640000 514.0
650000 492.6
660000 566.2
670000 493.9
680000 573.4
690000 630.5
700000 559.9
710000 693.6
720000 501.5
730000 564.8
740000 554.1
750000 584.0
760000 515.3
770000 512.8
780000 520.8
790000 593.2
800000 644.6
810000 156.7
820000 530.3
830000 662.2
840000 556.6
850000 532.5
860000 475.2
870000 484.4
880000 513.3
890000 632.8
900000 610.6
910000 637.5
920000 548.8
930000 460.1
940000 582.5
950000 525.5
960000 519.6
970000 608.5
980000 614.7
990000 655.0
1000000 626.2
1010000 139.7
1020000 559.9
1030000 534.2
1040000 690.8
1050000 722.7
1060000 471.4
1070000 606.9
1080000 682.4
1090000 566.8
1100000 661.0
1110000 621.1
1120000 690.7
1130000 508.5
1140000 544.2
1150000 553.4
1160000 663.0
1170000 478.3
1180000 607.4
1190000 716.6
1200000 737.9
1210000 155.4
1220000 669.9
1230000 620.6
1240000 586.9
1250000 636.8
1260000 747.2
1270000 724.1
1280000 695.7
1290000 773.8
1300000 705.6
1310000 665.9
1320000 584.8
1330000 711.6
1340000 579.9
1350000 661.7
1360000 662.3
1370000 732.1
1380000 654.7
1390000 720.4
1400000 715.3
1410000 295.8
1420000 689.9
1430000 649.8
1440000 723.7
1450000 576.0
1460000 765.9
1470000 633.5
1480000 760.9
1490000 748.1
1500000 752.9
1510000 615.6
1520000 670.7
1530000 624.3
1540000 677.2
1550000 650.2
1560000 616.8
1570000 801.1
1580000 782.4
1590000 689.0
1600000 615.1
1610000 188.6
1620000 844.1
1630000 792.5
1640000 653.3
1650000 701.7
1660000 792.2
1670000 736.8
1680000 781.9
1690000 658.4
1700000 735.6
1710000 722.2
1720000 736.6
1730000 720.3
1740000 852.9
1750000 674.6
1760000 678.8
1770000 630.1
1780000 751.3
1790000 637.4
1800000 744.1
1810000 285.8
1820000 812.6
1830000 589.6
1840000 751.4
1850000 593.4
1860000 768.6
1870000 654.4
1880000 594.5
1890000 687.6
1900000 698.8
1910000 622.8
1920000 606.9
1930000 744.5
1940000 769.8
1950000 660.0
1960000 758.8
1970000 680.3
1980000 653.7
1990000 715.4
2000000 601.7
