10000 76.6
20000 21.6
30000 116.3
40000 181.1
50000 32.5
60000 130.3
70000 126.2
80000 110.4
90000 90.7
100000 100.1
110000 95.4
120000 148.9
130000 66.2
140000 17.1
150000 126.0
160000 57.6
170000 68.1
180000 64.8
190000 33.4
200000 40.8
210000 5.3
220000 42.8
230000 154.8
240000 108.1
250000 71.6
260000 118.1
270000 85.0
280000 69.4
290000 146.2
300000 133.9
310000 210.9
320000 155.6
330000 160.2
340000 59.7
350000 233.4
360000 118.3
370000 59.7
380000 167.4
390000 127.3
400000 104.0
410000 48.0
420000 261.3
430000 289.3
440000 288.1
450000 282.9
460000 262.1
470000 325.6
480000 228.5
490000 299.6
500000 238.4
510000 216.2
520000 290.6
530000 348.4
540000 244.1
550000 292.1
560000 332.0
570000 289.8
580000 295.0
590000 386.6
600000 270.9
610000 113.6
620000 327.0
630000 416.7
640000 369.9
650000 335.1
660000 465.7
670000 406.1
680000 486.3
690000 369.7
700000 354.0
710000 458.8
720000 477.2
730000 461.1
740000 466.2
750000 447.6
760000 517.1
770000 430.6
780000 576.3
790000 709.3
800000 673.3
810000 29.3
820000 383.1
830000 519.0
840000 630.8
850000 611.5
860000 548.1
870000 630.3
880000 680.1
890000 656.2
900000 685.6
910000 567.8
920000 691.4
930000 751.3
940000 677.5
950000 614.4
960000 660.7
970000 507.8
980000 728.2
990000 621.7
1000000 608.3
1010000 35.6
1020000 601.1
1030000 618.3
1040000 571.2
1050000 593.2
1060000 771.4
1070000 694.5
1080000 662.6
1090000 706.4
1100000 579.0
1110000 424.3
1120000 656.2
1130000 564.9
1140000 753.5
1150000 596.6
1160000 497.0
1170000 710.6
1180000 519.6
1190000 608.0
1200000 559.6
1210000 65.8
1220000 635.2
1230000 511.7
1240000 490.3
1250000 537.7
1260000 789.1
1270000 581.2
1280000 646.8
1290000 715.4
1300000 599.4
1310000 671.4
1320000 496.6
1330000 650.9
1340000 613.4
1350000 661.3
1360000 607.6
1370000 637.7
1380000 571.9
1390000 699.6
1400000 655.1
1410000 126.4
1420000 782.5
1430000 634.3
1440000 561.3
1450000 448.8
1460000 593.5
1470000 555.4
1480000 563.8
1490000 488.0
1500000 594.9
1510000 658.7
1520000 593.0
1530000 689.8
1540000 631.6
1550000 569.8
1560000 568.2
1570000 472.5
1580000 649.5
1590000 492.1
1600000 663.1
1610000 50.9
1620000 427.4
1630000 388.9
1640000 604.6
1650000 707.8
1660000 527.4
1670000 579.1
1680000 492.5
1690000 587.4
1700000 586.8
1710000 592.7
1720000 551.3
1730000 619.0
1740000 632.7
1750000 571.1
1760000 608.8
1770000 561.1
1780000 609.4
1790000 612.4
1800000 472.7
1810000 25.7
1820000 590.2
1830000 462.9
1840000 623.3
1850000 624.8
1860000 605.1
1870000 602.1
1880000 567.7
1890000 547.0
1900000 661.7
1910000 661.5
1920000 716.6
1930000 634.3
1940000 520.0
1950000 576.4
1960000 624.4
1970000 575.7
1980000 619.2
1990000 749.8
2000000 573.5
