10000 177.0
20000 230.0
30000 251.2
40000 359.4
50000 386.2
60000 695.4
70000 812.2
80000 956.5
90000 936.0
100000 942.0
110000 841.2
120000 939.5
130000 927.7
140000 953.8
150000 897.9
160000 874.9
170000 964.0
180000 960.4
190000 960.0
200000 974.5
210000 977.5
220000 976.2
230000 968.8
240000 973.7
250000 978.9
260000 972.3
270000 954.8
280000 978.2
290000 975.0
300000 930.7
310000 964.4
320000 971.0
330000 975.1
340000 956.1
350000 959.4
360000 945.5
370000 963.7
380000 914.3
390000 936.6
400000 965.1
410000 675.9
420000 953.8
430000 932.6
440000 901.6
450000 962.6
460000 978.6
470000 892.2
480000 917.6
490000 872.8
500000 982.3
