10000 195.5
20000 235.7
30000 292.3
40000 484.6
50000 617.0
60000 631.2
70000 757.3
80000 855.2
90000 936.0
100000 911.0
110000 952.8
120000 942.5
130000 959.6
140000 962.7
150000 949.0
160000 965.7
170000 972.1
180000 967.8
190000 954.3
200000 958.5
210000 942.1
220000 974.0
230000 961.5
240000 959.0
250000 978.5
260000 979.6
270000 963.5
280000 977.6
290000 972.3
300000 942.5
310000 973.5
320000 982.5
330000 977.6
340000 964.0
350000 970.0
360000 961.7
370000 960.4
380000 957.3
390000 967.6
400000 966.9
410000 975.8
420000 965.0
430000 972.6
440000 978.7
450000 973.3
460000 977.9
470000 965.6
480000 986.0
490000 977.9
500000 980.7
