10000 224.1
20000 423.0
30000 445.5
40000 349.2
50000 458.6
60000 452.9
70000 261.6
80000 360.0
90000 173.4
100000 149.2
110000 99.6
120000 176.8
130000 154.6
140000 204.2
150000 124.3
160000 161.3
170000 106.4
180000 141.2
190000 121.8
200000 209.5
210000 185.6
220000 189.6
230000 217.9
240000 156.2
250000 146.5
260000 179.6
270000 219.1
280000 130.7
290000 161.7
300000 176.3
310000 152.3
320000 181.5
330000 155.2
340000 140.7
350000 145.6
360000 152.5
370000 95.1
380000 82.1
390000 142.3
400000 176.2
410000 150.7
420000 123.6
430000 130.5
440000 77.7
450000 100.0
460000 160.8
470000 138.3
480000 187.5
490000 131.4
500000 138.0
