10000 152.5
20000 456.4
30000 512.8
40000 781.4
50000 816.8
60000 847.1
70000 915.9
80000 917.8
90000 955.2
100000 934.4
110000 898.0
120000 919.7
130000 924.4
140000 936.9
150000 935.2
160000 936.5
170000 947.6
180000 893.7
190000 942.0
200000 956.3
210000 802.1
220000 828.0
230000 875.9
240000 631.1
250000 687.5
260000 694.9
270000 670.9
280000 898.1
290000 907.6
300000 937.2
310000 856.4
320000 940.4
330000 817.5
340000 869.4
350000 934.1
360000 901.9
370000 887.9
380000 791.1
390000 793.1
400000 645.9
410000 766.9
420000 826.0
430000 747.8
440000 877.2
450000 852.7
460000 909.3
470000 960.8
480000 901.8
490000 915.0
500000 914.2
