10000 275.6
20000 345.5
30000 364.0
40000 508.3
50000 546.6
60000 703.0
70000 891.1
80000 893.2
90000 919.8
100000 852.2
110000 958.2
120000 770.7
130000 800.6
140000 351.2
150000 452.1
160000 309.6
170000 186.1
180000 406.4
190000 495.2
200000 744.6
210000 769.9
220000 473.7
230000 649.4
240000 442.4
250000 591.9
260000 714.0
270000 706.7
280000 532.6
290000 656.1
300000 820.7
310000 800.4
320000 840.4
330000 724.7
340000 694.3
350000 706.2
360000 919.3
370000 894.9
380000 913.7
390000 951.3
400000 870.9
410000 914.7
420000 953.9
430000 940.7
440000 963.8
450000 962.2
460000 947.9
470000 966.6
480000 956.6
490000 875.5
500000 963.3
