10000 209.0
20000 112.2
30000 336.0
40000 601.1
50000 568.3
60000 743.4
70000 822.1
80000 822.6
90000 792.6
100000 823.9
110000 855.5
120000 915.1
130000 864.6
140000 839.5
150000 886.2
160000 888.0
170000 957.8
180000 938.2
190000 878.7
200000 859.6
210000 916.6
220000 937.5
230000 939.6
240000 913.8
250000 960.8
260000 965.2
270000 963.7
280000 859.0
290000 945.8
300000 936.2
310000 962.0
320000 904.9
330000 954.4
340000 963.4
350000 957.2
360000 950.2
370000 965.3
380000 936.5
390000 936.6
400000 946.1
410000 964.6
420000 951.8
430000 968.2
440000 974.0
450000 960.2
460000 970.5
470000 962.8
480000 951.6
490000 960.6
500000 960.8
