10000 214.5
20000 372.3
30000 619.9
40000 751.3
50000 729.8
60000 724.2
70000 797.7
80000 887.0
90000 862.0
100000 822.9
110000 780.2
120000 592.3
130000 681.0
140000 683.6
150000 745.1
160000 288.8
170000 358.9
180000 586.9
190000 331.7
200000 433.8
210000 411.8
220000 661.8
230000 502.7
240000 405.9
250000 381.7
260000 710.7
270000 686.8
280000 612.1
290000 588.2
300000 640.1
310000 691.8
320000 710.7
330000 720.7
340000 326.5
350000 531.9
360000 395.7
370000 538.8
380000 459.3
390000 498.2
400000 447.4
410000 478.1
420000 309.8
430000 199.7
440000 233.5
450000 162.1
460000 295.8
470000 150.6
480000 368.6
490000 223.3
500000 193.4
