10000 240.0
20000 344.6
30000 327.3
40000 483.8
50000 600.4
60000 769.1
70000 909.4
80000 947.9
90000 916.7
100000 951.7
110000 954.4
120000 945.8
130000 961.3
140000 942.9
150000 965.0
160000 945.7
170000 969.7
180000 959.9
190000 967.0
200000 966.2
210000 962.0
220000 935.9
230000 971.8
240000 967.6
250000 974.1
260000 952.7
270000 953.4
280000 979.9
290000 976.1
300000 958.6
310000 973.1
320000 968.3
330000 968.9
340000 966.9
350000 960.4
360000 931.7
370000 974.9
380000 974.7
390000 984.4
400000 981.0
410000 928.0
420000 961.8
430000 941.2
440000 970.8
450000 964.1
460000 877.6
470000 984.2
480000 969.7
490000 971.0
500000 979.1
