10000 198.2
20000 294.1
30000 649.0
40000 753.0
50000 880.7
60000 634.3
70000 808.3
80000 841.3
90000 830.2
100000 826.1
110000 879.8
120000 889.0
130000 792.6
140000 956.3
150000 948.7
160000 914.6
170000 939.7
180000 905.9
190000 918.8
200000 911.3
210000 954.8
220000 936.8
230000 965.9
240000 871.4
250000 961.2
260000 959.2
270000 906.3
280000 960.8
290000 974.4
300000 959.9
310000 958.3
320000 953.7
330000 953.3
340000 885.2
350000 939.0
360000 962.5
370000 947.6
380000 950.6
390000 962.3
400000 973.5
410000 935.4
420000 970.3
430000 977.3
440000 961.7
450000 954.4
460000 966.2
470000 936.2
480000 954.8
490000 967.2
500000 958.7
