10000 203.1
20000 331.9
30000 506.4
40000 854.2
50000 930.2
60000 942.6
70000 957.9
80000 922.7
90000 858.0
100000 895.1
110000 944.7
120000 919.3
130000 931.8
140000 974.8
150000 940.1
160000 956.3
170000 971.6
180000 952.0
190000 910.9
200000 966.5
210000 965.1
220000 964.2
230000 972.5
240000 964.9
250000 906.4
260000 975.0
270000 943.5
280000 960.5
290000 965.2
300000 965.5
310000 972.4
320000 958.8
330000 959.1
340000 976.5
350000 949.2
360000 968.2
370000 933.7
380000 893.2
390000 961.3
400000 828.0
410000 974.5
420000 976.0
430000 960.7
440000 980.0
450000 941.8
460000 958.3
470000 967.4
480000 973.0
490000 963.3
500000 889.3
