5000 300.0
10000 200.0
15000 103.0
20000 1.5
25000 99.8
30000 225.6
35000 291.8
40000 290.6
45000 373.7
50000 390.0
55000 358.8
60000 261.2
65000 677.1
70000 648.9
75000 578.5
80000 664.9
85000 761.8
90000 659.9
95000 463.9
100000 571.1
105000 376.1
110000 660.9
115000 667.8
120000 753.3
125000 569.1
130000 654.1
135000 556.5
140000 747.6
145000 579.5
150000 737.2
155000 755.9
160000 863.7
165000 662.1
170000 664.5
175000 774.2
180000 650.1
185000 650.8
190000 388.5
195000 681.2
200000 751.4
205000 770.8
210000 363.7
215000 867.5
220000 755.4
225000 877.8
230000 661.0
235000 958.4
240000 974.7
245000 864.0
250000 958.8
255000 852.5
260000 868.4
265000 872.6
270000 974.2
275000 958.2
280000 849.8
285000 972.7
290000 884.7
295000 859.1
300000 966.1
305000 866.4
310000 956.8
315000 952.2
320000 959.1
325000 982.8
330000 841.5
335000 860.3
340000 943.7
345000 967.1
350000 961.7
355000 860.3
360000 881.2
365000 859.0
370000 873.0
375000 951.8
380000 963.6
385000 865.8
390000 956.4
395000 874.8
400000 967.7
405000 320.4
410000 784.0
415000 870.4
420000 867.6
425000 875.1
430000 968.7
435000 967.7
440000 866.2
445000 871.1
450000 878.0
455000 970.6
460000 880.8
465000 861.2
470000 877.4
475000 964.0
480000 964.3
485000 966.4
490000 874.9
495000 981.7
500000 879.5
505000 960.3
510000 972.8
515000 947.1
520000 866.1
525000 882.0
530000 868.6
535000 978.5
540000 878.6
545000 972.0
550000 872.0
555000 969.4
560000 877.3
565000 984.3
570000 961.1
575000 870.4
580000 974.5
585000 976.9
590000 973.1
595000 865.9
600000 844.7
605000 286.9
610000 867.4
615000 563.0
620000 984.8
625000 866.2
630000 869.8
635000 873.4
640000 980.0
645000 871.6
650000 881.9
655000 772.3
660000 769.5
665000 974.6
670000 883.1
675000 877.5
680000 960.4
685000 965.2
690000 875.2
695000 977.3
700000 885.4
705000 870.7
710000 965.1
715000 878.1
720000 867.6
725000 871.1
730000 874.2
735000 971.2
740000 973.2
745000 972.7
750000 785.2
755000 971.2
760000 970.9
765000 971.7
770000 869.7
775000 782.5
780000 969.0
785000 960.9
790000 771.4
795000 965.7
800000 979.1
805000 388.8
810000 675.7
815000 954.2
820000 978.5
825000 883.7
830000 966.9
835000 775.7
840000 975.9
845000 872.1
850000 883.1
855000 783.5
860000 977.9
865000 980.5
870000 972.5
875000 871.7
880000 877.4
885000 973.1
890000 872.2
895000 977.0
900000 978.0
905000 976.1
910000 971.2
915000 886.9
920000 985.6
925000 966.1
930000 978.6
935000 976.2
940000 871.5
945000 880.3
950000 972.2
955000 877.9
960000 871.0
965000 874.0
970000 966.6
975000 974.9
980000 975.1
985000 979.9
990000 971.9
995000 880.2
1000000 972.6
1005000 596.2
1010000 870.3
1015000 881.9
1020000 775.6
1025000 987.7
1030000 977.5
1035000 964.3
1040000 877.1
1045000 983.3
1050000 968.8
1055000 978.9
1060000 971.8
1065000 977.9
1070000 980.4
1075000 972.6
1080000 978.0
1085000 982.6
1090000 964.6
1095000 885.5
1100000 988.4
1105000 962.9
1110000 875.4
1115000 974.2
1120000 978.0
1125000 978.5
1130000 853.7
1135000 976.5
1140000 980.2
1145000 972.2
1150000 958.5
1155000 970.3
1160000 967.3
1165000 975.8
1170000 974.5
1175000 825.1
1180000 978.6
1185000 883.6
1190000 866.5
1195000 860.6
1200000 960.3
1205000 224.0
1210000 389.7
1215000 360.6
1220000 763.5
1225000 980.1
1230000 964.1
1235000 774.1
1240000 976.0
1245000 975.1
1250000 867.0
1255000 975.9
1260000 871.3
1265000 973.4
1270000 769.5
1275000 882.8
1280000 974.0
1285000 875.3
1290000 961.8
1295000 858.0
1300000 985.0
1305000 774.6
1310000 974.3
1315000 783.3
1320000 869.8
1325000 878.3
1330000 868.0
1335000 775.4
1340000 885.6
1345000 775.6
1350000 952.7
1355000 979.1
1360000 977.0
1365000 871.2
1370000 969.1
1375000 779.3
1380000 876.3
1385000 937.1
1390000 976.7
1395000 861.5
1400000 979.6
1405000 174.6
1410000 835.3
1415000 782.2
1420000 793.4
1425000 488.4
1430000 975.7
1435000 985.2
1440000 785.1
1445000 967.3
1450000 957.7
1455000 667.2
1460000 877.5
1465000 971.7
1470000 974.9
1475000 763.4
1480000 971.6
1485000 766.3
1490000 973.0
1495000 881.1
1500000 971.5
1505000 977.5
1510000 971.4
1515000 679.9
1520000 880.7
1525000 874.4
1530000 880.0
1535000 974.1
1540000 976.8
1545000 967.1
1550000 778.9
1555000 972.4
1560000 887.8
1565000 974.8
1570000 973.4
1575000 981.6
1580000 978.7
1585000 976.7
1590000 878.7
1595000 977.8
1600000 976.9
1605000 135.2
1610000 533.7
1615000 862.9
1620000 874.4
1625000 926.4
1630000 969.8
1635000 961.1
1640000 883.6
1645000 976.3
1650000 774.7
1655000 871.0
1660000 974.2
1665000 967.0
1670000 969.8
1675000 975.5
1680000 977.1
1685000 975.5
1690000 971.6
1695000 782.9
1700000 869.9
1705000 877.0
1710000 949.4
1715000 972.5
1720000 977.5
1725000 981.4
1730000 874.0
1735000 977.9
1740000 971.7
1745000 972.2
1750000 980.2
1755000 976.8
1760000 975.4
1765000 981.5
1770000 873.8
1775000 868.6
1780000 976.4
1785000 884.9
1790000 864.0
1795000 884.0
1800000 979.4
1805000 207.4
1810000 399.5
1815000 689.2
1820000 980.2
1825000 777.3
1830000 860.8
1835000 981.7
1840000 877.4
1845000 963.8
1850000 975.3
1855000 973.0
1860000 877.0
1865000 873.7
1870000 876.4
1875000 974.2
1880000 982.6
1885000 976.5
1890000 982.2
1895000 976.7
1900000 974.4
1905000 988.2
1910000 983.7
1915000 879.8
1920000 876.5
1925000 974.4
1930000 987.4
1935000 981.9
1940000 975.9
1945000 780.4
1950000 882.9
1955000 975.1
1960000 978.9
1965000 981.6
1970000 979.0
1975000 965.0
1980000 880.6
1985000 878.8
1990000 977.0
1995000 976.7
2000000 978.5
