5000 95.8
10000 0.0
15000 147.6
20000 401.2
25000 121.4
30000 264.1
35000 277.4
40000 325.3
45000 527.4
50000 410.0
55000 761.0
60000 640.0
65000 280.6
70000 867.6
75000 389.4
80000 671.5
85000 396.1
90000 190.5
95000 874.0
100000 485.9
105000 819.5
110000 735.7
115000 663.8
120000 616.4
125000 680.2
130000 777.0
135000 481.5
140000 757.4
145000 669.0
150000 748.9
155000 850.3
160000 860.7
165000 943.9
170000 668.0
175000 770.1
180000 573.5
185000 863.6
190000 911.0
195000 859.2
200000 677.9
205000 572.6
210000 573.4
215000 870.1
220000 971.5
225000 799.7
230000 676.1
235000 864.0
240000 941.8
245000 868.5
250000 886.0
255000 963.2
260000 973.3
265000 873.0
270000 967.5
275000 964.3
280000 959.2
285000 861.9
290000 875.6
295000 963.5
300000 969.5
305000 971.5
310000 963.8
315000 865.7
320000 968.8
325000 976.2
330000 966.9
335000 973.2
340000 870.3
345000 973.0
350000 874.0
355000 972.0
360000 973.0
365000 963.2
370000 973.4
375000 966.0
380000 962.8
385000 978.2
390000 871.2
395000 960.9
400000 961.6
405000 518.6
410000 862.9
415000 957.6
420000 881.7
425000 875.9
430000 975.0
435000 775.1
440000 969.9
445000 967.5
450000 864.3
455000 960.9
460000 771.1
465000 967.3
470000 969.3
475000 973.4
480000 881.5
485000 968.2
490000 982.5
495000 978.6
500000 877.5
505000 972.0
510000 967.6
515000 970.7
520000 974.9
525000 976.2
530000 975.9
535000 977.2
540000 977.6
545000 780.4
550000 877.0
555000 981.8
560000 980.3
565000 970.1
570000 972.3
575000 975.2
580000 970.2
585000 970.8
590000 878.3
595000 966.9
600000 972.5
605000 237.4
610000 871.6
615000 862.8
620000 977.1
625000 971.6
630000 975.9
635000 879.5
640000 975.4
645000 977.3
650000 972.4
655000 971.0
660000 972.0
665000 878.9
670000 874.6
675000 970.0
680000 973.4
685000 977.1
690000 977.5
695000 968.0
700000 973.4
705000 776.1
710000 975.7
715000 966.5
720000 885.0
725000 985.7
730000 981.3
735000 975.5
740000 981.4
745000 974.4
750000 974.2
755000 976.1
760000 978.1
765000 976.8
770000 970.3
775000 881.4
780000 827.2
785000 978.1
790000 983.1
795000 878.8
800000 979.1
805000 417.4
810000 708.3
815000 879.0
820000 978.7
825000 977.2
830000 972.4
835000 977.5
840000 976.2
845000 983.7
850000 971.0
855000 979.5
860000 883.6
865000 979.9
870000 968.4
875000 884.2
880000 970.5
885000 880.1
890000 974.5
895000 978.2
900000 970.5
905000 975.2
910000 965.6
915000 977.4
920000 973.4
925000 980.7
930000 983.8
935000 973.3
940000 979.0
945000 983.9
950000 882.2
955000 976.9
960000 970.5
965000 973.9
970000 977.9
975000 974.6
980000 968.2
985000 977.6
990000 972.8
995000 976.8
1000000 986.6
1005000 29.0
1010000 781.5
1015000 867.5
1020000 882.1
1025000 880.6
1030000 979.7
1035000 878.2
1040000 787.9
1045000 878.4
1050000 984.8
1055000 974.2
1060000 975.2
1065000 979.5
1070000 979.4
1075000 983.8
1080000 883.9
1085000 978.1
1090000 978.0
1095000 979.4
1100000 877.3
1105000 878.5
1110000 979.9
1115000 970.1
1120000 973.7
1125000 875.9
1130000 981.6
1135000 978.7
1140000 975.5
1145000 976.1
1150000 977.2
1155000 975.7
1160000 972.1
1165000 989.0
1170000 974.3
1175000 979.6
1180000 970.7
1185000 979.5
1190000 976.6
1195000 981.0
1200000 977.3
1205000 224.7
1210000 518.8
1215000 871.1
1220000 871.7
1225000 979.4
1230000 968.5
1235000 974.2
1240000 878.1
1245000 964.9
1250000 783.9
1255000 982.4
1260000 881.4
1265000 881.3
1270000 978.1
1275000 980.8
1280000 981.1
1285000 879.9
1290000 981.4
1295000 877.8
1300000 984.5
1305000 977.1
1310000 981.2
1315000 973.9
1320000 978.9
1325000 980.0
1330000 878.4
1335000 968.0
1340000 972.4
1345000 970.5
1350000 974.6
1355000 974.8
1360000 982.2
1365000 977.1
1370000 978.1
1375000 972.4
1380000 986.6
1385000 976.6
1390000 975.8
1395000 974.5
1400000 960.9
1405000 188.9
1410000 431.1
1415000 775.0
1420000 754.1
1425000 686.6
1430000 594.3
1435000 786.6
1440000 977.0
1445000 978.8
1450000 867.1
1455000 982.0
1460000 983.0
1465000 873.9
1470000 880.6
1475000 972.4
1480000 970.3
1485000 968.4
1490000 985.4
1495000 981.6
1500000 976.1
1505000 981.1
1510000 975.8
1515000 983.0
1520000 777.9
1525000 879.7
1530000 877.8
1535000 876.6
1540000 972.2
1545000 963.3
1550000 980.7
1555000 967.7
1560000 973.4
1565000 976.2
1570000 982.5
1575000 971.6
1580000 984.1
1585000 968.0
1590000 967.8
1595000 965.3
1600000 977.9
1605000 41.2
1610000 749.2
1615000 727.0
1620000 592.1
1625000 976.6
1630000 975.4
1635000 841.1
1640000 977.0
1645000 679.1
1650000 967.7
1655000 877.2
1660000 972.0
1665000 980.9
1670000 882.4
1675000 985.1
1680000 981.7
1685000 980.9
1690000 983.9
1695000 980.7
1700000 972.4
1705000 984.2
1710000 974.3
1715000 974.8
1720000 977.9
1725000 980.5
1730000 969.4
1735000 972.2
1740000 884.4
1745000 877.0
1750000 877.1
1755000 978.1
1760000 972.3
1765000 975.9
1770000 970.4
1775000 978.9
1780000 974.5
1785000 881.6
1790000 978.1
1795000 975.7
1800000 970.2
1805000 60.2
1810000 396.5
1815000 721.6
1820000 875.6
1825000 821.1
1830000 782.8
1835000 967.1
1840000 981.0
1845000 880.1
1850000 976.7
1855000 979.3
1860000 980.9
1865000 978.6
1870000 983.0
1875000 975.8
1880000 978.3
1885000 978.6
1890000 975.4
1895000 978.8
1900000 978.9
1905000 879.5
1910000 972.2
1915000 972.9
1920000 980.1
1925000 984.5
1930000 979.1
1935000 978.7
1940000 971.1
1945000 977.8
1950000 980.7
1955000 972.5
1960000 981.2
1965000 774.3
1970000 954.0
1975000 979.3
1980000 978.0
1985000 979.8
1990000 977.2
1995000 871.4
2000000 972.4
