5000 100.0
10000 100.0
15000 64.4
20000 223.4
25000 106.5
30000 285.7
35000 228.9
40000 198.7
45000 291.6
50000 67.8
55000 274.7
60000 194.4
65000 383.6
70000 584.3
75000 548.2
80000 453.7
85000 252.6
90000 594.2
95000 391.9
100000 675.7
105000 808.6
110000 678.6
115000 670.3
120000 574.5
125000 393.3
130000 651.1
135000 841.1
140000 571.7
145000 838.8
150000 755.8
155000 754.0
160000 767.2
165000 673.4
170000 755.5
175000 586.7
180000 867.8
185000 675.4
190000 852.1
195000 878.3
200000 776.4
205000 489.0
210000 773.7
215000 869.1
220000 866.0
225000 863.0
230000 871.4
235000 784.2
240000 965.3
245000 774.3
250000 859.8
255000 948.6
260000 620.2
265000 955.1
270000 972.1
275000 968.8
280000 777.8
285000 966.2
290000 872.0
295000 954.0
300000 872.7
305000 964.8
310000 960.5
315000 778.9
320000 876.1
325000 580.1
330000 860.3
335000 973.7
340000 976.8
345000 969.2
350000 872.6
355000 955.8
360000 779.4
365000 959.3
370000 967.9
375000 963.1
380000 959.8
385000 767.7
390000 863.4
395000 963.3
400000 964.0
405000 427.5
410000 774.5
415000 972.1
420000 870.4
425000 983.1
430000 881.6
435000 963.3
440000 955.4
445000 864.3
450000 868.5
455000 975.4
460000 969.3
465000 972.8
470000 866.6
475000 870.3
480000 972.5
485000 971.7
490000 971.1
495000 977.9
500000 979.8
505000 970.0
510000 972.5
515000 940.5
520000 880.9
525000 970.0
530000 869.9
535000 790.3
540000 964.1
545000 972.1
550000 969.3
555000 979.8
560000 963.7
565000 965.0
570000 965.1
575000 967.6
580000 966.9
585000 969.2
590000 882.2
595000 978.1
600000 974.6
605000 467.8
610000 880.6
615000 878.7
620000 874.7
625000 979.0
630000 877.3
635000 965.7
640000 971.2
645000 880.6
650000 872.2
655000 977.1
660000 880.2
665000 967.1
670000 976.1
675000 958.7
680000 885.3
685000 945.1
690000 975.7
695000 960.9
700000 974.7
705000 972.1
710000 871.2
715000 980.0
720000 968.5
725000 964.0
730000 976.4
735000 972.2
740000 970.2
745000 962.3
750000 967.2
755000 973.3
760000 970.6
765000 867.3
770000 974.6
775000 880.0
780000 975.0
785000 883.1
790000 977.4
795000 877.8
800000 985.5
805000 247.2
810000 472.6
815000 869.7
820000 977.5
825000 961.6
830000 777.8
835000 964.6
840000 781.7
845000 978.6
850000 979.8
855000 831.8
860000 974.6
865000 974.0
870000 980.6
875000 879.8
880000 881.7
885000 976.6
890000 977.8
895000 880.4
900000 974.7
905000 968.3
910000 971.0
915000 883.8
920000 975.6
925000 879.2
930000 972.9
935000 875.5
940000 870.6
945000 985.1
950000 976.6
955000 887.4
960000 976.9
965000 880.1
970000 977.8
975000 781.7
980000 947.5
985000 981.3
990000 980.4
995000 974.7
1000000 973.2
1005000 246.4
1010000 753.7
1015000 966.1
1020000 981.3
1025000 874.4
1030000 983.8
1035000 975.2
1040000 981.0
1045000 977.6
1050000 879.5
1055000 974.3
1060000 972.3
1065000 876.7
1070000 847.8
1075000 966.4
1080000 977.6
1085000 880.6
1090000 975.3
1095000 983.2
1100000 974.1
1105000 973.6
1110000 973.3
1115000 975.0
1120000 875.9
1125000 965.9
1130000 987.9
1135000 978.7
1140000 879.6
1145000 971.8
1150000 973.7
1155000 856.3
1160000 983.6
1165000 956.8
1170000 981.3
1175000 975.7
1180000 875.8
1185000 972.2
1190000 976.5
1195000 976.2
1200000 884.6
1205000 168.4
1210000 686.4
1215000 745.0
1220000 881.0
1225000 786.2
1230000 736.7
1235000 828.8
1240000 967.6
1245000 984.5
1250000 968.3
1255000 984.4
1260000 969.4
1265000 986.6
1270000 975.9
1275000 890.7
1280000 967.3
1285000 943.9
1290000 979.0
1295000 876.7
1300000 987.2
1305000 884.1
1310000 976.8
1315000 977.4
1320000 971.4
1325000 968.9
1330000 876.2
1335000 982.1
1340000 978.7
1345000 955.8
1350000 972.6
1355000 976.1
1360000 976.7
1365000 976.5
1370000 859.5
1375000 951.4
1380000 977.6
1385000 884.8
1390000 775.8
1395000 983.9
1400000 974.0
1405000 141.1
1410000 587.6
1415000 686.0
1420000 779.8
1425000 788.2
1430000 977.3
1435000 785.1
1440000 984.8
1445000 970.8
1450000 978.6
1455000 855.1
1460000 979.8
1465000 975.7
1470000 975.0
1475000 873.6
1480000 975.5
1485000 879.3
1490000 979.0
1495000 881.4
1500000 882.2
1505000 976.6
1510000 877.5
1515000 877.3
1520000 881.2
1525000 776.9
1530000 985.4
1535000 976.7
1540000 972.9
1545000 979.2
1550000 969.3
1555000 985.4
1560000 972.7
1565000 976.9
1570000 973.5
1575000 956.5
1580000 979.0
1585000 963.4
1590000 881.4
1595000 883.2
1600000 976.6
1605000 101.1
1610000 538.9
1615000 591.0
1620000 592.3
1625000 880.3
1630000 973.3
1635000 977.0
1640000 976.0
1645000 881.4
1650000 975.7
1655000 982.1
1660000 973.3
1665000 976.9
1670000 970.0
1675000 880.7
1680000 982.4
1685000 974.1
1690000 969.8
1695000 976.9
1700000 967.7
1705000 979.9
1710000 974.7
1715000 972.4
1720000 981.3
1725000 881.8
1730000 981.4
1735000 984.7
1740000 975.6
1745000 976.1
1750000 973.2
1755000 988.5
1760000 977.6
1765000 883.4
1770000 979.1
1775000 973.8
1780000 987.0
1785000 979.9
1790000 972.5
1795000 986.3
1800000 973.1
1805000 196.1
1810000 357.6
1815000 490.0
1820000 490.9
1825000 973.3
1830000 985.0
1835000 845.7
1840000 780.9
1845000 863.6
1850000 872.0
1855000 882.2
1860000 983.3
1865000 866.5
1870000 964.9
1875000 983.3
1880000 972.0
1885000 964.6
1890000 977.3
1895000 963.1
1900000 882.4
1905000 876.3
1910000 870.4
1915000 885.3
1920000 884.7
1925000 974.0
1930000 879.3
1935000 976.0
1940000 977.8
1945000 983.8
1950000 885.9
1955000 877.4
1960000 981.3
1965000 797.0
1970000 886.7
1975000 875.7
1980000 881.8
1985000 880.4
1990000 892.1
1995000 788.0
2000000 976.3
