5000 0.0
10000 0.0
15000 95.3
20000 0.0
25000 80.9
30000 82.7
35000 93.7
40000 236.2
45000 93.9
50000 273.7
55000 193.4
60000 88.3
65000 200.0
70000 122.8
75000 99.6
80000 100.0
85000 0.0
90000 98.8
95000 299.1
100000 200.0
105000 98.4
110000 100.0
115000 102.5
120000 200.6
125000 98.0
130000 99.7
135000 0.0
140000 184.3
145000 78.4
150000 298.6
155000 155.4
160000 1.2
165000 100.6
170000 116.4
175000 183.3
180000 95.9
185000 100.0
190000 98.0
195000 296.0
200000 101.2
205000 99.0
210000 294.7
215000 523.9
220000 576.3
225000 669.9
230000 767.5
235000 580.7
240000 834.9
245000 868.0
250000 752.1
255000 671.0
260000 855.0
265000 752.6
270000 760.9
275000 856.5
280000 856.9
285000 858.7
290000 962.8
295000 755.0
300000 682.5
305000 568.6
310000 633.8
315000 853.3
320000 870.8
325000 967.8
330000 856.3
335000 664.1
340000 965.8
345000 980.8
350000 773.8
355000 867.7
360000 866.3
365000 954.3
370000 872.8
375000 960.8
380000 957.0
385000 991.4
390000 957.1
395000 955.3
400000 778.7
405000 286.4
410000 869.9
415000 770.5
420000 960.0
425000 976.7
430000 967.1
435000 872.2
440000 959.5
445000 857.6
450000 955.6
455000 973.7
460000 961.7
465000 967.4
470000 959.5
475000 964.5
480000 970.6
485000 969.9
490000 877.0
495000 967.7
500000 975.9
505000 977.7
510000 982.8
515000 883.2
520000 972.5
525000 966.4
530000 871.3
535000 966.2
540000 969.7
545000 867.9
550000 878.3
555000 781.9
560000 968.5
565000 973.9
570000 971.9
575000 870.0
580000 967.4
585000 878.1
590000 973.8
595000 979.3
600000 877.2
605000 467.1
610000 871.7
615000 837.3
620000 972.6
625000 978.2
630000 978.0
635000 974.0
640000 972.9
645000 982.5
650000 971.3
655000 965.8
660000 965.4
665000 783.6
670000 974.5
675000 978.2
680000 982.8
685000 921.3
690000 969.7
695000 977.6
700000 979.2
705000 964.7
710000 969.2
715000 977.0
720000 873.0
725000 880.2
730000 876.7
735000 874.7
740000 780.2
745000 874.3
750000 976.8
755000 970.0
760000 968.2
765000 979.7
770000 968.8
775000 969.2
780000 973.1
785000 871.2
790000 976.5
795000 967.8
800000 882.1
805000 221.9
810000 948.5
815000 944.8
820000 971.0
825000 862.5
830000 966.7
835000 969.0
840000 973.1
845000 971.2
850000 944.0
855000 886.0
860000 970.7
865000 970.4
870000 976.8
875000 961.5
880000 977.6
885000 965.8
890000 963.5
895000 978.8
900000 974.4
905000 977.1
910000 977.9
915000 883.5
920000 979.1
925000 978.1
930000 978.8
935000 974.7
940000 979.6
945000 975.1
950000 972.4
955000 975.4
960000 981.0
965000 878.3
970000 973.5
975000 880.0
980000 970.4
985000 971.9
990000 971.6
995000 883.0
1000000 981.9
1005000 125.7
1010000 865.1
1015000 975.4
1020000 882.3
1025000 972.3
1030000 977.7
1035000 976.3
1040000 979.7
1045000 980.9
1050000 978.1
1055000 879.9
1060000 940.4
1065000 974.2
1070000 978.0
1075000 973.4
1080000 977.8
1085000 981.5
1090000 968.8
1095000 982.4
1100000 969.4
1105000 967.3
1110000 975.5
1115000 881.5
1120000 984.1
1125000 962.1
1130000 969.6
1135000 884.1
1140000 968.2
1145000 881.8
1150000 968.0
1155000 983.4
1160000 880.8
1165000 978.0
1170000 984.6
1175000 970.6
1180000 882.2
1185000 969.0
1190000 974.0
1195000 981.4
1200000 879.6
1205000 112.2
1210000 194.5
1215000 888.3
1220000 872.4
1225000 881.2
1230000 885.0
1235000 972.8
1240000 879.4
1245000 979.8
1250000 858.9
1255000 891.7
1260000 784.3
1265000 871.8
1270000 973.5
1275000 968.2
1280000 973.2
1285000 973.1
1290000 982.6
1295000 864.7
1300000 884.4
1305000 968.5
1310000 974.4
1315000 878.3
1320000 971.9
1325000 975.3
1330000 874.8
1335000 782.8
1340000 974.4
1345000 880.3
1350000 972.1
1355000 968.0
1360000 976.8
1365000 878.1
1370000 953.7
1375000 978.1
1380000 871.3
1385000 874.9
1390000 882.5
1395000 974.4
1400000 876.7
1405000 131.0
1410000 679.5
1415000 783.2
1420000 868.2
1425000 719.0
1430000 979.9
1435000 963.9
1440000 960.4
1445000 980.6
1450000 984.4
1455000 971.1
1460000 970.8
1465000 882.5
1470000 978.3
1475000 976.7
1480000 882.0
1485000 984.1
1490000 970.5
1495000 966.8
1500000 979.6
1505000 975.5
1510000 966.8
1515000 881.6
1520000 966.7
1525000 880.9
1530000 974.9
1535000 974.4
1540000 875.6
1545000 984.7
1550000 975.4
1555000 975.3
1560000 964.2
1565000 975.2
1570000 974.9
1575000 878.0
1580000 981.7
1585000 925.9
1590000 971.0
1595000 782.0
1600000 876.2
1605000 103.2
1610000 657.2
1615000 874.9
1620000 970.8
1625000 971.5
1630000 878.2
1635000 974.6
1640000 791.7
1645000 785.4
1650000 985.6
1655000 972.5
1660000 977.3
1665000 976.9
1670000 984.2
1675000 974.4
1680000 879.3
1685000 971.8
1690000 971.7
1695000 967.2
1700000 872.8
1705000 987.7
1710000 979.2
1715000 978.7
1720000 974.9
1725000 970.4
1730000 782.9
1735000 981.3
1740000 981.2
1745000 969.6
1750000 855.5
1755000 972.1
1760000 882.5
1765000 875.0
1770000 979.9
1775000 979.3
1780000 972.6
1785000 978.5
1790000 968.3
1795000 882.2
1800000 979.7
1805000 368.4
1810000 634.9
1815000 772.1
1820000 880.9
1825000 977.9
1830000 887.6
1835000 877.8
1840000 974.3
1845000 872.7
1850000 969.9
1855000 878.3
1860000 981.3
1865000 880.5
1870000 982.5
1875000 870.5
1880000 973.9
1885000 878.9
1890000 981.8
1895000 979.5
1900000 972.4
1905000 869.9
1910000 971.7
1915000 974.0
1920000 980.1
1925000 979.6
1930000 981.1
1935000 974.1
1940000 944.6
1945000 877.7
1950000 980.1
1955000 972.5
1960000 869.4
1965000 977.7
1970000 978.3
1975000 980.8
1980000 979.1
1985000 960.7
1990000 980.1
1995000 979.4
2000000 986.0
