5000 0.5
10000 100.0
15000 136.9
20000 245.4
25000 125.8
30000 205.4
35000 155.4
40000 89.5
45000 2.9
50000 172.8
55000 0.0
60000 196.9
65000 395.7
70000 214.0
75000 384.6
80000 99.0
85000 193.1
90000 196.8
95000 296.1
100000 390.3
105000 360.1
110000 100.8
115000 270.1
120000 197.2
125000 474.2
130000 287.6
135000 570.8
140000 869.0
145000 456.4
150000 567.4
155000 544.5
160000 387.3
165000 284.1
170000 173.4
175000 477.2
180000 554.1
185000 585.2
190000 744.0
195000 288.9
200000 379.9
205000 486.1
210000 760.0
215000 917.6
220000 673.1
225000 875.2
230000 771.1
235000 887.7
240000 974.9
245000 870.4
250000 863.2
255000 868.2
260000 965.3
265000 834.9
270000 754.4
275000 978.5
280000 859.2
285000 863.7
290000 871.7
295000 681.6
300000 977.3
305000 970.0
310000 776.8
315000 877.2
320000 960.1
325000 963.6
330000 971.0
335000 933.2
340000 983.0
345000 971.5
350000 969.8
355000 957.5
360000 971.8
365000 975.5
370000 862.7
375000 862.7
380000 968.0
385000 958.4
390000 964.0
395000 875.5
400000 974.5
405000 343.4
410000 833.4
415000 969.3
420000 948.4
425000 961.7
430000 879.6
435000 981.2
440000 972.0
445000 974.7
450000 982.8
455000 967.9
460000 968.7
465000 881.9
470000 974.6
475000 776.6
480000 876.7
485000 868.1
490000 873.2
495000 975.2
500000 974.9
505000 853.3
510000 964.1
515000 866.5
520000 972.3
525000 977.6
530000 978.0
535000 979.0
540000 974.3
545000 974.5
550000 972.4
555000 961.8
560000 973.2
565000 976.5
570000 968.9
575000 888.4
580000 969.6
585000 972.8
590000 978.3
595000 973.3
600000 981.0
605000 230.9
610000 478.9
615000 792.4
620000 861.9
625000 755.4
630000 979.0
635000 869.4
640000 974.8
645000 967.1
650000 969.3
655000 981.7
660000 977.4
665000 874.3
670000 960.5
675000 961.9
680000 973.6
685000 979.1
690000 975.9
695000 874.4
700000 985.8
705000 976.8
710000 848.8
715000 976.0
720000 976.6
725000 967.1
730000 968.2
735000 974.8
740000 876.2
745000 968.8
750000 983.4
755000 975.5
760000 783.0
765000 972.1
770000 972.1
775000 979.3
780000 872.1
785000 968.9
790000 967.3
795000 982.4
800000 965.8
805000 233.0
810000 803.5
815000 951.9
820000 959.8
825000 948.2
830000 968.3
835000 968.3
840000 968.0
845000 973.1
850000 975.8
855000 978.4
860000 970.0
865000 971.9
870000 974.5
875000 975.6
880000 970.0
885000 980.0
890000 976.5
895000 968.3
900000 977.3
905000 973.1
910000 975.6
915000 976.6
920000 969.6
925000 975.0
930000 977.6
935000 978.5
940000 977.2
945000 983.7
950000 978.1
955000 963.0
960000 978.8
965000 976.6
970000 983.7
975000 880.3
980000 970.3
985000 973.5
990000 946.9
995000 979.0
1000000 974.4
1005000 131.8
1010000 876.6
1015000 968.1
1020000 983.3
1025000 966.2
1030000 874.7
1035000 973.3
1040000 972.7
1045000 870.1
1050000 976.7
1055000 976.9
1060000 876.2
1065000 979.1
1070000 981.1
1075000 976.8
1080000 980.2
1085000 970.2
1090000 977.3
1095000 966.7
1100000 976.7
1105000 983.1
1110000 973.9
1115000 986.2
1120000 975.9
1125000 980.0
1130000 978.7
1135000 971.9
1140000 969.9
1145000 972.1
1150000 977.3
1155000 981.4
1160000 974.6
1165000 977.8
1170000 978.7
1175000 977.0
1180000 977.4
1185000 975.0
1190000 969.4
1195000 875.9
1200000 976.3
1205000 391.6
1210000 737.5
1215000 777.6
1220000 771.8
1225000 872.6
1230000 975.4
1235000 868.6
1240000 973.5
1245000 905.8
1250000 967.3
1255000 889.5
1260000 963.8
1265000 968.1
1270000 878.1
1275000 957.2
1280000 962.5
1285000 879.7
1290000 983.5
1295000 885.2
1300000 882.4
1305000 977.1
1310000 871.6
1315000 981.8
1320000 980.5
1325000 979.1
1330000 877.0
1335000 976.1
1340000 979.8
1345000 880.4
1350000 975.2
1355000 882.1
1360000 879.7
1365000 984.1
1370000 982.6
1375000 869.7
1380000 972.6
1385000 966.8
1390000 949.2
1395000 952.0
1400000 971.5
1405000 113.5
1410000 587.8
1415000 774.9
1420000 981.8
1425000 979.3
1430000 948.6
1435000 973.5
1440000 968.0
1445000 970.2
1450000 875.8
1455000 854.1
1460000 971.6
1465000 979.4
1470000 962.8
1475000 973.0
1480000 966.7
1485000 970.5
1490000 982.7
1495000 978.2
1500000 961.3
1505000 967.2
1510000 976.9
1515000 974.1
1520000 976.2
1525000 979.3
1530000 971.0
1535000 776.4
1540000 983.2
1545000 880.3
1550000 977.1
1555000 967.0
1560000 975.8
1565000 971.7
1570000 881.0
1575000 976.8
1580000 976.9
1585000 871.1
1590000 978.7
1595000 873.0
1600000 972.0
1605000 224.8
1610000 869.2
1615000 979.1
1620000 981.0
1625000 865.4
1630000 872.4
1635000 860.6
1640000 958.2
1645000 978.0
1650000 879.1
1655000 765.8
1660000 883.5
1665000 985.7
1670000 961.3
1675000 963.8
1680000 976.0
1685000 945.9
1690000 876.9
1695000 968.7
1700000 974.7
1705000 961.8
1710000 972.7
1715000 975.9
1720000 980.2
1725000 981.4
1730000 979.3
1735000 946.8
1740000 886.9
1745000 970.0
1750000 929.4
1755000 882.6
1760000 969.1
1765000 978.6
1770000 976.1
1775000 979.2
1780000 968.5
1785000 961.3
1790000 879.7
1795000 960.2
1800000 980.8
1805000 101.8
1810000 616.6
1815000 679.6
1820000 979.1
1825000 878.4
1830000 972.5
1835000 976.1
1840000 969.4
1845000 972.1
1850000 981.7
1855000 923.9
1860000 966.3
1865000 969.0
1870000 971.1
1875000 875.5
1880000 976.9
1885000 872.2
1890000 775.9
1895000 879.7
1900000 873.3
1905000 881.2
1910000 979.2
1915000 970.8
1920000 882.8
1925000 873.4
1930000 874.7
1935000 870.9
1940000 975.9
1945000 981.5
1950000 976.4
1955000 971.0
1960000 979.3
1965000 978.2
1970000 876.1
1975000 979.0
1980000 963.2
1985000 882.9
1990000 980.7
1995000 884.8
2000000 971.4
