5000 92.5
10000 0.0
15000 0.3
20000 73.2
25000 275.0
30000 218.8
35000 369.9
40000 343.3
45000 278.8
50000 259.3
55000 173.3
60000 361.4
65000 477.7
70000 294.3
75000 352.2
80000 380.0
85000 566.7
90000 444.3
95000 581.4
100000 561.8
105000 289.1
110000 665.8
115000 579.7
120000 666.9
125000 945.4
130000 775.9
135000 936.0
140000 762.9
145000 821.6
150000 650.5
155000 956.1
160000 951.7
165000 777.8
170000 654.3
175000 716.1
180000 811.7
185000 862.8
190000 660.2
195000 574.3
200000 853.0
205000 464.4
210000 755.6
215000 770.1
220000 767.7
225000 976.4
230000 755.2
235000 842.8
240000 845.8
245000 677.4
250000 964.8
255000 761.6
260000 977.0
265000 781.9
270000 879.0
275000 869.9
280000 670.7
285000 878.6
290000 868.2
295000 960.1
300000 867.3
305000 872.7
310000 969.0
315000 968.3
320000 927.3
325000 862.5
330000 815.7
335000 970.0
340000 875.8
345000 960.3
350000 964.9
355000 863.5
360000 971.3
365000 584.2
370000 878.3
375000 880.4
380000 877.8
385000 977.9
390000 968.8
395000 952.9
400000 873.8
405000 126.7
410000 679.3
415000 878.9
420000 960.9
425000 864.0
430000 963.0
435000 975.5
440000 852.8
445000 976.8
450000 975.2
455000 875.6
460000 880.5
465000 940.7
470000 960.3
475000 955.7
480000 781.0
485000 877.8
490000 962.2
495000 870.2
500000 978.8
505000 871.0
510000 869.4
515000 861.9
520000 873.9
525000 976.1
530000 979.6
535000 866.5
540000 879.5
545000 874.7
550000 977.4
555000 880.9
560000 968.6
565000 880.0
570000 977.7
575000 871.5
580000 970.5
585000 979.8
590000 967.1
595000 877.3
600000 778.0
605000 725.4
610000 774.0
615000 848.1
620000 864.6
625000 782.9
630000 877.5
635000 974.5
640000 960.3
645000 969.9
650000 967.2
655000 876.4
660000 880.7
665000 979.8
670000 880.8
675000 856.5
680000 973.1
685000 974.2
690000 961.9
695000 973.5
700000 978.2
705000 978.4
710000 970.1
715000 976.5
720000 971.4
725000 964.3
730000 974.9
735000 976.9
740000 985.2
745000 971.4
750000 961.2
755000 975.5
760000 984.5
765000 972.3
770000 975.3
775000 876.8
780000 966.2
785000 963.5
790000 966.6
795000 872.9
800000 976.3
805000 474.1
810000 857.1
815000 951.6
820000 972.6
825000 970.6
830000 883.1
835000 977.3
840000 946.5
845000 976.2
850000 873.0
855000 975.5
860000 981.8
865000 963.7
870000 878.5
875000 977.7
880000 979.2
885000 878.1
890000 980.6
895000 878.9
900000 970.0
905000 977.6
910000 978.7
915000 973.4
920000 787.0
925000 972.9
930000 977.0
935000 971.1
940000 967.9
945000 975.6
950000 881.5
955000 886.7
960000 976.4
965000 977.8
970000 969.7
975000 979.3
980000 981.1
985000 974.8
990000 982.1
995000 975.4
1000000 970.1
1005000 311.9
1010000 769.2
1015000 985.5
1020000 972.4
1025000 977.1
1030000 980.3
1035000 974.6
1040000 980.1
1045000 782.4
1050000 977.1
1055000 977.4
1060000 977.1
1065000 966.9
1070000 969.4
1075000 876.0
1080000 973.7
1085000 883.9
1090000 982.6
1095000 884.0
1100000 971.1
1105000 976.9
1110000 880.6
1115000 780.8
1120000 977.7
1125000 879.9
1130000 975.1
1135000 779.4
1140000 975.7
1145000 878.4
1150000 971.4
1155000 964.7
1160000 882.4
1165000 979.3
1170000 978.7
1175000 880.4
1180000 975.7
1185000 970.4
1190000 978.2
1195000 979.6
1200000 879.5
1205000 221.3
1210000 164.7
1215000 676.0
1220000 776.2
1225000 855.2
1230000 885.0
1235000 962.6
1240000 977.0
1245000 973.4
1250000 973.2
1255000 985.7
1260000 963.0
1265000 986.6
1270000 972.2
1275000 896.9
1280000 883.9
1285000 966.7
1290000 870.1
1295000 966.3
1300000 967.8
1305000 978.8
1310000 969.6
1315000 977.8
1320000 968.0
1325000 877.4
1330000 978.8
1335000 969.3
1340000 983.8
1345000 971.2
1350000 970.1
1355000 980.4
1360000 965.1
1365000 972.9
1370000 880.6
1375000 979.8
1380000 966.7
1385000 976.5
1390000 966.2
1395000 978.0
1400000 979.1
1405000 26.9
1410000 494.1
1415000 586.2
1420000 768.8
1425000 977.7
1430000 978.7
1435000 975.3
1440000 873.7
1445000 982.0
1450000 879.4
1455000 975.9
1460000 978.8
1465000 984.7
1470000 974.4
1475000 883.2
1480000 883.3
1485000 966.2
1490000 783.3
1495000 880.9
1500000 879.6
1505000 876.3
1510000 969.8
1515000 878.3
1520000 979.8
1525000 879.6
1530000 884.5
1535000 973.5
1540000 981.1
1545000 975.7
1550000 877.8
1555000 975.4
1560000 978.3
1565000 876.9
1570000 972.7
1575000 972.8
1580000 979.6
1585000 969.5
1590000 876.5
1595000 979.4
1600000 981.1
1605000 78.1
1610000 526.9
1615000 752.7
1620000 881.8
1625000 765.7
1630000 879.5
1635000 787.0
1640000 674.5
1645000 977.7
1650000 982.3
1655000 875.4
1660000 979.2
1665000 980.6
1670000 973.8
1675000 971.1
1680000 975.6
1685000 972.9
1690000 783.4
1695000 978.4
1700000 980.8
1705000 980.2
1710000 970.9
1715000 980.3
1720000 883.7
1725000 982.1
1730000 978.5
1735000 976.4
1740000 958.2
1745000 984.7
1750000 979.0
1755000 976.4
1760000 979.9
1765000 974.4
1770000 980.6
1775000 882.5
1780000 981.5
1785000 977.9
1790000 981.7
1795000 884.4
1800000 876.6
1805000 256.3
1810000 772.7
1815000 854.4
1820000 787.7
1825000 880.3
1830000 957.3
1835000 980.7
1840000 785.1
1845000 972.8
1850000 790.6
1855000 982.8
1860000 874.4
1865000 969.7
1870000 979.4
1875000 981.6
1880000 981.5
1885000 969.5
1890000 973.1
1895000 783.5
1900000 978.7
1905000 974.8
1910000 981.2
1915000 976.8
1920000 969.3
1925000 886.3
1930000 975.0
1935000 787.2
1940000 973.8
1945000 965.5
1950000 942.6
1955000 893.8
1960000 884.2
1965000 974.8
1970000 971.3
1975000 978.7
1980000 980.8
1985000 872.8
1990000 985.3
1995000 877.6
2000000 964.2
