5000 100.0
10000 44.8
15000 0.4
20000 75.0
25000 102.1
30000 213.8
35000 475.4
40000 448.7
45000 583.4
50000 410.0
55000 543.7
60000 813.3
65000 642.3
70000 663.7
75000 769.9
80000 523.8
85000 514.1
90000 623.4
95000 754.6
100000 273.0
105000 650.3
110000 769.3
115000 575.6
120000 772.6
125000 575.0
130000 872.9
135000 693.5
140000 859.3
145000 969.9
150000 859.3
155000 755.5
160000 682.1
165000 770.3
170000 855.8
175000 863.8
180000 682.0
185000 876.9
190000 575.4
195000 952.8
200000 877.9
205000 315.4
210000 741.8
215000 869.7
220000 886.3
225000 958.6
230000 866.0
235000 862.7
240000 880.2
245000 676.9
250000 972.4
255000 957.9
260000 844.9
265000 977.5
270000 869.2
275000 966.0
280000 970.0
285000 853.2
290000 971.5
295000 966.5
300000 973.4
305000 873.4
310000 873.0
315000 873.6
320000 964.1
325000 982.4
330000 967.0
335000 968.6
340000 670.0
345000 962.9
350000 978.6
355000 969.3
360000 972.1
365000 865.8
370000 968.9
375000 771.0
380000 965.7
385000 890.8
390000 970.7
395000 955.0
400000 950.1
405000 207.0
410000 684.8
415000 960.0
420000 965.3
425000 865.1
430000 874.1
435000 783.8
440000 986.5
445000 975.8
450000 988.1
455000 876.9
460000 968.3
465000 972.9
470000 971.7
475000 980.0
480000 970.5
485000 967.2
490000 876.6
495000 977.4
500000 976.3
505000 948.0
510000 974.3
515000 959.5
520000 970.9
525000 974.1
530000 979.3
535000 979.1
540000 978.9
545000 976.9
550000 975.7
555000 933.3
560000 877.5
565000 980.4
570000 974.1
575000 980.4
580000 963.9
585000 973.2
590000 975.9
595000 978.6
600000 873.2
605000 48.2
610000 974.8
615000 875.9
620000 967.1
625000 976.4
630000 973.0
635000 982.7
640000 977.0
645000 979.5
650000 980.2
655000 879.6
660000 978.3
665000 881.8
670000 975.3
675000 882.5
680000 975.2
685000 972.9
690000 979.0
695000 976.2
700000 985.8
705000 975.0
710000 871.6
715000 966.7
720000 982.3
725000 980.7
730000 966.3
735000 979.2
740000 973.9
745000 974.5
750000 969.0
755000 977.2
760000 970.6
765000 972.6
770000 969.4
775000 978.1
780000 885.8
785000 880.4
790000 979.2
795000 879.6
800000 971.8
805000 133.0
810000 966.9
815000 871.5
820000 971.6
825000 971.2
830000 882.9
835000 973.9
840000 971.9
845000 947.7
850000 977.0
855000 979.9
860000 968.7
865000 985.8
870000 980.6
875000 970.3
880000 870.8
885000 968.8
890000 972.7
895000 962.5
900000 980.5
905000 977.3
910000 882.0
915000 976.9
920000 972.8
925000 971.6
930000 965.2
935000 975.9
940000 983.5
945000 977.6
950000 976.4
955000 979.1
960000 987.4
965000 978.9
970000 969.0
975000 977.6
980000 976.3
985000 978.9
990000 973.8
995000 973.0
1000000 980.2
1005000 113.3
1010000 680.4
1015000 885.6
1020000 981.8
1025000 975.3
1030000 982.3
1035000 974.4
1040000 977.1
1045000 982.5
1050000 977.1
1055000 893.5
1060000 881.4
1065000 960.3
1070000 975.2
1075000 777.0
1080000 882.7
1085000 984.6
1090000 977.0
1095000 913.9
1100000 984.8
1105000 971.8
1110000 881.4
1115000 980.5
1120000 975.3
1125000 973.2
1130000 981.3
1135000 975.8
1140000 985.9
1145000 982.1
1150000 880.8
1155000 979.4
1160000 882.8
1165000 976.8
1170000 983.4
1175000 976.7
1180000 982.7
1185000 950.6
1190000 980.8
1195000 975.0
1200000 977.0
1205000 190.5
1210000 613.7
1215000 864.3
1220000 886.6
1225000 859.7
1230000 880.4
1235000 878.3
1240000 875.5
1245000 972.6
1250000 884.9
1255000 875.9
1260000 882.6
1265000 872.3
1270000 974.4
1275000 877.3
1280000 973.0
1285000 979.5
1290000 874.4
1295000 976.1
1300000 872.4
1305000 881.0
1310000 968.3
1315000 980.3
1320000 975.4
1325000 887.3
1330000 877.1
1335000 885.5
1340000 776.8
1345000 977.4
1350000 980.6
1355000 979.0
1360000 849.9
1365000 971.0
1370000 977.2
1375000 881.4
1380000 880.3
1385000 966.5
1390000 970.2
1395000 976.3
1400000 880.5
1405000 101.3
1410000 485.7
1415000 682.6
1420000 810.2
1425000 971.4
1430000 980.6
1435000 872.4
1440000 980.1
1445000 858.1
1450000 871.1
1455000 983.3
1460000 880.4
1465000 895.6
1470000 880.3
1475000 977.0
1480000 785.1
1485000 883.7
1490000 980.7
1495000 976.6
1500000 866.0
1505000 785.4
1510000 976.0
1515000 980.5
1520000 879.7
1525000 979.0
1530000 972.7
1535000 972.9
1540000 982.1
1545000 977.8
1550000 977.7
1555000 870.3
1560000 976.7
1565000 969.9
1570000 875.2
1575000 983.5
1580000 977.1
1585000 880.5
1590000 970.3
1595000 978.3
1600000 978.0
1605000 317.0
1610000 641.2
1615000 971.1
1620000 768.3
1625000 874.7
1630000 983.6
1635000 972.9
1640000 974.4
1645000 972.2
1650000 879.0
1655000 973.8
1660000 979.7
1665000 975.9
1670000 977.5
1675000 980.3
1680000 970.3
1685000 977.9
1690000 976.3
1695000 981.2
1700000 877.6
1705000 976.3
1710000 976.4
1715000 976.2
1720000 982.3
1725000 857.7
1730000 971.4
1735000 886.6
1740000 984.3
1745000 874.8
1750000 975.3
1755000 972.5
1760000 964.2
1765000 961.2
1770000 975.2
1775000 971.8
1780000 971.5
1785000 878.7
1790000 877.8
1795000 868.9
1800000 972.1
1805000 43.8
1810000 582.6
1815000 485.7
1820000 875.8
1825000 879.4
1830000 874.6
1835000 971.9
1840000 789.3
1845000 980.5
1850000 878.1
1855000 972.2
1860000 882.8
1865000 974.7
1870000 933.6
1875000 979.9
1880000 958.4
1885000 982.2
1890000 985.0
1895000 982.2
1900000 976.6
1905000 984.5
1910000 981.5
1915000 974.2
1920000 968.2
1925000 974.2
1930000 969.4
1935000 979.0
1940000 836.8
1945000 974.0
1950000 980.5
1955000 883.8
1960000 974.6
1965000 963.9
1970000 878.2
1975000 973.1
1980000 973.3
1985000 947.7
1990000 977.8
1995000 964.3
2000000 978.5
