5000 0.0
10000 100.0
15000 214.7
20000 245.9
25000 221.9
30000 194.6
35000 53.5
40000 94.7
45000 635.5
50000 292.6
55000 513.9
60000 331.0
65000 289.4
70000 553.3
75000 170.8
80000 586.8
85000 681.7
90000 391.4
95000 479.8
100000 480.5
105000 460.6
110000 674.7
115000 574.3
120000 591.6
125000 543.8
130000 385.3
135000 666.0
140000 862.3
145000 660.7
150000 482.7
155000 561.3
160000 477.6
165000 867.3
170000 471.5
175000 862.2
180000 670.7
185000 669.9
190000 557.2
195000 681.2
200000 783.2
205000 187.9
210000 873.4
215000 671.5
220000 801.1
225000 805.3
230000 583.7
235000 961.5
240000 669.4
245000 873.5
250000 871.2
255000 639.4
260000 867.1
265000 678.7
270000 764.6
275000 851.1
280000 844.7
285000 956.0
290000 875.1
295000 864.9
300000 956.5
305000 963.4
310000 954.3
315000 867.6
320000 869.7
325000 976.1
330000 871.4
335000 860.7
340000 875.0
345000 974.4
350000 668.5
355000 964.5
360000 785.8
365000 780.2
370000 897.8
375000 778.0
380000 883.8
385000 954.8
390000 871.5
395000 967.1
400000 983.7
405000 483.6
410000 911.5
415000 775.7
420000 880.5
425000 983.4
430000 968.5
435000 974.1
440000 966.8
445000 978.3
450000 971.5
455000 969.3
460000 861.4
465000 971.4
470000 968.7
475000 969.4
480000 867.0
485000 867.6
490000 963.4
495000 970.5
500000 977.8
505000 971.1
510000 970.3
515000 973.3
520000 980.2
525000 976.3
530000 978.7
535000 975.5
540000 979.5
545000 977.6
550000 970.9
555000 877.9
560000 873.7
565000 980.5
570000 876.3
575000 976.8
580000 978.9
585000 974.6
590000 974.0
595000 974.7
600000 881.1
605000 513.0
610000 777.4
615000 815.5
620000 872.7
625000 976.5
630000 866.1
635000 876.4
640000 974.1
645000 881.6
650000 884.5
655000 976.8
660000 971.4
665000 856.0
670000 977.9
675000 975.0
680000 966.4
685000 971.8
690000 972.2
695000 974.3
700000 975.0
705000 871.8
710000 975.6
715000 975.6
720000 964.8
725000 969.1
730000 977.1
735000 975.5
740000 970.6
745000 976.7
750000 978.4
755000 974.9
760000 976.6
765000 972.7
770000 975.1
775000 975.0
780000 976.8
785000 981.1
790000 970.3
795000 979.2
800000 981.3
805000 500.6
810000 761.3
815000 882.8
820000 970.8
825000 972.9
830000 882.8
835000 969.8
840000 918.2
845000 970.0
850000 969.6
855000 980.0
860000 979.9
865000 977.7
870000 981.6
875000 976.8
880000 982.0
885000 968.5
890000 879.3
895000 970.3
900000 973.6
905000 875.1
910000 969.2
915000 984.5
920000 979.2
925000 983.6
930000 973.6
935000 969.1
940000 971.5
945000 967.4
950000 974.7
955000 872.6
960000 976.8
965000 964.2
970000 976.9
975000 879.0
980000 979.3
985000 972.6
990000 975.2
995000 980.3
1000000 979.7
1005000 428.8
1010000 910.3
1015000 978.1
1020000 971.1
1025000 974.1
1030000 976.8
1035000 961.3
1040000 975.9
1045000 975.7
1050000 965.1
1055000 978.6
1060000 980.5
1065000 932.0
1070000 970.3
1075000 978.9
1080000 885.2
1085000 978.8
1090000 986.2
1095000 978.4
1100000 888.1
1105000 881.3
1110000 973.0
1115000 977.8
1120000 973.2
1125000 982.9
1130000 791.5
1135000 977.2
1140000 978.3
1145000 980.5
1150000 982.9
1155000 970.3
1160000 965.3
1165000 978.0
1170000 973.5
1175000 984.2
1180000 881.1
1185000 971.6
1190000 979.3
1195000 824.0
1200000 977.4
1205000 213.3
1210000 585.4
1215000 771.1
1220000 978.6
1225000 767.9
1230000 876.5
1235000 568.7
1240000 776.2
1245000 780.0
1250000 862.5
1255000 882.6
1260000 977.7
1265000 969.6
1270000 976.0
1275000 965.1
1280000 875.8
1285000 879.1
1290000 880.6
1295000 976.8
1300000 965.5
1305000 981.6
1310000 889.8
1315000 981.3
1320000 982.3
1325000 790.1
1330000 889.0
1335000 971.6
1340000 963.4
1345000 865.9
1350000 971.2
1355000 981.8
1360000 974.1
1365000 971.6
1370000 975.2
1375000 979.2
1380000 971.9
1385000 979.9
1390000 769.6
1395000 972.4
1400000 976.1
1405000 334.3
1410000 481.7
1415000 780.2
1420000 870.5
1425000 963.5
1430000 856.9
1435000 979.2
1440000 876.8
1445000 877.4
1450000 875.7
1455000 973.0
1460000 978.4
1465000 875.8
1470000 883.0
1475000 884.8
1480000 875.3
1485000 976.0
1490000 973.6
1495000 976.5
1500000 967.7
1505000 972.1
1510000 972.6
1515000 977.4
1520000 973.2
1525000 974.3
1530000 980.7
1535000 974.0
1540000 975.6
1545000 976.1
1550000 978.6
1555000 979.3
1560000 972.4
1565000 971.8
1570000 973.8
1575000 970.2
1580000 980.6
1585000 974.5
1590000 879.4
1595000 880.4
1600000 977.9
1605000 230.7
1610000 681.6
1615000 715.7
1620000 781.8
1625000 862.4
1630000 877.3
1635000 879.3
1640000 907.4
1645000 979.3
1650000 969.1
1655000 962.1
1660000 980.2
1665000 924.8
1670000 975.3
1675000 980.4
1680000 874.9
1685000 968.6
1690000 975.9
1695000 875.9
1700000 966.5
1705000 878.9
1710000 971.5
1715000 976.4
1720000 969.9
1725000 970.7
1730000 979.9
1735000 879.6
1740000 977.8
1745000 973.2
1750000 971.8
1755000 980.4
1760000 974.4
1765000 976.4
1770000 978.4
1775000 884.3
1780000 987.7
1785000 874.7
1790000 981.4
1795000 980.6
1800000 973.7
1805000 140.1
1810000 647.3
1815000 767.1
1820000 751.2
1825000 980.9
1830000 876.2
1835000 786.0
1840000 972.1
1845000 968.6
1850000 982.5
1855000 961.1
1860000 779.9
1865000 878.3
1870000 874.7
1875000 978.7
1880000 983.9
1885000 979.0
1890000 975.2
1895000 869.7
1900000 883.4
1905000 882.6
1910000 982.6
1915000 976.7
1920000 973.5
1925000 982.7
1930000 968.1
1935000 848.8
1940000 967.7
1945000 974.5
1950000 978.0
1955000 920.4
1960000 977.4
1965000 973.7
1970000 973.5
1975000 971.7
1980000 982.4
1985000 969.6
1990000 979.1
1995000 984.7
2000000 973.5
