5000 0.0
10000 0.0
15000 11.3
20000 139.5
25000 128.5
30000 196.0
35000 406.9
40000 126.3
45000 449.5
50000 361.2
55000 467.8
60000 471.6
65000 396.5
70000 469.6
75000 498.8
80000 657.7
85000 644.9
90000 769.1
95000 854.3
100000 677.1
105000 721.3
110000 430.7
115000 853.7
120000 860.2
125000 686.0
130000 671.4
135000 733.1
140000 676.0
145000 764.4
150000 958.1
155000 870.8
160000 667.8
165000 866.2
170000 767.0
175000 870.6
180000 771.1
185000 872.2
190000 874.6
195000 961.3
200000 973.9
205000 362.9
210000 772.5
215000 647.4
220000 950.0
225000 871.4
230000 874.7
235000 775.7
240000 774.8
245000 881.1
250000 961.3
255000 867.5
260000 966.2
265000 864.2
270000 864.8
275000 874.4
280000 877.2
285000 874.7
290000 967.3
295000 663.4
300000 882.8
305000 951.2
310000 969.7
315000 969.0
320000 877.7
325000 874.4
330000 875.7
335000 961.2
340000 878.9
345000 947.6
350000 732.1
355000 976.7
360000 764.7
365000 966.4
370000 971.0
375000 979.3
380000 974.9
385000 967.6
390000 952.1
395000 963.4
400000 959.7
405000 332.5
410000 693.4
415000 883.8
420000 746.7
425000 919.9
430000 873.9
435000 977.8
440000 880.2
445000 877.6
450000 869.0
455000 966.4
460000 680.8
465000 777.5
470000 975.2
475000 965.6
480000 872.4
485000 678.2
490000 881.7
495000 971.8
500000 872.8
505000 869.3
510000 977.3
515000 872.9
520000 973.3
525000 968.8
530000 763.5
535000 681.5
540000 968.0
545000 779.5
550000 973.4
555000 969.5
560000 964.8
565000 976.1
570000 968.3
575000 965.4
580000 790.7
585000 884.5
590000 970.2
595000 876.3
600000 965.1
605000 744.1
610000 969.7
615000 876.1
620000 685.5
625000 782.0
630000 969.1
635000 972.7
640000 784.7
645000 878.3
650000 980.3
655000 972.5
660000 978.2
665000 978.6
670000 967.5
675000 972.1
680000 863.5
685000 976.8
690000 973.4
695000 878.3
700000 977.0
705000 974.7
710000 956.0
715000 864.1
720000 973.8
725000 975.2
730000 881.2
735000 876.9
740000 789.2
745000 977.8
750000 962.5
755000 981.4
760000 881.5
765000 967.5
770000 778.7
775000 982.1
780000 971.8
785000 974.0
790000 971.6
795000 981.7
800000 874.9
805000 487.4
810000 884.5
815000 874.2
820000 965.6
825000 873.2
830000 966.3
835000 977.2
840000 874.7
845000 872.1
850000 877.0
855000 873.8
860000 775.2
865000 982.1
870000 880.6
875000 974.8
880000 873.2
885000 979.2
890000 980.7
895000 979.1
900000 972.7
905000 979.0
910000 875.7
915000 974.0
920000 880.4
925000 869.4
930000 978.7
935000 935.8
940000 872.1
945000 871.8
950000 973.2
955000 970.1
960000 392.2
965000 878.8
970000 981.6
975000 975.7
980000 976.2
985000 979.7
990000 883.4
995000 980.2
1000000 886.7
1005000 652.5
1010000 878.4
1015000 974.6
1020000 986.1
1025000 977.3
1030000 979.8
1035000 883.8
1040000 978.8
1045000 980.6
1050000 979.2
1055000 877.4
1060000 978.2
1065000 972.1
1070000 975.9
1075000 962.4
1080000 985.0
1085000 880.3
1090000 974.8
1095000 875.1
1100000 876.8
1105000 953.5
1110000 977.3
1115000 975.1
1120000 866.3
1125000 987.3
1130000 880.9
1135000 980.4
1140000 879.9
1145000 978.7
1150000 879.9
1155000 960.6
1160000 967.9
1165000 977.1
1170000 793.9
1175000 976.8
1180000 980.4
1185000 976.6
1190000 978.5
1195000 968.0
1200000 975.8
1205000 29.0
1210000 547.8
1215000 526.5
1220000 864.8
1225000 974.6
1230000 945.8
1235000 790.7
1240000 876.4
1245000 971.7
1250000 880.7
1255000 882.0
1260000 884.1
1265000 980.4
1270000 886.2
1275000 883.1
1280000 777.5
1285000 972.3
1290000 967.7
1295000 880.9
1300000 881.0
1305000 980.0
1310000 975.0
1315000 877.4
1320000 877.7
1325000 780.2
1330000 981.1
1335000 879.4
1340000 890.8
1345000 680.6
1350000 876.2
1355000 781.1
1360000 957.8
1365000 969.7
1370000 779.1
1375000 785.1
1380000 881.3
1385000 963.5
1390000 967.8
1395000 972.6
1400000 975.7
1405000 293.0
1410000 300.2
1415000 945.7
1420000 806.9
1425000 971.6
1430000 867.2
1435000 846.7
1440000 876.5
1445000 976.6
1450000 884.1
1455000 873.7
1460000 864.7
1465000 960.2
1470000 882.4
1475000 959.3
1480000 984.8
1485000 967.5
1490000 972.3
1495000 977.7
1500000 959.5
1505000 969.0
1510000 973.9
1515000 967.6
1520000 970.3
1525000 968.7
1530000 973.6
1535000 808.5
1540000 879.8
1545000 969.5
1550000 981.3
1555000 980.9
1560000 975.0
1565000 969.8
1570000 878.8
1575000 885.4
1580000 973.6
1585000 972.1
1590000 972.5
1595000 883.0
1600000 879.4
1605000 218.2
1610000 581.2
1615000 689.9
1620000 881.9
1625000 867.9
1630000 782.7
1635000 975.0
1640000 976.5
1645000 873.5
1650000 981.5
1655000 870.5
1660000 942.8
1665000 868.1
1670000 968.3
1675000 970.4
1680000 881.1
1685000 977.8
1690000 975.6
1695000 983.4
1700000 980.2
1705000 985.6
1710000 976.9
1715000 975.3
1720000 975.8
1725000 932.4
1730000 871.1
1735000 869.5
1740000 946.5
1745000 978.9
1750000 971.4
1755000 975.2
1760000 873.3
1765000 866.4
1770000 982.6
1775000 876.2
1780000 870.5
1785000 982.2
1790000 980.1
1795000 981.4
1800000 973.8
1805000 376.6
1810000 684.4
1815000 832.7
1820000 972.2
1825000 968.7
1830000 983.6
1835000 872.2
1840000 965.1
1845000 875.6
1850000 985.3
1855000 872.8
1860000 975.5
1865000 981.2
1870000 973.9
1875000 968.7
1880000 875.4
1885000 980.9
1890000 977.0
1895000 967.3
1900000 984.4
1905000 970.7
1910000 939.8
1915000 975.1
1920000 970.5
1925000 971.1
1930000 876.2
1935000 974.8
1940000 964.3
1945000 957.9
1950000 867.5
1955000 977.1
1960000 971.6
1965000 982.1
1970000 975.3
1975000 974.3
1980000 978.0
1985000 980.1
1990000 887.8
1995000 969.5
2000000 911.3
