5000 0.0
10000 0.0
15000 453.8
20000 57.5
25000 119.8
30000 239.2
35000 220.0
40000 357.1
45000 198.7
50000 451.7
55000 389.3
60000 541.7
65000 255.8
70000 182.3
75000 469.7
80000 360.7
85000 242.8
90000 567.7
95000 492.1
100000 653.3
105000 271.5
110000 288.1
115000 950.0
120000 668.2
125000 672.4
130000 663.8
135000 767.8
140000 578.2
145000 670.3
150000 754.8
155000 668.4
160000 772.9
165000 754.9
170000 489.1
175000 666.6
180000 581.3
185000 880.3
190000 761.9
195000 766.8
200000 867.9
205000 669.6
210000 759.3
215000 754.7
220000 846.9
225000 862.6
230000 873.5
235000 807.2
240000 964.1
245000 959.2
250000 962.2
255000 875.6
260000 778.8
265000 959.6
270000 954.3
275000 859.6
280000 958.6
285000 679.9
290000 865.7
295000 847.1
300000 958.2
305000 864.0
310000 965.1
315000 967.7
320000 965.4
325000 833.3
330000 971.0
335000 867.2
340000 769.3
345000 977.9
350000 976.4
355000 961.0
360000 963.3
365000 963.0
370000 954.8
375000 776.9
380000 955.1
385000 971.8
390000 676.5
395000 876.9
400000 884.9
405000 370.5
410000 670.9
415000 975.0
420000 765.2
425000 965.2
430000 967.0
435000 884.0
440000 849.4
445000 970.7
450000 950.0
455000 969.4
460000 966.6
465000 866.5
470000 975.2
475000 973.8
480000 977.3
485000 978.0
490000 976.7
495000 884.9
500000 976.6
505000 875.8
510000 972.4
515000 976.5
520000 772.3
525000 936.7
530000 968.6
535000 871.5
540000 877.3
545000 955.2
550000 878.3
555000 979.6
560000 969.3
565000 967.2
570000 975.8
575000 972.7
580000 981.3
585000 979.7
590000 977.8
595000 868.1
600000 977.8
605000 185.8
610000 781.1
615000 872.7
620000 959.7
625000 972.3
630000 967.8
635000 978.3
640000 964.5
645000 939.7
650000 742.1
655000 979.9
660000 968.7
665000 984.1
670000 968.6
675000 975.6
680000 978.4
685000 970.2
690000 980.2
695000 972.5
700000 970.4
705000 869.0
710000 979.5
715000 882.4
720000 882.6
725000 875.2
730000 968.4
735000 784.7
740000 786.2
745000 887.9
750000 870.3
755000 880.7
760000 968.5
765000 871.8
770000 875.3
775000 970.2
780000 982.9
785000 873.8
790000 974.9
795000 978.4
800000 874.3
805000 91.6
810000 692.1
815000 733.6
820000 971.7
825000 978.6
830000 975.4
835000 971.1
840000 954.1
845000 979.4
850000 977.5
855000 975.3
860000 970.3
865000 974.5
870000 978.3
875000 971.4
880000 972.7
885000 978.5
890000 980.0
895000 985.6
900000 880.3
905000 872.4
910000 968.6
915000 981.7
920000 974.0
925000 973.5
930000 973.4
935000 981.6
940000 976.1
945000 981.7
950000 973.8
955000 974.9
960000 969.6
965000 968.7
970000 974.9
975000 972.3
980000 978.0
985000 983.5
990000 979.3
995000 973.1
1000000 881.2
1005000 619.3
1010000 829.9
1015000 971.4
1020000 968.4
1025000 984.1
1030000 966.5
1035000 964.3
1040000 977.1
1045000 965.4
1050000 978.6
1055000 978.5
1060000 988.8
1065000 980.1
1070000 982.0
1075000 968.2
1080000 969.8
1085000 970.5
1090000 980.2
1095000 977.5
1100000 980.0
1105000 974.5
1110000 982.0
1115000 963.9
1120000 881.1
1125000 967.5
1130000 977.2
1135000 971.8
1140000 980.4
1145000 975.8
1150000 972.1
1155000 875.4
1160000 977.1
1165000 984.1
1170000 972.0
1175000 974.2
1180000 874.6
1185000 968.5
1190000 980.8
1195000 973.6
1200000 977.1
1205000 103.0
1210000 280.5
1215000 779.3
1220000 640.6
1225000 872.4
1230000 773.9
1235000 938.7
1240000 889.0
1245000 868.6
1250000 947.8
1255000 976.2
1260000 983.9
1265000 879.2
1270000 968.8
1275000 967.5
1280000 968.2
1285000 963.9
1290000 673.7
1295000 974.4
1300000 883.2
1305000 972.4
1310000 881.5
1315000 978.3
1320000 979.8
1325000 976.2
1330000 977.9
1335000 970.7
1340000 879.7
1345000 974.5
1350000 966.3
1355000 882.5
1360000 975.8
1365000 974.9
1370000 978.5
1375000 972.3
1380000 970.1
1385000 985.6
1390000 969.3
1395000 976.2
1400000 979.7
1405000 287.9
1410000 584.8
1415000 644.8
1420000 780.2
1425000 881.6
1430000 822.7
1435000 784.5
1440000 783.3
1445000 973.8
1450000 780.9
1455000 981.2
1460000 970.1
1465000 871.2
1470000 875.2
1475000 972.3
1480000 972.3
1485000 979.0
1490000 983.4
1495000 928.6
1500000 882.8
1505000 885.6
1510000 879.0
1515000 984.1
1520000 980.7
1525000 976.3
1530000 972.8
1535000 972.6
1540000 979.8
1545000 976.0
1550000 876.1
1555000 975.0
1560000 971.0
1565000 973.2
1570000 879.2
1575000 980.2
1580000 884.3
1585000 980.8
1590000 979.8
1595000 978.9
1600000 970.2
1605000 216.1
1610000 490.3
1615000 781.4
1620000 722.8
1625000 958.3
1630000 976.6
1635000 976.5
1640000 971.5
1645000 872.8
1650000 978.9
1655000 877.3
1660000 974.3
1665000 865.9
1670000 775.4
1675000 980.5
1680000 967.5
1685000 980.0
1690000 968.1
1695000 980.9
1700000 685.3
1705000 777.8
1710000 977.3
1715000 973.2
1720000 978.8
1725000 982.9
1730000 981.7
1735000 873.3
1740000 975.4
1745000 878.8
1750000 885.5
1755000 908.7
1760000 982.4
1765000 970.3
1770000 976.5
1775000 983.4
1780000 982.2
1785000 972.9
1790000 978.3
1795000 978.3
1800000 981.4
1805000 281.6
1810000 580.7
1815000 671.7
1820000 916.5
1825000 955.7
1830000 973.2
1835000 983.1
1840000 964.2
1845000 973.4
1850000 873.1
1855000 882.2
1860000 893.3
1865000 979.5
1870000 966.7
1875000 972.8
1880000 973.2
1885000 975.0
1890000 876.7
1895000 980.7
1900000 975.6
1905000 980.0
1910000 978.2
1915000 971.5
1920000 977.3
1925000 977.0
1930000 883.4
1935000 982.2
1940000 866.7
1945000 977.1
1950000 872.3
1955000 981.7
1960000 976.4
1965000 882.6
1970000 979.0
1975000 974.0
1980000 975.4
1985000 974.6
1990000 980.5
1995000 982.8
2000000 980.5
