10000 160.8
20000 246.5
30000 338.9
40000 666.3
50000 635.5
60000 766.1
70000 923.3
80000 872.1
90000 950.3
100000 913.9
110000 877.4
120000 956.3
130000 947.8
140000 944.9
150000 949.5
160000 951.3
170000 948.4
180000 938.5
190000 955.3
200000 928.9
210000 931.1
220000 933.6
230000 961.8
240000 954.6
250000 966.1
260000 909.8
270000 945.8
280000 969.2
290000 945.7
300000 960.7
310000 931.0
320000 966.2
330000 936.0
340000 973.5
350000 942.5
360000 937.8
370000 974.0
380000 962.3
390000 968.1
400000 978.5
410000 917.6
420000 962.9
430000 956.4
440000 962.5
450000 963.4
460000 901.1
470000 955.2
480000 940.6
490000 943.7
500000 950.6
