10000 200.9
20000 545.0
30000 766.8
40000 770.3
50000 818.4
60000 848.1
70000 798.5
80000 922.1
90000 881.5
100000 877.1
110000 842.4
120000 955.0
130000 933.6
140000 923.5
150000 884.1
160000 959.8
170000 977.2
180000 957.4
190000 973.6
200000 959.7
210000 931.6
220000 974.8
230000 961.2
240000 956.5
250000 971.2
260000 934.2
270000 947.5
280000 972.3
290000 918.9
300000 976.8
310000 972.4
320000 951.7
330000 957.9
340000 973.3
350000 952.3
360000 965.2
370000 966.9
380000 950.1
390000 978.7
400000 964.9
410000 861.1
420000 875.3
430000 976.0
440000 958.2
450000 958.6
460000 966.6
470000 967.1
480000 960.2
490000 984.5
500000 962.7
