10000 233.2
20000 417.6
30000 470.8
40000 587.6
50000 768.7
60000 756.4
70000 891.9
80000 895.1
90000 946.2
100000 923.2
110000 933.3
120000 956.2
130000 933.5
140000 930.9
150000 903.5
160000 909.8
170000 937.1
180000 922.4
190000 932.0
200000 961.3
210000 947.3
220000 961.7
230000 929.9
240000 961.3
250000 975.9
260000 834.1
270000 930.1
280000 959.3
290000 977.5
300000 983.4
310000 924.9
320000 945.6
330000 955.3
340000 969.3
350000 934.6
360000 942.3
370000 961.0
380000 939.5
390000 961.5
400000 959.9
410000 834.5
420000 964.3
430000 969.9
440000 945.7
450000 967.8
460000 938.5
470000 950.0
480000 966.2
490000 955.6
500000 948.7
