10000 197.8
20000 291.5
30000 104.8
40000 103.0
50000 106.6
60000 484.4
70000 619.4
80000 795.2
90000 811.8
100000 959.1
110000 695.9
120000 935.1
130000 968.6
140000 944.3
150000 965.1
160000 757.2
170000 971.9
180000 973.1
190000 975.3
200000 976.0
210000 956.5
220000 968.8
230000 964.9
240000 966.2
250000 970.6
260000 956.2
270000 962.8
280000 957.7
290000 968.6
300000 962.3
310000 967.1
320000 970.2
330000 987.4
340000 977.0
350000 962.9
360000 919.8
370000 944.4
380000 975.1
390000 962.6
400000 974.5
410000 904.4
420000 973.9
430000 964.8
440000 975.9
450000 953.2
460000 922.3
470000 957.0
480000 958.3
490000 960.3
500000 953.8
