10000 240.8
20000 442.4
30000 632.9
40000 878.0
50000 893.0
60000 935.1
70000 947.3
80000 956.8
90000 944.5
100000 964.3
110000 956.5
120000 941.4
130000 967.5
140000 907.3
150000 956.5
160000 901.1
170000 963.7
180000 959.7
190000 966.3
200000 945.9
210000 958.2
220000 961.1
230000 973.4
240000 978.4
250000 908.7
260000 920.3
270000 883.5
280000 950.3
290000 958.3
300000 968.2
310000 946.6
320000 948.0
330000 970.0
340000 980.8
350000 967.1
360000 887.9
370000 973.1
380000 958.0
390000 963.1
400000 968.0
410000 893.0
420000 980.1
430000 966.8
440000 975.7
450000 975.6
460000 874.4
470000 955.6
480000 971.8
490000 962.3
500000 973.7
