10000 193.9
20000 287.4
30000 379.3
40000 716.6
50000 961.4
60000 796.6
70000 930.7
80000 950.2
90000 935.5
100000 951.4
110000 868.5
120000 957.8
130000 912.4
140000 955.6
150000 959.5
160000 939.1
170000 941.4
180000 902.7
190000 957.9
200000 971.4
210000 955.6
220000 965.5
230000 958.4
240000 967.8
250000 974.4
260000 957.6
270000 944.1
280000 926.4
290000 977.2
300000 974.1
310000 915.9
320000 976.3
330000 978.2
340000 971.0
350000 958.2
360000 960.2
370000 964.2
380000 945.4
390000 981.2
400000 946.3
410000 949.4
420000 972.6
430000 941.0
440000 971.2
450000 960.6
460000 950.7
470000 954.9
480000 945.3
490000 974.8
500000 970.1
