10000 210.9
20000 768.5
30000 831.3
40000 958.1
50000 958.1
60000 969.0
70000 946.0
80000 955.9
90000 953.9
100000 944.5
110000 935.3
120000 951.5
130000 962.2
140000 959.0
150000 976.6
160000 962.2
170000 962.9
180000 967.8
190000 954.9
200000 972.1
210000 953.7
220000 964.5
230000 954.1
240000 975.7
250000 970.8
260000 916.3
270000 970.3
280000 955.9
290000 963.8
300000 977.4
310000 938.1
320000 977.7
330000 963.5
340000 973.2
350000 968.4
360000 923.9
370000 976.5
380000 953.9
390000 956.8
400000 960.6
410000 923.6
420000 970.3
430000 948.6
440000 962.2
450000 979.1
460000 957.6
470000 960.2
480000 960.1
490000 954.2
500000 901.0
