10000 223.6
20000 654.5
30000 644.6
40000 759.1
50000 862.7
60000 581.5
70000 917.4
80000 901.8
90000 926.8
100000 954.4
110000 948.5
120000 923.4
130000 923.1
140000 944.1
150000 938.1
160000 873.2
170000 929.0
180000 953.8
190000 971.0
200000 976.5
210000 939.1
220000 953.0
230000 957.0
240000 967.7
250000 967.0
260000 952.2
270000 944.3
280000 977.6
290000 975.2
300000 979.8
310000 938.7
320000 957.0
330000 968.3
340000 966.7
350000 951.5
360000 923.6
370000 963.2
380000 949.7
390000 977.6
400000 987.0
410000 971.7
420000 878.2
430000 965.3
440000 979.8
450000 962.2
460000 872.9
470000 975.0
480000 953.7
490000 936.2
500000 970.9
