10000 280.4
20000 761.9
30000 824.8
40000 920.4
50000 787.3
60000 916.0
70000 900.8
80000 892.2
90000 934.2
100000 964.3
110000 941.8
120000 948.0
130000 945.6
140000 951.4
150000 965.4
160000 942.5
170000 973.0
180000 961.6
190000 947.8
200000 944.2
210000 823.4
220000 958.7
230000 930.4
240000 948.7
250000 976.3
260000 950.0
270000 968.1
280000 968.1
290000 977.6
300000 963.3
310000 950.8
320000 944.9
330000 862.8
340000 963.3
350000 963.7
360000 956.7
370000 961.5
380000 971.6
390000 963.7
400000 954.6
410000 934.2
420000 961.2
430000 958.7
440000 972.2
450000 975.9
460000 957.3
470000 940.1
480000 967.2
490000 953.2
500000 961.5
