10000 266.6
20000 345.2
30000 414.3
40000 525.5
50000 605.9
60000 857.2
70000 917.6
80000 900.3
90000 858.2
100000 881.6
110000 881.0
120000 893.0
130000 920.1
140000 954.1
150000 955.5
160000 843.4
170000 962.5
180000 929.0
190000 945.7
200000 966.1
210000 962.1
220000 938.9
230000 948.8
240000 957.4
250000 944.6
260000 898.9
270000 948.4
280000 949.9
290000 952.1
300000 964.0
310000 925.6
320000 973.3
330000 970.2
340000 967.0
350000 970.4
360000 877.4
370000 973.3
380000 963.0
390000 947.8
400000 950.4
410000 943.7
420000 930.7
430000 942.9
440000 947.7
450000 961.5
460000 970.8
470000 959.0
480000 975.8
490000 951.5
500000 952.1
