5000 53.4
10000 82.8
15000 80.4
20000 69.3
25000 73.8
30000 107.2
35000 64.3
40000 69.1
45000 63.3
50000 75.5
55000 81.7
60000 51.1
65000 108.9
70000 156.7
75000 120.8
80000 83.8
85000 139.0
90000 136.2
95000 65.9
100000 112.7
105000 111.0
110000 81.6
115000 96.4
120000 106.8
125000 80.7
130000 145.2
135000 58.3
140000 56.7
145000 87.9
150000 83.9
155000 56.1
160000 79.5
165000 94.4
170000 48.6
175000 183.4
180000 135.1
185000 147.3
190000 155.0
195000 102.7
200000 125.1
205000 68.2
210000 64.5
215000 59.6
220000 231.1
225000 178.1
230000 86.5
235000 81.8
240000 72.5
245000 160.9
250000 137.6
255000 279.0
260000 74.9
265000 168.2
270000 281.8
275000 91.4
280000 271.9
285000 285.6
290000 168.4
295000 136.1
300000 135.4
305000 262.9
310000 116.4
315000 360.7
320000 210.9
325000 113.3
330000 224.6
335000 135.4
340000 222.5
345000 219.3
350000 470.5
355000 145.9
360000 274.0
365000 195.9
370000 293.0
375000 89.3
380000 139.0
385000 371.6
390000 271.6
395000 211.5
400000 86.0
405000 264.4
410000 225.9
415000 370.3
420000 443.6
425000 209.9
430000 237.0
435000 344.5
440000 381.1
445000 600.7
450000 409.7
455000 389.4
460000 210.3
465000 377.2
470000 387.0
475000 233.2
480000 285.3
485000 326.3
490000 343.6
495000 345.6
500000 152.9
505000 387.8
510000 393.6
515000 295.2
520000 339.0
525000 182.5
530000 183.9
535000 222.3
540000 199.1
545000 362.1
550000 366.2
555000 143.8
560000 313.8
565000 272.6
570000 275.4
575000 375.3
580000 255.5
585000 384.4
590000 199.7
595000 410.5
600000 523.3
605000 357.5
610000 662.0
615000 387.0
620000 508.6
625000 383.1
630000 514.3
635000 408.8
640000 362.3
645000 204.2
650000 296.1
655000 452.9
660000 477.1
665000 370.8
670000 496.7
675000 575.8
680000 469.4
685000 275.9
690000 340.3
695000 314.0
700000 369.8
705000 332.2
710000 473.1
715000 383.8
720000 381.7
725000 334.6
730000 212.8
735000 346.7
740000 206.5
745000 216.3
750000 454.0
755000 309.4
760000 518.1
765000 351.2
770000 384.0
775000 332.4
780000 502.6
785000 225.3
790000 472.9
795000 432.2
800000 515.1
805000 538.9
810000 556.2
815000 532.8
820000 345.1
825000 487.3
830000 494.1
835000 385.1
840000 649.2
845000 410.8
850000 473.6
855000 502.9
860000 545.0
865000 403.8
870000 243.8
875000 392.9
880000 364.7
885000 291.6
890000 685.3
895000 607.6
900000 700.9
905000 329.7
910000 293.0
915000 430.9
920000 385.5
925000 398.5
930000 630.4
935000 301.5
940000 501.8
945000 472.6
950000 505.9
955000 272.7
960000 412.7
965000 489.9
970000 459.8
975000 514.9
980000 300.5
985000 422.4
990000 497.0
995000 423.5
1000000 460.2
1005000 457.7
1010000 324.7
1015000 703.3
1020000 425.0
1025000 353.0
1030000 611.2
1035000 479.8
1040000 572.7
1045000 419.5
1050000 545.5
1055000 267.8
1060000 434.2
1065000 419.8
1070000 604.6
1075000 361.7
1080000 459.2
1085000 501.6
1090000 483.6
1095000 475.0
1100000 660.5
1105000 475.8
1110000 270.8
1115000 439.0
1120000 278.8
1125000 423.1
1130000 412.4
1135000 401.5
1140000 537.6
1145000 710.8
1150000 382.4
1155000 127.9
1160000 641.2
1165000 351.4
1170000 531.6
1175000 478.5
1180000 362.1
1185000 586.1
1190000 351.0
1195000 343.8
1200000 414.7
1205000 391.7
1210000 373.8
1215000 505.0
1220000 369.5
1225000 550.8
1230000 451.3
1235000 528.0
1240000 512.3
1245000 635.0
1250000 348.7
1255000 479.2
1260000 431.2
1265000 470.3
1270000 595.4
1275000 372.5
1280000 249.7
1285000 341.4
1290000 678.1
1295000 570.6
1300000 558.8
1305000 313.5
1310000 585.9
1315000 204.2
1320000 351.1
1325000 448.6
1330000 559.0
1335000 380.8
1340000 337.2
1345000 352.3
1350000 596.7
1355000 416.4
1360000 462.1
1365000 442.0
1370000 486.9
1375000 495.1
1380000 639.8
1385000 589.8
1390000 583.3
1395000 438.8
1400000 593.1
1405000 395.3
1410000 280.8
1415000 465.3
1420000 630.9
1425000 555.0
1430000 517.6
1435000 342.7
1440000 474.8
1445000 556.6
1450000 213.4
1455000 475.6
1460000 530.1
1465000 630.2
1470000 522.1
1475000 483.8
1480000 453.3
1485000 458.3
1490000 295.4
1495000 464.9
1500000 490.1
1505000 339.3
1510000 505.7
1515000 471.1
1520000 444.9
1525000 590.8
1530000 457.1
1535000 308.1
1540000 402.1
1545000 486.8
1550000 436.0
1555000 433.5
1560000 487.8
1565000 453.6
1570000 443.3
1575000 694.2
1580000 380.3
1585000 407.7
1590000 598.5
1595000 506.9
1600000 559.0
1605000 350.1
1610000 356.0
1615000 515.3
1620000 589.6
1625000 473.3
1630000 477.4
1635000 505.2
1640000 316.3
1645000 430.8
1650000 528.3
1655000 460.6
1660000 436.9
1665000 285.1
1670000 596.6
1675000 518.8
1680000 626.7
1685000 370.7
1690000 369.2
1695000 348.3
1700000 451.3
1705000 561.3
1710000 579.4
1715000 634.3
1720000 355.6
1725000 500.0
1730000 429.1
1735000 564.7
1740000 525.8
1745000 289.4
1750000 436.5
1755000 609.3
1760000 555.3
1765000 539.4
1770000 592.4
1775000 488.0
1780000 544.0
1785000 417.7
1790000 501.1
1795000 337.2
1800000 548.3
1805000 272.7
1810000 559.2
1815000 512.9
1820000 461.7
1825000 607.3
1830000 477.5
1835000 518.5
1840000 644.1
1845000 318.5
1850000 713.2
1855000 351.0
1860000 641.9
1865000 386.6
1870000 316.4
1875000 535.7
1880000 547.0
1885000 515.8
1890000 578.2
1895000 550.3
1900000 563.1
1905000 607.6
1910000 509.4
1915000 532.8
1920000 297.9
1925000 543.6
1930000 586.3
1935000 341.5
1940000 394.9
1945000 445.5
1950000 472.9
1955000 482.6
1960000 676.7
1965000 525.3
1970000 539.5
1975000 605.8
1980000 597.2
1985000 480.3
1990000 366.9
1995000 581.2
2000000 503.8
