5000 84.6
10000 66.4
15000 74.8
20000 63.6
25000 61.4
30000 60.2
35000 70.9
40000 142.0
45000 72.9
50000 127.3
55000 100.5
60000 78.7
65000 71.9
70000 69.3
75000 113.7
80000 145.1
85000 139.2
90000 104.0
95000 76.4
100000 72.2
105000 77.4
110000 90.3
115000 109.8
120000 109.3
125000 47.4
130000 93.7
135000 47.3
140000 102.1
145000 66.4
150000 124.4
155000 134.2
160000 65.9
165000 262.2
170000 131.8
175000 121.2
180000 146.9
185000 79.8
190000 113.4
195000 55.7
200000 134.7
205000 104.8
210000 96.5
215000 110.1
220000 164.9
225000 71.8
230000 176.1
235000 153.4
240000 277.1
245000 216.1
250000 166.0
255000 123.7
260000 134.2
265000 122.0
270000 165.9
275000 228.0
280000 183.8
285000 123.5
290000 93.6
295000 178.1
300000 274.7
305000 253.2
310000 91.2
315000 191.6
320000 130.7
325000 95.3
330000 90.2
335000 183.8
340000 189.9
345000 147.0
350000 182.4
355000 182.2
360000 183.2
365000 212.7
370000 102.9
375000 342.7
380000 95.9
385000 79.6
390000 153.4
395000 115.8
400000 174.3
405000 355.5
410000 322.8
415000 193.3
420000 272.4
425000 362.0
430000 364.1
435000 210.6
440000 319.9
445000 390.0
450000 324.8
455000 236.0
460000 457.9
465000 426.2
470000 338.9
475000 129.2
480000 216.8
485000 102.1
490000 247.8
495000 337.5
500000 293.0
505000 216.7
510000 217.7
515000 526.8
520000 353.3
525000 121.6
530000 256.4
535000 299.2
540000 137.5
545000 187.3
550000 387.4
555000 135.2
560000 219.6
565000 226.4
570000 415.7
575000 293.4
580000 225.1
585000 239.9
590000 146.1
595000 145.6
600000 350.5
605000 259.7
610000 344.9
615000 271.9
620000 455.3
625000 340.4
630000 348.8
635000 402.1
640000 349.2
645000 423.8
650000 289.3
655000 404.9
660000 221.5
665000 298.9
670000 625.5
675000 403.0
680000 607.4
685000 461.1
690000 266.4
695000 254.5
700000 359.7
705000 212.3
710000 275.8
715000 512.2
720000 340.4
725000 143.6
730000 383.4
735000 456.4
740000 275.4
745000 460.4
750000 326.4
755000 350.7
760000 392.9
765000 460.7
770000 258.2
775000 518.2
780000 443.6
785000 209.4
790000 366.9
795000 342.8
800000 455.0
805000 471.1
810000 424.6
815000 359.7
820000 373.6
825000 188.9
830000 485.5
835000 535.3
840000 538.6
845000 298.1
850000 570.9
855000 464.3
860000 201.5
865000 596.8
870000 548.4
875000 439.4
880000 528.9
885000 593.9
890000 517.9
895000 350.8
900000 317.2
905000 718.2
910000 350.0
915000 604.9
920000 530.9
925000 426.8
930000 563.9
935000 410.0
940000 238.9
945000 370.2
950000 420.5
955000 521.4
960000 451.0
965000 383.9
970000 347.0
975000 427.1
980000 297.4
985000 515.6
990000 524.7
995000 371.2
1000000 482.3
1005000 468.2
1010000 509.6
1015000 411.0
1020000 423.9
1025000 479.9
1030000 503.4
1035000 434.9
1040000 535.4
1045000 510.9
1050000 542.7
1055000 626.0
1060000 355.4
1065000 349.9
1070000 640.1
1075000 647.8
1080000 583.2
1085000 463.6
1090000 551.1
1095000 618.0
1100000 508.8
1105000 432.9
1110000 569.2
1115000 320.7
1120000 557.2
1125000 472.4
1130000 473.1
1135000 497.8
1140000 364.0
1145000 555.6
1150000 439.7
1155000 591.0
1160000 549.4
1165000 598.4
1170000 660.5
1175000 588.4
1180000 517.9
1185000 616.8
1190000 574.4
1195000 770.4
1200000 318.2
1205000 580.7
1210000 445.8
1215000 463.8
1220000 439.1
1225000 529.6
1230000 536.3
1235000 303.5
1240000 324.2
1245000 589.2
1250000 430.3
1255000 541.6
1260000 507.4
1265000 519.4
1270000 549.8
1275000 382.3
1280000 594.4
1285000 637.6
1290000 579.7
1295000 417.5
1300000 476.1
1305000 572.1
1310000 571.9
1315000 675.7
1320000 712.4
1325000 311.3
1330000 485.9
1335000 605.3
1340000 790.3
1345000 579.6
1350000 475.8
1355000 527.4
1360000 759.0
1365000 344.2
1370000 478.5
1375000 522.2
1380000 472.1
1385000 423.3
1390000 680.4
1395000 409.5
1400000 505.4
1405000 515.1
1410000 446.6
1415000 283.5
1420000 487.1
1425000 264.5
1430000 525.1
1435000 636.0
1440000 652.5
1445000 484.5
1450000 539.8
1455000 513.6
1460000 436.3
1465000 348.2
1470000 527.7
1475000 449.9
1480000 449.7
1485000 463.2
1490000 515.3
1495000 445.8
1500000 548.6
1505000 523.3
1510000 497.8
1515000 506.9
1520000 374.9
1525000 458.1
1530000 668.3
1535000 321.4
1540000 483.4
1545000 534.4
1550000 305.5
1555000 533.4
1560000 220.2
1565000 355.6
1570000 388.4
1575000 561.8
1580000 583.3
1585000 476.2
1590000 326.7
1595000 581.1
1600000 455.4
1605000 508.6
1610000 523.7
1615000 582.5
1620000 379.0
1625000 717.8
1630000 644.7
1635000 579.6
1640000 646.6
1645000 588.2
1650000 532.2
1655000 570.0
1660000 363.2
1665000 521.4
1670000 651.1
1675000 610.8
1680000 492.6
1685000 537.7
1690000 300.5
1695000 436.4
1700000 604.5
1705000 515.6
1710000 610.5
1715000 629.7
1720000 537.0
1725000 508.9
1730000 644.1
1735000 427.4
1740000 718.2
1745000 427.9
1750000 410.7
1755000 480.3
1760000 611.3
1765000 629.3
1770000 636.5
1775000 356.0
1780000 335.4
1785000 492.6
1790000 538.0
1795000 452.8
1800000 673.7
1805000 395.7
1810000 581.0
1815000 645.5
1820000 586.3
1825000 690.7
1830000 487.7
1835000 623.4
1840000 389.1
1845000 410.0
1850000 607.1
1855000 558.4
1860000 343.3
1865000 563.9
1870000 388.1
1875000 202.6
1880000 662.0
1885000 591.7
1890000 672.6
1895000 475.7
1900000 607.2
1905000 555.0
1910000 611.3
1915000 426.1
1920000 521.7
1925000 519.4
1930000 689.8
1935000 564.3
1940000 629.2
1945000 498.0
1950000 634.9
1955000 589.1
1960000 599.4
1965000 629.4
1970000 566.1
1975000 581.9
1980000 517.4
1985000 744.4
1990000 398.6
1995000 583.3
2000000 599.1
