5000 71.5
10000 84.6
15000 65.8
20000 57.4
25000 77.2
30000 58.7
35000 76.4
40000 72.1
45000 82.0
50000 71.8
55000 112.3
60000 65.0
65000 59.3
70000 68.0
75000 120.1
80000 79.2
85000 162.1
90000 57.5
95000 50.2
100000 142.0
105000 110.7
110000 172.1
115000 92.9
120000 157.6
125000 87.6
130000 159.9
135000 72.2
140000 76.3
145000 145.1
150000 43.1
155000 68.0
160000 93.1
165000 162.3
170000 179.4
175000 126.7
180000 81.7
185000 211.3
190000 112.6
195000 58.0
200000 84.1
205000 147.9
210000 116.3
215000 82.6
220000 165.4
225000 137.5
230000 141.2
235000 236.9
240000 329.0
245000 98.1
250000 183.7
255000 276.0
260000 339.9
265000 206.4
270000 110.2
275000 276.2
280000 282.1
285000 77.5
290000 157.3
295000 160.1
300000 232.2
305000 394.6
310000 147.4
315000 232.3
320000 168.4
325000 223.7
330000 244.8
335000 211.2
340000 261.0
345000 198.0
350000 153.3
355000 442.4
360000 201.7
365000 297.4
370000 276.7
375000 167.3
380000 164.1
385000 88.9
390000 263.6
395000 128.7
400000 62.3
405000 432.5
410000 353.0
415000 179.9
420000 299.4
425000 290.7
430000 354.2
435000 196.6
440000 159.2
445000 293.8
450000 116.9
455000 250.3
460000 216.6
465000 198.7
470000 381.7
475000 173.1
480000 148.5
485000 371.3
490000 163.1
495000 254.4
500000 165.8
505000 260.7
510000 395.4
515000 495.3
520000 212.3
525000 300.7
530000 321.4
535000 368.2
540000 65.3
545000 165.4
550000 498.0
555000 353.0
560000 260.8
565000 336.0
570000 325.4
575000 243.2
580000 74.0
585000 66.1
590000 150.1
595000 172.8
600000 492.0
605000 274.4
610000 176.1
615000 496.7
620000 700.5
625000 425.4
630000 465.6
635000 231.8
640000 462.2
645000 595.3
650000 445.6
655000 512.8
660000 358.3
665000 542.0
670000 466.5
675000 318.5
680000 343.3
685000 378.6
690000 338.6
695000 569.9
700000 315.9
705000 524.4
710000 523.2
715000 354.1
720000 348.1
725000 327.7
730000 483.8
735000 319.2
740000 554.8
745000 199.1
750000 584.2
755000 409.3
760000 510.9
765000 297.6
770000 343.3
775000 259.0
780000 379.1
785000 56.5
790000 348.1
795000 351.9
800000 379.5
805000 570.0
810000 795.3
815000 298.4
820000 580.9
825000 702.1
830000 270.7
835000 506.7
840000 530.9
845000 354.0
850000 574.2
855000 319.9
860000 331.7
865000 544.8
870000 405.5
875000 349.5
880000 438.0
885000 586.3
890000 480.5
895000 325.5
900000 539.0
905000 608.9
910000 425.1
915000 413.9
920000 454.0
925000 523.5
930000 424.2
935000 608.1
940000 445.1
945000 450.8
950000 285.8
955000 409.7
960000 483.7
965000 410.4
970000 505.4
975000 507.8
980000 668.2
985000 417.2
990000 466.5
995000 511.4
1000000 466.9
1005000 492.6
1010000 501.2
1015000 671.1
1020000 558.4
1025000 654.1
1030000 511.3
1035000 471.5
1040000 468.6
1045000 535.7
1050000 351.9
1055000 499.7
1060000 515.3
1065000 408.1
1070000 644.8
1075000 472.2
1080000 300.1
1085000 553.3
1090000 612.6
1095000 507.4
1100000 297.5
1105000 701.7
1110000 413.3
1115000 403.7
1120000 613.3
1125000 454.7
1130000 454.8
1135000 516.4
1140000 392.9
1145000 668.0
1150000 677.2
1155000 531.1
1160000 565.5
1165000 500.3
1170000 499.9
1175000 505.3
1180000 501.6
1185000 748.0
1190000 292.8
1195000 521.1
1200000 613.3
1205000 510.4
1210000 683.0
1215000 585.4
1220000 561.6
1225000 677.7
1230000 710.8
1235000 712.0
1240000 542.9
1245000 636.0
1250000 580.9
1255000 672.2
1260000 279.2
1265000 506.8
1270000 744.9
1275000 676.4
1280000 639.9
1285000 702.9
1290000 530.7
1295000 527.8
1300000 602.1
1305000 481.0
1310000 483.2
1315000 437.9
1320000 530.4
1325000 678.3
1330000 564.3
1335000 489.4
1340000 491.4
1345000 575.2
1350000 648.5
1355000 602.5
1360000 457.8
1365000 639.4
1370000 507.6
1375000 602.1
1380000 601.1
1385000 531.9
1390000 702.3
1395000 648.9
1400000 750.3
1405000 457.2
1410000 654.1
1415000 753.1
1420000 590.6
1425000 681.0
1430000 504.1
1435000 520.7
1440000 464.9
1445000 677.9
1450000 635.0
1455000 595.1
1460000 427.2
1465000 415.9
1470000 479.9
1475000 467.8
1480000 665.0
1485000 416.1
1490000 694.5
1495000 453.4
1500000 520.4
1505000 584.7
1510000 667.6
1515000 485.4
1520000 627.1
1525000 521.8
1530000 408.6
1535000 517.3
1540000 342.2
1545000 622.4
1550000 390.5
1555000 640.2
1560000 652.5
1565000 645.9
1570000 722.7
1575000 574.1
1580000 552.3
1585000 627.2
1590000 573.6
1595000 521.6
1600000 637.9
1605000 461.4
1610000 290.4
1615000 493.7
1620000 485.4
1625000 774.3
1630000 481.6
1635000 742.9
1640000 582.5
1645000 534.7
1650000 494.7
1655000 629.2
1660000 514.2
1665000 410.9
1670000 506.2
1675000 577.5
1680000 519.4
1685000 596.0
1690000 351.5
1695000 524.3
1700000 537.2
1705000 501.7
1710000 555.0
1715000 349.0
1720000 384.2
1725000 583.4
1730000 551.3
1735000 321.4
1740000 368.6
1745000 495.7
1750000 561.4
1755000 786.2
1760000 522.9
1765000 500.6
1770000 536.4
1775000 513.0
1780000 401.8
1785000 443.7
1790000 598.0
1795000 523.2
1800000 454.8
1805000 619.3
1810000 556.7
1815000 596.6
1820000 648.2
1825000 505.2
1830000 666.3
1835000 414.7
1840000 741.0
1845000 753.0
1850000 565.9
1855000 576.7
1860000 566.6
1865000 503.4
1870000 545.9
1875000 511.7
1880000 355.0
1885000 625.0
1890000 800.7
1895000 600.9
1900000 420.3
1905000 717.0
1910000 554.1
1915000 619.7
1920000 504.8
1925000 714.9
1930000 649.7
1935000 724.5
1940000 791.7
1945000 696.4
1950000 566.4
1955000 544.0
1960000 572.0
1965000 602.3
1970000 703.6
1975000 682.0
1980000 727.8
1985000 454.4
1990000 734.1
1995000 582.5
2000000 670.8
