5000 51.9
10000 66.7
15000 103.2
20000 61.5
25000 78.0
30000 115.3
35000 156.5
40000 79.5
45000 206.8
50000 73.7
55000 67.1
60000 113.7
65000 82.3
70000 152.6
75000 47.2
80000 126.3
85000 139.1
90000 73.5
95000 103.2
100000 147.1
105000 140.9
110000 88.5
115000 150.4
120000 118.5
125000 79.5
130000 120.9
135000 123.6
140000 103.2
145000 99.1
150000 144.2
155000 224.8
160000 105.1
165000 53.8
170000 115.2
175000 84.2
180000 152.6
185000 348.0
190000 65.6
195000 67.1
200000 93.5
205000 293.9
210000 282.4
215000 483.5
220000 195.9
225000 91.6
230000 387.9
235000 274.3
240000 413.9
245000 419.3
250000 391.0
255000 338.8
260000 373.4
265000 336.9
270000 357.1
275000 230.3
280000 456.7
285000 147.1
290000 257.8
295000 88.4
300000 357.3
305000 280.7
310000 556.7
315000 200.0
320000 200.3
325000 221.2
330000 403.5
335000 255.4
340000 145.7
345000 246.9
350000 499.8
355000 273.9
360000 310.9
365000 160.1
370000 300.2
375000 159.9
380000 325.5
385000 359.0
390000 181.9
395000 163.6
400000 281.3
405000 417.4
410000 410.6
415000 578.5
420000 201.6
425000 401.3
430000 231.6
435000 188.2
440000 433.9
445000 417.0
450000 447.0
455000 470.1
460000 371.8
465000 316.6
470000 393.7
475000 239.1
480000 348.6
485000 413.3
490000 223.1
495000 491.3
500000 621.9
505000 460.5
510000 467.7
515000 489.7
520000 358.3
525000 417.5
530000 416.2
535000 349.9
540000 590.4
545000 500.4
550000 508.1
555000 231.1
560000 358.6
565000 385.2
570000 428.0
575000 462.3
580000 470.4
585000 217.9
590000 411.0
595000 375.6
600000 218.9
605000 554.4
610000 548.2
615000 529.5
620000 373.8
625000 495.3
630000 391.6
635000 401.8
640000 517.4
645000 495.1
650000 553.3
655000 495.1
660000 370.1
665000 500.9
670000 297.5
675000 214.6
680000 338.6
685000 441.9
690000 504.6
695000 386.7
700000 638.4
705000 360.8
710000 642.6
715000 544.6
720000 646.2
725000 430.7
730000 276.7
735000 162.9
740000 423.6
745000 496.2
750000 468.5
755000 454.9
760000 453.9
765000 721.5
770000 558.3
775000 486.3
780000 612.4
785000 579.7
790000 528.0
795000 498.3
800000 538.1
805000 413.2
810000 370.2
815000 618.9
820000 298.6
825000 446.4
830000 586.0
835000 543.9
840000 426.8
845000 670.9
850000 420.4
855000 482.0
860000 489.2
865000 568.9
870000 538.9
875000 459.7
880000 552.5
885000 526.5
890000 391.3
895000 495.5
900000 558.1
905000 485.8
910000 331.1
915000 501.3
920000 694.3
925000 601.8
930000 497.4
935000 642.4
940000 374.3
945000 669.9
950000 471.9
955000 554.1
960000 341.2
965000 589.0
970000 431.0
975000 433.9
980000 353.3
985000 240.6
990000 493.0
995000 393.0
1000000 487.4
1005000 398.8
1010000 539.5
1015000 470.1
1020000 544.2
1025000 513.2
1030000 639.5
1035000 420.9
1040000 532.0
1045000 375.8
1050000 442.1
1055000 643.8
1060000 637.1
1065000 539.3
1070000 599.2
1075000 541.9
1080000 338.0
1085000 503.2
1090000 579.4
1095000 471.3
1100000 475.2
1105000 565.7
1110000 574.4
1115000 429.6
1120000 358.6
1125000 492.1
1130000 531.0
1135000 439.3
1140000 637.8
1145000 567.9
1150000 409.6
1155000 573.8
1160000 439.9
1165000 481.8
1170000 564.4
1175000 507.3
1180000 411.9
1185000 644.5
1190000 633.0
1195000 630.5
1200000 698.8
1205000 580.7
1210000 572.3
1215000 527.6
1220000 458.9
1225000 358.4
1230000 635.1
1235000 441.7
1240000 611.7
1245000 658.2
1250000 336.0
1255000 602.1
1260000 543.4
1265000 295.7
1270000 363.0
1275000 472.4
1280000 557.0
1285000 580.2
1290000 331.5
1295000 567.2
1300000 488.9
1305000 500.1
1310000 551.6
1315000 518.3
1320000 463.5
1325000 496.7
1330000 363.8
1335000 623.3
1340000 494.1
1345000 559.0
1350000 574.9
1355000 517.1
1360000 359.7
1365000 520.6
1370000 476.5
1375000 570.4
1380000 357.4
1385000 566.0
1390000 690.8
1395000 615.0
1400000 544.5
1405000 406.9
1410000 421.8
1415000 586.3
1420000 535.5
1425000 703.5
1430000 460.0
1435000 508.4
1440000 735.0
1445000 295.5
1450000 608.8
1455000 515.3
1460000 471.2
1465000 652.0
1470000 577.7
1475000 465.8
1480000 461.5
1485000 419.4
1490000 359.9
1495000 455.3
1500000 498.1
1505000 370.3
1510000 425.7
1515000 503.6
1520000 434.6
1525000 484.6
1530000 531.9
1535000 467.3
1540000 365.4
1545000 595.9
1550000 395.5
1555000 508.2
1560000 332.2
1565000 368.2
1570000 559.6
1575000 356.5
1580000 171.5
1585000 304.0
1590000 352.2
1595000 477.9
1600000 315.2
1605000 471.5
1610000 485.8
1615000 459.1
1620000 518.5
1625000 350.5
1630000 477.1
1635000 324.6
1640000 622.5
1645000 625.0
1650000 575.6
1655000 444.7
1660000 397.5
1665000 791.7
1670000 467.7
1675000 595.4
1680000 753.6
1685000 562.5
1690000 496.5
1695000 655.7
1700000 553.1
1705000 415.6
1710000 343.6
1715000 451.2
1720000 356.0
1725000 594.7
1730000 299.9
1735000 452.6
1740000 550.4
1745000 453.1
1750000 427.8
1755000 435.9
1760000 290.8
1765000 516.2
1770000 535.5
1775000 400.9
1780000 570.8
1785000 266.8
1790000 300.4
1795000 306.9
1800000 559.7
1805000 320.1
1810000 333.7
1815000 348.3
1820000 562.1
1825000 532.3
1830000 308.0
1835000 626.4
1840000 614.2
1845000 288.0
1850000 493.3
1855000 495.6
1860000 383.6
1865000 432.2
1870000 346.9
1875000 366.9
1880000 420.0
1885000 693.9
1890000 636.2
1895000 480.2
1900000 421.5
1905000 388.6
1910000 655.9
1915000 427.4
1920000 670.0
1925000 587.1
1930000 489.4
1935000 508.8
1940000 646.0
1945000 381.1
1950000 216.2
1955000 597.2
1960000 399.0
1965000 472.6
1970000 545.8
1975000 670.8
1980000 449.1
1985000 364.0
1990000 285.1
1995000 599.5
2000000 549.9
