5000 49.0
10000 82.6
15000 72.1
20000 53.7
25000 66.6
30000 137.6
35000 162.4
40000 90.4
45000 137.2
50000 123.6
55000 88.3
60000 79.8
65000 65.3
70000 51.5
75000 71.5
80000 73.7
85000 76.7
90000 136.5
95000 186.5
100000 67.0
105000 178.3
110000 144.5
115000 126.2
120000 111.2
125000 93.0
130000 205.7
135000 257.7
140000 111.3
145000 91.1
150000 50.2
155000 151.2
160000 164.1
165000 120.0
170000 70.2
175000 146.9
180000 61.8
185000 122.1
190000 83.2
195000 140.3
200000 176.3
205000 77.9
210000 256.3
215000 70.5
220000 138.9
225000 195.3
230000 141.6
235000 219.0
240000 278.5
245000 367.5
250000 78.3
255000 138.4
260000 64.8
265000 309.3
270000 271.8
275000 229.0
280000 420.6
285000 183.7
290000 198.2
295000 213.3
300000 257.6
305000 404.8
310000 247.8
315000 266.0
320000 73.1
325000 224.6
330000 150.7
335000 391.9
340000 225.3
345000 147.3
350000 454.9
355000 225.5
360000 228.9
365000 232.4
370000 238.3
375000 325.5
380000 290.3
385000 471.1
390000 227.4
395000 173.2
400000 215.0
405000 475.3
410000 330.1
415000 357.8
420000 262.7
425000 279.5
430000 642.8
435000 465.8
440000 281.8
445000 484.2
450000 365.4
455000 367.6
460000 414.1
465000 478.4
470000 328.3
475000 292.7
480000 337.7
485000 337.5
490000 212.8
495000 481.2
500000 351.4
505000 388.5
510000 254.6
515000 373.8
520000 364.1
525000 239.4
530000 560.9
535000 307.2
540000 346.0
545000 508.6
550000 243.3
555000 274.7
560000 370.2
565000 162.7
570000 569.8
575000 445.1
580000 151.2
585000 257.8
590000 230.0
595000 269.4
600000 285.4
605000 242.9
610000 448.8
615000 422.8
620000 578.1
625000 493.3
630000 583.2
635000 278.5
640000 460.3
645000 414.7
650000 426.7
655000 316.4
660000 567.5
665000 427.5
670000 396.7
675000 287.7
680000 600.0
685000 354.5
690000 582.5
695000 480.8
700000 393.7
705000 347.6
710000 472.4
715000 520.2
720000 408.1
725000 552.9
730000 596.7
735000 547.8
740000 327.2
745000 355.5
750000 412.0
755000 523.3
760000 490.6
765000 511.5
770000 453.0
775000 318.8
780000 489.7
785000 481.2
790000 406.8
795000 269.0
800000 573.1
805000 524.7
810000 500.1
815000 514.7
820000 481.2
825000 321.1
830000 403.4
835000 561.5
840000 531.3
845000 427.2
850000 589.5
855000 386.7
860000 473.0
865000 427.1
870000 575.2
875000 517.4
880000 526.1
885000 521.6
890000 571.8
895000 576.5
900000 265.4
905000 719.7
910000 573.4
915000 472.1
920000 567.0
925000 428.0
930000 492.9
935000 402.9
940000 472.3
945000 421.0
950000 720.6
955000 609.5
960000 690.2
965000 662.3
970000 646.9
975000 394.9
980000 598.4
985000 510.7
990000 593.2
995000 597.1
1000000 313.4
1005000 309.1
1010000 425.3
1015000 395.2
1020000 548.9
1025000 558.0
1030000 619.2
1035000 583.5
1040000 749.9
1045000 438.7
1050000 744.3
1055000 553.0
1060000 663.4
1065000 666.1
1070000 567.2
1075000 441.8
1080000 663.9
1085000 404.2
1090000 813.5
1095000 563.4
1100000 806.7
1105000 667.5
1110000 545.1
1115000 550.7
1120000 616.9
1125000 522.6
1130000 569.6
1135000 643.1
1140000 669.1
1145000 627.9
1150000 407.1
1155000 572.9
1160000 674.0
1165000 718.4
1170000 626.0
1175000 694.7
1180000 591.6
1185000 728.5
1190000 625.9
1195000 611.0
1200000 666.9
1205000 551.2
1210000 497.2
1215000 520.4
1220000 735.8
1225000 575.4
1230000 555.6
1235000 698.8
1240000 709.1
1245000 391.8
1250000 695.9
1255000 508.6
1260000 557.0
1265000 448.5
1270000 560.7
1275000 475.9
1280000 602.1
1285000 565.4
1290000 656.8
1295000 679.9
1300000 614.3
1305000 503.8
1310000 681.9
1315000 596.2
1320000 499.5
1325000 562.2
1330000 605.6
1335000 526.1
1340000 573.8
1345000 671.8
1350000 590.4
1355000 564.8
1360000 696.1
1365000 591.0
1370000 561.9
1375000 768.7
1380000 445.7
1385000 699.9
1390000 526.0
1395000 784.1
1400000 632.3
1405000 631.2
1410000 649.7
1415000 630.7
1420000 741.7
1425000 692.2
1430000 502.4
1435000 452.1
1440000 594.6
1445000 499.0
1450000 712.4
1455000 691.3
1460000 630.8
1465000 636.5
1470000 507.4
1475000 735.5
1480000 720.7
1485000 671.0
1490000 587.1
1495000 785.2
1500000 685.4
1505000 646.5
1510000 740.6
1515000 479.8
1520000 353.2
1525000 517.3
1530000 472.3
1535000 707.5
1540000 728.3
1545000 668.1
1550000 581.9
1555000 711.2
1560000 542.1
1565000 537.1
1570000 533.8
1575000 720.9
1580000 580.9
1585000 423.0
1590000 701.9
1595000 659.1
1600000 520.3
1605000 238.7
1610000 413.8
1615000 352.5
1620000 480.2
1625000 455.6
1630000 434.7
1635000 614.0
1640000 480.8
1645000 457.7
1650000 664.8
1655000 584.4
1660000 444.3
1665000 490.5
1670000 561.1
1675000 604.6
1680000 499.1
1685000 493.6
1690000 645.4
1695000 562.2
1700000 557.5
1705000 680.9
1710000 528.6
1715000 343.2
1720000 358.9
1725000 679.1
1730000 517.9
1735000 732.8
1740000 495.7
1745000 504.4
1750000 460.5
1755000 753.5
1760000 670.0
1765000 504.9
1770000 528.1
1775000 673.0
1780000 450.4
1785000 485.4
1790000 566.6
1795000 765.7
1800000 389.7
1805000 417.1
1810000 680.1
1815000 730.9
1820000 697.7
1825000 680.0
1830000 526.0
1835000 618.1
1840000 715.9
1845000 738.8
1850000 548.7
1855000 567.4
1860000 749.5
1865000 387.4
1870000 688.2
1875000 684.9
1880000 614.5
1885000 545.1
1890000 464.1
1895000 560.9
1900000 474.6
1905000 454.4
1910000 662.2
1915000 482.8
1920000 698.8
1925000 542.1
1930000 629.0
1935000 718.4
1940000 648.4
1945000 571.7
1950000 607.0
1955000 621.6
1960000 618.4
1965000 551.2
1970000 346.3
1975000 689.3
1980000 476.6
1985000 617.6
1990000 591.9
1995000 687.9
2000000 579.3
