5000 66.4
10000 57.7
15000 75.8
20000 58.5
25000 130.0
30000 64.7
35000 64.2
40000 122.2
45000 75.1
50000 58.5
55000 102.8
60000 90.8
65000 161.7
70000 67.8
75000 169.4
80000 94.9
85000 62.7
90000 119.2
95000 91.4
100000 61.6
105000 153.8
110000 106.3
115000 168.7
120000 188.8
125000 102.1
130000 72.8
135000 194.0
140000 154.2
145000 58.4
150000 126.1
155000 101.9
160000 88.4
165000 293.1
170000 259.9
175000 165.6
180000 183.6
185000 101.0
190000 134.1
195000 174.3
200000 173.5
205000 144.0
210000 300.4
215000 161.7
220000 201.8
225000 231.0
230000 158.1
235000 285.7
240000 221.0
245000 120.0
250000 234.1
255000 129.9
260000 195.9
265000 260.8
270000 121.5
275000 336.6
280000 271.2
285000 291.5
290000 222.1
295000 201.3
300000 374.5
305000 252.0
310000 352.4
315000 237.6
320000 202.3
325000 270.5
330000 121.4
335000 173.5
340000 532.6
345000 285.6
350000 51.1
355000 355.9
360000 237.0
365000 285.4
370000 462.9
375000 383.9
380000 354.7
385000 334.6
390000 73.4
395000 318.1
400000 219.3
405000 234.7
410000 471.9
415000 573.9
420000 404.8
425000 250.9
430000 192.1
435000 491.0
440000 388.0
445000 375.4
450000 452.2
455000 286.6
460000 216.4
465000 253.0
470000 532.8
475000 325.1
480000 231.6
485000 435.8
490000 395.3
495000 465.7
500000 418.1
505000 395.2
510000 578.2
515000 495.3
520000 385.3
525000 491.2
530000 537.5
535000 418.8
540000 486.5
545000 347.9
550000 210.4
555000 530.9
560000 379.9
565000 230.8
570000 279.0
575000 326.1
580000 449.5
585000 315.4
590000 403.1
595000 223.7
600000 548.2
605000 213.2
610000 386.8
615000 648.9
620000 402.7
625000 288.7
630000 266.1
635000 430.0
640000 557.4
645000 293.0
650000 411.5
655000 309.0
660000 363.7
665000 314.2
670000 414.3
675000 756.3
680000 428.2
685000 379.0
690000 322.9
695000 616.1
700000 614.2
705000 479.4
710000 219.8
715000 520.2
720000 427.2
725000 281.1
730000 388.6
735000 365.6
740000 445.7
745000 637.7
750000 443.1
755000 420.1
760000 491.1
765000 415.9
770000 416.9
775000 614.8
780000 516.7
785000 570.2
790000 447.0
795000 469.1
800000 267.2
805000 501.2
810000 492.8
815000 445.7
820000 451.2
825000 573.3
830000 446.3
835000 553.1
840000 716.0
845000 549.5
850000 490.1
855000 511.8
860000 522.6
865000 471.1
870000 429.3
875000 550.9
880000 509.8
885000 613.9
890000 270.6
895000 324.8
900000 578.8
905000 788.5
910000 453.3
915000 431.9
920000 505.5
925000 504.5
930000 659.2
935000 551.3
940000 755.6
945000 382.2
950000 338.4
955000 448.4
960000 657.7
965000 586.4
970000 589.5
975000 484.6
980000 507.0
985000 520.2
990000 399.2
995000 445.2
1000000 467.8
1005000 456.3
1010000 603.7
1015000 626.0
1020000 538.8
1025000 450.9
1030000 568.8
1035000 401.7
1040000 600.5
1045000 685.1
1050000 592.9
1055000 466.4
1060000 614.3
1065000 473.2
1070000 621.2
1075000 459.5
1080000 739.1
1085000 610.3
1090000 653.3
1095000 759.8
1100000 584.7
1105000 536.2
1110000 479.8
1115000 606.0
1120000 604.7
1125000 455.7
1130000 466.5
1135000 504.7
1140000 446.9
1145000 568.1
1150000 453.6
1155000 650.7
1160000 602.8
1165000 645.5
1170000 663.6
1175000 450.0
1180000 579.1
1185000 543.7
1190000 551.8
1195000 416.0
1200000 597.7
1205000 579.8
1210000 451.3
1215000 695.5
1220000 472.8
1225000 652.3
1230000 730.9
1235000 482.8
1240000 587.1
1245000 581.4
1250000 430.7
1255000 772.9
1260000 567.1
1265000 748.0
1270000 569.7
1275000 640.7
1280000 532.1
1285000 564.5
1290000 541.5
1295000 494.2
1300000 635.1
1305000 604.6
1310000 742.4
1315000 578.4
1320000 214.9
1325000 497.2
1330000 586.7
1335000 634.8
1340000 522.2
1345000 619.1
1350000 565.5
1355000 569.9
1360000 522.2
1365000 552.0
1370000 645.0
1375000 595.7
1380000 663.7
1385000 709.9
1390000 620.9
1395000 540.5
1400000 666.6
1405000 337.3
1410000 636.8
1415000 619.8
1420000 639.2
1425000 625.3
1430000 556.0
1435000 640.9
1440000 754.9
1445000 472.9
1450000 709.9
1455000 730.8
1460000 571.9
1465000 626.2
1470000 647.0
1475000 676.7
1480000 654.2
1485000 673.4
1490000 577.8
1495000 661.9
1500000 479.7
1505000 229.8
1510000 686.0
1515000 633.7
1520000 615.8
1525000 566.0
1530000 496.9
1535000 457.6
1540000 713.7
1545000 578.2
1550000 384.9
1555000 714.8
1560000 638.9
1565000 683.0
1570000 650.2
1575000 488.8
1580000 548.8
1585000 444.1
1590000 742.3
1595000 462.1
1600000 512.8
1605000 443.4
1610000 715.7
1615000 464.1
1620000 460.8
1625000 815.1
1630000 723.1
1635000 586.9
1640000 707.7
1645000 681.5
1650000 584.1
1655000 323.2
1660000 506.5
1665000 546.2
1670000 570.6
1675000 419.0
1680000 600.9
1685000 672.7
1690000 472.4
1695000 610.0
1700000 454.1
1705000 681.8
1710000 624.9
1715000 601.7
1720000 445.4
1725000 556.6
1730000 628.5
1735000 343.8
1740000 385.9
1745000 460.5
1750000 535.1
1755000 580.5
1760000 534.4
1765000 571.6
1770000 631.1
1775000 365.6
1780000 525.3
1785000 367.2
1790000 639.5
1795000 706.2
1800000 623.8
1805000 546.6
1810000 507.4
1815000 727.1
1820000 483.0
1825000 585.9
1830000 633.9
1835000 505.6
1840000 612.9
1845000 595.7
1850000 613.2
1855000 560.2
1860000 435.8
1865000 622.9
1870000 404.8
1875000 453.6
1880000 645.8
1885000 624.1
1890000 456.6
1895000 348.7
1900000 553.5
1905000 741.8
1910000 708.7
1915000 549.4
1920000 427.0
1925000 472.5
1930000 494.2
1935000 483.1
1940000 381.2
1945000 493.3
1950000 727.1
1955000 329.3
1960000 513.2
1965000 490.5
1970000 704.7
1975000 474.3
1980000 582.8
1985000 540.5
1990000 511.8
1995000 594.0
2000000 600.2
