5000 191.3
10000 57.2
15000 73.3
20000 92.0
25000 58.6
30000 148.6
35000 59.7
40000 88.5
45000 66.9
50000 88.6
55000 69.8
60000 112.0
65000 148.8
70000 75.2
75000 69.8
80000 75.1
85000 90.9
90000 242.7
95000 108.4
100000 72.2
105000 146.4
110000 62.4
115000 88.9
120000 92.7
125000 105.7
130000 133.6
135000 127.4
140000 296.2
145000 127.0
150000 142.2
155000 51.5
160000 110.2
165000 165.4
170000 61.6
175000 114.9
180000 65.9
185000 54.7
190000 112.4
195000 60.2
200000 72.9
205000 102.6
210000 291.0
215000 165.1
220000 166.3
225000 128.5
230000 321.8
235000 271.7
240000 177.2
245000 253.5
250000 420.3
255000 250.6
260000 247.6
265000 185.9
270000 224.4
275000 311.2
280000 282.2
285000 237.7
290000 148.3
295000 239.8
300000 270.9
305000 126.1
310000 222.6
315000 214.6
320000 142.6
325000 343.2
330000 287.3
335000 342.5
340000 217.2
345000 215.9
350000 334.3
355000 225.1
360000 218.3
365000 397.6
370000 266.7
375000 416.3
380000 299.2
385000 198.9
390000 490.4
395000 117.9
400000 121.8
405000 418.0
410000 335.3
415000 253.1
420000 483.5
425000 528.1
430000 105.8
435000 380.1
440000 263.2
445000 304.3
450000 493.6
455000 217.1
460000 271.8
465000 473.8
470000 382.4
475000 598.7
480000 310.4
485000 392.4
490000 205.1
495000 325.1
500000 342.1
505000 627.2
510000 231.3
515000 598.0
520000 286.0
525000 315.4
530000 582.5
535000 266.3
540000 487.4
545000 292.9
550000 257.9
555000 469.4
560000 501.6
565000 181.9
570000 266.1
575000 189.1
580000 393.3
585000 290.6
590000 343.5
595000 387.7
600000 335.2
605000 280.4
610000 303.2
615000 216.1
620000 437.8
625000 283.9
630000 560.4
635000 327.1
640000 499.7
645000 676.4
650000 373.0
655000 550.9
660000 242.5
665000 600.9
670000 332.9
675000 614.1
680000 718.0
685000 336.5
690000 250.3
695000 500.1
700000 436.7
705000 610.3
710000 357.7
715000 427.9
720000 408.9
725000 551.5
730000 560.7
735000 397.0
740000 534.1
745000 363.1
750000 248.3
755000 527.3
760000 462.2
765000 457.7
770000 575.0
775000 461.7
780000 399.6
785000 377.8
790000 476.7
795000 378.8
800000 544.8
805000 638.4
810000 601.8
815000 545.9
820000 645.8
825000 455.4
830000 595.9
835000 530.0
840000 354.7
845000 399.0
850000 371.7
855000 578.4
860000 500.5
865000 586.7
870000 654.4
875000 627.0
880000 587.7
885000 428.8
890000 476.7
895000 676.3
900000 519.2
905000 480.7
910000 497.1
915000 578.0
920000 524.4
925000 555.7
930000 542.5
935000 474.4
940000 455.5
945000 566.1
950000 567.9
955000 512.2
960000 596.8
965000 568.6
970000 405.1
975000 671.1
980000 549.4
985000 676.5
990000 485.8
995000 601.5
1000000 594.9
1005000 407.3
1010000 701.5
1015000 579.2
1020000 617.9
1025000 623.9
1030000 591.8
1035000 677.5
1040000 263.3
1045000 603.5
1050000 478.5
1055000 559.1
1060000 501.6
1065000 416.0
1070000 403.3
1075000 641.5
1080000 553.8
1085000 582.0
1090000 758.0
1095000 433.3
1100000 624.0
1105000 688.1
1110000 553.9
1115000 489.7
1120000 526.9
1125000 442.8
1130000 608.3
1135000 353.8
1140000 554.0
1145000 376.4
1150000 658.5
1155000 624.7
1160000 542.0
1165000 496.0
1170000 478.0
1175000 635.6
1180000 502.2
1185000 643.4
1190000 727.9
1195000 593.4
1200000 703.2
1205000 376.6
1210000 424.6
1215000 639.7
1220000 508.8
1225000 600.7
1230000 662.3
1235000 645.5
1240000 486.4
1245000 443.4
1250000 569.3
1255000 534.6
1260000 592.1
1265000 617.1
1270000 493.8
1275000 480.2
1280000 522.2
1285000 692.3
1290000 649.4
1295000 613.1
1300000 596.7
1305000 566.5
1310000 411.3
1315000 398.8
1320000 473.2
1325000 615.9
1330000 563.0
1335000 465.3
1340000 594.5
1345000 402.8
1350000 465.0
1355000 576.3
1360000 540.5
1365000 509.1
1370000 539.3
1375000 343.7
1380000 420.2
1385000 605.4
1390000 579.2
1395000 648.4
1400000 562.3
1405000 577.6
1410000 649.3
1415000 658.7
1420000 630.2
1425000 591.2
1430000 582.1
1435000 656.9
1440000 590.9
1445000 690.3
1450000 692.8
1455000 676.5
1460000 557.1
1465000 683.1
1470000 668.8
1475000 655.7
1480000 747.4
1485000 668.5
1490000 623.6
1495000 558.4
1500000 603.2
1505000 708.3
1510000 605.2
1515000 581.5
1520000 522.6
1525000 744.7
1530000 661.6
1535000 645.7
1540000 612.5
1545000 550.1
1550000 604.8
1555000 857.3
1560000 644.5
1565000 632.7
1570000 526.8
1575000 662.4
1580000 625.0
1585000 578.0
1590000 799.7
1595000 597.4
1600000 625.9
1605000 584.4
1610000 690.5
1615000 529.9
1620000 610.4
1625000 485.6
1630000 437.8
1635000 665.1
1640000 696.6
1645000 709.1
1650000 481.4
1655000 741.6
1660000 642.9
1665000 530.4
1670000 525.2
1675000 757.9
1680000 598.7
1685000 495.3
1690000 591.6
1695000 583.2
1700000 606.7
1705000 598.0
1710000 725.2
1715000 555.3
1720000 642.9
1725000 589.4
1730000 537.1
1735000 740.4
1740000 581.4
1745000 397.3
1750000 446.6
1755000 512.4
1760000 633.3
1765000 722.8
1770000 546.4
1775000 715.2
1780000 674.4
1785000 699.7
1790000 688.7
1795000 664.9
1800000 745.2
1805000 261.6
1810000 616.5
1815000 681.8
1820000 783.5
1825000 219.6
1830000 706.2
1835000 334.7
1840000 694.5
1845000 643.1
1850000 702.1
1855000 530.7
1860000 623.3
1865000 566.0
1870000 533.3
1875000 673.7
1880000 585.7
1885000 614.6
1890000 796.8
1895000 718.5
1900000 358.7
1905000 531.2
1910000 503.7
1915000 416.2
1920000 714.6
1925000 562.3
1930000 571.1
1935000 608.2
1940000 665.5
1945000 722.2
1950000 601.5
1955000 441.9
1960000 589.3
1965000 717.6
1970000 559.0
1975000 482.6
1980000 693.2
1985000 392.5
1990000 510.7
1995000 259.2
2000000 477.7
