5000 69.7
10000 149.9
15000 98.6
20000 63.5
25000 57.0
30000 96.3
35000 74.3
40000 223.7
45000 155.7
50000 133.3
55000 68.1
60000 56.7
65000 131.7
70000 126.5
75000 51.9
80000 100.6
85000 146.3
90000 85.2
95000 140.3
100000 33.4
105000 48.4
110000 83.5
115000 132.9
120000 69.2
125000 78.6
130000 159.6
135000 219.6
140000 86.5
145000 230.4
150000 88.9
155000 230.4
160000 66.0
165000 101.6
170000 185.5
175000 234.8
180000 150.7
185000 89.3
190000 125.5
195000 83.7
200000 62.9
205000 131.5
210000 260.7
215000 212.9
220000 108.7
225000 350.2
230000 212.2
235000 328.2
240000 256.2
245000 223.3
250000 118.8
255000 348.4
260000 259.5
265000 221.8
270000 147.6
275000 368.4
280000 243.9
285000 272.3
290000 355.6
295000 259.5
300000 411.1
305000 333.9
310000 284.0
315000 252.0
320000 248.8
325000 192.5
330000 321.0
335000 241.4
340000 322.9
345000 92.8
350000 180.8
355000 173.3
360000 330.6
365000 333.1
370000 248.6
375000 370.2
380000 57.1
385000 154.6
390000 67.0
395000 186.3
400000 265.6
405000 541.1
410000 430.8
415000 355.9
420000 521.0
425000 354.0
430000 459.1
435000 344.4
440000 262.0
445000 429.3
450000 374.0
455000 344.0
460000 262.5
465000 320.8
470000 175.1
475000 219.9
480000 202.7
485000 186.4
490000 436.1
495000 414.1
500000 283.2
505000 404.9
510000 391.9
515000 315.5
520000 267.2
525000 394.8
530000 291.6
535000 261.9
540000 508.6
545000 347.9
550000 292.9
555000 494.8
560000 362.6
565000 388.0
570000 343.4
575000 425.9
580000 393.7
585000 347.3
590000 548.5
595000 202.2
600000 383.2
605000 353.0
610000 391.3
615000 660.1
620000 399.9
625000 479.1
630000 366.1
635000 375.9
640000 356.9
645000 270.6
650000 346.7
655000 326.2
660000 404.5
665000 328.4
670000 430.3
675000 406.8
680000 675.1
685000 438.6
690000 513.4
695000 528.3
700000 420.5
705000 394.7
710000 458.3
715000 379.3
720000 358.3
725000 400.2
730000 542.2
735000 444.0
740000 353.7
745000 524.1
750000 276.6
755000 356.2
760000 627.7
765000 366.4
770000 381.2
775000 663.0
780000 423.6
785000 505.8
790000 435.3
795000 342.3
800000 504.4
805000 473.0
810000 363.2
815000 628.0
820000 601.9
825000 427.1
830000 532.5
835000 494.6
840000 430.1
845000 733.1
850000 423.3
855000 515.4
860000 506.6
865000 590.6
870000 553.8
875000 601.9
880000 417.7
885000 438.1
890000 619.2
895000 670.1
900000 729.6
905000 525.9
910000 571.9
915000 655.6
920000 488.0
925000 742.8
930000 348.6
935000 459.8
940000 521.1
945000 418.9
950000 739.1
955000 719.1
960000 739.0
965000 577.2
970000 512.3
975000 543.6
980000 588.5
985000 782.3
990000 676.5
995000 522.1
1000000 521.3
1005000 377.7
1010000 684.6
1015000 583.3
1020000 629.8
1025000 659.4
1030000 765.0
1035000 759.9
1040000 593.0
1045000 687.6
1050000 600.9
1055000 727.5
1060000 488.4
1065000 590.0
1070000 623.3
1075000 807.6
1080000 657.1
1085000 612.1
1090000 654.4
1095000 661.4
1100000 529.7
1105000 628.4
1110000 632.6
1115000 519.3
1120000 578.7
1125000 517.5
1130000 683.6
1135000 503.7
1140000 604.0
1145000 599.1
1150000 556.5
1155000 736.7
1160000 800.5
1165000 444.5
1170000 667.3
1175000 676.2
1180000 451.8
1185000 605.9
1190000 666.0
1195000 668.2
1200000 628.1
1205000 546.6
1210000 631.8
1215000 648.4
1220000 467.3
1225000 716.9
1230000 556.6
1235000 556.1
1240000 699.4
1245000 583.0
1250000 620.5
1255000 621.5
1260000 634.6
1265000 577.9
1270000 401.0
1275000 664.3
1280000 669.7
1285000 583.2
1290000 528.3
1295000 596.6
1300000 457.4
1305000 688.6
1310000 591.2
1315000 555.4
1320000 551.0
1325000 408.9
1330000 482.6
1335000 557.5
1340000 651.1
1345000 650.3
1350000 658.1
1355000 565.1
1360000 414.0
1365000 621.5
1370000 754.0
1375000 488.3
1380000 641.5
1385000 570.3
1390000 812.6
1395000 377.7
1400000 745.0
1405000 431.3
1410000 516.1
1415000 548.2
1420000 782.7
1425000 768.0
1430000 463.1
1435000 714.9
1440000 436.7
1445000 550.6
1450000 685.0
1455000 631.9
1460000 551.4
1465000 527.1
1470000 501.0
1475000 601.1
1480000 572.1
1485000 634.7
1490000 565.0
1495000 545.5
1500000 532.0
1505000 581.1
1510000 580.6
1515000 483.4
1520000 713.0
1525000 506.1
1530000 723.9
1535000 601.2
1540000 491.7
1545000 703.3
1550000 552.7
1555000 437.5
1560000 609.0
1565000 425.5
1570000 574.5
1575000 532.6
1580000 632.7
1585000 549.9
1590000 618.3
1595000 594.6
1600000 496.2
1605000 497.9
1610000 748.0
1615000 522.4
1620000 626.7
1625000 496.0
1630000 646.1
1635000 460.5
1640000 643.6
1645000 535.8
1650000 506.1
1655000 762.3
1660000 620.8
1665000 470.5
1670000 471.2
1675000 724.2
1680000 662.9
1685000 572.8
1690000 550.3
1695000 596.1
1700000 510.6
1705000 727.2
1710000 523.0
1715000 693.3
1720000 446.5
1725000 646.7
1730000 651.1
1735000 686.2
1740000 501.8
1745000 579.2
1750000 460.8
1755000 436.5
1760000 593.2
1765000 670.1
1770000 584.5
1775000 650.7
1780000 658.5
1785000 638.1
1790000 648.2
1795000 697.5
1800000 693.2
1805000 333.3
1810000 704.4
1815000 428.4
1820000 626.3
1825000 550.5
1830000 563.7
1835000 590.8
1840000 787.3
1845000 725.0
1850000 643.0
1855000 549.8
1860000 550.3
1865000 515.9
1870000 590.6
1875000 590.3
1880000 689.2
1885000 599.2
1890000 680.3
1895000 478.8
1900000 737.2
1905000 547.0
1910000 509.7
1915000 580.6
1920000 664.5
1925000 573.1
1930000 789.1
1935000 513.9
1940000 591.3
1945000 747.2
1950000 580.8
1955000 466.8
1960000 662.7
1965000 481.6
1970000 533.1
1975000 573.9
1980000 582.3
1985000 480.6
1990000 536.9
1995000 658.8
2000000 478.1
