5000 137.8
10000 87.6
15000 82.0
20000 117.9
25000 81.9
30000 64.3
35000 48.9
40000 106.1
45000 56.7
50000 67.3
55000 114.4
60000 186.5
65000 100.6
70000 112.7
75000 65.5
80000 69.2
85000 83.8
90000 142.6
95000 92.4
100000 117.3
105000 90.1
110000 219.8
115000 62.6
120000 87.3
125000 147.3
130000 80.4
135000 187.5
140000 96.9
145000 138.0
150000 72.0
155000 90.5
160000 110.7
165000 145.2
170000 200.9
175000 164.1
180000 120.1
185000 189.6
190000 240.2
195000 78.0
200000 140.4
205000 354.1
210000 287.8
215000 140.0
220000 302.6
225000 237.4
230000 93.0
235000 330.0
240000 330.8
245000 191.5
250000 266.7
255000 69.0
260000 239.8
265000 373.4
270000 364.9
275000 380.2
280000 243.3
285000 285.8
290000 206.1
295000 96.7
300000 53.3
305000 419.8
310000 497.2
315000 191.3
320000 280.9
325000 193.9
330000 266.4
335000 243.8
340000 406.9
345000 272.4
350000 165.5
355000 422.4
360000 364.9
365000 260.0
370000 303.4
375000 122.7
380000 276.0
385000 249.2
390000 371.2
395000 328.5
400000 230.6
405000 350.8
410000 257.6
415000 387.0
420000 424.9
425000 391.4
430000 334.9
435000 283.8
440000 164.7
445000 386.7
450000 432.8
455000 259.9
460000 367.5
465000 339.6
470000 211.0
475000 284.7
480000 370.7
485000 264.5
490000 495.8
495000 515.8
500000 334.5
505000 517.7
510000 391.1
515000 432.2
520000 333.8
525000 350.0
530000 491.1
535000 455.7
540000 289.4
545000 271.1
550000 359.3
555000 59.8
560000 253.4
565000 382.3
570000 186.4
575000 252.5
580000 519.3
585000 406.1
590000 216.4
595000 544.0
600000 257.7
605000 334.6
610000 292.0
615000 425.3
620000 606.5
625000 454.5
630000 364.9
635000 427.5
640000 410.5
645000 499.6
650000 518.5
655000 371.8
660000 316.9
665000 258.7
670000 456.6
675000 497.7
680000 543.5
685000 505.0
690000 473.8
695000 64.9
700000 515.4
705000 279.8
710000 401.0
715000 512.7
720000 445.4
725000 368.4
730000 695.6
735000 282.4
740000 335.0
745000 399.0
750000 517.0
755000 593.0
760000 487.6
765000 330.7
770000 349.1
775000 242.7
780000 353.4
785000 322.7
790000 387.0
795000 368.5
800000 476.5
805000 350.3
810000 531.1
815000 548.6
820000 413.5
825000 526.9
830000 481.3
835000 499.2
840000 595.9
845000 544.8
850000 427.8
855000 312.3
860000 470.3
865000 473.2
870000 231.9
875000 295.9
880000 392.9
885000 412.1
890000 477.3
895000 431.9
900000 453.5
905000 571.0
910000 467.1
915000 596.7
920000 587.8
925000 384.5
930000 383.3
935000 541.2
940000 529.7
945000 629.0
950000 289.7
955000 337.8
960000 478.2
965000 541.8
970000 328.6
975000 621.0
980000 483.9
985000 413.6
990000 621.2
995000 637.2
1000000 708.0
1005000 531.8
1010000 471.4
1015000 417.9
1020000 268.0
1025000 579.2
1030000 399.1
1035000 384.1
1040000 610.0
1045000 591.5
1050000 551.3
1055000 695.0
1060000 274.6
1065000 667.7
1070000 693.0
1075000 357.2
1080000 603.9
1085000 457.6
1090000 429.9
1095000 569.3
1100000 640.4
1105000 470.1
1110000 560.9
1115000 418.0
1120000 585.5
1125000 553.0
1130000 475.8
1135000 653.8
1140000 632.7
1145000 523.1
1150000 551.8
1155000 594.9
1160000 588.6
1165000 788.4
1170000 674.8
1175000 255.9
1180000 554.2
1185000 654.0
1190000 253.7
1195000 479.8
1200000 625.5
1205000 475.2
1210000 327.6
1215000 658.5
1220000 778.0
1225000 453.4
1230000 638.1
1235000 516.2
1240000 523.5
1245000 343.0
1250000 426.9
1255000 548.1
1260000 578.3
1265000 423.7
1270000 620.2
1275000 598.8
1280000 667.6
1285000 502.4
1290000 726.9
1295000 313.9
1300000 587.8
1305000 572.1
1310000 539.7
1315000 519.5
1320000 480.3
1325000 679.1
1330000 638.2
1335000 578.7
1340000 687.2
1345000 513.7
1350000 604.3
1355000 436.5
1360000 729.8
1365000 628.7
1370000 640.7
1375000 473.3
1380000 602.2
1385000 567.4
1390000 399.1
1395000 390.7
1400000 515.0
1405000 353.6
1410000 546.5
1415000 526.5
1420000 405.9
1425000 389.0
1430000 674.9
1435000 434.1
1440000 575.8
1445000 228.5
1450000 660.9
1455000 670.1
1460000 573.1
1465000 537.5
1470000 531.4
1475000 575.0
1480000 449.1
1485000 393.5
1490000 363.8
1495000 486.3
1500000 650.0
1505000 458.9
1510000 595.8
1515000 632.4
1520000 518.0
1525000 324.4
1530000 683.5
1535000 482.3
1540000 540.0
1545000 630.2
1550000 578.3
1555000 671.7
1560000 508.4
1565000 644.5
1570000 689.7
1575000 697.7
1580000 681.3
1585000 567.8
1590000 598.9
1595000 564.4
1600000 592.3
1605000 597.9
1610000 588.8
1615000 765.6
1620000 667.4
1625000 628.5
1630000 719.6
1635000 655.5
1640000 669.0
1645000 543.1
1650000 629.9
1655000 507.9
1660000 668.0
1665000 746.5
1670000 569.9
1675000 629.8
1680000 637.3
1685000 545.2
1690000 510.6
1695000 692.3
1700000 505.0
1705000 576.5
1710000 562.7
1715000 646.8
1720000 644.7
1725000 494.6
1730000 633.6
1735000 523.8
1740000 435.6
1745000 573.6
1750000 763.9
1755000 518.0
1760000 501.9
1765000 516.7
1770000 501.6
1775000 541.1
1780000 616.0
1785000 700.2
1790000 304.9
1795000 682.5
1800000 395.0
1805000 557.1
1810000 626.7
1815000 417.9
1820000 641.4
1825000 645.4
1830000 594.8
1835000 610.0
1840000 517.5
1845000 599.5
1850000 546.0
1855000 574.5
1860000 480.1
1865000 606.4
1870000 675.3
1875000 522.9
1880000 701.4
1885000 489.4
1890000 611.9
1895000 457.3
1900000 520.5
1905000 799.0
1910000 825.1
1915000 550.5
1920000 569.6
1925000 326.3
1930000 422.1
1935000 602.9
1940000 640.6
1945000 712.6
1950000 568.2
1955000 759.0
1960000 666.0
1965000 527.9
1970000 596.0
1975000 677.0
1980000 688.0
1985000 432.4
1990000 397.6
1995000 402.3
2000000 524.1
