5000 62.1
10000 63.6
15000 92.1
20000 90.2
25000 140.9
30000 76.6
35000 54.1
40000 65.5
45000 126.4
50000 142.2
55000 68.2
60000 230.9
65000 70.1
70000 106.9
75000 64.1
80000 64.0
85000 53.0
90000 123.8
95000 88.8
100000 106.6
105000 97.3
110000 121.5
115000 69.0
120000 65.4
125000 88.0
130000 68.0
135000 145.3
140000 206.9
145000 165.1
150000 126.4
155000 65.9
160000 203.9
165000 210.6
170000 86.4
175000 72.3
180000 103.3
185000 126.3
190000 60.1
195000 186.7
200000 116.4
205000 179.2
210000 235.9
215000 412.7
220000 151.3
225000 138.2
230000 135.8
235000 112.7
240000 135.1
245000 278.7
250000 65.0
255000 251.0
260000 352.5
265000 255.1
270000 387.0
275000 171.6
280000 349.6
285000 179.6
290000 248.0
295000 347.6
300000 174.1
305000 69.2
310000 256.1
315000 182.2
320000 70.4
325000 178.1
330000 152.2
335000 171.4
340000 78.9
345000 295.4
350000 124.1
355000 203.4
360000 272.0
365000 94.5
370000 139.4
375000 198.0
380000 272.7
385000 159.2
390000 209.1
395000 123.4
400000 142.5
405000 424.6
410000 343.6
415000 403.4
420000 412.6
425000 345.4
430000 340.4
435000 462.1
440000 116.4
445000 426.9
450000 297.7
455000 244.1
460000 295.3
465000 312.3
470000 498.0
475000 484.2
480000 397.3
485000 409.6
490000 345.4
495000 281.8
500000 656.0
505000 269.9
510000 422.6
515000 513.0
520000 487.3
525000 511.4
530000 457.8
535000 399.8
540000 172.4
545000 348.1
550000 187.9
555000 367.3
560000 238.8
565000 247.2
570000 373.9
575000 292.3
580000 388.7
585000 365.9
590000 587.5
595000 466.0
600000 481.1
605000 246.8
610000 486.9
615000 554.7
620000 321.5
625000 470.1
630000 652.1
635000 498.2
640000 307.4
645000 420.3
650000 548.4
655000 368.5
660000 303.5
665000 530.9
670000 488.5
675000 556.9
680000 517.8
685000 430.9
690000 349.6
695000 315.5
700000 386.3
705000 375.9
710000 271.5
715000 271.4
720000 439.8
725000 246.1
730000 521.7
735000 581.3
740000 515.5
745000 219.4
750000 422.9
755000 481.8
760000 531.5
765000 191.9
770000 594.1
775000 494.0
780000 372.2
785000 327.9
790000 288.1
795000 594.1
800000 288.6
805000 479.1
810000 494.5
815000 561.1
820000 403.0
825000 510.7
830000 647.1
835000 520.3
840000 477.1
845000 340.9
850000 515.2
855000 500.4
860000 646.2
865000 558.2
870000 347.0
875000 675.6
880000 469.7
885000 468.6
890000 405.8
895000 532.6
900000 563.1
905000 556.7
910000 498.8
915000 412.8
920000 519.8
925000 570.3
930000 625.2
935000 546.3
940000 372.1
945000 458.5
950000 416.0
955000 558.6
960000 478.0
965000 487.3
970000 581.7
975000 383.8
980000 466.9
985000 565.0
990000 544.3
995000 511.4
1000000 511.6
1005000 528.8
1010000 511.7
1015000 536.7
1020000 746.5
1025000 655.6
1030000 677.9
1035000 581.6
1040000 449.4
1045000 604.2
1050000 496.2
1055000 512.1
1060000 647.0
1065000 577.0
1070000 515.7
1075000 579.9
1080000 647.1
1085000 589.5
1090000 608.8
1095000 532.0
1100000 597.9
1105000 560.2
1110000 630.3
1115000 315.7
1120000 679.2
1125000 596.6
1130000 454.9
1135000 586.6
1140000 509.1
1145000 608.6
1150000 663.7
1155000 583.0
1160000 658.2
1165000 492.5
1170000 499.9
1175000 631.0
1180000 687.6
1185000 617.2
1190000 580.3
1195000 613.4
1200000 585.1
1205000 542.6
1210000 543.5
1215000 722.0
1220000 480.7
1225000 596.5
1230000 810.1
1235000 727.2
1240000 533.1
1245000 548.2
1250000 635.7
1255000 680.9
1260000 442.1
1265000 665.4
1270000 625.8
1275000 655.1
1280000 760.3
1285000 727.1
1290000 611.5
1295000 533.8
1300000 540.9
1305000 707.6
1310000 598.6
1315000 787.9
1320000 605.8
1325000 538.7
1330000 484.2
1335000 597.5
1340000 619.5
1345000 420.4
1350000 637.4
1355000 502.7
1360000 486.9
1365000 655.3
1370000 466.4
1375000 550.9
1380000 481.4
1385000 739.4
1390000 648.5
1395000 379.2
1400000 468.0
1405000 421.3
1410000 492.2
1415000 457.3
1420000 520.9
1425000 698.5
1430000 609.5
1435000 421.5
1440000 669.2
1445000 579.4
1450000 564.7
1455000 505.4
1460000 583.7
1465000 485.5
1470000 515.9
1475000 494.3
1480000 709.6
1485000 582.1
1490000 504.7
1495000 545.2
1500000 570.1
1505000 666.8
1510000 577.7
1515000 753.8
1520000 522.0
1525000 395.8
1530000 549.9
1535000 609.5
1540000 677.5
1545000 551.5
1550000 546.3
1555000 619.2
1560000 423.5
1565000 431.2
1570000 625.0
1575000 693.7
1580000 489.3
1585000 732.5
1590000 626.8
1595000 536.0
1600000 520.0
1605000 334.7
1610000 450.3
1615000 646.6
1620000 587.6
1625000 546.9
1630000 706.5
1635000 494.0
1640000 566.7
1645000 683.8
1650000 681.7
1655000 411.3
1660000 573.4
1665000 483.1
1670000 675.5
1675000 584.5
1680000 514.1
1685000 592.4
1690000 677.9
1695000 627.6
1700000 733.4
1705000 545.1
1710000 486.3
1715000 472.5
1720000 654.1
1725000 537.7
1730000 568.1
1735000 585.5
1740000 786.3
1745000 722.5
1750000 680.3
1755000 479.5
1760000 501.3
1765000 800.5
1770000 645.4
1775000 678.8
1780000 680.6
1785000 571.8
1790000 642.3
1795000 659.5
1800000 619.4
1805000 484.3
1810000 404.8
1815000 582.8
1820000 559.0
1825000 646.0
1830000 686.5
1835000 494.4
1840000 767.3
1845000 632.5
1850000 651.5
1855000 801.0
1860000 549.2
1865000 410.9
1870000 631.3
1875000 733.3
1880000 717.6
1885000 806.8
1890000 655.1
1895000 740.0
1900000 552.7
1905000 658.7
1910000 588.1
1915000 799.9
1920000 442.8
1925000 692.1
1930000 602.2
1935000 486.9
1940000 473.1
1945000 606.1
1950000 670.2
1955000 514.3
1960000 511.1
1965000 510.1
1970000 535.0
1975000 358.3
1980000 563.6
1985000 738.9
1990000 513.7
1995000 570.0
2000000 475.4
