10000 0.0
20000 14.3
30000 391.7
40000 556.1
50000 612.4
60000 762.1
70000 827.8
80000 824.4
90000 831.5
100000 828.3
110000 819.3
120000 842.1
130000 838.9
140000 845.9
150000 840.6
160000 846.2
170000 847.6
180000 860.6
190000 861.8
200000 883.9
210000 856.6
220000 863.5
230000 921.6
240000 949.9
250000 907.1
260000 945.6
270000 918.1
280000 979.7
290000 952.6
300000 986.8
310000 928.4
320000 981.7
330000 952.4
340000 985.0
350000 985.0
360000 978.3
370000 946.2
380000 983.2
390000 937.9
400000 981.3
410000 975.6
420000 980.9
430000 963.7
440000 947.1
450000 944.2
460000 923.4
470000 931.9
480000 984.4
490000 960.3
500000 945.2
