10000 0.4
20000 290.5
30000 581.1
40000 706.8
50000 967.3
60000 976.1
70000 974.0
80000 976.3
90000 978.7
100000 977.0
110000 972.4
120000 978.4
130000 983.4
140000 980.6
150000 981.8
160000 979.8
170000 980.1
180000 984.5
190000 983.0
200000 983.9
210000 982.6
220000 977.9
230000 979.8
240000 979.4
250000 982.5
260000 975.4
270000 978.0
280000 977.0
290000 980.0
300000 977.3
310000 974.4
320000 980.3
330000 981.0
340000 978.7
350000 979.4
360000 977.5
370000 979.2
380000 979.4
390000 974.1
400000 980.7
410000 976.4
420000 983.6
430000 975.0
440000 974.3
450000 979.3
460000 982.6
470000 983.8
480000 978.6
490000 982.1
500000 984.5
