10000 263.1
20000 761.7
30000 814.2
40000 811.3
50000 836.2
60000 816.5
70000 770.1
80000 857.1
90000 849.6
100000 862.6
110000 844.2
120000 856.4
130000 862.4
140000 982.1
150000 977.8
160000 861.4
170000 971.2
180000 985.6
190000 983.7
200000 984.5
210000 938.2
220000 906.8
230000 934.2
240000 971.2
250000 983.7
260000 901.2
270000 943.3
280000 986.6
290000 981.9
300000 977.4
310000 882.5
320000 929.2
330000 983.2
340000 946.1
350000 985.1
360000 937.3
370000 973.0
380000 979.1
390000 981.9
400000 983.2
410000 971.4
420000 957.4
430000 983.1
440000 980.2
450000 973.8
460000 928.5
470000 966.7
480000 984.6
490000 981.2
500000 987.4
