10000 144.2
20000 535.3
30000 588.6
40000 600.3
50000 620.2
60000 600.3
70000 641.9
80000 643.8
90000 613.8
100000 657.0
110000 651.1
120000 632.7
130000 638.4
140000 657.1
150000 657.3
160000 607.3
170000 656.4
180000 658.6
190000 655.6
200000 659.3
210000 654.8
220000 657.0
230000 657.1
240000 657.4
250000 655.6
260000 657.2
270000 657.6
280000 657.8
290000 660.3
300000 657.8
310000 625.2
320000 657.5
330000 657.9
340000 658.9
350000 659.1
360000 655.3
370000 658.9
380000 657.3
390000 755.2
400000 765.4
410000 735.7
420000 843.6
430000 885.7
440000 961.5
450000 975.2
460000 974.3
470000 977.7
480000 981.5
490000 986.4
500000 982.5
