10000 4.9
20000 517.0
30000 723.9
40000 698.7
50000 822.6
60000 801.2
70000 836.8
80000 841.6
90000 841.2
100000 847.4
110000 845.0
120000 848.8
130000 866.3
140000 860.5
150000 871.1
160000 858.4
170000 894.1
180000 870.3
190000 898.5
200000 906.8
210000 856.2
220000 897.9
230000 929.0
240000 962.5
250000 945.6
260000 887.3
270000 918.4
280000 939.9
290000 950.0
300000 955.2
310000 913.0
320000 947.4
330000 986.2
340000 982.6
350000 986.4
360000 899.4
370000 964.2
380000 966.7
390000 967.1
400000 960.9
410000 838.6
420000 959.5
430000 957.2
440000 984.7
450000 972.3
460000 877.9
470000 944.9
480000 980.7
490000 985.8
500000 983.3
