10000 0.0
20000 274.0
30000 455.2
40000 459.2
50000 512.5
60000 655.5
70000 849.5
80000 832.9
90000 839.9
100000 842.5
110000 846.7
120000 840.3
130000 854.1
140000 880.7
150000 897.0
160000 862.4
170000 883.8
180000 903.0
190000 891.7
200000 887.8
210000 861.2
220000 968.9
230000 929.4
240000 907.9
250000 980.9
260000 968.3
270000 913.1
280000 934.2
290000 956.0
300000 970.1
310000 916.7
320000 981.9
330000 921.9
340000 938.0
350000 955.3
360000 906.9
370000 982.0
380000 944.4
390000 977.2
400000 960.5
410000 973.5
420000 918.4
430000 975.8
440000 971.9
450000 980.1
460000 958.2
470000 936.6
480000 982.5
490000 965.2
500000 976.7
