10000 1.6
20000 459.3
30000 681.3
40000 788.7
50000 838.0
60000 824.6
70000 831.7
80000 859.6
90000 853.7
100000 872.6
110000 842.9
120000 864.8
130000 883.6
140000 888.5
150000 905.4
160000 865.5
170000 882.2
180000 886.1
190000 915.3
200000 939.1
210000 860.6
220000 911.4
230000 907.5
240000 938.9
250000 933.4
260000 885.7
270000 922.1
280000 945.3
290000 930.8
300000 936.3
310000 905.0
320000 937.2
330000 961.7
340000 988.5
350000 967.3
360000 823.9
370000 947.3
380000 966.7
390000 954.7
400000 980.0
410000 959.8
420000 972.4
430000 983.4
440000 985.5
450000 983.1
460000 978.8
470000 885.8
480000 983.7
490000 986.4
500000 979.4
