10000 2.8
20000 314.9
30000 487.5
40000 729.0
50000 810.3
60000 788.1
70000 768.8
80000 826.7
90000 845.5
100000 850.1
110000 829.2
120000 840.0
130000 863.1
140000 876.1
150000 874.6
160000 851.0
170000 885.6
180000 878.5
190000 893.7
200000 871.7
210000 834.4
220000 879.5
230000 914.4
240000 914.6
250000 943.0
260000 858.2
270000 889.9
280000 931.2
290000 928.5
300000 929.2
310000 895.3
320000 907.0
330000 927.7
340000 946.7
350000 951.9
360000 908.8
370000 929.6
380000 940.4
390000 939.8
400000 948.0
410000 898.8
420000 938.9
430000 935.9
440000 945.1
450000 962.7
460000 867.7
470000 958.6
480000 985.6
490000 988.1
500000 957.3
