10000 0.6
20000 1.7
30000 421.0
40000 572.9
50000 679.8
60000 745.8
70000 778.6
80000 804.3
90000 831.7
100000 828.0
110000 822.8
120000 842.6
130000 847.8
140000 845.0
150000 859.2
160000 845.5
170000 860.9
180000 879.4
190000 868.4
200000 910.0
210000 881.4
220000 865.1
230000 880.8
240000 917.3
250000 934.0
260000 882.2
270000 921.6
280000 926.6
290000 941.2
300000 950.3
310000 775.3
320000 950.8
330000 950.3
340000 952.1
350000 953.7
360000 924.2
370000 947.0
380000 954.6
390000 964.1
400000 969.0
410000 935.5
420000 972.9
430000 962.7
440000 969.6
450000 982.6
460000 881.7
470000 981.9
480000 983.4
490000 981.8
500000 985.1
