10000 0.0
20000 339.7
30000 675.1
40000 790.3
50000 819.7
60000 803.8
70000 833.8
80000 840.6
90000 838.9
100000 844.4
110000 839.7
120000 857.9
130000 859.9
140000 854.7
150000 878.0
160000 824.1
170000 870.4
180000 884.5
190000 921.0
200000 885.2
210000 839.4
220000 883.6
230000 904.9
240000 905.7
250000 879.8
260000 851.4
270000 887.3
280000 901.0
290000 950.3
300000 952.3
310000 896.1
320000 912.9
330000 931.0
340000 950.4
350000 969.1
360000 894.1
370000 975.3
380000 954.4
390000 977.4
400000 945.0
410000 962.4
420000 982.2
430000 979.1
440000 980.6
450000 979.4
460000 928.1
470000 858.1
480000 984.1
490000 985.4
500000 983.4
