5000 0.0
10000 0.0
15000 0.0
20000 0.0
25000 0.2
30000 1.1
35000 0.0
40000 0.0
45000 0.4
50000 0.1
55000 0.0
60000 0.5
65000 0.0
70000 0.0
75000 0.0
80000 0.0
85000 0.0
90000 0.0
95000 0.0
100000 0.0
105000 0.2
110000 0.0
115000 0.5
120000 0.1
125000 0.0
130000 2.4
135000 1.5
140000 0.0
145000 0.7
150000 0.7
155000 0.2
160000 0.0
165000 1.3
170000 0.0
175000 0.0
180000 0.1
185000 0.9
190000 0.8
195000 0.9
200000 0.0
205000 0.0
210000 0.0
215000 0.0
220000 0.0
225000 0.0
230000 0.7
235000 0.9
240000 0.1
245000 0.1
250000 0.1
255000 1.5
260000 12.0
265000 0.9
270000 0.1
275000 6.2
280000 10.2
285000 49.9
290000 52.1
295000 9.0
300000 46.0
305000 34.1
310000 31.1
315000 57.1
320000 33.9
325000 20.9
330000 13.4
335000 46.0
340000 34.9
345000 59.5
350000 25.4
355000 24.0
360000 52.2
365000 25.7
370000 38.7
375000 65.7
380000 40.9
385000 48.6
390000 65.8
395000 38.0
400000 54.3
405000 0.6
410000 0.0
415000 2.6
420000 0.6
425000 3.4
430000 3.4
435000 18.0
440000 34.6
445000 37.6
450000 29.9
455000 37.3
460000 92.0
465000 78.1
470000 47.3
475000 12.9
480000 69.6
485000 18.2
490000 39.2
495000 46.9
500000 69.5
505000 56.7
510000 29.0
515000 42.6
520000 55.2
525000 71.0
530000 14.1
535000 51.1
540000 63.6
545000 58.2
550000 57.4
555000 43.0
560000 24.9
565000 55.9
570000 52.0
575000 43.1
580000 68.1
585000 42.5
590000 27.5
595000 43.2
600000 84.5
605000 0.2
610000 0.0
615000 0.4
620000 17.3
625000 2.3
630000 6.5
635000 41.9
640000 0.2
645000 34.4
650000 33.9
655000 29.2
660000 32.3
665000 54.6
670000 78.7
675000 42.5
680000 47.1
685000 85.2
690000 55.2
695000 43.2
700000 68.8
705000 88.5
710000 26.9
715000 80.4
720000 85.8
725000 71.3
730000 42.0
735000 56.8
740000 58.2
745000 28.9
750000 57.6
755000 72.8
760000 75.0
765000 72.8
770000 85.3
775000 60.4
780000 27.1
785000 43.1
790000 57.2
795000 43.7
800000 63.3
805000 0.7
810000 0.1
815000 1.3
820000 4.1
825000 0.5
830000 17.7
835000 52.6
840000 2.3
845000 17.4
850000 54.3
855000 36.3
860000 64.9
865000 85.0
870000 29.4
875000 72.4
880000 41.4
885000 46.3
890000 66.3
895000 84.4
900000 72.7
905000 29.2
910000 94.6
915000 74.4
920000 54.6
925000 56.8
930000 27.1
935000 40.1
940000 71.5
945000 54.3
950000 41.7
955000 14.1
960000 43.8
965000 49.9
970000 56.1
975000 57.4
980000 68.4
985000 88.0
990000 59.4
995000 44.2
1000000 28.6
1005000 0.0
1010000 0.6
1015000 0.0
1020000 1.6
1025000 1.5
1030000 17.7
1035000 66.7
1040000 30.4
1045000 53.1
1050000 46.1
1055000 56.9
1060000 47.7
1065000 59.0
1070000 72.9
1075000 56.4
1080000 44.8
1085000 14.5
1090000 53.0
1095000 34.9
1100000 58.4
1105000 72.5
1110000 43.4
1115000 90.1
1120000 59.1
1125000 63.1
1130000 59.0
1135000 43.7
1140000 60.4
1145000 56.3
1150000 30.4
1155000 104.6
1160000 43.6
1165000 72.2
1170000 29.4
1175000 59.4
1180000 91.8
1185000 45.5
1190000 43.9
1195000 76.3
1200000 58.9
1205000 1.1
1210000 0.0
1215000 0.4
1220000 15.3
1225000 0.3
1230000 55.9
1235000 21.0
1240000 44.3
1245000 90.1
1250000 52.3
1255000 40.4
1260000 88.7
1265000 28.8
1270000 70.5
1275000 43.8
1280000 63.1
1285000 46.1
1290000 58.4
1295000 56.0
1300000 58.9
1305000 115.1
1310000 73.6
1315000 91.1
1320000 56.1
1325000 58.6
1330000 75.0
1335000 60.0
1340000 72.1
1345000 103.2
1350000 104.7
1355000 90.8
1360000 14.6
1365000 77.2
1370000 59.9
1375000 14.5
1380000 77.0
1385000 43.8
1390000 91.1
1395000 42.2
1400000 32.7
1405000 0.0
1410000 0.2
1415000 1.2
1420000 4.4
1425000 0.4
1430000 5.8
1435000 1.4
1440000 19.2
1445000 31.7
1450000 54.5
1455000 34.2
1460000 37.6
1465000 62.5
1470000 43.6
1475000 55.7
1480000 56.6
1485000 30.3
1490000 86.9
1495000 45.1
1500000 109.1
1505000 55.8
1510000 75.6
1515000 56.9
1520000 93.8
1525000 45.1
1530000 70.2
1535000 95.4
1540000 62.4
1545000 76.4
1550000 59.5
1555000 46.9
1560000 77.5
1565000 46.1
1570000 91.5
1575000 62.7
1580000 45.8
1585000 76.7
1590000 30.6
1595000 61.6
1600000 105.4
1605000 1.0
1610000 0.0
1615000 3.5
1620000 1.6
1625000 2.4
1630000 18.1
1635000 0.2
1640000 13.8
1645000 53.1
1650000 27.7
1655000 70.0
1660000 42.2
1665000 62.5
1670000 69.9
1675000 84.4
1680000 72.5
1685000 59.9
1690000 89.9
1695000 57.2
1700000 72.7
1705000 91.4
1710000 58.4
1715000 85.3
1720000 62.1
1725000 75.6
1730000 46.8
1735000 105.0
1740000 107.9
1745000 93.9
1750000 61.9
1755000 122.6
1760000 78.3
1765000 31.1
1770000 77.7
1775000 57.6
1780000 78.2
1785000 49.7
1790000 59.5
1795000 59.6
1800000 78.5
1805000 0.0
1810000 1.4
1815000 0.0
1820000 28.1
1825000 1.0
1830000 26.0
1835000 17.1
1840000 30.0
1845000 47.0
1850000 56.3
1855000 86.4
1860000 63.1
1865000 90.0
1870000 59.1
1875000 65.2
1880000 83.5
1885000 79.0
1890000 73.9
1895000 93.2
1900000 92.8
1905000 59.9
1910000 40.3
1915000 44.6
1920000 102.8
1925000 44.9
1930000 59.8
1935000 93.1
1940000 85.2
1945000 64.1
1950000 0.0
1955000 90.0
1960000 79.3
1965000 28.4
1970000 45.0
1975000 45.5
1980000 56.9
1985000 79.3
1990000 106.4
1995000 31.3
2000000 99.2
