5000 0.0
10000 0.0
15000 0.0
20000 0.0
25000 0.4
30000 0.0
35000 0.0
40000 0.0
45000 1.8
50000 0.0
55000 0.8
60000 0.0
65000 0.5
70000 0.3
75000 1.1
80000 0.1
85000 2.3
90000 0.0
95000 1.6
100000 0.0
105000 0.0
110000 0.3
115000 0.5
120000 0.1
125000 0.0
130000 2.3
135000 0.0
140000 2.3
145000 0.0
150000 1.0
155000 0.1
160000 1.4
165000 1.5
170000 19.7
175000 14.9
180000 9.7
185000 1.4
190000 3.3
195000 63.9
200000 36.0
205000 0.0
210000 0.0
215000 0.0
220000 1.2
225000 2.2
230000 0.0
235000 0.6
240000 0.0
245000 16.2
250000 27.5
255000 20.0
260000 44.4
265000 18.4
270000 27.3
275000 27.8
280000 19.5
285000 58.0
290000 58.9
295000 50.8
300000 40.5
305000 12.6
310000 4.2
315000 6.2
320000 48.3
325000 75.6
330000 60.6
335000 80.7
340000 77.0
345000 24.0
350000 40.5
355000 68.5
360000 82.2
365000 14.3
370000 92.8
375000 77.8
380000 37.2
385000 34.6
390000 117.6
395000 14.6
400000 79.6
405000 0.0
410000 0.0
415000 0.0
420000 33.4
425000 0.1
430000 6.9
435000 35.8
440000 55.1
445000 77.9
450000 68.5
455000 68.0
460000 28.0
465000 41.9
470000 66.4
475000 32.8
480000 65.8
485000 73.4
490000 45.8
495000 14.7
500000 45.5
505000 88.3
510000 82.2
515000 42.8
520000 105.1
525000 36.0
530000 82.4
535000 127.5
540000 111.0
545000 91.0
550000 120.6
555000 112.6
560000 124.2
565000 76.3
570000 76.0
575000 97.3
580000 77.7
585000 54.9
590000 102.6
595000 139.0
600000 18.3
605000 0.0
610000 0.0
615000 1.3
620000 14.0
625000 5.5
630000 10.1
635000 20.7
640000 12.9
645000 59.6
650000 97.1
655000 86.1
660000 111.5
665000 37.2
670000 53.0
675000 101.7
680000 74.2
685000 91.7
690000 17.2
695000 147.9
700000 152.6
705000 158.7
710000 187.2
715000 128.4
720000 170.8
725000 177.1
730000 93.3
735000 95.7
740000 158.9
745000 152.1
750000 177.5
755000 134.7
760000 184.7
765000 160.0
770000 189.0
775000 161.7
780000 180.6
785000 176.9
790000 205.0
795000 207.9
800000 195.7
805000 0.0
810000 0.3
815000 0.0
820000 9.8
825000 0.0
830000 3.8
835000 65.8
840000 113.2
845000 64.6
850000 108.4
855000 157.9
860000 144.7
865000 157.1
870000 135.4
875000 113.5
880000 163.7
885000 187.7
890000 155.4
895000 198.3
900000 194.3
905000 171.9
910000 145.6
915000 195.2
920000 194.0
925000 198.6
930000 198.8
935000 209.4
940000 205.4
945000 199.8
950000 204.8
955000 195.3
960000 200.1
965000 193.4
970000 207.2
975000 210.0
980000 204.0
985000 208.4
990000 214.2
995000 212.1
1000000 204.9
1005000 0.0
1010000 0.7
1015000 1.1
1020000 12.6
1025000 2.9
1030000 23.0
1035000 76.8
1040000 7.6
1045000 133.7
1050000 143.2
1055000 166.9
1060000 151.0
1065000 168.7
1070000 160.8
1075000 207.0
1080000 200.5
1085000 198.5
1090000 197.2
1095000 195.9
1100000 204.5
1105000 202.4
1110000 196.5
1115000 211.3
1120000 201.9
1125000 211.6
1130000 210.8
1135000 191.0
1140000 210.5
1145000 216.5
1150000 212.6
1155000 205.9
1160000 206.4
1165000 210.7
1170000 214.2
1175000 222.5
1180000 217.0
1185000 215.3
1190000 216.5
1195000 214.4
1200000 216.2
1205000 0.0
1210000 0.6
1215000 2.6
1220000 15.6
1225000 5.3
1230000 3.5
1235000 75.5
1240000 129.1
1245000 112.8
1250000 129.6
1255000 169.7
1260000 196.3
1265000 201.8
1270000 201.4
1275000 198.9
1280000 205.2
1285000 205.5
1290000 211.6
1295000 209.2
1300000 211.1
1305000 191.4
1310000 204.4
1315000 213.6
1320000 215.4
1325000 188.2
1330000 186.0
1335000 218.3
1340000 214.7
1345000 218.6
1350000 221.5
1355000 196.7
1360000 212.8
1365000 212.6
1370000 220.2
1375000 223.1
1380000 217.6
1385000 222.5
1390000 221.7
1395000 219.8
1400000 224.8
1405000 0.0
1410000 0.0
1415000 1.8
1420000 8.0
1425000 2.7
1430000 0.6
1435000 2.0
1440000 99.2
1445000 107.5
1450000 141.3
1455000 151.7
1460000 150.5
1465000 168.6
1470000 195.6
1475000 180.8
1480000 198.5
1485000 140.5
1490000 194.0
1495000 215.7
1500000 212.0
1505000 211.0
1510000 212.3
1515000 215.0
1520000 193.0
1525000 188.2
1530000 193.7
1535000 195.3
1540000 209.5
1545000 192.8
1550000 178.7
1555000 220.1
1560000 179.9
1565000 217.0
1570000 189.8
1575000 223.4
1580000 219.6
1585000 221.7
1590000 201.0
1595000 215.1
1600000 226.4
1605000 0.0
1610000 0.4
1615000 0.0
1620000 16.2
1625000 0.0
1630000 3.4
1635000 136.4
1640000 114.3
1645000 175.4
1650000 201.1
1655000 173.4
1660000 159.1
1665000 184.0
1670000 207.9
1675000 212.4
1680000 208.0
1685000 213.8
1690000 187.0
1695000 177.4
1700000 205.2
1705000 207.4
1710000 214.2
1715000 200.9
1720000 216.1
1725000 221.6
1730000 220.2
1735000 224.0
1740000 226.6
1745000 220.4
1750000 224.2
1755000 225.4
1760000 221.9
1765000 231.3
1770000 206.5
1775000 227.0
1780000 227.6
1785000 226.7
1790000 230.5
1795000 232.4
1800000 235.2
1805000 0.0
1810000 0.7
1815000 0.5
1820000 11.5
1825000 0.0
1830000 2.1
1835000 89.6
1840000 152.0
1845000 144.2
1850000 159.3
1855000 170.8
1860000 176.0
1865000 182.5
1870000 198.3
1875000 174.6
1880000 215.9
1885000 194.7
1890000 211.6
1895000 218.8
1900000 226.9
1905000 224.2
1910000 200.4
1915000 226.1
1920000 229.5
1925000 223.7
1930000 204.8
1935000 227.3
1940000 211.2
1945000 235.8
1950000 233.4
1955000 237.9
1960000 240.8
1965000 237.9
1970000 241.2
1975000 238.2
1980000 240.6
1985000 238.7
1990000 240.3
1995000 244.2
2000000 242.4
