5000 0.0
10000 0.0
15000 0.0
20000 0.0
25000 0.0
30000 0.0
35000 0.1
40000 0.4
45000 0.0
50000 0.0
55000 0.6
60000 0.0
65000 0.0
70000 0.1
75000 0.1
80000 0.0
85000 0.0
90000 0.0
95000 0.0
100000 0.8
105000 0.0
110000 0.7
115000 0.0
120000 0.3
125000 0.2
130000 0.2
135000 0.3
140000 0.0
145000 0.0
150000 2.7
155000 1.0
160000 0.0
165000 0.4
170000 29.7
175000 22.2
180000 22.0
185000 14.4
190000 34.9
195000 26.9
200000 6.1
205000 0.0
210000 0.0
215000 0.0
220000 0.0
225000 0.0
230000 33.7
235000 14.8
240000 6.5
245000 32.8
250000 27.6
255000 34.7
260000 15.3
265000 22.3
270000 17.0
275000 44.4
280000 24.5
285000 44.7
290000 45.6
295000 41.5
300000 66.9
305000 33.7
310000 36.8
315000 43.8
320000 41.5
325000 17.4
330000 55.8
335000 19.3
340000 18.0
345000 35.4
350000 36.4
355000 18.2
360000 75.7
365000 38.5
370000 66.0
375000 29.2
380000 49.4
385000 58.7
390000 39.0
395000 37.1
400000 49.9
405000 0.0
410000 0.0
415000 0.0
420000 0.0
425000 2.8
430000 0.0
435000 12.6
440000 46.9
445000 18.3
450000 38.1
455000 40.6
460000 33.2
465000 37.5
470000 48.2
475000 29.1
480000 34.8
485000 50.1
490000 29.8
495000 41.1
500000 9.4
505000 30.7
510000 18.1
515000 67.5
520000 50.8
525000 63.7
530000 35.5
535000 29.1
540000 43.1
545000 56.0
550000 54.9
555000 63.0
560000 33.5
565000 64.5
570000 65.3
575000 40.5
580000 89.5
585000 56.6
590000 67.9
595000 59.0
600000 64.9
605000 0.0
610000 0.0
615000 0.0
620000 0.0
625000 13.4
630000 12.8
635000 34.3
640000 22.3
645000 13.0
650000 44.4
655000 27.2
660000 28.0
665000 32.1
670000 75.8
675000 52.6
680000 53.0
685000 42.5
690000 64.6
695000 75.3
700000 44.0
705000 54.0
710000 64.1
715000 44.1
720000 74.2
725000 56.6
730000 23.8
735000 42.5
740000 22.5
745000 69.6
750000 70.6
755000 23.4
760000 41.2
765000 50.5
770000 75.9
775000 70.7
780000 50.7
785000 33.3
790000 51.0
795000 78.0
800000 77.7
805000 0.0
810000 0.0
815000 0.0
820000 0.0
825000 14.3
830000 10.5
835000 23.3
840000 30.0
845000 42.6
850000 70.8
855000 18.9
860000 19.5
865000 49.6
870000 61.6
875000 48.4
880000 49.3
885000 50.1
890000 72.8
895000 90.2
900000 44.3
905000 91.6
910000 78.2
915000 76.8
920000 61.0
925000 77.8
930000 52.6
935000 75.0
940000 64.1
945000 39.4
950000 71.0
955000 76.2
960000 27.2
965000 94.0
970000 105.6
975000 68.7
980000 69.2
985000 91.6
990000 53.6
995000 94.3
1000000 67.4
1005000 0.0
1010000 0.0
1015000 0.0
1020000 0.0
1025000 16.3
1030000 12.6
1035000 37.6
1040000 50.1
1045000 30.6
1050000 27.5
1055000 33.3
1060000 17.1
1065000 39.9
1070000 22.4
1075000 43.4
1080000 52.6
1085000 23.2
1090000 48.4
1095000 60.0
1100000 12.8
1105000 50.7
1110000 64.5
1115000 66.5
1120000 54.1
1125000 46.6
1130000 64.3
1135000 49.4
1140000 51.9
1145000 50.6
1150000 65.2
1155000 76.3
1160000 51.2
1165000 66.8
1170000 78.1
1175000 53.0
1180000 55.1
1185000 66.3
1190000 27.1
1195000 67.6
1200000 56.2
1205000 0.0
1210000 0.0
1215000 0.0
1220000 0.1
1225000 6.3
1230000 39.3
1235000 25.2
1240000 11.8
1245000 11.5
1250000 37.3
1255000 39.3
1260000 28.3
1265000 51.1
1270000 59.6
1275000 48.8
1280000 91.4
1285000 48.4
1290000 49.3
1295000 65.2
1300000 52.2
1305000 101.8
1310000 39.7
1315000 84.8
1320000 65.3
1325000 53.2
1330000 41.8
1335000 80.8
1340000 88.9
1345000 66.7
1350000 64.1
1355000 90.1
1360000 69.1
1365000 80.9
1370000 38.6
1375000 65.1
1380000 27.3
1385000 53.3
1390000 50.9
1395000 81.3
1400000 83.1
1405000 0.0
1410000 0.0
1415000 0.0
1420000 0.9
1425000 1.8
1430000 13.7
1435000 15.3
1440000 46.4
1445000 30.2
1450000 54.7
1455000 47.6
1460000 41.9
1465000 102.5
1470000 26.2
1475000 66.0
1480000 91.1
1485000 72.8
1490000 53.2
1495000 27.1
1500000 49.9
1505000 25.3
1510000 75.9
1515000 41.3
1520000 64.1
1525000 66.1
1530000 35.4
1535000 39.7
1540000 39.8
1545000 67.6
1550000 40.6
1555000 52.5
1560000 66.6
1565000 69.3
1570000 94.8
1575000 54.2
1580000 71.4
1585000 81.4
1590000 65.3
1595000 55.7
1600000 80.0
1605000 0.0
1610000 0.0
1615000 0.0
1620000 0.0
1625000 5.2
1630000 7.6
1635000 19.5
1640000 3.3
1645000 1.2
1650000 35.2
1655000 26.1
1660000 24.4
1665000 13.1
1670000 47.3
1675000 49.6
1680000 63.9
1685000 39.1
1690000 36.9
1695000 76.4
1700000 53.6
1705000 64.7
1710000 74.5
1715000 53.7
1720000 109.0
1725000 94.2
1730000 106.9
1735000 52.2
1740000 95.6
1745000 82.8
1750000 81.5
1755000 82.2
1760000 54.1
1765000 90.0
1770000 41.3
1775000 75.0
1780000 55.5
1785000 67.3
1790000 82.3
1795000 94.0
1800000 80.4
1805000 0.0
1810000 0.0
1815000 0.0
1820000 0.8
1825000 0.1
1830000 2.8
1835000 56.9
1840000 5.2
1845000 52.1
1850000 24.1
1855000 64.7
1860000 39.7
1865000 51.5
1870000 69.5
1875000 63.4
1880000 42.1
1885000 62.8
1890000 58.7
1895000 95.1
1900000 94.9
1905000 60.5
1910000 13.2
1915000 39.3
1920000 40.9
1925000 41.4
1930000 53.7
1935000 94.6
1940000 37.7
1945000 97.8
1950000 98.1
1955000 85.1
1960000 56.3
1965000 107.6
1970000 65.3
1975000 29.2
1980000 71.5
1985000 88.9
1990000 83.6
1995000 66.2
2000000 27.6
