5000 0.0
10000 0.3
15000 0.0
20000 0.0
25000 0.0
30000 0.1
35000 0.0
40000 0.0
45000 0.0
50000 0.0
55000 0.0
60000 0.0
65000 0.0
70000 0.0
75000 0.0
80000 0.0
85000 0.0
90000 2.0
95000 24.9
100000 13.8
105000 14.2
110000 22.8
115000 30.1
120000 10.7
125000 32.8
130000 50.6
135000 63.0
140000 94.9
145000 84.8
150000 56.3
155000 50.4
160000 89.0
165000 66.5
170000 77.7
175000 118.5
180000 114.3
185000 141.9
190000 118.0
195000 118.6
200000 124.6
205000 0.0
210000 0.0
215000 0.2
220000 0.0
225000 0.0
230000 14.7
235000 37.7
240000 13.4
245000 90.9
250000 56.5
255000 53.8
260000 107.1
265000 83.8
270000 78.2
275000 139.1
280000 102.1
285000 123.7
290000 162.5
295000 158.4
300000 159.4
305000 186.5
310000 181.6
315000 131.3
320000 196.2
325000 191.1
330000 161.2
335000 191.5
340000 178.6
345000 167.2
350000 201.1
355000 188.0
360000 183.6
365000 192.1
370000 199.2
375000 203.2
380000 201.4
385000 210.3
390000 189.3
395000 188.5
400000 210.4
405000 0.0
410000 0.0
415000 0.0
420000 0.8
425000 0.0
430000 15.5
435000 31.2
440000 65.1
445000 78.1
450000 122.2
455000 183.6
460000 172.9
465000 158.7
470000 141.7
475000 158.0
480000 144.0
485000 172.0
490000 186.6
495000 191.9
500000 205.3
505000 203.2
510000 213.9
515000 172.6
520000 188.1
525000 195.8
530000 195.6
535000 222.2
540000 195.8
545000 207.0
550000 216.8
555000 192.1
560000 230.0
565000 222.9
570000 192.5
575000 227.4
580000 172.8
585000 225.1
590000 219.2
595000 225.1
600000 176.7
605000 0.0
610000 0.0
615000 0.0
620000 1.5
625000 6.7
630000 11.3
635000 12.5
640000 38.0
645000 81.2
650000 161.6
655000 115.3
660000 170.3
665000 211.2
670000 183.0
675000 192.4
680000 212.8
685000 189.4
690000 196.0
695000 225.4
700000 200.5
705000 221.6
710000 228.7
715000 222.3
720000 224.1
725000 224.7
730000 227.2
735000 218.3
740000 175.8
745000 162.9
750000 206.3
755000 226.5
760000 205.8
765000 226.4
770000 198.7
775000 227.5
780000 229.3
785000 227.8
790000 226.4
795000 238.8
800000 232.8
805000 0.0
810000 0.0
815000 0.0
820000 0.0
825000 20.3
830000 12.4
835000 18.4
840000 34.2
845000 124.8
850000 174.9
855000 153.2
860000 144.8
865000 207.3
870000 184.1
875000 173.1
880000 183.8
885000 151.4
890000 178.8
895000 214.9
900000 223.2
905000 188.8
910000 221.9
915000 229.6
920000 202.6
925000 216.4
930000 205.8
935000 220.4
940000 235.4
945000 215.1
950000 209.0
955000 224.4
960000 235.4
965000 213.4
970000 229.7
975000 234.5
980000 207.0
985000 236.5
990000 238.6
995000 238.8
1000000 238.5
1005000 0.0
1010000 0.0
1015000 0.3
1020000 1.2
1025000 10.2
1030000 3.9
1035000 0.8
1040000 74.3
1045000 95.5
1050000 164.2
1055000 215.3
1060000 211.5
1065000 211.2
1070000 183.3
1075000 183.1
1080000 227.3
1085000 207.1
1090000 188.7
1095000 223.4
1100000 231.1
1105000 222.0
1110000 229.9
1115000 179.2
1120000 207.9
1125000 207.6
1130000 186.3
1135000 225.6
1140000 224.3
1145000 217.7
1150000 190.1
1155000 232.6
1160000 203.1
1165000 210.3
1170000 206.0
1175000 231.4
1180000 230.6
1185000 184.8
1190000 192.3
1195000 237.2
1200000 205.9
1205000 0.0
1210000 0.0
1215000 0.0
1220000 0.0
1225000 0.8
1230000 0.0
1235000 0.0
1240000 0.0
1245000 31.3
1250000 36.9
1255000 103.7
1260000 79.2
1265000 192.2
1270000 175.7
1275000 214.2
1280000 220.1
1285000 191.0
1290000 170.7
1295000 199.9
1300000 231.4
1305000 222.8
1310000 204.3
1315000 208.1
1320000 202.5
1325000 215.4
1330000 229.3
1335000 232.2
1340000 234.5
1345000 225.4
1350000 212.1
1355000 235.4
1360000 224.0
1365000 224.6
1370000 232.4
1375000 186.8
1380000 229.5
1385000 233.4
1390000 239.5
1395000 237.7
1400000 217.2
1405000 0.0
1410000 0.0
1415000 0.6
1420000 0.0
1425000 0.0
1430000 0.0
1435000 0.0
1440000 22.4
1445000 6.2
1450000 7.3
1455000 13.5
1460000 33.6
1465000 60.7
1470000 137.3
1475000 177.5
1480000 198.3
1485000 219.4
1490000 199.1
1495000 174.8
1500000 232.0
1505000 228.0
1510000 233.9
1515000 220.4
1520000 211.5
1525000 211.6
1530000 197.1
1535000 230.6
1540000 232.2
1545000 229.2
1550000 232.4
1555000 233.0
1560000 237.0
1565000 236.2
1570000 187.1
1575000 234.6
1580000 243.1
1585000 206.7
1590000 228.6
1595000 219.9
1600000 166.3
1605000 0.0
1610000 0.0
1615000 0.0
1620000 0.0
1625000 3.8
1630000 4.0
1635000 30.0
1640000 36.0
1645000 56.1
1650000 176.6
1655000 167.2
1660000 199.8
1665000 196.2
1670000 221.2
1675000 181.4
1680000 224.5
1685000 226.3
1690000 219.7
1695000 198.3
1700000 233.9
1705000 207.3
1710000 226.7
1715000 232.6
1720000 191.2
1725000 190.2
1730000 233.3
1735000 240.9
1740000 215.0
1745000 189.7
1750000 236.0
1755000 221.5
1760000 194.7
1765000 238.4
1770000 245.2
1775000 242.9
1780000 235.7
1785000 245.6
1790000 243.1
1795000 225.5
1800000 198.2
1805000 0.0
1810000 0.0
1815000 0.0
1820000 2.2
1825000 1.0
1830000 11.4
1835000 15.1
1840000 68.2
1845000 88.2
1850000 146.5
1855000 58.1
1860000 192.3
1865000 191.7
1870000 217.7
1875000 174.7
1880000 125.7
1885000 219.8
1890000 227.2
1895000 185.1
1900000 224.8
1905000 189.8
1910000 221.5
1915000 228.3
1920000 233.4
1925000 194.5
1930000 233.6
1935000 235.7
1940000 241.6
1945000 224.0
1950000 237.6
1955000 222.9
1960000 238.7
1965000 219.0
1970000 211.6
1975000 214.8
1980000 238.4
1985000 240.4
1990000 238.7
1995000 250.2
2000000 243.9
