5000 0.0
10000 0.0
15000 0.0
20000 0.0
25000 0.2
30000 0.1
35000 0.0
40000 0.0
45000 0.0
50000 0.6
55000 0.0
60000 0.0
65000 0.0
70000 0.0
75000 0.0
80000 0.0
85000 0.0
90000 0.0
95000 0.1
100000 0.0
105000 0.1
110000 0.0
115000 0.0
120000 11.6
125000 18.2
130000 14.5
135000 24.1
140000 29.3
145000 30.6
150000 29.3
155000 38.0
160000 35.0
165000 55.2
170000 28.3
175000 35.0
180000 72.8
185000 46.1
190000 29.0
195000 50.0
200000 64.1
205000 0.0
210000 0.0
215000 0.0
220000 0.0
225000 1.2
230000 4.7
235000 30.2
240000 26.8
245000 19.8
250000 53.1
255000 40.5
260000 9.8
265000 43.7
270000 86.7
275000 98.2
280000 98.7
285000 69.4
290000 96.3
295000 112.2
300000 89.8
305000 137.5
310000 95.1
315000 128.7
320000 119.4
325000 106.9
330000 103.5
335000 138.1
340000 117.0
345000 143.0
350000 135.1
355000 134.4
360000 106.3
365000 142.8
370000 107.0
375000 112.1
380000 139.3
385000 127.6
390000 147.2
395000 134.9
400000 148.2
405000 0.0
410000 0.0
415000 0.0
420000 0.0
425000 0.6
430000 27.8
435000 63.8
440000 67.2
445000 94.4
450000 97.3
455000 105.9
460000 95.6
465000 108.6
470000 133.9
475000 127.1
480000 105.4
485000 109.7
490000 121.9
495000 129.5
500000 137.4
505000 144.2
510000 106.7
515000 139.5
520000 134.8
525000 127.5
530000 147.1
535000 99.4
540000 145.2
545000 140.6
550000 134.0
555000 146.6
560000 143.9
565000 153.6
570000 141.4
575000 141.8
580000 158.6
585000 159.5
590000 161.2
595000 156.0
600000 159.3
605000 0.0
610000 0.0
615000 0.0
620000 9.9
625000 23.0
630000 79.6
635000 55.2
640000 25.0
645000 123.4
650000 107.6
655000 125.4
660000 116.6
665000 103.9
670000 146.5
675000 96.4
680000 134.1
685000 133.2
690000 129.4
695000 128.6
700000 117.9
705000 135.4
710000 154.5
715000 141.1
720000 160.1
725000 158.5
730000 160.0
735000 139.8
740000 161.3
745000 146.9
750000 159.9
755000 161.8
760000 169.2
765000 160.3
770000 165.5
775000 166.8
780000 162.5
785000 150.6
790000 134.3
795000 168.0
800000 166.5
805000 0.0
810000 0.0
815000 1.2
820000 3.4
825000 24.1
830000 79.9
835000 59.5
840000 102.4
845000 99.2
850000 115.4
855000 118.2
860000 135.1
865000 136.8
870000 134.2
875000 141.0
880000 145.9
885000 164.4
890000 161.9
895000 167.5
900000 163.8
905000 168.5
910000 166.8
915000 164.4
920000 165.0
925000 162.7
930000 161.7
935000 161.4
940000 162.7
945000 171.8
950000 169.9
955000 155.4
960000 169.5
965000 150.8
970000 166.0
975000 164.1
980000 151.3
985000 171.7
990000 172.8
995000 148.6
1000000 175.8
1005000 0.0
1010000 0.0
1015000 0.9
1020000 31.8
1025000 49.3
1030000 78.9
1035000 111.8
1040000 86.7
1045000 111.6
1050000 119.5
1055000 149.2
1060000 158.1
1065000 156.6
1070000 157.6
1075000 158.9
1080000 145.7
1085000 151.1
1090000 166.9
1095000 169.6
1100000 147.5
1105000 172.8
1110000 169.8
1115000 166.5
1120000 166.2
1125000 156.5
1130000 158.7
1135000 173.9
1140000 174.6
1145000 175.0
1150000 157.8
1155000 173.5
1160000 173.7
1165000 151.7
1170000 180.6
1175000 171.8
1180000 185.4
1185000 182.5
1190000 181.1
1195000 186.3
1200000 167.7
1205000 0.0
1210000 0.0
1215000 0.6
1220000 38.3
1225000 38.4
1230000 31.8
1235000 77.9
1240000 95.5
1245000 70.4
1250000 93.6
1255000 116.4
1260000 97.6
1265000 129.6
1270000 167.8
1275000 143.9
1280000 163.9
1285000 163.4
1290000 177.5
1295000 176.5
1300000 142.8
1305000 172.4
1310000 167.4
1315000 162.3
1320000 147.4
1325000 184.2
1330000 168.0
1335000 182.8
1340000 180.7
1345000 186.0
1350000 181.1
1355000 185.0
1360000 163.8
1365000 170.6
1370000 184.4
1375000 182.4
1380000 183.9
1385000 186.5
1390000 192.1
1395000 186.0
1400000 191.5
1405000 0.4
1410000 0.1
1415000 2.1
1420000 12.9
1425000 22.5
1430000 24.0
1435000 66.9
1440000 63.6
1445000 19.9
1450000 65.0
1455000 117.0
1460000 157.2
1465000 167.9
1470000 164.0
1475000 148.3
1480000 173.7
1485000 167.9
1490000 181.2
1495000 186.5
1500000 147.4
1505000 166.8
1510000 185.3
1515000 186.2
1520000 190.8
1525000 192.5
1530000 193.1
1535000 187.4
1540000 191.8
1545000 175.1
1550000 192.4
1555000 175.8
1560000 197.2
1565000 196.2
1570000 198.1
1575000 193.5
1580000 195.4
1585000 179.8
1590000 203.2
1595000 207.4
1600000 179.6
1605000 0.2
1610000 0.2
1615000 2.5
1620000 10.8
1625000 19.5
1630000 7.6
1635000 107.4
1640000 65.0
1645000 177.7
1650000 147.5
1655000 159.4
1660000 135.0
1665000 162.8
1670000 186.4
1675000 149.3
1680000 174.4
1685000 184.9
1690000 192.8
1695000 173.4
1700000 194.8
1705000 194.0
1710000 204.7
1715000 199.0
1720000 183.8
1725000 207.1
1730000 183.1
1735000 202.0
1740000 190.9
1745000 205.3
1750000 211.3
1755000 184.4
1760000 207.0
1765000 213.5
1770000 214.9
1775000 218.4
1780000 198.2
1785000 218.1
1790000 218.9
1795000 221.1
1800000 221.8
1805000 0.0
1810000 0.7
1815000 8.7
1820000 1.7
1825000 14.2
1830000 50.8
1835000 44.7
1840000 121.0
1845000 127.4
1850000 151.9
1855000 147.0
1860000 133.0
1865000 164.2
1870000 160.7
1875000 188.4
1880000 198.9
1885000 198.4
1890000 166.7
1895000 210.3
1900000 187.3
1905000 208.2
1910000 208.8
1915000 211.9
1920000 210.9
1925000 221.9
1930000 211.3
1935000 227.6
1940000 217.1
1945000 216.3
1950000 222.0
1955000 227.8
1960000 225.9
1965000 220.6
1970000 223.1
1975000 223.8
1980000 231.2
1985000 227.8
1990000 228.7
1995000 230.0
2000000 233.3
