5000 0.0
10000 0.0
15000 0.0
20000 0.0
25000 0.1
30000 0.0
35000 0.0
40000 0.0
45000 0.1
50000 0.0
55000 0.0
60000 0.0
65000 0.0
70000 0.0
75000 0.0
80000 0.0
85000 0.0
90000 0.0
95000 0.0
100000 0.0
105000 0.0
110000 0.0
115000 1.9
120000 1.0
125000 4.9
130000 0.6
135000 2.2
140000 3.0
145000 8.2
150000 8.9
155000 19.8
160000 3.0
165000 20.1
170000 19.5
175000 13.5
180000 24.2
185000 48.5
190000 43.9
195000 47.2
200000 51.6
205000 0.0
210000 0.0
215000 0.0
220000 0.9
225000 2.7
230000 35.1
235000 20.5
240000 26.5
245000 30.8
250000 52.8
255000 66.1
260000 40.5
265000 79.6
270000 84.1
275000 79.0
280000 86.2
285000 56.8
290000 110.4
295000 92.4
300000 107.4
305000 121.4
310000 103.4
315000 120.0
320000 103.1
325000 116.7
330000 129.8
335000 101.4
340000 105.1
345000 129.3
350000 127.8
355000 128.5
360000 129.2
365000 119.4
370000 115.4
375000 135.4
380000 119.2
385000 130.4
390000 130.8
395000 130.6
400000 136.8
405000 0.0
410000 0.0
415000 0.9
420000 2.1
425000 14.9
430000 21.0
435000 78.4
440000 92.2
445000 96.8
450000 52.4
455000 100.9
460000 107.8
465000 98.2
470000 104.5
475000 124.0
480000 103.2
485000 114.5
490000 118.0
495000 129.8
500000 132.7
505000 134.1
510000 130.6
515000 117.5
520000 118.4
525000 138.2
530000 138.8
535000 108.4
540000 134.5
545000 133.3
550000 139.1
555000 123.3
560000 136.1
565000 137.9
570000 143.1
575000 141.5
580000 141.8
585000 139.2
590000 146.2
595000 129.2
600000 143.2
605000 0.0
610000 0.0
615000 0.1
620000 2.2
625000 8.5
630000 24.4
635000 36.7
640000 96.7
645000 122.4
650000 91.4
655000 114.5
660000 111.8
665000 93.8
670000 124.5
675000 117.4
680000 103.8
685000 126.4
690000 122.9
695000 140.4
700000 107.1
705000 144.4
710000 142.8
715000 128.2
720000 145.4
725000 136.0
730000 135.3
735000 143.5
740000 138.1
745000 143.5
750000 140.0
755000 114.7
760000 133.6
765000 145.2
770000 152.6
775000 134.9
780000 152.2
785000 155.4
790000 156.8
795000 151.9
800000 139.6
805000 0.0
810000 0.0
815000 3.3
820000 27.3
825000 13.1
830000 22.6
835000 77.5
840000 59.1
845000 95.6
850000 119.7
855000 95.3
860000 120.0
865000 110.2
870000 119.6
875000 106.7
880000 137.8
885000 131.2
890000 141.7
895000 140.8
900000 99.5
905000 132.9
910000 150.2
915000 136.7
920000 144.6
925000 156.3
930000 148.9
935000 139.5
940000 156.5
945000 148.9
950000 156.8
955000 146.4
960000 157.0
965000 144.2
970000 151.4
975000 161.3
980000 160.1
985000 156.3
990000 162.2
995000 158.7
1000000 155.4
1005000 0.0
1010000 0.9
1015000 0.9
1020000 5.0
1025000 18.9
1030000 48.8
1035000 50.4
1040000 102.1
1045000 128.5
1050000 109.4
1055000 115.8
1060000 106.8
1065000 127.1
1070000 140.9
1075000 153.0
1080000 147.8
1085000 156.8
1090000 160.1
1095000 159.1
1100000 139.9
1105000 157.0
1110000 161.6
1115000 157.0
1120000 142.1
1125000 153.5
1130000 139.0
1135000 162.2
1140000 160.3
1145000 161.9
1150000 144.4
1155000 161.0
1160000 159.4
1165000 164.9
1170000 160.9
1175000 163.1
1180000 168.5
1185000 150.4
1190000 167.6
1195000 153.2
1200000 166.3
1205000 0.1
1210000 0.0
1215000 2.5
1220000 0.0
1225000 3.8
1230000 54.5
1235000 82.5
1240000 80.7
1245000 111.4
1250000 148.2
1255000 153.7
1260000 113.4
1265000 152.1
1270000 138.9
1275000 144.4
1280000 164.6
1285000 114.0
1290000 147.1
1295000 137.9
1300000 158.3
1305000 135.2
1310000 157.3
1315000 167.6
1320000 162.1
1325000 158.5
1330000 167.3
1335000 169.0
1340000 167.5
1345000 136.4
1350000 148.0
1355000 158.8
1360000 167.5
1365000 172.2
1370000 170.2
1375000 171.7
1380000 169.6
1385000 172.6
1390000 166.1
1395000 166.9
1400000 173.0
1405000 0.1
1410000 0.0
1415000 0.5
1420000 2.7
1425000 40.3
1430000 60.5
1435000 122.5
1440000 119.3
1445000 92.0
1450000 132.9
1455000 156.7
1460000 152.9
1465000 157.8
1470000 154.5
1475000 157.0
1480000 163.0
1485000 142.5
1490000 155.1
1495000 146.5
1500000 163.8
1505000 166.1
1510000 161.7
1515000 168.3
1520000 150.7
1525000 166.8
1530000 170.9
1535000 146.8
1540000 164.3
1545000 168.6
1550000 172.8
1555000 170.0
1560000 162.2
1565000 152.7
1570000 170.6
1575000 170.9
1580000 169.8
1585000 173.6
1590000 165.9
1595000 174.4
1600000 167.1
1605000 0.0
1610000 0.0
1615000 2.8
1620000 2.7
1625000 20.0
1630000 50.3
1635000 63.4
1640000 101.8
1645000 122.2
1650000 129.6
1655000 117.0
1660000 156.9
1665000 161.0
1670000 161.5
1675000 152.7
1680000 155.4
1685000 151.5
1690000 143.2
1695000 152.1
1700000 150.6
1705000 148.0
1710000 163.8
1715000 165.7
1720000 167.8
1725000 166.3
1730000 167.9
1735000 168.6
1740000 166.5
1745000 171.4
1750000 169.0
1755000 173.6
1760000 174.0
1765000 171.3
1770000 175.5
1775000 176.6
1780000 170.0
1785000 178.3
1790000 173.7
1795000 174.9
1800000 173.2
1805000 0.0
1810000 0.0
1815000 0.0
1820000 8.5
1825000 6.6
1830000 123.3
1835000 125.0
1840000 116.7
1845000 113.0
1850000 159.8
1855000 151.3
1860000 139.9
1865000 163.3
1870000 153.1
1875000 157.9
1880000 164.0
1885000 161.5
1890000 160.9
1895000 148.6
1900000 161.6
1905000 171.3
1910000 150.3
1915000 161.0
1920000 166.4
1925000 171.2
1930000 152.6
1935000 172.9
1940000 174.9
1945000 175.9
1950000 175.8
1955000 141.4
1960000 176.3
1965000 169.0
1970000 176.5
1975000 158.2
1980000 177.9
1985000 158.7
1990000 178.0
1995000 177.7
2000000 175.4
