5000 0.0
10000 0.0
15000 0.0
20000 0.0
25000 0.1
30000 0.0
35000 0.0
40000 0.9
45000 0.0
50000 0.1
55000 0.0
60000 0.0
65000 1.0
70000 0.0
75000 0.0
80000 0.0
85000 0.0
90000 0.0
95000 0.2
100000 0.0
105000 0.0
110000 0.0
115000 0.0
120000 0.0
125000 0.0
130000 0.0
135000 0.4
140000 0.0
145000 0.0
150000 0.8
155000 0.1
160000 0.9
165000 0.0
170000 0.6
175000 0.0
180000 0.7
185000 0.3
190000 0.0
195000 0.5
200000 0.1
205000 0.0
210000 0.0
215000 0.0
220000 0.0
225000 1.2
230000 0.0
235000 0.0
240000 1.5
245000 0.0
250000 7.4
255000 2.1
260000 1.6
265000 3.0
270000 0.1
275000 5.6
280000 4.0
285000 20.4
290000 13.1
295000 32.2
300000 17.8
305000 33.4
310000 22.7
315000 27.0
320000 30.6
325000 54.8
330000 14.5
335000 1.3
340000 1.1
345000 4.9
350000 36.9
355000 33.1
360000 34.0
365000 58.4
370000 43.0
375000 57.8
380000 46.0
385000 34.4
390000 73.8
395000 40.6
400000 60.6
405000 0.0
410000 0.0
415000 0.4
420000 0.0
425000 16.5
430000 1.1
435000 19.2
440000 29.2
445000 30.1
450000 62.2
455000 33.7
460000 35.5
465000 65.9
470000 72.2
475000 63.8
480000 52.0
485000 78.5
490000 35.4
495000 80.7
500000 56.5
505000 9.2
510000 38.5
515000 44.3
520000 71.3
525000 40.5
530000 40.6
535000 20.1
540000 41.3
545000 30.1
550000 90.9
555000 77.5
560000 45.2
565000 41.2
570000 72.9
575000 46.2
580000 44.4
585000 27.4
590000 75.0
595000 9.6
600000 62.9
605000 0.0
610000 0.8
615000 0.2
620000 6.4
625000 0.2
630000 6.9
635000 30.7
640000 49.8
645000 33.2
650000 24.5
655000 80.8
660000 78.3
665000 99.6
670000 43.2
675000 62.9
680000 73.0
685000 46.1
690000 45.3
695000 74.1
700000 43.7
705000 31.9
710000 62.9
715000 64.4
720000 90.0
725000 105.0
730000 64.4
735000 78.3
740000 81.5
745000 62.0
750000 80.8
755000 79.4
760000 81.0
765000 79.1
770000 58.5
775000 99.4
780000 79.0
785000 76.2
790000 45.6
795000 67.5
800000 76.2
805000 0.0
810000 1.0
815000 1.9
820000 3.1
825000 0.0
830000 0.2
835000 37.6
840000 54.7
845000 63.3
850000 22.4
855000 53.7
860000 57.8
865000 74.0
870000 65.4
875000 15.7
880000 53.6
885000 74.7
890000 45.7
895000 96.8
900000 47.3
905000 79.0
910000 80.0
915000 31.8
920000 66.3
925000 48.9
930000 62.1
935000 81.9
940000 114.8
945000 50.3
950000 84.0
955000 83.9
960000 49.8
965000 83.5
970000 122.8
975000 32.9
980000 116.1
985000 67.9
990000 83.8
995000 48.2
1000000 67.8
1005000 0.0
1010000 0.8
1015000 0.0
1020000 5.9
1025000 1.2
1030000 0.3
1035000 81.0
1040000 77.1
1045000 24.6
1050000 54.7
1055000 60.7
1060000 70.7
1065000 44.4
1070000 49.1
1075000 113.5
1080000 79.4
1085000 64.3
1090000 47.1
1095000 99.9
1100000 64.7
1105000 116.2
1110000 33.6
1115000 63.5
1120000 82.8
1125000 51.0
1130000 69.7
1135000 102.4
1140000 98.5
1145000 69.9
1150000 101.4
1155000 79.6
1160000 84.5
1165000 77.7
1170000 50.7
1175000 55.5
1180000 119.0
1185000 87.9
1190000 72.0
1195000 69.0
1200000 73.4
1205000 0.0
1210000 0.0
1215000 1.5
1220000 1.6
1225000 2.8
1230000 1.2
1235000 26.3
1240000 64.7
1245000 57.2
1250000 63.3
1255000 53.3
1260000 82.1
1265000 117.0
1270000 67.4
1275000 32.6
1280000 67.5
1285000 102.3
1290000 84.8
1295000 124.5
1300000 68.5
1305000 87.5
1310000 32.4
1315000 69.2
1320000 89.1
1325000 50.9
1330000 49.3
1335000 33.7
1340000 71.4
1345000 85.4
1350000 60.1
1355000 119.7
1360000 66.5
1365000 124.8
1370000 68.5
1375000 87.3
1380000 71.1
1385000 71.9
1390000 36.4
1395000 66.1
1400000 70.6
1405000 0.0
1410000 0.0
1415000 1.9
1420000 0.0
1425000 18.4
1430000 0.7
1435000 0.0
1440000 10.5
1445000 40.5
1450000 37.9
1455000 38.9
1460000 61.8
1465000 48.4
1470000 33.6
1475000 46.4
1480000 84.5
1485000 56.7
1490000 17.6
1495000 101.3
1500000 88.2
1505000 53.0
1510000 33.6
1515000 53.5
1520000 52.4
1525000 72.5
1530000 85.9
1535000 55.2
1540000 74.3
1545000 36.9
1550000 51.0
1555000 47.8
1560000 63.8
1565000 36.0
1570000 92.0
1575000 90.3
1580000 112.4
1585000 73.1
1590000 91.4
1595000 32.3
1600000 97.4
1605000 0.0
1610000 0.0
1615000 0.2
1620000 1.3
1625000 5.5
1630000 2.0
1635000 28.2
1640000 55.8
1645000 28.6
1650000 78.0
1655000 46.8
1660000 31.7
1665000 82.6
1670000 49.1
1675000 34.2
1680000 67.2
1685000 86.0
1690000 40.8
1695000 93.5
1700000 82.3
1705000 75.1
1710000 17.9
1715000 86.9
1720000 93.7
1725000 97.2
1730000 59.0
1735000 59.5
1740000 130.6
1745000 44.7
1750000 145.5
1755000 61.6
1760000 106.8
1765000 64.0
1770000 64.4
1775000 72.7
1780000 163.6
1785000 65.2
1790000 107.2
1795000 101.2
1800000 65.3
1805000 0.5
1810000 1.2
1815000 1.5
1820000 1.6
1825000 39.7
1830000 0.0
1835000 24.1
1840000 23.2
1845000 23.5
1850000 21.3
1855000 9.1
1860000 59.3
1865000 60.7
1870000 63.7
1875000 95.4
1880000 96.1
1885000 140.7
1890000 147.7
1895000 46.2
1900000 72.7
1905000 79.7
1910000 93.0
1915000 99.1
1920000 99.6
1925000 98.1
1930000 126.5
1935000 52.2
1940000 102.3
1945000 175.0
1950000 100.7
1955000 185.6
1960000 158.9
1965000 109.0
1970000 128.9
1975000 156.7
1980000 102.6
1985000 55.9
1990000 137.5
1995000 81.4
2000000 110.8
