5000 0.0
10000 0.3
15000 0.0
20000 0.1
25000 0.0
30000 0.3
35000 0.0
40000 0.0
45000 0.0
50000 0.0
55000 0.0
60000 0.0
65000 0.0
70000 0.0
75000 0.0
80000 0.0
85000 0.0
90000 0.8
95000 0.0
100000 0.0
105000 0.0
110000 0.0
115000 0.1
120000 0.2
125000 0.0
130000 0.0
135000 1.0
140000 0.1
145000 0.1
150000 0.0
155000 0.0
160000 0.8
165000 0.0
170000 0.4
175000 0.0
180000 0.0
185000 1.1
190000 0.3
195000 1.6
200000 0.5
205000 0.1
210000 0.0
215000 0.0
220000 0.1
225000 0.0
230000 0.0
235000 0.0
240000 3.4
245000 5.8
250000 24.7
255000 17.9
260000 14.3
265000 13.8
270000 40.6
275000 34.5
280000 17.1
285000 18.3
290000 45.3
295000 48.5
300000 28.1
305000 36.3
310000 27.4
315000 44.7
320000 29.4
325000 29.4
330000 78.0
335000 30.4
340000 49.7
345000 39.2
350000 57.5
355000 41.3
360000 59.5
365000 48.7
370000 19.9
375000 61.8
380000 39.5
385000 75.0
390000 31.4
395000 42.4
400000 50.3
405000 0.0
410000 0.0
415000 0.0
420000 0.0
425000 0.5
430000 4.2
435000 5.4
440000 22.5
445000 38.3
450000 51.4
455000 17.6
460000 9.9
465000 50.2
470000 64.2
475000 30.4
480000 60.7
485000 70.1
490000 29.4
495000 72.9
500000 39.8
505000 64.1
510000 31.5
515000 41.8
520000 62.8
525000 50.7
530000 61.9
535000 60.6
540000 62.7
545000 40.0
550000 73.0
555000 51.8
560000 51.7
565000 31.1
570000 86.2
575000 21.0
580000 50.7
585000 11.1
590000 43.0
595000 84.5
600000 64.2
605000 0.0
610000 0.0
615000 0.0
620000 0.0
625000 9.2
630000 47.0
635000 53.6
640000 19.3
645000 40.9
650000 19.9
655000 42.0
660000 41.9
665000 40.0
670000 30.3
675000 41.3
680000 60.8
685000 50.6
690000 52.6
695000 58.4
700000 32.1
705000 31.8
710000 40.5
715000 43.0
720000 44.0
725000 42.2
730000 30.4
735000 31.0
740000 74.1
745000 42.2
750000 44.7
755000 31.6
760000 55.1
765000 41.2
770000 52.2
775000 54.6
780000 55.0
785000 63.8
790000 66.8
795000 67.2
800000 56.7
805000 0.0
810000 0.0
815000 0.0
820000 0.0
825000 11.5
830000 19.2
835000 23.8
840000 60.3
845000 0.1
850000 41.5
855000 71.4
860000 52.1
865000 20.3
870000 42.6
875000 21.3
880000 52.0
885000 54.2
890000 42.0
895000 31.8
900000 54.3
905000 65.0
910000 40.8
915000 43.8
920000 56.6
925000 52.6
930000 61.4
935000 55.1
940000 33.2
945000 21.7
950000 22.2
955000 55.6
960000 68.3
965000 54.8
970000 35.2
975000 79.5
980000 69.3
985000 33.0
990000 33.2
995000 55.1
1000000 35.1
1005000 0.0
1010000 0.0
1015000 0.0
1020000 0.9
1025000 3.5
1030000 13.8
1035000 48.9
1040000 31.1
1045000 70.2
1050000 52.3
1055000 41.1
1060000 34.9
1065000 42.1
1070000 61.1
1075000 42.9
1080000 54.6
1085000 46.4
1090000 90.2
1095000 53.4
1100000 32.9
1105000 41.0
1110000 33.1
1115000 52.2
1120000 21.4
1125000 43.2
1130000 86.9
1135000 22.5
1140000 56.1
1145000 56.2
1150000 63.7
1155000 88.5
1160000 65.0
1165000 21.6
1170000 57.8
1175000 35.1
1180000 55.4
1185000 57.0
1190000 80.5
1195000 33.5
1200000 67.5
1205000 0.0
1210000 0.0
1215000 0.0
1220000 0.4
1225000 8.8
1230000 10.3
1235000 30.0
1240000 40.3
1245000 25.1
1250000 40.5
1255000 33.8
1260000 53.2
1265000 42.0
1270000 30.6
1275000 43.9
1280000 50.9
1285000 64.2
1290000 33.9
1295000 62.0
1300000 21.6
1305000 35.7
1310000 43.3
1315000 45.9
1320000 47.6
1325000 56.5
1330000 34.4
1335000 58.5
1340000 47.3
1345000 60.4
1350000 73.0
1355000 71.1
1360000 57.4
1365000 49.5
1370000 48.3
1375000 46.5
1380000 0.0
1385000 36.0
1390000 63.1
1395000 97.9
1400000 72.7
1405000 0.0
1410000 0.0
1415000 0.0
1420000 7.2
1425000 19.6
1430000 15.7
1435000 7.8
1440000 19.2
1445000 32.5
1450000 43.9
1455000 72.2
1460000 36.5
1465000 60.1
1470000 70.9
1475000 32.8
1480000 35.3
1485000 33.0
1490000 67.5
1495000 43.3
1500000 70.9
1505000 56.0
1510000 62.2
1515000 68.2
1520000 47.4
1525000 50.4
1530000 86.2
1535000 47.6
1540000 49.3
1545000 60.3
1550000 69.3
1555000 47.5
1560000 51.3
1565000 38.1
1570000 83.8
1575000 24.4
1580000 75.8
1585000 12.8
1590000 89.9
1595000 76.1
1600000 64.0
1605000 0.0
1610000 0.0
1615000 0.0
1620000 14.8
1625000 2.2
1630000 24.1
1635000 20.8
1640000 48.2
1645000 34.2
1650000 45.1
1655000 47.9
1660000 60.3
1665000 48.2
1670000 83.0
1675000 36.6
1680000 38.1
1685000 61.1
1690000 38.4
1695000 74.9
1700000 63.5
1705000 60.0
1710000 25.6
1715000 60.5
1720000 85.7
1725000 90.3
1730000 75.2
1735000 92.2
1740000 37.0
1745000 39.6
1750000 53.9
1755000 63.1
1760000 53.1
1765000 39.3
1770000 54.0
1775000 38.6
1780000 78.9
1785000 80.4
1790000 39.4
1795000 53.6
1800000 78.0
1805000 0.0
1810000 0.0
1815000 0.5
1820000 7.0
1825000 21.9
1830000 50.2
1835000 21.2
1840000 19.3
1845000 56.5
1850000 24.0
1855000 37.6
1860000 36.9
1865000 36.9
1870000 49.5
1875000 46.5
1880000 60.3
1885000 59.3
1890000 50.0
1895000 37.3
1900000 52.1
1905000 87.0
1910000 36.8
1915000 116.0
1920000 37.2
1925000 40.6
1930000 27.0
1935000 50.6
1940000 77.8
1945000 38.9
1950000 39.8
1955000 66.5
1960000 113.1
1965000 54.0
1970000 76.8
1975000 50.7
1980000 26.9
1985000 53.0
1990000 90.9
1995000 113.3
2000000 66.7
