5000 0.0
10000 0.0
15000 0.0
20000 0.0
25000 0.0
30000 0.3
35000 0.0
40000 0.0
45000 0.0
50000 0.0
55000 0.0
60000 0.0
65000 0.0
70000 0.0
75000 0.0
80000 0.0
85000 0.0
90000 0.0
95000 0.0
100000 0.0
105000 0.0
110000 0.0
115000 0.0
120000 0.0
125000 0.0
130000 0.0
135000 0.0
140000 0.0
145000 0.0
150000 0.0
155000 0.0
160000 0.0
165000 0.0
170000 0.0
175000 0.0
180000 0.0
185000 0.0
190000 0.2
195000 0.0
200000 0.1
205000 0.0
210000 0.0
215000 0.0
220000 0.0
225000 0.0
230000 0.0
235000 0.0
240000 0.0
245000 0.0
250000 0.0
255000 0.0
260000 0.0
265000 0.1
270000 0.3
275000 1.2
280000 0.2
285000 0.1
290000 1.1
295000 0.1
300000 1.8
305000 0.8
310000 0.2
315000 1.5
320000 0.6
325000 0.0
330000 0.0
335000 1.0
340000 6.4
345000 0.0
350000 0.3
355000 29.3
360000 11.5
365000 29.4
370000 2.8
375000 26.0
380000 56.6
385000 31.4
390000 43.5
395000 58.6
400000 1.4
405000 0.0
410000 0.0
415000 0.0
420000 0.4
425000 1.4
430000 1.4
435000 0.2
440000 1.2
445000 21.9
450000 36.8
455000 72.6
460000 31.6
465000 82.2
470000 69.3
475000 76.9
480000 86.5
485000 94.4
490000 112.6
495000 105.4
500000 116.1
505000 128.1
510000 80.7
515000 114.5
520000 111.9
525000 132.6
530000 129.8
535000 121.5
540000 141.5
545000 131.9
550000 128.3
555000 142.4
560000 127.9
565000 131.5
570000 160.8
575000 186.6
580000 170.8
585000 139.8
590000 157.7
595000 176.6
600000 171.3
605000 0.1
610000 0.0
615000 0.0
620000 0.0
625000 1.8
630000 6.7
635000 7.1
640000 120.1
645000 107.2
650000 81.2
655000 152.4
660000 111.7
665000 132.6
670000 153.8
675000 117.5
680000 139.1
685000 133.9
690000 176.5
695000 176.0
700000 184.3
705000 157.0
710000 170.4
715000 180.7
720000 189.5
725000 183.7
730000 185.8
735000 165.2
740000 176.6
745000 193.3
750000 174.3
755000 199.0
760000 194.1
765000 188.3
770000 199.6
775000 196.4
780000 205.5
785000 206.1
790000 205.2
795000 208.7
800000 204.0
805000 0.0
810000 0.0
815000 0.3
820000 1.3
825000 4.9
830000 82.5
835000 75.6
840000 135.1
845000 183.4
850000 120.9
855000 180.1
860000 170.9
865000 175.8
870000 184.4
875000 146.0
880000 187.4
885000 174.3
890000 167.8
895000 177.5
900000 189.0
905000 192.7
910000 198.9
915000 198.2
920000 177.3
925000 197.6
930000 181.2
935000 180.6
940000 197.6
945000 180.4
950000 204.9
955000 207.3
960000 185.0
965000 206.9
970000 206.8
975000 200.9
980000 206.0
985000 207.4
990000 203.0
995000 203.2
1000000 207.3
1005000 0.0
1010000 0.0
1015000 0.4
1020000 0.1
1025000 66.2
1030000 57.1
1035000 85.4
1040000 139.8
1045000 154.4
1050000 174.5
1055000 174.4
1060000 175.7
1065000 168.1
1070000 132.9
1075000 137.4
1080000 183.1
1085000 177.2
1090000 195.2
1095000 203.4
1100000 204.5
1105000 181.6
1110000 206.9
1115000 204.3
1120000 211.8
1125000 194.3
1130000 207.1
1135000 203.6
1140000 212.4
1145000 207.9
1150000 183.2
1155000 187.6
1160000 189.9
1165000 207.8
1170000 210.2
1175000 210.6
1180000 209.6
1185000 191.4
1190000 186.1
1195000 214.5
1200000 190.0
1205000 0.4
1210000 0.3
1215000 1.3
1220000 0.0
1225000 13.6
1230000 67.4
1235000 61.2
1240000 125.2
1245000 143.3
1250000 152.0
1255000 152.6
1260000 170.8
1265000 134.3
1270000 166.4
1275000 160.5
1280000 195.8
1285000 206.0
1290000 203.7
1295000 202.7
1300000 160.3
1305000 203.9
1310000 203.6
1315000 203.9
1320000 165.9
1325000 198.3
1330000 183.7
1335000 210.1
1340000 209.1
1345000 193.7
1350000 209.5
1355000 205.4
1360000 216.6
1365000 187.9
1370000 214.8
1375000 213.8
1380000 209.4
1385000 211.0
1390000 213.2
1395000 210.5
1400000 195.5
1405000 0.1
1410000 0.0
1415000 0.4
1420000 0.2
1425000 3.1
1430000 39.7
1435000 96.8
1440000 99.7
1445000 177.3
1450000 157.5
1455000 171.8
1460000 159.4
1465000 178.5
1470000 200.7
1475000 188.2
1480000 185.9
1485000 163.1
1490000 201.7
1495000 183.2
1500000 207.1
1505000 192.3
1510000 185.7
1515000 207.7
1520000 211.2
1525000 191.6
1530000 209.9
1535000 211.4
1540000 210.4
1545000 216.3
1550000 210.8
1555000 194.4
1560000 216.3
1565000 214.9
1570000 222.2
1575000 220.4
1580000 216.1
1585000 222.0
1590000 199.4
1595000 217.5
1600000 221.5
1605000 1.3
1610000 1.0
1615000 0.9
1620000 0.0
1625000 4.3
1630000 0.7
1635000 2.7
1640000 57.9
1645000 91.4
1650000 113.0
1655000 175.4
1660000 197.8
1665000 200.9
1670000 181.2
1675000 179.4
1680000 197.9
1685000 183.1
1690000 204.8
1695000 189.6
1700000 186.9
1705000 213.6
1710000 210.5
1715000 208.7
1720000 208.6
1725000 214.3
1730000 216.7
1735000 211.5
1740000 216.5
1745000 213.0
1750000 219.8
1755000 217.1
1760000 209.9
1765000 217.5
1770000 215.3
1775000 212.4
1780000 216.0
1785000 198.8
1790000 194.8
1795000 214.0
1800000 219.1
1805000 0.1
1810000 0.0
1815000 0.6
1820000 0.0
1825000 3.5
1830000 7.1
1835000 57.3
1840000 22.9
1845000 108.8
1850000 120.6
1855000 97.4
1860000 165.1
1865000 201.3
1870000 187.7
1875000 210.6
1880000 214.6
1885000 184.2
1890000 221.0
1895000 223.4
1900000 218.2
1905000 212.4
1910000 175.5
1915000 220.1
1920000 191.5
1925000 219.6
1930000 221.0
1935000 234.9
1940000 178.7
1945000 231.2
1950000 221.5
1955000 206.9
1960000 220.1
1965000 218.7
1970000 213.5
1975000 225.6
1980000 225.5
1985000 232.2
1990000 228.4
1995000 207.5
2000000 236.8
