5000 0.0
10000 0.0
15000 0.0
20000 0.0
25000 0.0
30000 0.0
35000 0.0
40000 0.0
45000 0.0
50000 0.1
55000 0.0
60000 0.0
65000 0.0
70000 1.0
75000 0.0
80000 0.4
85000 0.0
90000 1.0
95000 0.3
100000 0.6
105000 0.0
110000 0.5
115000 0.2
120000 0.4
125000 0.6
130000 0.6
135000 0.4
140000 0.4
145000 0.1
150000 0.8
155000 0.1
160000 0.3
165000 0.5
170000 0.0
175000 2.0
180000 1.6
185000 4.0
190000 20.8
195000 5.5
200000 13.1
205000 0.0
210000 0.0
215000 0.0
220000 0.0
225000 0.7
230000 0.0
235000 0.3
240000 23.3
245000 30.4
250000 10.5
255000 56.6
260000 36.9
265000 30.7
270000 40.2
275000 39.2
280000 43.3
285000 40.3
290000 39.9
295000 55.4
300000 31.0
305000 10.4
310000 44.3
315000 24.1
320000 59.6
325000 10.2
330000 49.0
335000 24.5
340000 51.1
345000 37.8
350000 59.4
355000 32.2
360000 61.0
365000 36.1
370000 74.4
375000 47.0
380000 54.4
385000 47.7
390000 63.2
395000 62.0
400000 64.2
405000 0.2
410000 0.1
415000 0.3
420000 1.6
425000 4.3
430000 0.0
435000 4.1
440000 38.3
445000 0.0
450000 72.7
455000 49.6
460000 23.8
465000 59.6
470000 56.3
475000 52.5
480000 47.5
485000 48.1
490000 24.4
495000 60.6
500000 62.7
505000 38.0
510000 12.3
515000 55.6
520000 39.3
525000 52.4
530000 73.9
535000 62.8
540000 54.5
545000 54.5
550000 42.1
555000 38.0
560000 81.0
565000 40.0
570000 40.0
575000 62.1
580000 65.3
585000 68.8
590000 39.5
595000 66.6
600000 84.1
605000 0.0
610000 0.0
615000 0.9
620000 4.0
625000 1.5
630000 1.3
635000 1.6
640000 11.0
645000 1.0
650000 17.7
655000 58.2
660000 25.7
665000 41.3
670000 75.2
675000 61.0
680000 37.1
685000 25.8
690000 23.4
695000 64.0
700000 38.2
705000 42.6
710000 66.2
715000 38.7
720000 49.8
725000 81.0
730000 66.5
735000 64.5
740000 40.9
745000 54.3
750000 54.1
755000 65.3
760000 67.4
765000 53.5
770000 95.1
775000 68.3
780000 69.8
785000 63.3
790000 71.8
795000 27.6
800000 109.7
805000 0.1
810000 0.0
815000 0.2
820000 1.0
825000 1.6
830000 0.3
835000 0.9
840000 18.0
845000 62.4
850000 44.7
855000 50.1
860000 25.8
865000 51.5
870000 71.4
875000 52.6
880000 41.7
885000 51.7
890000 40.6
895000 25.5
900000 57.1
905000 56.0
910000 51.1
915000 66.9
920000 92.1
925000 99.6
930000 27.0
935000 51.4
940000 29.6
945000 65.9
950000 97.4
955000 94.8
960000 55.8
965000 56.1
970000 70.8
975000 96.3
980000 55.3
985000 55.1
990000 84.4
995000 57.3
1000000 53.6
1005000 0.0
1010000 0.3
1015000 1.7
1020000 2.6
1025000 0.0
1030000 0.0
1035000 1.8
1040000 0.3
1045000 37.4
1050000 26.9
1055000 42.5
1060000 90.0
1065000 52.0
1070000 74.1
1075000 50.6
1080000 38.2
1085000 27.6
1090000 95.0
1095000 65.5
1100000 68.2
1105000 94.8
1110000 65.0
1115000 96.5
1120000 74.3
1125000 27.9
1130000 28.0
1135000 130.8
1140000 137.5
1145000 97.0
1150000 128.0
1155000 42.8
1160000 130.8
1165000 139.3
1170000 141.8
1175000 133.8
1180000 135.0
1185000 138.0
1190000 92.5
1195000 123.8
1200000 123.6
1205000 1.0
1210000 0.0
1215000 0.0
1220000 7.1
1225000 0.3
1230000 1.1
1235000 0.7
1240000 49.1
1245000 2.2
1250000 40.1
1255000 108.2
1260000 84.1
1265000 119.4
1270000 131.9
1275000 125.2
1280000 118.3
1285000 136.5
1290000 121.8
1295000 106.4
1300000 138.6
1305000 139.7
1310000 139.1
1315000 130.8
1320000 135.3
1325000 123.7
1330000 137.9
1335000 133.8
1340000 139.5
1345000 137.4
1350000 134.0
1355000 141.9
1360000 144.3
1365000 143.7
1370000 144.5
1375000 141.8
1380000 141.6
1385000 143.0
1390000 146.2
1395000 145.7
1400000 146.9
1405000 0.2
1410000 0.1
1415000 0.4
1420000 21.6
1425000 0.0
1430000 2.8
1435000 38.3
1440000 63.7
1445000 68.6
1450000 100.5
1455000 96.8
1460000 129.8
1465000 102.8
1470000 119.0
1475000 131.4
1480000 143.1
1485000 132.3
1490000 123.7
1495000 124.3
1500000 109.2
1505000 135.6
1510000 142.1
1515000 143.3
1520000 146.1
1525000 144.4
1530000 141.5
1535000 150.0
1540000 131.3
1545000 142.6
1550000 147.3
1555000 149.6
1560000 150.9
1565000 149.6
1570000 150.4
1575000 150.2
1580000 142.8
1585000 132.6
1590000 146.3
1595000 147.6
1600000 149.8
1605000 0.3
1610000 0.0
1615000 3.7
1620000 1.1
1625000 0.0
1630000 0.0
1635000 5.8
1640000 65.0
1645000 84.4
1650000 79.9
1655000 113.9
1660000 140.3
1665000 136.4
1670000 141.6
1675000 142.6
1680000 141.6
1685000 150.3
1690000 145.5
1695000 145.1
1700000 148.7
1705000 147.7
1710000 139.1
1715000 147.4
1720000 145.0
1725000 151.0
1730000 151.9
1735000 151.7
1740000 149.4
1745000 149.0
1750000 151.6
1755000 134.5
1760000 148.5
1765000 153.2
1770000 149.9
1775000 155.0
1780000 153.5
1785000 155.8
1790000 152.8
1795000 151.6
1800000 150.8
1805000 0.0
1810000 0.9
1815000 1.1
1820000 3.7
1825000 1.3
1830000 1.4
1835000 65.6
1840000 3.9
1845000 51.6
1850000 108.8
1855000 112.8
1860000 120.3
1865000 138.3
1870000 131.9
1875000 147.7
1880000 132.0
1885000 145.6
1890000 147.9
1895000 144.9
1900000 153.4
1905000 148.8
1910000 153.3
1915000 154.5
1920000 150.4
1925000 152.0
1930000 151.4
1935000 139.1
1940000 136.1
1945000 152.3
1950000 138.0
1955000 136.7
1960000 152.6
1965000 151.4
1970000 152.6
1975000 158.0
1980000 157.7
1985000 152.4
1990000 142.2
1995000 136.5
2000000 156.1
