5000 0.0
10000 0.0
15000 0.0
20000 0.0
25000 1.1
30000 0.5
35000 0.6
40000 0.1
45000 0.8
50000 0.0
55000 0.0
60000 0.0
65000 0.4
70000 0.0
75000 0.0
80000 0.0
85000 0.2
90000 0.0
95000 0.0
100000 0.0
105000 0.0
110000 0.0
115000 0.0
120000 0.0
125000 0.2
130000 0.0
135000 0.4
140000 0.0
145000 0.1
150000 0.4
155000 0.0
160000 0.0
165000 0.1
170000 0.0
175000 0.0
180000 0.0
185000 0.2
190000 0.0
195000 0.0
200000 0.0
205000 0.0
210000 0.9
215000 61.3
220000 30.6
225000 37.7
230000 117.4
235000 169.2
240000 134.6
245000 155.0
250000 163.0
255000 138.8
260000 228.0
265000 167.4
270000 226.0
275000 239.9
280000 204.3
285000 200.7
290000 165.3
295000 225.7
300000 157.8
305000 218.8
310000 206.4
315000 196.7
320000 217.3
325000 218.7
330000 244.8
335000 196.7
340000 203.5
345000 183.7
350000 236.2
355000 237.9
360000 226.3
365000 235.5
370000 228.2
375000 218.6
380000 234.5
385000 232.3
390000 222.4
395000 232.2
400000 209.8
405000 131.7
410000 183.2
415000 228.6
420000 218.1
425000 220.0
430000 218.3
435000 248.2
440000 249.8
445000 246.5
450000 211.4
455000 248.7
460000 226.2
465000 233.4
470000 251.7
475000 273.3
480000 247.7
485000 206.8
490000 252.6
495000 232.6
500000 254.5
505000 253.0
510000 269.4
515000 237.3
520000 261.3
525000 255.0
530000 248.9
535000 256.7
540000 253.4
545000 263.2
550000 255.0
555000 272.8
560000 277.8
565000 269.6
570000 269.2
575000 268.3
580000 262.4
585000 250.2
590000 260.3
595000 278.6
600000 266.5
605000 128.5
610000 229.1
615000 232.0
620000 255.7
625000 241.4
630000 259.1
635000 265.1
640000 270.7
645000 256.4
650000 266.3
655000 282.8
660000 276.5
665000 272.2
670000 277.2
675000 284.9
680000 281.4
685000 286.0
690000 285.8
695000 291.1
700000 275.3
705000 280.5
710000 292.5
715000 275.6
720000 281.2
725000 283.0
730000 293.3
735000 284.6
740000 290.5
745000 290.1
750000 288.0
755000 286.5
760000 260.9
765000 285.1
770000 290.9
775000 265.3
780000 300.1
785000 293.3
790000 295.6
795000 295.0
800000 293.1
805000 109.3
810000 234.2
815000 235.6
820000 274.2
825000 274.6
830000 283.4
835000 282.6
840000 284.2
845000 300.8
850000 293.3
855000 298.3
860000 279.8
865000 285.0
870000 300.7
875000 294.5
880000 295.1
885000 296.9
890000 300.3
895000 291.2
900000 300.0
905000 307.6
910000 264.4
915000 299.7
920000 306.2
925000 300.8
930000 305.6
935000 271.4
940000 304.3
945000 301.5
950000 273.0
955000 313.5
960000 271.1
965000 309.6
970000 305.8
975000 308.4
980000 309.2
985000 302.9
990000 305.7
995000 305.7
1000000 304.4
1005000 198.4
1010000 236.0
1015000 244.9
1020000 287.5
1025000 290.2
1030000 303.5
1035000 293.7
1040000 286.1
1045000 300.7
1050000 301.2
1055000 303.7
1060000 302.2
1065000 304.7
1070000 271.1
1075000 305.3
1080000 285.1
1085000 277.7
1090000 304.1
1095000 310.6
1100000 316.4
1105000 269.9
1110000 317.4
1115000 270.9
1120000 309.9
1125000 310.0
1130000 318.8
1135000 321.0
1140000 316.8
1145000 315.1
1150000 327.5
1155000 306.8
1160000 324.0
1165000 285.9
1170000 325.5
1175000 282.7
1180000 301.2
1185000 323.2
1190000 323.4
1195000 256.8
1200000 324.1
1205000 105.2
1210000 206.1
1215000 240.6
1220000 278.9
1225000 285.6
1230000 306.4
1235000 317.3
1240000 320.6
1245000 307.4
1250000 290.4
1255000 284.3
1260000 316.2
1265000 322.3
1270000 317.9
1275000 307.7
1280000 319.9
1285000 320.9
1290000 326.6
1295000 323.7
1300000 253.4
1305000 315.0
1310000 289.9
1315000 324.0
1320000 289.1
1325000 324.0
1330000 324.5
1335000 323.0
1340000 324.3
1345000 282.2
1350000 313.7
1355000 321.8
1360000 337.5
1365000 323.1
1370000 321.0
1375000 301.6
1380000 325.0
1385000 333.2
1390000 322.2
1395000 329.7
1400000 302.4
1405000 0.0
1410000 33.7
1415000 158.1
1420000 274.7
1425000 303.2
1430000 313.9
1435000 323.7
1440000 307.2
1445000 303.8
1450000 316.8
1455000 310.3
1460000 325.5
1465000 322.1
1470000 324.4
1475000 323.2
1480000 319.6
1485000 300.0
1490000 323.1
1495000 328.1
1500000 317.9
1505000 321.8
1510000 325.2
1515000 328.3
1520000 331.6
1525000 328.9
1530000 299.1
1535000 327.8
1540000 329.1
1545000 330.6
1550000 332.4
1555000 326.4
1560000 333.4
1565000 339.7
1570000 330.5
1575000 336.6
1580000 340.1
1585000 335.8
1590000 310.0
1595000 338.5
1600000 328.2
1605000 0.8
1610000 21.4
1615000 220.2
1620000 257.4
1625000 307.3
1630000 324.2
1635000 311.4
1640000 321.9
1645000 324.7
1650000 322.6
1655000 323.3
1660000 329.5
1665000 333.8
1670000 327.6
1675000 329.2
1680000 332.3
1685000 330.2
1690000 329.6
1695000 333.5
1700000 333.9
1705000 331.9
1710000 338.0
1715000 327.0
1720000 266.4
1725000 334.6
1730000 334.6
1735000 328.9
1740000 280.6
1745000 334.4
1750000 335.7
1755000 331.5
1760000 302.8
1765000 339.8
1770000 337.8
1775000 337.4
1780000 337.2
1785000 337.9
1790000 334.2
1795000 336.8
1800000 342.6
1805000 5.4
1810000 99.1
1815000 177.2
1820000 193.6
1825000 238.1
1830000 295.9
1835000 312.4
1840000 315.9
1845000 317.8
1850000 331.3
1855000 292.4
1860000 321.5
1865000 308.3
1870000 335.8
1875000 294.8
1880000 330.3
1885000 324.2
1890000 333.9
1895000 335.7
1900000 333.1
1905000 336.8
1910000 340.1
1915000 333.3
1920000 326.0
1925000 339.4
1930000 335.9
1935000 332.4
1940000 332.9
1945000 335.3
1950000 314.2
1955000 334.4
1960000 331.6
1965000 307.7
1970000 308.9
1975000 340.0
1980000 341.0
1985000 336.6
1990000 331.5
1995000 350.3
2000000 334.1
