5000 0.0
10000 0.0
15000 0.0
20000 0.2
25000 0.0
30000 0.0
35000 25.8
40000 69.0
45000 124.2
50000 126.7
55000 134.0
60000 193.4
65000 209.2
70000 206.3
75000 196.8
80000 223.6
85000 200.7
90000 210.1
95000 227.4
100000 228.0
105000 228.1
110000 232.0
115000 226.0
120000 237.3
125000 215.9
130000 242.4
135000 239.9
140000 220.3
145000 245.6
150000 215.1
155000 247.4
160000 250.4
165000 256.3
170000 261.0
175000 255.9
180000 11.7
185000 256.3
190000 256.7
195000 229.3
200000 264.7
205000 212.3
210000 248.0
215000 270.0
220000 266.4
225000 270.0
230000 240.9
235000 261.5
240000 270.7
245000 247.5
250000 274.7
255000 280.8
260000 273.7
265000 286.6
270000 291.0
275000 294.1
280000 289.3
285000 282.2
290000 292.9
295000 297.7
300000 299.7
305000 298.1
310000 296.9
315000 295.6
320000 296.1
325000 294.6
330000 297.3
335000 303.8
340000 302.9
345000 302.4
350000 302.8
355000 303.6
360000 309.7
365000 308.7
370000 307.3
375000 310.6
380000 315.2
385000 315.1
390000 309.5
395000 314.1
400000 314.3
405000 199.0
410000 233.4
415000 302.5
420000 309.9
425000 309.6
430000 316.1
435000 315.3
440000 320.2
445000 316.1
450000 312.5
455000 319.7
460000 322.0
465000 313.8
470000 322.7
475000 314.5
480000 317.4
485000 320.3
490000 316.7
495000 319.9
500000 322.6
505000 316.8
510000 282.6
515000 283.5
520000 321.6
525000 318.9
530000 321.6
535000 320.4
540000 320.8
545000 321.2
550000 320.2
555000 319.7
560000 317.6
565000 323.2
570000 321.0
575000 319.0
580000 288.6
585000 321.6
590000 320.9
595000 322.8
600000 313.9
605000 203.8
610000 316.0
615000 322.0
620000 306.4
625000 322.7
630000 288.6
635000 327.0
640000 325.4
645000 317.5
650000 323.4
655000 322.3
660000 326.0
665000 295.0
670000 324.2
675000 322.1
680000 326.9
685000 329.6
690000 330.0
695000 328.3
700000 330.3
705000 321.6
710000 322.1
715000 331.7
720000 328.8
725000 333.8
730000 328.1
735000 290.1
740000 330.8
745000 331.0
750000 331.4
755000 297.7
760000 331.6
765000 297.8
770000 328.3
775000 334.6
780000 334.3
785000 332.1
790000 334.9
795000 334.8
800000 337.1
805000 194.0
810000 319.9
815000 326.8
820000 309.0
825000 287.7
830000 323.2
835000 329.2
840000 323.9
845000 288.3
850000 327.6
855000 325.1
860000 330.2
865000 331.6
870000 326.2
875000 332.2
880000 334.1
885000 330.8
890000 328.0
895000 335.9
900000 331.0
905000 334.2
910000 338.9
915000 336.7
920000 336.4
925000 329.4
930000 335.6
935000 331.4
940000 337.7
945000 331.3
950000 336.7
955000 338.1
960000 337.6
965000 337.2
970000 336.2
975000 337.6
980000 336.4
985000 339.3
990000 342.3
995000 336.4
1000000 339.1
1005000 194.4
1010000 272.2
1015000 314.8
1020000 313.7
1025000 325.3
1030000 289.2
1035000 325.7
1040000 331.4
1045000 327.5
1050000 332.5
1055000 332.3
1060000 331.5
1065000 332.3
1070000 336.6
1075000 335.0
1080000 337.5
1085000 337.5
1090000 338.1
1095000 334.2
1100000 336.4
1105000 338.9
1110000 338.3
1115000 337.4
1120000 333.6
1125000 344.0
1130000 337.7
1135000 338.4
1140000 340.5
1145000 342.6
1150000 340.4
1155000 340.1
1160000 343.2
1165000 341.5
1170000 340.0
1175000 340.5
1180000 337.5
1185000 341.2
1190000 339.0
1195000 337.8
1200000 341.6
1205000 128.3
1210000 273.4
1215000 309.7
1220000 326.0
1225000 338.2
1230000 336.0
1235000 303.3
1240000 339.5
1245000 327.1
1250000 342.9
1255000 339.0
1260000 336.3
1265000 339.2
1270000 343.2
1275000 345.9
1280000 341.7
1285000 342.2
1290000 339.6
1295000 345.8
1300000 340.6
1305000 341.7
1310000 343.4
1315000 343.6
1320000 340.8
1325000 327.8
1330000 336.0
1335000 343.2
1340000 346.3
1345000 341.0
1350000 343.3
1355000 338.8
1360000 343.4
1365000 348.1
1370000 344.3
1375000 343.5
1380000 345.5
1385000 346.4
1390000 340.8
1395000 342.4
1400000 345.9
1405000 6.0
1410000 240.4
1415000 328.4
1420000 291.0
1425000 335.6
1430000 304.1
1435000 292.1
1440000 304.9
1445000 338.6
1450000 279.6
1455000 338.8
1460000 340.8
1465000 344.9
1470000 347.9
1475000 341.4
1480000 347.5
1485000 306.0
1490000 299.7
1495000 339.5
1500000 340.6
1505000 341.4
1510000 347.8
1515000 338.2
1520000 347.9
1525000 339.1
1530000 342.7
1535000 305.5
1540000 350.3
1545000 346.9
1550000 343.4
1555000 343.5
1560000 304.2
1565000 333.8
1570000 308.6
1575000 346.7
1580000 347.1
1585000 344.4
1590000 342.6
1595000 344.4
1600000 348.4
1605000 88.1
1610000 228.9
1615000 248.9
1620000 285.4
1625000 298.8
1630000 343.2
1635000 330.2
1640000 337.3
1645000 342.1
1650000 338.9
1655000 344.5
1660000 340.4
1665000 342.8
1670000 347.3
1675000 344.1
1680000 344.0
1685000 345.7
1690000 345.8
1695000 346.1
1700000 343.0
1705000 349.6
1710000 346.3
1715000 343.7
1720000 347.2
1725000 346.1
1730000 346.7
1735000 348.4
1740000 350.1
1745000 348.7
1750000 349.3
1755000 348.9
1760000 348.5
1765000 348.4
1770000 348.0
1775000 347.8
1780000 352.1
1785000 347.6
1790000 348.3
1795000 347.0
1800000 346.5
1805000 153.3
1810000 233.9
1815000 311.8
1820000 296.7
1825000 335.1
1830000 341.3
1835000 339.3
1840000 349.9
1845000 340.0
1850000 346.1
1855000 349.7
1860000 330.1
1865000 340.5
1870000 338.8
1875000 344.6
1880000 346.8
1885000 311.3
1890000 350.8
1895000 344.5
1900000 348.8
1905000 342.4
1910000 342.1
1915000 347.2
1920000 345.5
1925000 348.9
1930000 348.6
1935000 343.8
1940000 349.6
1945000 350.3
1950000 346.6
1955000 354.6
1960000 349.3
1965000 350.4
1970000 343.0
1975000 346.4
1980000 350.1
1985000 349.3
1990000 346.2
1995000 347.1
2000000 350.4
