5000 0.0
10000 0.0
15000 0.8
20000 0.1
25000 0.0
30000 0.0
35000 0.0
40000 0.0
45000 0.0
50000 0.0
55000 0.8
60000 4.9
65000 0.0
70000 0.5
75000 0.2
80000 15.9
85000 15.5
90000 10.0
95000 16.5
100000 5.4
105000 17.9
110000 22.3
115000 0.4
120000 39.6
125000 4.7
130000 4.4
135000 1.1
140000 0.3
145000 0.0
150000 0.1
155000 1.4
160000 0.7
165000 0.0
170000 7.7
175000 3.2
180000 5.2
185000 16.0
190000 5.7
195000 62.5
200000 66.5
205000 119.6
210000 180.1
215000 203.4
220000 237.6
225000 282.4
230000 327.5
235000 362.4
240000 364.2
245000 344.8
250000 399.3
255000 399.5
260000 376.6
265000 407.1
270000 434.9
275000 435.3
280000 433.1
285000 447.5
290000 431.0
295000 408.8
300000 471.4
305000 456.1
310000 458.7
315000 481.6
320000 458.7
325000 474.2
330000 476.4
335000 478.0
340000 477.9
345000 465.9
350000 463.2
355000 478.9
360000 464.7
365000 481.1
370000 475.6
375000 479.4
380000 487.3
385000 492.8
390000 477.4
395000 479.8
400000 474.7
405000 190.2
410000 357.7
415000 470.3
420000 504.1
425000 515.0
430000 503.7
435000 508.0
440000 507.0
445000 510.1
450000 522.6
455000 506.9
460000 463.5
465000 524.4
470000 515.4
475000 517.6
480000 512.0
485000 470.5
490000 515.8
495000 512.5
500000 525.7
505000 527.2
510000 536.9
515000 522.0
520000 516.4
525000 517.8
530000 516.7
535000 532.4
540000 522.3
545000 529.1
550000 531.0
555000 526.2
560000 519.9
565000 530.0
570000 527.7
575000 520.1
580000 524.0
585000 531.8
590000 524.8
595000 526.6
600000 529.2
605000 241.8
610000 388.3
615000 422.7
620000 518.6
625000 534.0
630000 537.8
635000 548.1
640000 553.8
645000 549.1
650000 545.8
655000 552.2
660000 535.5
665000 544.7
670000 535.2
675000 542.5
680000 548.8
685000 544.9
690000 542.2
695000 540.6
700000 549.8
705000 546.5
710000 491.9
715000 556.3
720000 551.6
725000 541.5
730000 491.4
735000 490.3
740000 550.2
745000 546.3
750000 550.3
755000 540.5
760000 542.6
765000 547.8
770000 557.4
775000 489.4
780000 546.5
785000 556.7
790000 545.4
795000 544.7
800000 548.5
805000 199.5
810000 401.2
815000 479.3
820000 483.6
825000 528.4
830000 547.2
835000 553.8
840000 545.9
845000 558.0
850000 542.8
855000 557.7
860000 554.6
865000 565.0
870000 544.2
875000 547.3
880000 556.1
885000 554.9
890000 544.8
895000 555.3
900000 551.3
905000 543.5
910000 553.2
915000 552.8
920000 550.2
925000 549.5
930000 547.9
935000 544.7
940000 554.0
945000 558.4
950000 552.4
955000 549.5
960000 557.5
965000 550.8
970000 553.8
975000 547.8
980000 554.5
985000 555.9
990000 551.8
995000 544.2
1000000 500.2
1005000 326.9
1010000 515.2
1015000 521.1
1020000 534.0
1025000 505.7
1030000 495.0
1035000 549.8
1040000 545.7
1045000 563.8
1050000 546.7
1055000 555.7
1060000 562.3
1065000 548.3
1070000 556.9
1075000 560.7
1080000 555.9
1085000 544.1
1090000 551.3
1095000 548.0
1100000 549.9
1105000 565.8
1110000 566.8
1115000 561.7
1120000 545.3
1125000 558.3
1130000 557.9
1135000 560.4
1140000 555.0
1145000 565.7
1150000 570.4
1155000 557.2
1160000 498.8
1165000 570.8
1170000 564.9
1175000 572.2
1180000 564.8
1185000 553.1
1190000 571.6
1195000 553.3
1200000 556.6
1205000 116.9
1210000 444.4
1215000 527.8
1220000 559.8
1225000 485.3
1230000 452.3
1235000 459.7
1240000 572.1
1245000 582.0
1250000 523.3
1255000 581.0
1260000 516.4
1265000 578.4
1270000 518.8
1275000 580.5
1280000 571.5
1285000 586.7
1290000 504.6
1295000 566.6
1300000 564.8
1305000 570.4
1310000 554.1
1315000 488.0
1320000 491.8
1325000 548.6
1330000 543.4
1335000 551.0
1340000 541.9
1345000 485.2
1350000 541.9
1355000 549.1
1360000 538.2
1365000 546.3
1370000 551.3
1375000 547.5
1380000 549.1
1385000 549.4
1390000 542.9
1395000 546.0
1400000 555.4
1405000 170.2
1410000 460.5
1415000 349.5
1420000 417.5
1425000 389.6
1430000 544.8
1435000 542.8
1440000 521.3
1445000 532.4
1450000 518.9
1455000 518.4
1460000 524.9
1465000 529.2
1470000 515.4
1475000 461.3
1480000 527.9
1485000 529.0
1490000 537.4
1495000 546.1
1500000 484.8
1505000 574.9
1510000 550.0
1515000 553.9
1520000 553.0
1525000 562.4
1530000 573.7
1535000 541.2
1540000 527.7
1545000 524.7
1550000 449.5
1555000 542.8
1560000 532.1
1565000 542.6
1570000 538.6
1575000 542.2
1580000 539.8
1585000 540.3
1590000 541.8
1595000 535.4
1600000 534.1
1605000 163.0
1610000 421.4
1615000 507.2
1620000 508.6
1625000 536.8
1630000 514.6
1635000 555.0
1640000 469.5
1645000 540.3
1650000 530.9
1655000 483.9
1660000 543.7
1665000 531.1
1670000 535.7
1675000 551.2
1680000 541.6
1685000 547.7
1690000 553.4
1695000 543.4
1700000 539.2
1705000 541.8
1710000 550.1
1715000 485.4
1720000 536.8
1725000 548.5
1730000 543.0
1735000 550.4
1740000 553.7
1745000 539.2
1750000 500.0
1755000 552.6
1760000 554.7
1765000 544.6
1770000 549.4
1775000 554.1
1780000 550.4
1785000 536.3
1790000 486.8
1795000 551.4
1800000 483.9
1805000 173.1
1810000 417.6
1815000 513.8
1820000 521.2
1825000 462.6
1830000 473.8
1835000 553.5
1840000 527.0
1845000 554.9
1850000 541.2
1855000 523.0
1860000 467.1
1865000 516.9
1870000 533.8
1875000 528.3
1880000 517.7
1885000 539.1
1890000 538.5
1895000 529.9
1900000 533.4
1905000 533.6
1910000 543.7
1915000 545.4
1920000 546.3
1925000 543.8
1930000 545.1
1935000 543.0
1940000 432.1
1945000 544.5
1950000 545.8
1955000 545.3
1960000 557.7
1965000 542.6
1970000 549.7
1975000 549.0
1980000 541.0
1985000 546.6
1990000 550.1
1995000 562.9
2000000 553.9
