5000 0.0
10000 0.6
15000 0.0
20000 0.0
25000 0.1
30000 0.0
35000 0.0
40000 0.6
45000 0.1
50000 0.0
55000 0.1
60000 0.2
65000 0.5
70000 1.0
75000 0.0
80000 0.0
85000 3.4
90000 3.8
95000 23.6
100000 0.9
105000 19.1
110000 0.3
115000 22.0
120000 31.8
125000 27.5
130000 35.9
135000 62.1
140000 14.9
145000 33.3
150000 100.8
155000 63.8
160000 33.5
165000 104.1
170000 71.4
175000 38.6
180000 39.4
185000 36.6
190000 104.9
195000 99.2
200000 74.5
205000 171.7
210000 78.5
215000 195.2
220000 207.3
225000 214.0
230000 216.3
235000 214.4
240000 218.9
245000 219.2
250000 224.8
255000 225.4
260000 224.8
265000 225.7
270000 230.2
275000 206.9
280000 233.4
285000 234.5
290000 233.0
295000 233.5
300000 243.7
305000 239.5
310000 237.3
315000 240.8
320000 239.6
325000 242.7
330000 244.6
335000 246.4
340000 242.7
345000 242.0
350000 243.9
355000 230.6
360000 229.5
365000 246.5
370000 253.3
375000 255.0
380000 253.0
385000 253.3
390000 257.9
395000 228.5
400000 255.6
405000 156.9
410000 239.4
415000 223.6
420000 249.1
425000 244.9
430000 258.5
435000 256.0
440000 258.7
445000 253.4
450000 259.4
455000 262.6
460000 261.1
465000 258.4
470000 266.5
475000 265.0
480000 266.0
485000 235.6
490000 268.5
495000 269.9
500000 266.4
505000 264.5
510000 267.3
515000 240.7
520000 238.2
525000 265.3
530000 264.1
535000 266.2
540000 242.8
545000 270.1
550000 269.8
555000 241.5
560000 270.8
565000 272.0
570000 269.1
575000 271.0
580000 268.5
585000 267.0
590000 270.9
595000 267.1
600000 245.0
605000 171.5
610000 237.1
615000 255.5
620000 266.9
625000 272.2
630000 269.7
635000 270.0
640000 270.7
645000 268.9
650000 268.2
655000 276.2
660000 270.5
665000 280.1
670000 274.3
675000 275.6
680000 278.5
685000 277.4
690000 273.1
695000 277.6
700000 272.8
705000 277.7
710000 277.6
715000 278.3
720000 279.4
725000 277.6
730000 280.0
735000 277.7
740000 279.9
745000 248.6
750000 253.1
755000 276.3
760000 285.0
765000 276.5
770000 281.3
775000 284.3
780000 283.1
785000 279.0
790000 284.9
795000 281.2
800000 284.9
805000 129.0
810000 226.5
815000 261.2
820000 272.6
825000 278.4
830000 251.6
835000 284.3
840000 280.3
845000 253.6
850000 285.5
855000 283.7
860000 245.4
865000 279.9
870000 285.4
875000 284.0
880000 284.8
885000 282.2
890000 282.5
895000 286.0
900000 283.3
905000 286.8
910000 284.1
915000 288.1
920000 286.4
925000 285.9
930000 286.8
935000 288.6
940000 287.6
945000 287.3
950000 257.8
955000 288.3
960000 285.0
965000 288.1
970000 287.4
975000 288.7
980000 285.9
985000 292.3
990000 288.6
995000 289.4
1000000 291.4
1005000 147.3
1010000 253.9
1015000 268.4
1020000 275.4
1025000 278.7
1030000 277.5
1035000 257.8
1040000 287.5
1045000 284.9
1050000 285.0
1055000 288.0
1060000 285.8
1065000 287.4
1070000 289.7
1075000 292.2
1080000 289.1
1085000 289.2
1090000 286.7
1095000 289.4
1100000 289.0
1105000 288.5
1110000 292.0
1115000 260.4
1120000 287.9
1125000 289.6
1130000 263.9
1135000 286.6
1140000 292.5
1145000 289.8
1150000 265.0
1155000 292.0
1160000 288.9
1165000 294.2
1170000 293.4
1175000 289.6
1180000 293.1
1185000 265.2
1190000 296.3
1195000 296.5
1200000 296.2
1205000 237.1
1210000 264.1
1215000 234.8
1220000 286.4
1225000 223.4
1230000 286.6
1235000 230.2
1240000 263.0
1245000 266.2
1250000 292.0
1255000 261.5
1260000 281.7
1265000 290.5
1270000 289.8
1275000 294.8
1280000 292.3
1285000 293.1
1290000 290.4
1295000 292.2
1300000 293.0
1305000 292.2
1310000 293.9
1315000 292.8
1320000 293.4
1325000 293.2
1330000 296.4
1335000 297.2
1340000 292.9
1345000 292.5
1350000 296.1
1355000 293.9
1360000 297.8
1365000 297.3
1370000 297.6
1375000 268.1
1380000 294.7
1385000 295.2
1390000 298.8
1395000 296.2
1400000 269.1
1405000 79.6
1410000 266.0
1415000 256.2
1420000 247.6
1425000 283.1
1430000 289.0
1435000 285.1
1440000 289.5
1445000 292.4
1450000 289.5
1455000 295.3
1460000 293.7
1465000 295.1
1470000 291.6
1475000 295.6
1480000 293.9
1485000 294.7
1490000 290.9
1495000 297.0
1500000 291.9
1505000 295.8
1510000 295.5
1515000 291.8
1520000 293.1
1525000 297.5
1530000 87.7
1535000 296.2
1540000 293.5
1545000 296.7
1550000 299.2
1555000 297.8
1560000 297.2
1565000 296.8
1570000 298.6
1575000 296.4
1580000 294.2
1585000 298.7
1590000 296.2
1595000 297.8
1600000 297.6
1605000 135.2
1610000 220.3
1615000 246.5
1620000 285.0
1625000 251.4
1630000 291.1
1635000 294.0
1640000 265.3
1645000 294.7
1650000 295.6
1655000 292.7
1660000 295.6
1665000 294.9
1670000 300.1
1675000 297.8
1680000 298.5
1685000 297.7
1690000 298.8
1695000 297.2
1700000 296.9
1705000 296.2
1710000 293.8
1715000 300.2
1720000 270.6
1725000 267.9
1730000 297.0
1735000 297.4
1740000 270.8
1745000 298.7
1750000 299.7
1755000 301.6
1760000 301.3
1765000 302.0
1770000 299.4
1775000 300.8
1780000 303.6
1785000 297.6
1790000 298.3
1795000 270.2
1800000 297.4
1805000 121.2
1810000 246.1
1815000 270.1
1820000 280.6
1825000 282.9
1830000 256.9
1835000 295.6
1840000 234.4
1845000 290.7
1850000 296.7
1855000 296.3
1860000 299.0
1865000 295.0
1870000 294.7
1875000 291.7
1880000 293.1
1885000 303.7
1890000 298.8
1895000 293.2
1900000 302.4
1905000 296.3
1910000 296.6
1915000 295.6
1920000 298.0
1925000 267.8
1930000 293.4
1935000 296.9
1940000 300.2
1945000 300.6
1950000 296.4
1955000 269.1
1960000 295.3
1965000 297.8
1970000 298.9
1975000 297.4
1980000 299.7
1985000 298.0
1990000 298.1
1995000 299.2
2000000 298.3
