5000 0.0
10000 0.0
15000 0.0
20000 0.0
25000 0.2
30000 0.0
35000 0.0
40000 0.0
45000 1.9
50000 5.6
55000 10.5
60000 47.9
65000 36.4
70000 53.0
75000 66.1
80000 128.3
85000 125.5
90000 68.0
95000 119.9
100000 141.5
105000 148.3
110000 3.1
115000 192.6
120000 155.5
125000 192.5
130000 228.5
135000 90.5
140000 210.3
145000 202.9
150000 232.4
155000 257.1
160000 264.2
165000 228.9
170000 223.1
175000 256.6
180000 271.1
185000 275.2
190000 256.9
195000 241.8
200000 278.1
205000 259.4
210000 285.5
215000 286.8
220000 282.3
225000 267.6
230000 294.9
235000 288.8
240000 287.7
245000 287.8
250000 293.8
255000 298.4
260000 270.0
265000 301.0
270000 305.9
275000 305.0
280000 299.6
285000 304.6
290000 282.7
295000 313.4
300000 313.9
305000 318.4
310000 307.4
315000 314.1
320000 306.8
325000 283.3
330000 302.6
335000 314.7
340000 312.7
345000 313.9
350000 318.6
355000 310.8
360000 317.4
365000 323.2
370000 288.3
375000 290.9
380000 323.0
385000 293.5
390000 322.7
395000 324.7
400000 324.2
405000 267.6
410000 277.0
415000 312.8
420000 319.5
425000 326.3
430000 333.6
435000 319.2
440000 328.9
445000 343.2
450000 330.0
455000 334.1
460000 299.4
465000 335.5
470000 336.9
475000 340.0
480000 344.7
485000 335.4
490000 338.2
495000 337.7
500000 339.0
505000 346.7
510000 276.4
515000 343.3
520000 347.3
525000 340.3
530000 346.1
535000 286.7
540000 342.7
545000 312.3
550000 314.8
555000 340.2
560000 344.0
565000 345.6
570000 313.9
575000 322.8
580000 345.1
585000 343.4
590000 345.8
595000 347.7
600000 345.7
605000 249.4
610000 335.7
615000 329.4
620000 346.4
625000 343.8
630000 339.6
635000 335.4
640000 351.7
645000 350.4
650000 350.8
655000 351.4
660000 352.1
665000 350.3
670000 346.9
675000 350.8
680000 355.5
685000 349.6
690000 315.9
695000 349.3
700000 353.1
705000 321.9
710000 358.1
715000 356.6
720000 354.6
725000 347.8
730000 354.0
735000 320.6
740000 356.2
745000 322.2
750000 357.5
755000 356.9
760000 355.2
765000 355.0
770000 356.6
775000 361.4
780000 357.6
785000 325.1
790000 325.7
795000 360.8
800000 360.6
805000 208.5
810000 329.3
815000 310.0
820000 339.5
825000 326.2
830000 350.3
835000 355.3
840000 340.8
845000 354.7
850000 356.6
855000 352.1
860000 351.6
865000 352.6
870000 356.4
875000 353.3
880000 359.5
885000 359.9
890000 357.3
895000 356.7
900000 356.7
905000 362.1
910000 361.3
915000 363.2
920000 365.2
925000 361.5
930000 358.0
935000 361.7
940000 364.8
945000 362.9
950000 359.8
955000 360.2
960000 368.4
965000 361.5
970000 363.3
975000 363.8
980000 320.7
985000 362.3
990000 363.7
995000 356.3
1000000 364.8
1005000 242.7
1010000 333.3
1015000 337.0
1020000 353.5
1025000 355.1
1030000 356.8
1035000 350.9
1040000 357.0
1045000 364.2
1050000 362.2
1055000 357.4
1060000 361.6
1065000 358.6
1070000 363.8
1075000 363.5
1080000 361.8
1085000 325.2
1090000 364.4
1095000 358.1
1100000 327.3
1105000 364.3
1110000 363.1
1115000 364.3
1120000 363.8
1125000 325.2
1130000 366.6
1135000 364.1
1140000 369.0
1145000 364.8
1150000 366.0
1155000 363.4
1160000 369.2
1165000 333.8
1170000 367.8
1175000 371.2
1180000 373.5
1185000 369.1
1190000 368.2
1195000 368.0
1200000 333.6
1205000 141.1
1210000 322.8
1215000 338.2
1220000 352.7
1225000 358.0
1230000 360.5
1235000 286.5
1240000 355.2
1245000 357.2
1250000 361.3
1255000 364.4
1260000 363.5
1265000 331.0
1270000 368.7
1275000 375.1
1280000 363.8
1285000 367.3
1290000 369.3
1295000 372.3
1300000 329.0
1305000 372.1
1310000 367.9
1315000 369.8
1320000 369.8
1325000 375.4
1330000 375.0
1335000 373.7
1340000 372.1
1345000 376.4
1350000 375.4
1355000 370.9
1360000 374.1
1365000 339.5
1370000 374.6
1375000 373.7
1380000 377.7
1385000 373.2
1390000 377.9
1395000 380.0
1400000 377.8
1405000 126.7
1410000 312.7
1415000 255.2
1420000 366.0
1425000 323.5
1430000 367.0
1435000 364.6
1440000 369.2
1445000 369.4
1450000 331.5
1455000 374.4
1460000 376.6
1465000 376.2
1470000 376.4
1475000 383.7
1480000 388.7
1485000 390.5
1490000 387.3
1495000 403.7
1500000 401.1
1505000 387.6
1510000 394.3
1515000 399.0
1520000 399.9
1525000 395.2
1530000 402.1
1535000 402.3
1540000 402.6
1545000 398.6
1550000 405.8
1555000 402.8
1560000 405.3
1565000 400.9
1570000 413.7
1575000 403.6
1580000 411.3
1585000 414.5
1590000 412.2
1595000 413.7
1600000 373.0
1605000 140.2
1610000 247.8
1615000 309.4
1620000 354.6
1625000 368.0
1630000 344.9
1635000 395.6
1640000 400.0
1645000 389.5
1650000 408.3
1655000 360.8
1660000 405.8
1665000 409.2
1670000 407.2
1675000 411.4
1680000 396.0
1685000 411.6
1690000 409.6
1695000 416.9
1700000 417.8
1705000 420.4
1710000 417.4
1715000 376.5
1720000 415.3
1725000 414.0
1730000 418.1
1735000 416.6
1740000 417.4
1745000 419.3
1750000 416.0
1755000 417.3
1760000 415.9
1765000 416.6
1770000 416.1
1775000 419.6
1780000 416.6
1785000 416.3
1790000 419.4
1795000 419.8
1800000 419.0
1805000 79.6
1810000 301.0
1815000 387.0
1820000 371.3
1825000 354.9
1830000 380.5
1835000 413.2
1840000 401.4
1845000 370.2
1850000 413.0
1855000 423.7
1860000 412.9
1865000 416.0
1870000 376.5
1875000 412.3
1880000 417.5
1885000 420.4
1890000 413.9
1895000 419.0
1900000 422.9
1905000 418.1
1910000 420.8
1915000 419.2
1920000 422.0
1925000 415.4
1930000 420.3
1935000 425.7
1940000 418.3
1945000 422.4
1950000 416.5
1955000 419.2
1960000 423.2
1965000 422.4
1970000 420.8
1975000 420.7
1980000 421.6
1985000 420.9
1990000 418.6
1995000 421.2
2000000 424.0
