5000 0.0
10000 0.1
15000 0.0
20000 0.0
25000 0.1
30000 0.0
35000 0.0
40000 0.0
45000 0.0
50000 2.4
55000 17.5
60000 19.6
65000 31.8
70000 18.2
75000 52.7
80000 30.3
85000 20.2
90000 56.3
95000 40.9
100000 41.8
105000 17.9
110000 21.3
115000 19.6
120000 67.2
125000 20.1
130000 0.1
135000 0.9
140000 0.2
145000 87.8
150000 102.4
155000 109.0
160000 124.0
165000 126.7
170000 126.3
175000 126.7
180000 105.9
185000 144.8
190000 140.2
195000 143.2
200000 137.3
205000 125.5
210000 160.9
215000 167.5
220000 156.7
225000 162.5
230000 189.6
235000 193.6
240000 194.8
245000 200.0
250000 197.9
255000 197.1
260000 199.9
265000 203.4
270000 206.9
275000 209.4
280000 208.4
285000 208.4
290000 207.5
295000 210.5
300000 185.5
305000 215.6
310000 222.8
315000 219.3
320000 198.6
325000 225.8
330000 227.3
335000 223.2
340000 225.4
345000 227.0
350000 228.1
355000 228.5
360000 232.9
365000 208.9
370000 220.1
375000 236.2
380000 232.8
385000 239.2
390000 230.5
395000 237.3
400000 236.3
405000 124.0
410000 184.0
415000 210.9
420000 235.5
425000 236.5
430000 235.7
435000 217.2
440000 244.7
445000 239.8
450000 242.5
455000 220.0
460000 245.7
465000 244.9
470000 246.8
475000 245.8
480000 247.2
485000 247.9
490000 248.6
495000 248.8
500000 248.8
505000 250.3
510000 251.4
515000 224.8
520000 244.4
525000 250.0
530000 247.7
535000 224.2
540000 248.7
545000 245.0
550000 248.8
555000 243.8
560000 247.8
565000 250.9
570000 246.2
575000 250.4
580000 247.9
585000 248.1
590000 254.4
595000 224.3
600000 252.8
605000 113.4
610000 230.2
615000 191.8
620000 236.5
625000 243.4
630000 246.1
635000 236.0
640000 248.3
645000 247.7
650000 245.8
655000 248.9
660000 250.2
665000 249.2
670000 255.3
675000 249.5
680000 251.4
685000 253.4
690000 227.0
695000 252.7
700000 225.9
705000 253.9
710000 254.8
715000 228.4
720000 253.0
725000 251.7
730000 252.6
735000 252.9
740000 255.3
745000 251.3
750000 251.0
755000 214.8
760000 254.3
765000 256.2
770000 254.9
775000 251.9
780000 257.1
785000 260.5
790000 257.8
795000 254.6
800000 257.4
805000 141.5
810000 235.8
815000 179.1
820000 248.8
825000 249.7
830000 221.1
835000 251.4
840000 251.1
845000 226.5
850000 248.3
855000 251.0
860000 254.5
865000 255.5
870000 248.9
875000 248.0
880000 257.4
885000 254.0
890000 257.3
895000 255.2
900000 252.4
905000 255.0
910000 253.5
915000 252.3
920000 257.1
925000 257.8
930000 258.4
935000 254.9
940000 259.5
945000 258.3
950000 258.1
955000 256.0
960000 261.4
965000 233.3
970000 254.5
975000 261.8
980000 259.1
985000 256.4
990000 256.4
995000 258.8
1000000 257.8
1005000 50.0
1010000 239.0
1015000 189.9
1020000 243.4
1025000 201.5
1030000 253.7
1035000 250.0
1040000 253.5
1045000 253.0
1050000 257.2
1055000 235.1
1060000 261.1
1065000 258.0
1070000 258.1
1075000 254.3
1080000 259.9
1085000 252.9
1090000 256.5
1095000 257.7
1100000 258.8
1105000 257.1
1110000 258.4
1115000 257.4
1120000 259.6
1125000 258.7
1130000 260.5
1135000 259.0
1140000 260.9
1145000 257.2
1150000 233.8
1155000 262.8
1160000 260.6
1165000 257.8
1170000 261.2
1175000 262.1
1180000 261.4
1185000 258.7
1190000 264.2
1195000 235.2
1200000 262.2
1205000 57.0
1210000 236.9
1215000 232.7
1220000 243.6
1225000 173.8
1230000 249.7
1235000 253.9
1240000 227.4
1245000 258.3
1250000 260.1
1255000 260.5
1260000 256.1
1265000 262.8
1270000 264.7
1275000 260.4
1280000 266.9
1285000 237.5
1290000 263.3
1295000 235.3
1300000 258.8
1305000 259.8
1310000 263.0
1315000 263.9
1320000 262.9
1325000 266.3
1330000 264.0
1335000 261.0
1340000 264.9
1345000 259.6
1350000 238.1
1355000 238.8
1360000 238.4
1365000 266.4
1370000 265.0
1375000 268.4
1380000 267.6
1385000 262.9
1390000 265.0
1395000 252.3
1400000 233.0
1405000 195.1
1410000 182.6
1415000 233.2
1420000 250.7
1425000 257.1
1430000 238.8
1435000 258.7
1440000 259.6
1445000 234.0
1450000 256.5
1455000 263.2
1460000 258.8
1465000 264.4
1470000 261.5
1475000 261.8
1480000 263.2
1485000 239.0
1490000 265.3
1495000 263.9
1500000 265.1
1505000 264.7
1510000 267.8
1515000 264.2
1520000 261.3
1525000 265.0
1530000 259.3
1535000 234.6
1540000 262.8
1545000 266.3
1550000 266.3
1555000 264.8
1560000 264.1
1565000 231.6
1570000 264.7
1575000 263.9
1580000 266.2
1585000 268.7
1590000 258.5
1595000 262.9
1600000 262.6
1605000 151.3
1610000 223.8
1615000 216.5
1620000 245.0
1625000 208.6
1630000 257.3
1635000 259.8
1640000 198.1
1645000 259.9
1650000 259.6
1655000 250.6
1660000 260.9
1665000 261.1
1670000 260.1
1675000 255.8
1680000 258.6
1685000 261.7
1690000 264.2
1695000 236.4
1700000 264.1
1705000 237.0
1710000 254.7
1715000 260.7
1720000 265.0
1725000 264.3
1730000 263.8
1735000 264.2
1740000 264.8
1745000 260.4
1750000 266.1
1755000 266.9
1760000 252.9
1765000 264.8
1770000 266.4
1775000 269.2
1780000 266.6
1785000 261.6
1790000 265.6
1795000 266.0
1800000 266.2
1805000 145.2
1810000 115.7
1815000 225.5
1820000 238.5
1825000 251.0
1830000 255.4
1835000 261.7
1840000 214.0
1845000 246.9
1850000 264.9
1855000 265.2
1860000 254.8
1865000 265.5
1870000 237.9
1875000 262.8
1880000 268.4
1885000 263.8
1890000 265.4
1895000 265.6
1900000 267.4
1905000 268.2
1910000 265.6
1915000 265.5
1920000 263.4
1925000 265.3
1930000 263.7
1935000 261.7
1940000 266.8
1945000 263.7
1950000 269.7
1955000 210.4
1960000 268.6
1965000 266.7
1970000 268.6
1975000 242.1
1980000 266.4
1985000 268.1
1990000 264.1
1995000 269.9
2000000 266.4
