5000 0.0
10000 0.0
15000 0.1
20000 0.3
25000 0.1
30000 0.3
35000 0.0
40000 0.0
45000 7.4
50000 0.0
55000 3.5
60000 1.2
65000 2.1
70000 3.8
75000 7.5
80000 3.9
85000 0.4
90000 0.0
95000 7.3
100000 0.9
105000 0.1
110000 0.0
115000 0.7
120000 2.6
125000 0.0
130000 0.2
135000 0.2
140000 0.8
145000 0.5
150000 0.5
155000 0.4
160000 0.0
165000 0.1
170000 0.0
175000 0.0
180000 0.7
185000 0.3
190000 4.6
195000 0.0
200000 2.6
205000 1.9
210000 114.6
215000 145.7
220000 242.7
225000 257.9
230000 284.1
235000 282.4
240000 304.8
245000 315.8
250000 326.2
255000 328.9
260000 356.2
265000 363.7
270000 375.7
275000 384.2
280000 396.6
285000 391.4
290000 395.8
295000 421.6
300000 411.8
305000 410.1
310000 421.3
315000 425.2
320000 437.4
325000 449.8
330000 446.0
335000 444.6
340000 439.7
345000 449.0
350000 472.4
355000 468.4
360000 459.1
365000 488.0
370000 485.5
375000 511.1
380000 498.1
385000 527.6
390000 527.3
395000 537.1
400000 533.3
405000 327.3
410000 473.7
415000 499.4
420000 457.7
425000 524.6
430000 537.0
435000 513.0
440000 537.7
445000 538.8
450000 516.6
455000 551.3
460000 552.5
465000 557.1
470000 535.5
475000 545.9
480000 563.3
485000 551.1
490000 555.6
495000 555.6
500000 566.9
505000 557.2
510000 551.0
515000 550.1
520000 564.9
525000 569.5
530000 565.1
535000 565.5
540000 564.5
545000 568.7
550000 569.9
555000 559.7
560000 563.6
565000 560.7
570000 574.7
575000 573.7
580000 566.2
585000 565.6
590000 560.1
595000 570.6
600000 571.7
605000 273.9
610000 398.3
615000 558.5
620000 557.9
625000 507.7
630000 575.3
635000 596.1
640000 570.0
645000 518.2
650000 574.3
655000 573.9
660000 575.9
665000 580.4
670000 586.6
675000 583.4
680000 587.0
685000 581.8
690000 577.3
695000 584.1
700000 570.3
705000 582.7
710000 525.7
715000 577.6
720000 575.8
725000 591.9
730000 586.3
735000 584.0
740000 574.7
745000 591.1
750000 574.9
755000 530.8
760000 576.1
765000 580.7
770000 584.3
775000 580.7
780000 580.8
785000 582.1
790000 588.6
795000 579.3
800000 586.2
805000 340.4
810000 469.4
815000 512.5
820000 570.1
825000 581.1
830000 576.6
835000 576.4
840000 577.9
845000 587.7
850000 581.8
855000 586.6
860000 579.9
865000 579.3
870000 584.3
875000 590.3
880000 576.5
885000 576.6
890000 581.2
895000 584.2
900000 573.6
905000 592.6
910000 572.2
915000 582.1
920000 593.4
925000 574.9
930000 584.9
935000 565.9
940000 586.4
945000 585.2
950000 582.0
955000 578.0
960000 580.3
965000 520.6
970000 579.9
975000 580.5
980000 565.5
985000 577.4
990000 569.3
995000 588.3
1000000 574.8
1005000 345.9
1010000 490.9
1015000 572.2
1020000 560.8
1025000 576.3
1030000 575.5
1035000 571.9
1040000 590.1
1045000 580.0
1050000 579.9
1055000 570.2
1060000 571.4
1065000 571.3
1070000 577.2
1075000 565.9
1080000 567.3
1085000 575.6
1090000 566.0
1095000 577.0
1100000 565.9
1105000 566.1
1110000 575.1
1115000 567.5
1120000 575.3
1125000 578.6
1130000 573.4
1135000 576.0
1140000 568.1
1145000 571.7
1150000 556.5
1155000 571.9
1160000 558.0
1165000 572.5
1170000 568.9
1175000 559.4
1180000 575.0
1185000 564.3
1190000 547.9
1195000 565.8
1200000 552.3
1205000 282.1
1210000 472.7
1215000 475.5
1220000 452.4
1225000 549.7
1230000 562.9
1235000 558.0
1240000 578.5
1245000 550.6
1250000 555.6
1255000 498.9
1260000 548.9
1265000 546.5
1270000 570.7
1275000 552.7
1280000 555.9
1285000 552.5
1290000 560.9
1295000 513.1
1300000 569.6
1305000 550.6
1310000 549.3
1315000 559.5
1320000 564.8
1325000 549.5
1330000 566.3
1335000 565.0
1340000 579.3
1345000 572.3
1350000 566.4
1355000 564.9
1360000 577.6
1365000 576.8
1370000 581.2
1375000 592.6
1380000 583.9
1385000 592.1
1390000 576.3
1395000 573.0
1400000 560.4
1405000 267.3
1410000 375.9
1415000 537.8
1420000 499.9
1425000 546.2
1430000 536.3
1435000 527.4
1440000 538.5
1445000 436.2
1450000 544.5
1455000 553.3
1460000 551.3
1465000 540.9
1470000 540.1
1475000 535.6
1480000 541.4
1485000 545.4
1490000 546.9
1495000 540.4
1500000 556.2
1505000 550.5
1510000 550.0
1515000 553.0
1520000 542.7
1525000 542.9
1530000 543.1
1535000 488.9
1540000 486.3
1545000 540.1
1550000 489.8
1555000 536.1
1560000 484.3
1565000 541.5
1570000 529.0
1575000 476.9
1580000 521.4
1585000 530.2
1590000 533.0
1595000 534.9
1600000 536.2
1605000 237.0
1610000 380.6
1615000 346.7
1620000 501.2
1625000 471.3
1630000 553.0
1635000 529.4
1640000 558.9
1645000 487.7
1650000 552.0
1655000 542.7
1660000 545.9
1665000 545.8
1670000 546.2
1675000 556.1
1680000 542.4
1685000 541.1
1690000 542.9
1695000 549.6
1700000 545.6
1705000 526.4
1710000 537.6
1715000 547.1
1720000 549.3
1725000 491.2
1730000 545.3
1735000 545.3
1740000 543.1
1745000 529.8
1750000 542.0
1755000 537.5
1760000 540.7
1765000 541.8
1770000 547.6
1775000 553.1
1780000 555.0
1785000 553.7
1790000 550.5
1795000 551.9
1800000 558.1
1805000 239.5
1810000 372.2
1815000 508.9
1820000 488.0
1825000 488.2
1830000 552.1
1835000 545.0
1840000 545.0
1845000 504.9
1850000 513.8
1855000 575.1
1860000 570.4
1865000 567.0
1870000 558.6
1875000 559.4
1880000 551.5
1885000 556.6
1890000 568.2
1895000 569.4
1900000 563.4
1905000 582.3
1910000 564.3
1915000 566.2
1920000 256.3
1925000 513.4
1930000 532.8
1935000 549.8
1940000 545.4
1945000 490.6
1950000 545.8
1955000 557.1
1960000 558.2
1965000 552.7
1970000 566.6
1975000 569.0
1980000 570.8
1985000 575.5
1990000 575.1
1995000 565.4
2000000 587.1
