5000 0.0
10000 0.0
15000 0.3
20000 0.1
25000 0.0
30000 0.1
35000 1.6
40000 0.2
45000 0.3
50000 0.0
55000 0.8
60000 2.2
65000 0.6
70000 0.8
75000 0.6
80000 1.6
85000 4.6
90000 7.1
95000 0.1
100000 0.1
105000 1.5
110000 6.6
115000 1.2
120000 26.8
125000 37.0
130000 66.6
135000 63.2
140000 88.0
145000 112.8
150000 103.3
155000 105.4
160000 116.9
165000 115.3
170000 112.8
175000 135.8
180000 124.2
185000 122.6
190000 144.7
195000 147.2
200000 95.2
205000 73.4
210000 148.4
215000 139.5
220000 137.6
225000 142.9
230000 171.4
235000 170.8
240000 154.8
245000 107.0
250000 153.1
255000 169.0
260000 196.0
265000 205.4
270000 172.7
275000 164.7
280000 174.8
285000 210.6
290000 179.5
295000 179.9
300000 179.2
305000 192.8
310000 200.7
315000 182.8
320000 209.6
325000 208.8
330000 202.3
335000 221.6
340000 202.7
345000 204.9
350000 180.1
355000 183.8
360000 179.2
365000 190.6
370000 217.5
375000 171.9
380000 226.6
385000 168.9
390000 219.5
395000 200.8
400000 194.3
405000 123.1
410000 170.5
415000 200.6
420000 253.0
425000 205.7
430000 224.6
435000 229.0
440000 249.0
445000 232.3
450000 217.8
455000 278.2
460000 302.8
465000 208.4
470000 160.9
475000 212.8
480000 220.0
485000 196.5
490000 300.1
495000 195.8
500000 286.0
505000 249.3
510000 290.2
515000 275.5
520000 268.5
525000 250.2
530000 213.1
535000 222.7
540000 247.1
545000 262.4
550000 193.2
555000 229.6
560000 254.5
565000 320.6
570000 233.1
575000 300.8
580000 281.0
585000 362.1
590000 297.9
595000 208.6
600000 287.6
605000 82.9
610000 232.0
615000 237.6
620000 282.5
625000 375.0
630000 241.7
635000 359.6
640000 346.8
645000 329.7
650000 359.5
655000 395.5
660000 360.6
665000 399.0
670000 342.4
675000 352.2
680000 396.9
685000 405.3
690000 405.2
695000 403.6
700000 415.6
705000 404.7
710000 419.5
715000 331.8
720000 404.3
725000 419.1
730000 402.9
735000 417.3
740000 409.2
745000 425.8
750000 417.6
755000 427.0
760000 424.1
765000 386.9
770000 388.3
775000 420.8
780000 422.0
785000 421.6
790000 425.3
795000 419.6
800000 425.1
805000 99.3
810000 265.1
815000 335.9
820000 380.9
825000 397.8
830000 422.0
835000 424.4
840000 417.9
845000 429.1
850000 418.2
855000 413.0
860000 423.5
865000 421.5
870000 431.3
875000 429.6
880000 416.6
885000 428.4
890000 429.9
895000 431.0
900000 432.3
905000 427.1
910000 432.6
915000 433.1
920000 386.0
925000 429.0
930000 390.3
935000 437.3
940000 441.9
945000 443.4
950000 392.8
955000 431.0
960000 433.6
965000 439.2
970000 443.1
975000 389.1
980000 435.0
985000 392.3
990000 431.9
995000 437.7
1000000 436.9
1005000 206.1
1010000 381.5
1015000 314.0
1020000 395.8
1025000 373.0
1030000 438.5
1035000 430.8
1040000 430.9
1045000 429.8
1050000 435.5
1055000 346.8
1060000 392.4
1065000 386.4
1070000 381.5
1075000 396.4
1080000 437.6
1085000 442.2
1090000 436.1
1095000 446.8
1100000 444.8
1105000 410.7
1110000 449.1
1115000 443.5
1120000 403.3
1125000 440.1
1130000 444.0
1135000 450.7
1140000 402.5
1145000 447.3
1150000 443.7
1155000 440.2
1160000 445.4
1165000 455.7
1170000 403.2
1175000 449.9
1180000 447.8
1185000 401.0
1190000 444.6
1195000 453.0
1200000 395.7
1205000 155.7
1210000 315.2
1215000 365.8
1220000 400.8
1225000 408.9
1230000 428.2
1235000 433.8
1240000 387.3
1245000 441.6
1250000 438.7
1255000 450.9
1260000 438.9
1265000 446.3
1270000 451.0
1275000 446.4
1280000 444.1
1285000 349.4
1290000 448.3
1295000 441.8
1300000 449.0
1305000 410.6
1310000 438.5
1315000 407.2
1320000 450.7
1325000 405.3
1330000 447.0
1335000 401.0
1340000 440.3
1345000 454.3
1350000 443.3
1355000 443.7
1360000 451.1
1365000 453.0
1370000 450.9
1375000 450.4
1380000 366.3
1385000 450.6
1390000 441.8
1395000 447.8
1400000 450.9
1405000 134.9
1410000 307.9
1415000 361.6
1420000 383.5
1425000 379.8
1430000 432.6
1435000 440.5
1440000 443.2
1445000 396.7
1450000 445.4
1455000 446.9
1460000 444.1
1465000 449.0
1470000 441.4
1475000 394.1
1480000 452.1
1485000 451.4
1490000 446.5
1495000 449.9
1500000 452.4
1505000 447.9
1510000 445.9
1515000 453.5
1520000 405.0
1525000 449.4
1530000 401.1
1535000 453.2
1540000 450.1
1545000 448.8
1550000 446.7
1555000 431.9
1560000 452.9
1565000 450.6
1570000 405.1
1575000 452.5
1580000 443.8
1585000 405.7
1590000 455.2
1595000 443.0
1600000 449.8
1605000 26.8
1610000 206.3
1615000 333.3
1620000 408.9
1625000 392.3
1630000 425.7
1635000 418.8
1640000 440.4
1645000 437.2
1650000 441.8
1655000 434.1
1660000 440.0
1665000 406.9
1670000 435.5
1675000 395.7
1680000 447.3
1685000 454.0
1690000 443.9
1695000 401.9
1700000 441.8
1705000 445.2
1710000 354.3
1715000 449.7
1720000 440.1
1725000 439.1
1730000 440.4
1735000 443.4
1740000 456.0
1745000 445.6
1750000 451.1
1755000 402.7
1760000 405.8
1765000 444.2
1770000 405.4
1775000 449.2
1780000 449.2
1785000 449.6
1790000 450.9
1795000 400.6
1800000 450.0
1805000 13.3
1810000 301.8
1815000 376.1
1820000 361.9
1825000 428.1
1830000 434.3
1835000 436.0
1840000 447.7
1845000 445.0
1850000 444.5
1855000 448.1
1860000 446.8
1865000 316.3
1870000 407.0
1875000 313.4
1880000 453.8
1885000 452.3
1890000 316.3
1895000 454.5
1900000 411.3
1905000 454.3
1910000 458.0
1915000 0.8
1920000 451.0
1925000 409.7
1930000 448.5
1935000 452.2
1940000 455.0
1945000 407.0
1950000 401.5
1955000 412.2
1960000 454.5
1965000 457.9
1970000 406.2
1975000 455.9
1980000 468.2
1985000 362.8
1990000 359.6
1995000 451.8
2000000 456.9
