5000 0.0
10000 0.0
15000 0.0
20000 0.0
25000 0.1
30000 0.5
35000 0.8
40000 1.1
45000 2.0
50000 3.6
55000 5.1
60000 2.0
65000 9.8
70000 0.0
75000 11.0
80000 17.5
85000 7.7
90000 4.3
95000 19.3
100000 8.2
105000 9.2
110000 10.5
115000 0.9
120000 6.0
125000 77.0
130000 91.9
135000 101.5
140000 72.3
145000 122.5
150000 123.9
155000 152.9
160000 153.3
165000 159.1
170000 174.5
175000 181.2
180000 190.8
185000 185.7
190000 196.8
195000 200.4
200000 213.4
205000 144.8
210000 248.9
215000 240.9
220000 277.5
225000 287.0
230000 301.7
235000 293.2
240000 332.5
245000 332.9
250000 360.1
255000 383.6
260000 408.0
265000 386.6
270000 459.8
275000 464.9
280000 457.0
285000 467.6
290000 477.4
295000 468.8
300000 479.0
305000 483.9
310000 499.3
315000 499.1
320000 496.1
325000 499.2
330000 447.4
335000 499.7
340000 498.1
345000 496.6
350000 507.5
355000 513.3
360000 512.1
365000 512.6
370000 505.6
375000 509.4
380000 518.7
385000 508.2
390000 524.2
395000 467.2
400000 511.6
405000 242.7
410000 480.4
415000 443.3
420000 518.1
425000 528.6
430000 469.3
435000 520.6
440000 516.2
445000 485.8
450000 530.5
455000 532.7
460000 532.0
465000 544.2
470000 532.1
475000 542.7
480000 511.2
485000 543.8
490000 536.3
495000 549.6
500000 557.1
505000 545.0
510000 490.6
515000 551.7
520000 556.6
525000 557.0
530000 548.6
535000 549.9
540000 553.0
545000 559.1
550000 559.0
555000 564.6
560000 566.5
565000 566.0
570000 566.4
575000 562.3
580000 554.5
585000 567.8
590000 506.6
595000 561.2
600000 570.0
605000 266.8
610000 495.1
615000 530.9
620000 543.9
625000 566.8
630000 569.7
635000 568.7
640000 565.3
645000 567.9
650000 559.2
655000 567.8
660000 572.7
665000 579.5
670000 565.1
675000 567.0
680000 556.5
685000 555.1
690000 565.1
695000 577.4
700000 583.5
705000 576.2
710000 567.9
715000 570.1
720000 564.8
725000 576.4
730000 581.6
735000 521.5
740000 562.4
745000 574.2
750000 514.2
755000 577.0
760000 573.0
765000 576.3
770000 576.5
775000 576.1
780000 580.9
785000 582.4
790000 572.3
795000 582.1
800000 573.2
805000 372.8
810000 457.0
815000 556.2
820000 580.1
825000 539.9
830000 590.9
835000 586.5
840000 583.6
845000 588.5
850000 579.9
855000 589.0
860000 576.3
865000 585.7
870000 581.3
875000 528.2
880000 584.5
885000 586.3
890000 589.0
895000 578.3
900000 592.4
905000 569.2
910000 588.0
915000 581.8
920000 516.9
925000 591.0
930000 579.2
935000 560.9
940000 575.8
945000 575.5
950000 579.5
955000 580.1
960000 592.3
965000 588.3
970000 583.4
975000 578.2
980000 584.7
985000 588.2
990000 596.1
995000 594.5
1000000 578.5
1005000 297.2
1010000 563.3
1015000 574.9
1020000 588.3
1025000 606.0
1030000 599.6
1035000 608.6
1040000 585.8
1045000 599.3
1050000 593.1
1055000 608.1
1060000 600.0
1065000 589.8
1070000 593.8
1075000 594.8
1080000 591.1
1085000 592.2
1090000 602.6
1095000 590.1
1100000 591.1
1105000 586.7
1110000 591.3
1115000 593.5
1120000 596.5
1125000 585.5
1130000 596.9
1135000 596.5
1140000 596.1
1145000 607.8
1150000 597.0
1155000 590.2
1160000 592.3
1165000 590.8
1170000 600.1
1175000 599.2
1180000 599.0
1185000 606.1
1190000 595.9
1195000 598.7
1200000 603.1
1205000 91.0
1210000 446.9
1215000 385.5
1220000 585.4
1225000 579.5
1230000 607.0
1235000 482.4
1240000 607.3
1245000 550.5
1250000 583.9
1255000 605.2
1260000 599.7
1265000 540.9
1270000 533.5
1275000 530.5
1280000 588.8
1285000 592.8
1290000 589.8
1295000 587.0
1300000 581.1
1305000 581.9
1310000 587.4
1315000 574.4
1320000 580.7
1325000 584.8
1330000 526.0
1335000 576.8
1340000 581.8
1345000 519.6
1350000 574.0
1355000 567.4
1360000 582.6
1365000 518.2
1370000 575.6
1375000 573.9
1380000 563.3
1385000 573.0
1390000 581.3
1395000 571.9
1400000 514.1
1405000 201.5
1410000 446.7
1415000 458.5
1420000 542.1
1425000 556.4
1430000 460.2
1435000 577.0
1440000 495.4
1445000 550.4
1450000 555.7
1455000 564.7
1460000 580.2
1465000 567.0
1470000 563.2
1475000 573.5
1480000 562.4
1485000 570.4
1490000 571.7
1495000 563.8
1500000 553.0
1505000 555.5
1510000 560.1
1515000 571.2
1520000 567.6
1525000 511.6
1530000 561.2
1535000 574.8
1540000 556.5
1545000 571.4
1550000 575.1
1555000 518.3
1560000 564.5
1565000 567.0
1570000 570.5
1575000 555.8
1580000 555.3
1585000 566.1
1590000 556.1
1595000 557.0
1600000 554.0
1605000 220.6
1610000 484.7
1615000 536.8
1620000 530.3
1625000 534.9
1630000 539.8
1635000 558.0
1640000 472.7
1645000 552.7
1650000 496.3
1655000 546.3
1660000 560.9
1665000 549.4
1670000 544.8
1675000 508.0
1680000 554.9
1685000 546.1
1690000 477.3
1695000 499.9
1700000 499.7
1705000 557.6
1710000 568.6
1715000 562.3
1720000 563.4
1725000 558.6
1730000 563.5
1735000 555.6
1740000 548.6
1745000 568.2
1750000 563.9
1755000 571.5
1760000 558.9
1765000 565.7
1770000 562.5
1775000 561.8
1780000 561.6
1785000 560.5
1790000 499.7
1795000 553.5
1800000 560.0
1805000 235.3
1810000 454.6
1815000 542.4
1820000 543.3
1825000 492.2
1830000 436.3
1835000 556.6
1840000 486.9
1845000 553.7
1850000 545.4
1855000 558.5
1860000 542.3
1865000 562.3
1870000 562.7
1875000 552.5
1880000 557.1
1885000 558.0
1890000 559.3
1895000 557.4
1900000 545.6
1905000 562.4
1910000 505.9
1915000 552.7
1920000 517.1
1925000 566.8
1930000 562.0
1935000 558.4
1940000 489.6
1945000 553.4
1950000 560.9
1955000 504.4
1960000 564.5
1965000 568.3
1970000 571.7
1975000 552.7
1980000 561.4
1985000 553.5
1990000 569.3
1995000 557.1
2000000 566.8
