5000 0.0
10000 0.0
15000 0.0
20000 0.1
25000 0.1
30000 0.6
35000 0.1
40000 0.0
45000 0.0
50000 0.5
55000 0.3
60000 0.4
65000 0.0
70000 19.2
75000 13.7
80000 0.0
85000 0.0
90000 3.0
95000 0.4
100000 27.2
105000 0.8
110000 1.4
115000 1.4
120000 0.0
125000 0.0
130000 2.4
135000 1.2
140000 1.8
145000 1.7
150000 0.0
155000 0.3
160000 4.6
165000 2.3
170000 0.0
175000 0.0
180000 0.3
185000 1.2
190000 3.2
195000 1.3
200000 0.4
205000 11.8
210000 34.9
215000 44.2
220000 65.7
225000 104.9
230000 203.1
235000 151.9
240000 218.0
245000 229.0
250000 228.9
255000 247.8
260000 241.3
265000 260.0
270000 256.1
275000 258.2
280000 240.1
285000 257.6
290000 273.8
295000 282.5
300000 250.1
305000 284.4
310000 290.1
315000 284.2
320000 298.5
325000 299.1
330000 296.0
335000 302.4
340000 293.3
345000 300.1
350000 295.1
355000 306.3
360000 308.4
365000 309.7
370000 314.5
375000 303.3
380000 266.8
385000 312.9
390000 311.9
395000 277.6
400000 304.5
405000 139.8
410000 284.7
415000 301.7
420000 293.7
425000 303.8
430000 313.1
435000 317.0
440000 317.5
445000 317.0
450000 321.5
455000 315.9
460000 321.0
465000 318.5
470000 319.2
475000 324.6
480000 318.7
485000 320.0
490000 317.7
495000 324.2
500000 310.1
505000 321.8
510000 320.3
515000 316.4
520000 317.7
525000 327.5
530000 328.1
535000 321.4
540000 324.5
545000 320.1
550000 323.1
555000 321.2
560000 323.4
565000 327.8
570000 323.2
575000 322.9
580000 324.4
585000 324.0
590000 328.1
595000 324.3
600000 327.4
605000 206.1
610000 253.7
615000 311.8
620000 323.8
625000 304.7
630000 327.6
635000 325.8
640000 326.5
645000 322.2
650000 326.9
655000 320.6
660000 325.0
665000 327.2
670000 329.0
675000 325.1
680000 330.8
685000 323.7
690000 325.6
695000 329.9
700000 326.4
705000 324.6
710000 330.3
715000 328.6
720000 333.7
725000 334.6
730000 336.2
735000 339.3
740000 332.3
745000 330.6
750000 337.0
755000 328.8
760000 331.3
765000 331.6
770000 333.8
775000 337.3
780000 331.8
785000 336.2
790000 339.7
795000 330.9
800000 335.2
805000 240.0
810000 247.7
815000 312.0
820000 290.1
825000 324.3
830000 324.8
835000 326.3
840000 331.8
845000 303.6
850000 321.6
855000 293.3
860000 335.6
865000 335.0
870000 333.9
875000 331.3
880000 342.0
885000 333.5
890000 332.1
895000 299.8
900000 333.6
905000 332.7
910000 333.7
915000 339.5
920000 335.4
925000 342.1
930000 331.5
935000 341.5
940000 344.3
945000 308.3
950000 339.0
955000 346.3
960000 341.2
965000 341.3
970000 305.1
975000 335.2
980000 340.7
985000 343.0
990000 342.0
995000 344.1
1000000 349.0
1005000 170.7
1010000 313.4
1015000 321.9
1020000 323.7
1025000 293.8
1030000 326.5
1035000 327.8
1040000 336.4
1045000 334.2
1050000 341.4
1055000 336.1
1060000 335.3
1065000 339.4
1070000 340.8
1075000 340.3
1080000 341.8
1085000 344.4
1090000 343.6
1095000 310.3
1100000 342.2
1105000 342.4
1110000 347.7
1115000 342.9
1120000 345.3
1125000 347.4
1130000 340.1
1135000 351.4
1140000 344.7
1145000 350.3
1150000 351.3
1155000 348.5
1160000 352.7
1165000 348.4
1170000 348.1
1175000 349.4
1180000 351.1
1185000 349.9
1190000 354.6
1195000 355.7
1200000 352.3
1205000 232.4
1210000 316.5
1215000 306.9
1220000 341.4
1225000 332.9
1230000 314.0
1235000 348.7
1240000 340.6
1245000 349.1
1250000 346.6
1255000 315.8
1260000 351.4
1265000 351.0
1270000 351.5
1275000 352.4
1280000 352.2
1285000 349.4
1290000 355.7
1295000 316.8
1300000 353.6
1305000 357.1
1310000 361.8
1315000 362.9
1320000 358.6
1325000 355.7
1330000 356.3
1335000 358.3
1340000 356.2
1345000 358.0
1350000 359.3
1355000 357.7
1360000 359.4
1365000 360.4
1370000 367.4
1375000 362.5
1380000 368.2
1385000 367.0
1390000 338.3
1395000 378.4
1400000 367.1
1405000 159.1
1410000 304.7
1415000 336.2
1420000 366.6
1425000 363.1
1430000 375.1
1435000 357.9
1440000 373.7
1445000 366.4
1450000 372.0
1455000 371.5
1460000 370.5
1465000 370.3
1470000 376.8
1475000 376.3
1480000 375.3
1485000 375.8
1490000 377.8
1495000 373.8
1500000 345.5
1505000 379.2
1510000 376.8
1515000 382.7
1520000 384.2
1525000 385.6
1530000 384.1
1535000 383.8
1540000 384.9
1545000 385.3
1550000 379.8
1555000 382.2
1560000 392.7
1565000 390.5
1570000 383.5
1575000 384.8
1580000 385.0
1585000 383.9
1590000 383.6
1595000 392.0
1600000 388.7
1605000 145.4
1610000 298.2
1615000 327.5
1620000 370.9
1625000 373.1
1630000 362.6
1635000 368.3
1640000 345.7
1645000 376.9
1650000 376.9
1655000 385.3
1660000 386.0
1665000 392.6
1670000 393.0
1675000 380.3
1680000 383.6
1685000 385.4
1690000 390.4
1695000 386.8
1700000 391.6
1705000 390.9
1710000 390.1
1715000 393.1
1720000 384.7
1725000 387.6
1730000 396.2
1735000 395.2
1740000 392.2
1745000 388.2
1750000 390.2
1755000 356.1
1760000 390.3
1765000 389.0
1770000 392.7
1775000 389.1
1780000 391.3
1785000 394.6
1790000 394.8
1795000 395.0
1800000 386.6
1805000 216.5
1810000 294.3
1815000 358.6
1820000 372.3
1825000 377.0
1830000 378.4
1835000 384.9
1840000 379.4
1845000 386.0
1850000 374.8
1855000 385.7
1860000 391.8
1865000 390.3
1870000 393.0
1875000 393.5
1880000 380.9
1885000 391.1
1890000 380.2
1895000 380.2
1900000 392.2
1905000 398.1
1910000 393.5
1915000 387.4
1920000 388.7
1925000 389.7
1930000 391.1
1935000 394.6
1940000 234.9
1945000 388.4
1950000 353.7
1955000 353.4
1960000 392.2
1965000 349.2
1970000 392.6
1975000 390.2
1980000 393.3
1985000 395.2
1990000 394.4
1995000 400.9
2000000 393.0
