5000 24.7
10000 30.8
15000 103.4
20000 60.8
25000 117.9
30000 59.5
35000 86.9
40000 62.2
45000 257.3
50000 58.3
55000 38.7
60000 121.9
65000 63.0
70000 67.9
75000 160.5
80000 11.2
85000 109.9
90000 124.0
95000 114.7
100000 111.6
105000 107.9
110000 47.8
115000 127.1
120000 72.9
125000 121.9
130000 33.5
135000 25.9
140000 124.6
145000 126.2
150000 115.4
155000 127.5
160000 286.7
165000 222.4
170000 117.2
175000 271.1
180000 16.0
185000 73.1
190000 79.0
195000 161.5
200000 125.9
205000 156.4
210000 64.6
215000 111.1
220000 102.7
225000 64.4
230000 270.2
235000 113.4
240000 84.1
245000 27.5
250000 198.6
255000 153.7
260000 368.5
265000 457.7
270000 437.5
275000 536.2
280000 559.7
285000 546.8
290000 490.7
295000 538.1
300000 499.1
305000 516.5
310000 523.9
315000 597.1
320000 520.8
325000 585.2
330000 657.5
335000 655.8
340000 653.2
345000 429.7
350000 605.2
355000 588.2
360000 668.4
365000 645.8
370000 688.8
375000 646.8
380000 612.2
385000 642.1
390000 646.5
395000 665.5
400000 664.2
405000 71.5
410000 64.4
415000 16.3
420000 46.0
425000 449.6
430000 164.6
435000 512.1
440000 633.7
445000 663.3
450000 621.0
455000 698.2
460000 653.3
465000 668.5
470000 632.9
475000 633.5
480000 649.1
485000 635.9
490000 640.6
495000 574.9
500000 670.3
505000 629.3
510000 705.3
515000 717.9
520000 691.5
525000 707.5
530000 713.7
535000 743.6
540000 685.3
545000 694.2
550000 732.3
555000 669.2
560000 723.5
565000 722.6
570000 658.1
575000 664.6
580000 680.7
585000 735.4
590000 736.5
595000 665.3
600000 738.9
605000 83.8
610000 115.4
615000 22.9
620000 43.1
625000 19.1
630000 330.2
635000 394.4
640000 645.8
645000 573.4
650000 634.6
655000 703.8
660000 610.0
665000 717.1
670000 698.9
675000 684.0
680000 695.9
685000 738.4
690000 750.2
695000 722.4
700000 734.4
705000 797.1
710000 792.5
715000 710.0
720000 736.7
725000 755.2
730000 678.6
735000 737.2
740000 704.3
745000 769.6
750000 748.7
755000 712.4
760000 746.5
765000 812.3
770000 763.9
775000 795.5
780000 780.7
785000 820.9
790000 793.6
795000 810.7
800000 701.9
805000 157.4
810000 20.0
815000 70.6
820000 22.1
825000 217.2
830000 393.4
835000 490.3
840000 586.3
845000 679.1
850000 763.0
855000 757.7
860000 765.0
865000 649.4
870000 770.5
875000 792.8
880000 785.3
885000 795.9
890000 814.2
895000 750.1
900000 831.9
905000 826.1
910000 805.5
915000 785.3
920000 807.3
925000 842.8
930000 797.8
935000 798.4
940000 812.6
945000 820.0
950000 829.2
955000 849.5
960000 846.8
965000 829.2
970000 808.6
975000 858.6
980000 856.3
985000 806.6
990000 860.6
995000 829.8
1000000 814.6
1005000 305.1
1010000 34.0
1015000 208.6
1020000 18.5
1025000 169.5
1030000 308.1
1035000 695.3
1040000 676.7
1045000 589.6
1050000 739.3
1055000 664.3
1060000 712.4
1065000 706.2
1070000 565.6
1075000 699.7
1080000 706.7
1085000 802.9
1090000 818.6
1095000 840.3
1100000 799.8
1105000 850.0
1110000 867.2
1115000 771.7
1120000 857.7
1125000 840.0
1130000 778.2
1135000 832.5
1140000 825.8
1145000 844.6
1150000 822.9
1155000 835.4
1160000 833.9
1165000 863.2
1170000 853.9
1175000 857.1
1180000 852.7
1185000 849.2
1190000 873.4
1195000 849.1
1200000 832.3
1205000 160.0
1210000 99.7
1215000 21.4
1220000 39.0
1225000 63.5
1230000 501.8
1235000 759.5
1240000 700.1
1245000 785.7
1250000 769.5
1255000 819.4
1260000 801.0
1265000 729.5
1270000 809.6
1275000 744.1
1280000 713.7
1285000 816.0
1290000 802.1
1295000 822.6
1300000 815.0
1305000 844.8
1310000 860.3
1315000 818.6
1320000 868.2
1325000 838.8
1330000 856.2
1335000 845.8
1340000 846.9
1345000 793.9
1350000 852.3
1355000 859.6
1360000 856.5
1365000 694.0
1370000 770.6
1375000 791.3
1380000 805.4
1385000 863.2
1390000 865.9
1395000 805.4
1400000 848.7
1405000 252.3
1410000 85.2
1415000 190.8
1420000 74.4
1425000 33.1
1430000 41.4
1435000 516.8
1440000 709.7
1445000 708.8
1450000 743.0
1455000 784.5
1460000 729.2
1465000 837.6
1470000 804.3
1475000 838.9
1480000 820.6
1485000 840.9
1490000 828.4
1495000 818.1
1500000 844.4
1505000 868.0
1510000 866.7
1515000 862.9
1520000 737.0
1525000 833.1
1530000 861.6
1535000 813.2
1540000 860.0
1545000 845.1
1550000 785.4
1555000 889.6
1560000 900.3
1565000 896.2
1570000 860.7
1575000 879.4
1580000 874.6
1585000 886.1
1590000 873.3
1595000 862.4
1600000 876.8
1605000 108.9
1610000 34.2
1615000 15.6
1620000 199.6
1625000 147.4
1630000 230.5
1635000 563.1
1640000 404.8
1645000 688.6
1650000 375.2
1655000 780.3
1660000 668.7
1665000 825.4
1670000 836.7
1675000 864.1
1680000 855.3
1685000 854.1
1690000 848.5
1695000 790.3
1700000 839.4
1705000 833.3
1710000 861.6
1715000 873.8
1720000 865.2
1725000 849.0
1730000 873.8
1735000 862.1
1740000 893.4
1745000 868.2
1750000 838.3
1755000 868.4
1760000 867.5
1765000 886.8
1770000 875.6
1775000 877.3
1780000 883.2
1785000 873.1
1790000 870.3
1795000 872.1
1800000 869.9
1805000 61.4
1810000 40.6
1815000 44.0
1820000 109.4
1825000 132.3
1830000 196.3
1835000 632.6
1840000 679.5
1845000 790.1
1850000 669.0
1855000 792.0
1860000 825.9
1865000 825.3
1870000 842.1
1875000 865.0
1880000 825.7
1885000 880.1
1890000 884.8
1895000 859.1
1900000 872.4
1905000 864.5
1910000 851.9
1915000 862.0
1920000 865.6
1925000 877.2
1930000 892.2
1935000 880.4
1940000 840.8
1945000 876.5
1950000 870.9
1955000 894.1
1960000 902.3
1965000 866.9
1970000 870.0
1975000 893.9
1980000 896.7
1985000 880.3
1990000 847.6
1995000 878.1
2000000 876.9
