5000 40.0
10000 42.0
15000 102.1
20000 153.8
25000 88.9
30000 109.1
35000 18.5
40000 73.5
45000 55.7
50000 8.7
55000 85.1
60000 57.7
65000 10.7
70000 219.9
75000 163.1
80000 134.7
85000 21.8
90000 23.6
95000 8.7
100000 13.8
105000 117.1
110000 110.6
115000 153.1
120000 277.7
125000 16.3
130000 54.2
135000 163.5
140000 43.9
145000 12.8
150000 108.3
155000 76.4
160000 116.3
165000 84.8
170000 78.7
175000 119.7
180000 117.1
185000 20.9
190000 135.3
195000 34.2
200000 78.2
205000 55.8
210000 102.9
215000 63.8
220000 155.4
225000 25.9
230000 65.5
235000 105.0
240000 115.3
245000 226.9
250000 176.5
255000 129.5
260000 248.6
265000 226.1
270000 329.8
275000 228.4
280000 340.4
285000 345.5
290000 298.8
295000 267.6
300000 261.5
305000 302.4
310000 239.9
315000 289.0
320000 349.5
325000 240.9
330000 361.5
335000 335.1
340000 293.5
345000 307.9
350000 317.8
355000 285.0
360000 260.2
365000 392.2
370000 321.7
375000 313.6
380000 357.9
385000 353.0
390000 346.7
395000 342.9
400000 328.4
405000 56.6
410000 72.6
415000 61.0
420000 47.3
425000 10.9
430000 139.5
435000 280.5
440000 251.7
445000 267.7
450000 202.5
455000 283.0
460000 303.7
465000 257.8
470000 250.8
475000 327.2
480000 348.3
485000 311.9
490000 319.9
495000 328.7
500000 537.2
505000 247.7
510000 414.4
515000 421.0
520000 592.1
525000 552.0
530000 495.9
535000 558.3
540000 432.3
545000 519.1
550000 620.8
555000 562.3
560000 643.6
565000 602.9
570000 633.3
575000 653.7
580000 663.9
585000 619.0
590000 662.1
595000 583.3
600000 619.6
605000 212.4
610000 115.9
615000 178.5
620000 94.4
625000 139.8
630000 488.7
635000 428.1
640000 568.9
645000 562.2
650000 602.8
655000 629.7
660000 591.3
665000 644.5
670000 617.8
675000 609.1
680000 610.3
685000 562.6
690000 569.1
695000 605.3
700000 601.6
705000 673.2
710000 674.0
715000 653.7
720000 648.0
725000 642.8
730000 689.9
735000 691.6
740000 701.7
745000 682.4
750000 752.0
755000 694.4
760000 697.5
765000 700.5
770000 722.3
775000 675.9
780000 686.8
785000 732.1
790000 734.4
795000 734.7
800000 676.2
805000 157.2
810000 85.5
815000 35.1
820000 61.0
825000 111.0
830000 464.0
835000 529.0
840000 676.2
845000 704.6
850000 680.4
855000 606.2
860000 740.0
865000 625.7
870000 637.7
875000 740.3
880000 671.5
885000 687.6
890000 729.0
895000 729.5
900000 715.7
905000 669.5
910000 703.3
915000 678.6
920000 754.7
925000 742.3
930000 711.5
935000 696.7
940000 768.2
945000 726.6
950000 746.4
955000 755.0
960000 771.2
965000 769.5
970000 747.5
975000 767.9
980000 795.9
985000 759.0
990000 772.0
995000 737.3
1000000 780.0
1005000 56.1
1010000 30.9
1015000 37.7
1020000 57.4
1025000 170.1
1030000 491.4
1035000 578.7
1040000 792.8
1045000 731.4
1050000 682.1
1055000 718.6
1060000 683.2
1065000 728.5
1070000 704.1
1075000 684.2
1080000 795.7
1085000 708.7
1090000 782.3
1095000 756.1
1100000 744.5
1105000 743.9
1110000 777.0
1115000 765.1
1120000 747.2
1125000 757.8
1130000 731.8
1135000 803.0
1140000 714.6
1145000 782.1
1150000 759.1
1155000 747.6
1160000 769.9
1165000 768.5
1170000 778.0
1175000 743.8
1180000 783.8
1185000 778.7
1190000 775.7
1195000 767.1
1200000 795.5
1205000 59.1
1210000 64.6
1215000 123.5
1220000 201.2
1225000 81.0
1230000 463.5
1235000 697.5
1240000 700.8
1245000 786.2
1250000 774.8
1255000 723.5
1260000 662.2
1265000 732.0
1270000 687.9
1275000 709.9
1280000 740.8
1285000 791.4
1290000 700.5
1295000 786.0
1300000 796.3
1305000 773.0
1310000 783.2
1315000 785.1
1320000 800.3
1325000 800.0
1330000 803.7
1335000 843.8
1340000 784.0
1345000 818.5
1350000 797.1
1355000 871.8
1360000 852.9
1365000 823.6
1370000 824.8
1375000 823.1
1380000 824.0
1385000 829.3
1390000 755.8
1395000 836.6
1400000 801.8
1405000 219.9
1410000 21.3
1415000 17.5
1420000 26.2
1425000 346.0
1430000 482.3
1435000 613.9
1440000 718.7
1445000 651.3
1450000 761.5
1455000 802.1
1460000 790.0
1465000 713.7
1470000 800.4
1475000 818.6
1480000 812.9
1485000 804.4
1490000 798.8
1495000 839.0
1500000 706.7
1505000 770.6
1510000 806.6
1515000 697.1
1520000 807.8
1525000 839.1
1530000 826.0
1535000 765.4
1540000 822.6
1545000 721.2
1550000 835.0
1555000 805.0
1560000 810.9
1565000 828.7
1570000 790.1
1575000 758.5
1580000 841.1
1585000 838.1
1590000 832.7
1595000 853.3
1600000 817.9
1605000 134.5
1610000 12.3
1615000 33.5
1620000 33.3
1625000 65.3
1630000 184.7
1635000 560.7
1640000 651.5
1645000 722.5
1650000 753.7
1655000 791.0
1660000 758.6
1665000 712.9
1670000 728.9
1675000 772.0
1680000 803.2
1685000 810.0
1690000 792.3
1695000 805.3
1700000 833.9
1705000 817.1
1710000 825.7
1715000 813.4
1720000 808.5
1725000 840.0
1730000 858.5
1735000 848.2
1740000 855.3
1745000 840.3
1750000 823.9
1755000 882.0
1760000 830.6
1765000 813.9
1770000 873.4
1775000 824.7
1780000 838.7
1785000 805.0
1790000 824.9
1795000 863.9
1800000 859.9
1805000 59.4
1810000 28.8
1815000 50.6
1820000 38.1
1825000 198.7
1830000 499.8
1835000 585.1
1840000 650.0
1845000 746.5
1850000 697.5
1855000 801.7
1860000 774.6
1865000 817.4
1870000 834.5
1875000 824.3
1880000 854.2
1885000 836.3
1890000 808.6
1895000 812.3
1900000 836.0
1905000 843.2
1910000 820.1
1915000 846.8
1920000 855.6
1925000 841.7
1930000 807.1
1935000 871.2
1940000 841.0
1945000 846.7
1950000 853.5
1955000 846.4
1960000 875.8
1965000 883.3
1970000 827.3
1975000 872.8
1980000 867.6
1985000 869.9
1990000 846.8
1995000 907.3
2000000 845.1
