5000 115.1
10000 191.7
15000 236.1
20000 157.1
25000 56.9
30000 105.5
35000 160.6
40000 70.1
45000 109.4
50000 105.3
55000 11.5
60000 257.4
65000 107.5
70000 116.4
75000 63.0
80000 139.3
85000 77.3
90000 90.6
95000 99.9
100000 47.1
105000 51.9
110000 44.1
115000 33.9
120000 18.8
125000 206.1
130000 167.2
135000 65.0
140000 34.0
145000 74.0
150000 194.0
155000 112.9
160000 67.7
165000 87.0
170000 157.5
175000 159.7
180000 208.3
185000 119.0
190000 62.3
195000 174.6
200000 248.5
205000 154.2
210000 61.3
215000 160.1
220000 25.7
225000 145.1
230000 153.8
235000 35.1
240000 149.9
245000 71.9
250000 73.8
255000 153.1
260000 234.7
265000 200.0
270000 64.2
275000 221.6
280000 195.1
285000 154.0
290000 182.5
295000 404.5
300000 391.9
305000 359.4
310000 469.0
315000 537.6
320000 529.8
325000 503.4
330000 528.9
335000 562.9
340000 422.9
345000 538.1
350000 561.6
355000 579.6
360000 553.5
365000 589.2
370000 527.0
375000 612.8
380000 621.3
385000 591.4
390000 597.3
395000 606.7
400000 621.9
405000 106.7
410000 48.5
415000 15.8
420000 23.1
425000 269.3
430000 417.5
435000 251.1
440000 535.3
445000 612.7
450000 523.2
455000 630.0
460000 647.9
465000 664.3
470000 633.6
475000 681.5
480000 635.0
485000 649.8
490000 698.3
495000 677.1
500000 620.1
505000 688.9
510000 654.7
515000 663.4
520000 659.3
525000 692.9
530000 731.4
535000 704.1
540000 699.1
545000 668.6
550000 690.6
555000 672.3
560000 734.7
565000 723.6
570000 723.6
575000 718.0
580000 667.2
585000 731.0
590000 753.9
595000 703.7
600000 743.6
605000 140.0
610000 129.8
615000 31.2
620000 45.3
625000 136.6
630000 442.0
635000 625.3
640000 606.3
645000 655.5
650000 618.2
655000 669.5
660000 656.6
665000 674.1
670000 711.3
675000 681.8
680000 674.7
685000 731.5
690000 745.9
695000 728.5
700000 727.8
705000 708.6
710000 743.8
715000 652.7
720000 731.5
725000 765.7
730000 736.1
735000 726.6
740000 730.9
745000 753.7
750000 725.4
755000 740.8
760000 770.3
765000 773.6
770000 745.0
775000 772.7
780000 753.3
785000 725.0
790000 750.1
795000 744.6
800000 717.5
805000 108.1
810000 25.9
815000 51.4
820000 35.3
825000 92.2
830000 221.7
835000 517.2
840000 716.7
845000 715.9
850000 686.6
855000 659.8
860000 694.6
865000 658.5
870000 731.8
875000 752.3
880000 757.4
885000 785.8
890000 699.9
895000 772.4
900000 762.3
905000 737.2
910000 808.3
915000 803.6
920000 786.8
925000 802.1
930000 793.7
935000 792.8
940000 747.6
945000 784.2
950000 800.1
955000 818.8
960000 798.2
965000 749.8
970000 812.3
975000 799.8
980000 825.9
985000 823.1
990000 826.6
995000 833.9
1000000 801.5
1005000 110.1
1010000 64.4
1015000 15.2
1020000 211.8
1025000 23.5
1030000 224.4
1035000 599.4
1040000 575.8
1045000 576.6
1050000 772.1
1055000 543.9
1060000 718.8
1065000 810.4
1070000 805.6
1075000 815.1
1080000 815.3
1085000 769.0
1090000 783.6
1095000 784.7
1100000 831.0
1105000 770.7
1110000 829.7
1115000 788.4
1120000 825.9
1125000 790.0
1130000 817.5
1135000 796.5
1140000 824.3
1145000 845.9
1150000 845.2
1155000 869.2
1160000 852.3
1165000 840.9
1170000 854.2
1175000 824.7
1180000 845.7
1185000 872.5
1190000 810.8
1195000 836.0
1200000 862.5
1205000 161.2
1210000 27.8
1215000 20.6
1220000 20.2
1225000 91.2
1230000 217.8
1235000 548.0
1240000 643.5
1245000 741.3
1250000 766.8
1255000 775.7
1260000 801.2
1265000 712.1
1270000 764.0
1275000 684.7
1280000 795.2
1285000 839.5
1290000 859.8
1295000 820.1
1300000 833.0
1305000 860.7
1310000 860.1
1315000 901.5
1320000 838.9
1325000 882.5
1330000 872.5
1335000 916.2
1340000 874.8
1345000 858.3
1350000 886.1
1355000 871.1
1360000 849.1
1365000 853.9
1370000 900.7
1375000 890.0
1380000 801.9
1385000 881.2
1390000 862.9
1395000 871.9
1400000 891.7
1405000 112.8
1410000 47.7
1415000 14.0
1420000 13.6
1425000 39.9
1430000 56.4
1435000 360.0
1440000 356.5
1445000 614.7
1450000 606.5
1455000 547.8
1460000 749.0
1465000 735.2
1470000 807.8
1475000 711.8
1480000 820.9
1485000 868.1
1490000 859.3
1495000 855.5
1500000 852.6
1505000 864.4
1510000 865.2
1515000 873.7
1520000 871.5
1525000 868.4
1530000 878.3
1535000 849.0
1540000 898.0
1545000 905.9
1550000 865.4
1555000 881.6
1560000 879.2
1565000 880.1
1570000 900.5
1575000 901.7
1580000 891.0
1585000 921.5
1590000 885.5
1595000 919.6
1600000 883.5
1605000 108.3
1610000 27.1
1615000 102.5
1620000 46.8
1625000 42.8
1630000 106.4
1635000 124.4
1640000 481.2
1645000 739.5
1650000 746.0
1655000 643.5
1660000 683.5
1665000 727.8
1670000 791.9
1675000 860.5
1680000 798.8
1685000 856.8
1690000 866.4
1695000 871.5
1700000 887.7
1705000 868.6
1710000 904.8
1715000 877.5
1720000 853.3
1725000 872.5
1730000 889.4
1735000 882.7
1740000 900.0
1745000 889.2
1750000 847.8
1755000 888.4
1760000 887.4
1765000 899.9
1770000 901.8
1775000 909.5
1780000 906.5
1785000 903.3
1790000 899.7
1795000 900.9
1800000 912.3
1805000 202.4
1810000 100.2
1815000 30.3
1820000 14.3
1825000 9.2
1830000 67.9
1835000 164.7
1840000 324.3
1845000 430.8
1850000 608.2
1855000 627.1
1860000 801.5
1865000 819.9
1870000 786.2
1875000 858.2
1880000 834.6
1885000 819.4
1890000 829.9
1895000 872.9
1900000 890.1
1905000 883.5
1910000 893.0
1915000 877.0
1920000 892.1
1925000 915.7
1930000 881.2
1935000 898.9
1940000 894.3
1945000 904.3
1950000 914.1
1955000 880.2
1960000 905.0
1965000 921.3
1970000 919.4
1975000 923.4
1980000 900.5
1985000 920.9
1990000 917.0
1995000 907.1
2000000 917.5
