5000 70.9
10000 26.5
15000 16.6
20000 97.7
25000 248.9
30000 156.3
35000 57.2
40000 153.3
45000 58.4
50000 157.8
55000 56.3
60000 210.9
65000 111.2
70000 20.6
75000 42.2
80000 17.3
85000 115.2
90000 74.1
95000 42.9
100000 14.2
105000 214.6
110000 11.5
115000 18.6
120000 154.8
125000 20.9
130000 156.0
135000 65.5
140000 168.5
145000 154.6
150000 226.8
155000 55.0
160000 205.6
165000 88.4
170000 250.4
175000 162.1
180000 167.3
185000 256.7
190000 333.1
195000 318.6
200000 368.8
205000 96.5
210000 256.1
215000 107.4
220000 143.3
225000 265.0
230000 198.6
235000 294.1
240000 200.2
245000 347.8
250000 197.6
255000 149.6
260000 249.9
265000 223.7
270000 279.9
275000 332.7
280000 265.4
285000 202.9
290000 296.3
295000 242.1
300000 166.0
305000 105.6
310000 184.4
315000 290.8
320000 223.4
325000 284.9
330000 170.4
335000 379.0
340000 321.8
345000 267.6
350000 271.0
355000 334.9
360000 324.9
365000 417.3
370000 347.7
375000 325.3
380000 335.0
385000 335.9
390000 344.9
395000 372.0
400000 437.2
405000 111.3
410000 14.4
415000 26.0
420000 35.7
425000 158.8
430000 228.0
435000 271.1
440000 232.0
445000 239.0
450000 248.1
455000 357.0
460000 300.2
465000 283.4
470000 435.9
475000 365.0
480000 421.3
485000 448.0
490000 343.0
495000 430.3
500000 402.7
505000 370.1
510000 463.6
515000 406.1
520000 402.2
525000 501.9
530000 519.1
535000 513.7
540000 526.1
545000 521.9
550000 532.8
555000 536.7
560000 523.8
565000 521.6
570000 508.3
575000 558.3
580000 511.5
585000 524.1
590000 548.5
595000 574.6
600000 557.5
605000 156.0
610000 60.7
615000 263.1
620000 110.7
625000 73.6
630000 190.8
635000 98.3
640000 270.2
645000 404.3
650000 370.5
655000 368.1
660000 452.9
665000 511.6
670000 554.4
675000 466.6
680000 518.2
685000 512.0
690000 541.3
695000 588.3
700000 598.9
705000 605.7
710000 601.9
715000 629.2
720000 592.8
725000 604.6
730000 586.1
735000 599.5
740000 642.4
745000 537.0
750000 614.4
755000 607.8
760000 590.4
765000 645.1
770000 658.9
775000 664.0
780000 651.5
785000 634.8
790000 614.1
795000 615.4
800000 665.8
805000 6.6
810000 115.4
815000 15.9
820000 161.1
825000 136.2
830000 164.7
835000 324.0
840000 491.4
845000 523.0
850000 559.7
855000 586.9
860000 512.4
865000 612.2
870000 600.9
875000 633.1
880000 706.9
885000 675.5
890000 680.9
895000 613.6
900000 660.2
905000 685.0
910000 647.4
915000 635.8
920000 677.9
925000 690.4
930000 703.7
935000 639.7
940000 691.3
945000 694.4
950000 673.8
955000 719.0
960000 666.6
965000 661.3
970000 665.9
975000 621.3
980000 699.1
985000 693.1
990000 678.4
995000 692.6
1000000 641.8
1005000 209.3
1010000 204.7
1015000 162.3
1020000 46.3
1025000 65.2
1030000 76.3
1035000 136.7
1040000 176.2
1045000 635.8
1050000 625.3
1055000 634.9
1060000 506.8
1065000 665.6
1070000 663.9
1075000 691.3
1080000 556.9
1085000 608.6
1090000 689.0
1095000 669.1
1100000 613.1
1105000 637.7
1110000 646.3
1115000 682.1
1120000 627.9
1125000 699.2
1130000 715.9
1135000 622.8
1140000 722.2
1145000 695.9
1150000 659.9
1155000 699.3
1160000 680.9
1165000 707.0
1170000 686.2
1175000 716.7
1180000 738.0
1185000 722.0
1190000 703.7
1195000 721.0
1200000 697.7
1205000 109.5
1210000 166.8
1215000 108.6
1220000 13.7
1225000 22.1
1230000 201.2
1235000 247.3
1240000 434.5
1245000 593.9
1250000 687.3
1255000 589.4
1260000 601.9
1265000 675.3
1270000 707.8
1275000 710.9
1280000 726.5
1285000 711.2
1290000 739.2
1295000 658.1
1300000 742.7
1305000 703.0
1310000 765.9
1315000 761.3
1320000 776.3
1325000 772.4
1330000 744.8
1335000 728.6
1340000 748.6
1345000 767.3
1350000 731.6
1355000 764.1
1360000 762.9
1365000 766.5
1370000 764.4
1375000 771.2
1380000 763.5
1385000 752.8
1390000 751.3
1395000 769.4
1400000 692.5
1405000 105.3
1410000 14.4
1415000 54.8
1420000 29.3
1425000 132.6
1430000 162.7
1435000 375.9
1440000 556.8
1445000 675.9
1450000 622.2
1455000 695.4
1460000 707.4
1465000 758.9
1470000 669.0
1475000 783.3
1480000 770.8
1485000 734.0
1490000 733.9
1495000 759.1
1500000 758.1
1505000 756.0
1510000 733.4
1515000 748.5
1520000 758.4
1525000 738.4
1530000 745.3
1535000 756.3
1540000 791.2
1545000 800.8
1550000 751.5
1555000 773.2
1560000 785.5
1565000 753.0
1570000 808.6
1575000 768.7
1580000 733.9
1585000 770.4
1590000 763.9
1595000 732.9
1600000 780.6
1605000 111.2
1610000 160.5
1615000 22.7
1620000 22.8
1625000 33.6
1630000 437.2
1635000 233.9
1640000 507.5
1645000 701.3
1650000 622.8
1655000 762.9
1660000 725.1
1665000 729.9
1670000 748.9
1675000 710.4
1680000 729.3
1685000 754.5
1690000 755.0
1695000 763.2
1700000 758.0
1705000 805.0
1710000 775.4
1715000 797.3
1720000 802.4
1725000 774.6
1730000 756.3
1735000 782.5
1740000 798.0
1745000 778.3
1750000 781.1
1755000 783.0
1760000 810.2
1765000 811.2
1770000 833.9
1775000 785.1
1780000 768.8
1785000 812.0
1790000 797.1
1795000 775.6
1800000 759.3
1805000 206.9
1810000 143.3
1815000 19.7
1820000 61.8
1825000 44.3
1830000 35.9
1835000 373.8
1840000 678.5
1845000 619.7
1850000 675.9
1855000 549.1
1860000 743.4
1865000 728.8
1870000 779.0
1875000 763.7
1880000 763.9
1885000 780.6
1890000 786.1
1895000 764.9
1900000 771.7
1905000 794.7
1910000 789.8
1915000 811.6
1920000 784.4
1925000 810.8
1930000 800.7
1935000 824.0
1940000 827.2
1945000 835.6
1950000 835.4
1955000 823.3
1960000 814.5
1965000 833.3
1970000 827.8
1975000 839.0
1980000 825.0
1985000 837.3
1990000 837.1
1995000 850.1
2000000 809.2
