5000 78.9
10000 143.7
15000 150.1
20000 104.2
25000 66.7
30000 53.3
35000 8.3
40000 103.9
45000 93.7
50000 24.9
55000 42.8
60000 123.2
65000 157.3
70000 110.9
75000 265.1
80000 57.3
85000 158.4
90000 119.3
95000 22.1
100000 114.8
105000 59.8
110000 170.1
115000 134.0
120000 130.9
125000 89.5
130000 99.7
135000 148.4
140000 54.2
145000 148.9
150000 153.0
155000 179.1
160000 149.0
165000 240.1
170000 194.2
175000 340.1
180000 91.6
185000 171.7
190000 70.4
195000 152.3
200000 196.9
205000 13.6
210000 57.5
215000 24.0
220000 75.6
225000 41.7
230000 57.9
235000 65.3
240000 48.7
245000 93.1
250000 125.6
255000 114.7
260000 108.4
265000 126.7
270000 185.6
275000 131.1
280000 183.4
285000 218.2
290000 239.4
295000 168.5
300000 125.5
305000 102.2
310000 205.5
315000 130.3
320000 198.8
325000 162.5
330000 274.0
335000 324.0
340000 196.2
345000 193.8
350000 222.7
355000 257.8
360000 166.1
365000 204.1
370000 235.7
375000 148.6
380000 197.4
385000 371.4
390000 268.4
395000 255.6
400000 206.6
405000 65.5
410000 12.9
415000 25.3
420000 49.3
425000 34.6
430000 29.4
435000 348.2
440000 42.8
445000 177.6
450000 247.1
455000 148.3
460000 288.0
465000 184.9
470000 350.6
475000 240.6
480000 145.4
485000 253.7
490000 210.8
495000 335.5
500000 158.4
505000 371.0
510000 267.1
515000 208.0
520000 423.2
525000 270.4
530000 307.8
535000 151.8
540000 403.3
545000 292.3
550000 330.4
555000 324.3
560000 392.5
565000 242.7
570000 225.6
575000 210.3
580000 274.1
585000 346.0
590000 330.4
595000 148.1
600000 210.5
605000 107.7
610000 42.5
615000 28.4
620000 25.2
625000 22.0
630000 61.9
635000 148.8
640000 190.4
645000 91.8
650000 148.3
655000 92.4
660000 144.8
665000 250.8
670000 302.3
675000 267.7
680000 197.8
685000 378.7
690000 375.4
695000 158.9
700000 298.9
705000 434.7
710000 491.5
715000 214.7
720000 175.8
725000 232.8
730000 277.2
735000 200.7
740000 311.8
745000 162.8
750000 151.0
755000 304.2
760000 275.6
765000 185.2
770000 290.9
775000 410.4
780000 286.1
785000 288.1
790000 481.5
795000 231.1
800000 423.3
805000 113.2
810000 98.2
815000 146.6
820000 114.7
825000 29.6
830000 131.8
835000 124.0
840000 289.5
845000 220.8
850000 199.1
855000 309.9
860000 241.4
865000 292.0
870000 254.2
875000 308.2
880000 128.9
885000 336.5
890000 156.9
895000 227.3
900000 216.1
905000 215.5
910000 351.8
915000 396.9
920000 206.6
925000 276.7
930000 352.2
935000 204.2
940000 220.7
945000 228.0
950000 145.6
955000 298.3
960000 149.3
965000 270.7
970000 178.2
975000 522.6
980000 333.9
985000 208.8
990000 207.1
995000 355.8
1000000 264.1
1005000 189.8
1010000 72.9
1015000 19.7
1020000 104.4
1025000 67.1
1030000 205.1
1035000 11.1
1040000 176.7
1045000 294.2
1050000 162.2
1055000 200.3
1060000 338.7
1065000 223.2
1070000 305.0
1075000 146.0
1080000 272.0
1085000 221.4
1090000 217.9
1095000 227.4
1100000 147.5
1105000 264.9
1110000 261.1
1115000 306.8
1120000 300.9
1125000 226.2
1130000 204.9
1135000 333.9
1140000 212.6
1145000 304.2
1150000 416.9
1155000 279.5
1160000 365.5
1165000 232.9
1170000 287.0
1175000 304.5
1180000 355.8
1185000 265.4
1190000 387.3
1195000 352.4
1200000 253.6
1205000 258.7
1210000 68.1
1215000 157.9
1220000 31.1
1225000 14.0
1230000 29.6
1235000 155.2
1240000 130.8
1245000 366.7
1250000 186.9
1255000 158.0
1260000 306.3
1265000 142.6
1270000 205.4
1275000 225.9
1280000 305.1
1285000 399.7
1290000 271.1
1295000 204.0
1300000 362.3
1305000 254.6
1310000 385.1
1315000 251.6
1320000 367.9
1325000 369.8
1330000 301.5
1335000 171.0
1340000 196.2
1345000 173.2
1350000 527.4
1355000 182.9
1360000 313.5
1365000 247.5
1370000 245.7
1375000 614.9
1380000 515.6
1385000 531.0
1390000 554.6
1395000 582.2
1400000 627.9
1405000 70.3
1410000 16.7
1415000 17.7
1420000 67.4
1425000 54.0
1430000 82.1
1435000 165.2
1440000 187.6
1445000 187.4
1450000 276.8
1455000 201.1
1460000 570.8
1465000 546.6
1470000 578.3
1475000 568.3
1480000 416.0
1485000 636.8
1490000 751.5
1495000 766.4
1500000 736.9
1505000 769.2
1510000 791.1
1515000 746.1
1520000 790.0
1525000 782.1
1530000 777.9
1535000 742.6
1540000 745.8
1545000 727.0
1550000 814.9
1555000 811.9
1560000 756.5
1565000 820.1
1570000 756.9
1575000 766.6
1580000 828.3
1585000 833.0
1590000 808.8
1595000 826.3
1600000 854.4
1605000 10.0
1610000 27.3
1615000 20.1
1620000 60.1
1625000 202.5
1630000 255.9
1635000 344.1
1640000 613.5
1645000 709.2
1650000 717.5
1655000 739.3
1660000 764.6
1665000 797.8
1670000 810.4
1675000 711.4
1680000 542.3
1685000 805.1
1690000 840.3
1695000 838.2
1700000 821.2
1705000 763.7
1710000 858.4
1715000 789.5
1720000 868.1
1725000 813.0
1730000 842.1
1735000 856.9
1740000 832.1
1745000 845.5
1750000 854.8
1755000 837.4
1760000 863.3
1765000 854.3
1770000 822.7
1775000 828.0
1780000 798.5
1785000 851.5
1790000 845.6
1795000 825.0
1800000 840.2
1805000 11.9
1810000 24.8
1815000 24.8
1820000 12.8
1825000 45.2
1830000 123.7
1835000 364.9
1840000 367.6
1845000 731.9
1850000 747.7
1855000 762.4
1860000 767.0
1865000 782.2
1870000 756.8
1875000 753.7
1880000 825.3
1885000 835.3
1890000 831.5
1895000 829.3
1900000 836.5
1905000 800.6
1910000 838.5
1915000 844.3
1920000 856.7
1925000 726.0
1930000 863.5
1935000 855.7
1940000 881.2
1945000 839.3
1950000 851.9
1955000 881.6
1960000 847.0
1965000 857.4
1970000 882.1
1975000 880.2
1980000 859.4
1985000 850.3
1990000 837.6
1995000 879.9
2000000 863.6
