5000 22.4
10000 38.9
15000 104.1
20000 7.9
25000 62.7
30000 10.8
35000 18.2
40000 112.1
45000 111.7
50000 55.5
55000 34.4
60000 19.4
65000 38.4
70000 54.4
75000 22.7
80000 36.5
85000 36.8
90000 70.2
95000 17.5
100000 55.9
105000 27.1
110000 14.4
115000 119.6
120000 134.4
125000 144.9
130000 181.4
135000 66.0
140000 285.0
145000 194.8
150000 230.2
155000 55.1
160000 198.9
165000 273.3
170000 125.0
175000 80.8
180000 222.6
185000 197.8
190000 303.8
195000 262.0
200000 254.0
205000 12.0
210000 64.5
215000 23.0
220000 114.2
225000 48.5
230000 34.0
235000 201.7
240000 217.6
245000 256.8
250000 234.5
255000 247.8
260000 231.5
265000 331.8
270000 312.8
275000 293.9
280000 357.8
285000 282.5
290000 373.3
295000 359.7
300000 316.4
305000 290.9
310000 311.4
315000 362.0
320000 402.8
325000 357.2
330000 314.9
335000 319.0
340000 287.7
345000 467.2
350000 454.4
355000 440.7
360000 478.6
365000 486.2
370000 477.7
375000 479.9
380000 486.5
385000 482.5
390000 411.3
395000 464.0
400000 465.4
405000 147.2
410000 17.6
415000 127.4
420000 50.3
425000 361.3
430000 193.4
435000 383.0
440000 340.6
445000 399.6
450000 454.1
455000 452.5
460000 483.5
465000 447.2
470000 445.5
475000 466.3
480000 494.1
485000 518.3
490000 502.0
495000 530.2
500000 512.9
505000 552.6
510000 567.7
515000 567.0
520000 576.0
525000 581.7
530000 566.7
535000 613.3
540000 637.6
545000 688.0
550000 686.4
555000 605.9
560000 661.5
565000 582.2
570000 604.6
575000 719.9
580000 655.6
585000 632.0
590000 594.0
595000 700.0
600000 719.3
605000 100.9
610000 70.7
615000 130.1
620000 120.1
625000 255.1
630000 485.0
635000 460.6
640000 581.4
645000 608.3
650000 531.6
655000 667.5
660000 664.7
665000 667.7
670000 614.6
675000 743.8
680000 659.9
685000 703.9
690000 676.3
695000 704.9
700000 685.7
705000 746.1
710000 738.2
715000 709.3
720000 719.8
725000 784.4
730000 811.3
735000 776.0
740000 764.6
745000 733.3
750000 794.9
755000 777.7
760000 773.5
765000 741.4
770000 786.6
775000 783.8
780000 759.2
785000 794.6
790000 785.1
795000 790.3
800000 823.8
805000 21.1
810000 59.1
815000 46.3
820000 104.1
825000 85.2
830000 243.2
835000 685.9
840000 688.2
845000 666.0
850000 717.5
855000 794.6
860000 736.1
865000 770.9
870000 768.4
875000 729.3
880000 774.5
885000 814.8
890000 849.2
895000 826.4
900000 759.9
905000 778.2
910000 778.7
915000 831.5
920000 789.8
925000 785.8
930000 778.3
935000 804.6
940000 822.5
945000 819.8
950000 829.2
955000 801.0
960000 826.8
965000 780.7
970000 776.5
975000 830.0
980000 824.7
985000 831.0
990000 842.5
995000 850.0
1000000 796.0
1005000 195.1
1010000 39.0
1015000 68.1
1020000 122.7
1025000 208.3
1030000 459.5
1035000 699.1
1040000 720.6
1045000 674.7
1050000 803.5
1055000 791.0
1060000 750.8
1065000 815.5
1070000 866.3
1075000 817.7
1080000 776.7
1085000 835.4
1090000 861.6
1095000 857.5
1100000 806.3
1105000 852.1
1110000 835.8
1115000 804.2
1120000 846.5
1125000 831.5
1130000 830.5
1135000 848.7
1140000 798.7
1145000 826.0
1150000 816.9
1155000 837.2
1160000 720.8
1165000 865.6
1170000 858.2
1175000 860.3
1180000 855.4
1185000 836.6
1190000 849.6
1195000 847.6
1200000 849.6
1205000 91.8
1210000 94.0
1215000 120.6
1220000 457.1
1225000 363.6
1230000 729.5
1235000 749.2
1240000 546.1
1245000 668.9
1250000 765.4
1255000 751.6
1260000 803.9
1265000 837.0
1270000 805.6
1275000 831.2
1280000 886.0
1285000 857.3
1290000 872.2
1295000 885.1
1300000 879.5
1305000 839.0
1310000 840.6
1315000 855.6
1320000 859.2
1325000 889.7
1330000 865.2
1335000 878.7
1340000 887.6
1345000 879.8
1350000 875.5
1355000 881.7
1360000 883.0
1365000 899.0
1370000 898.3
1375000 904.8
1380000 908.1
1385000 918.9
1390000 907.3
1395000 914.6
1400000 909.3
1405000 17.0
1410000 12.3
1415000 15.4
1420000 64.8
1425000 336.0
1430000 627.9
1435000 528.6
1440000 663.3
1445000 751.9
1450000 685.5
1455000 656.2
1460000 862.0
1465000 807.6
1470000 824.9
1475000 769.6
1480000 891.2
1485000 865.3
1490000 890.3
1495000 898.4
1500000 784.4
1505000 836.0
1510000 820.9
1515000 881.8
1520000 826.8
1525000 902.9
1530000 911.2
1535000 891.6
1540000 785.0
1545000 818.7
1550000 924.2
1555000 904.6
1560000 920.5
1565000 828.7
1570000 898.5
1575000 861.8
1580000 898.3
1585000 910.1
1590000 909.5
1595000 901.6
1600000 913.5
1605000 106.7
1610000 20.6
1615000 40.4
1620000 21.5
1625000 40.1
1630000 146.7
1635000 436.7
1640000 588.1
1645000 473.5
1650000 766.9
1655000 511.4
1660000 582.3
1665000 805.7
1670000 583.8
1675000 813.6
1680000 855.8
1685000 794.4
1690000 875.8
1695000 850.7
1700000 916.4
1705000 867.0
1710000 877.0
1715000 805.3
1720000 850.1
1725000 860.1
1730000 865.9
1735000 872.2
1740000 875.7
1745000 893.5
1750000 897.6
1755000 897.4
1760000 879.4
1765000 915.8
1770000 914.9
1775000 924.1
1780000 918.6
1785000 901.0
1790000 922.0
1795000 899.6
1800000 944.1
1805000 165.0
1810000 59.9
1815000 45.0
1820000 87.1
1825000 38.4
1830000 405.2
1835000 397.3
1840000 542.9
1845000 627.4
1850000 679.2
1855000 631.4
1860000 563.4
1865000 850.3
1870000 751.6
1875000 848.0
1880000 875.1
1885000 839.6
1890000 869.4
1895000 859.2
1900000 862.8
1905000 867.3
1910000 803.0
1915000 898.1
1920000 877.5
1925000 915.2
1930000 892.4
1935000 894.7
1940000 887.5
1945000 899.5
1950000 900.6
1955000 891.8
1960000 851.6
1965000 888.3
1970000 901.9
1975000 883.9
1980000 881.1
1985000 917.5
1990000 908.9
1995000 879.6
2000000 905.5
