5000 19.9
10000 29.0
15000 42.4
20000 60.1
25000 252.2
30000 205.5
35000 203.9
40000 120.8
45000 55.7
50000 205.0
55000 17.3
60000 70.0
65000 10.9
70000 26.1
75000 20.0
80000 81.0
85000 40.5
90000 212.7
95000 70.6
100000 68.1
105000 75.8
110000 42.4
115000 89.9
120000 185.9
125000 135.9
130000 113.2
135000 196.6
140000 169.9
145000 86.8
150000 173.7
155000 172.7
160000 166.3
165000 82.2
170000 155.0
175000 140.8
180000 249.5
185000 118.4
190000 37.2
195000 267.0
200000 101.0
205000 102.8
210000 155.4
215000 10.4
220000 158.1
225000 130.3
230000 75.3
235000 67.6
240000 157.8
245000 148.2
250000 154.4
255000 111.9
260000 291.5
265000 211.4
270000 138.7
275000 142.7
280000 165.9
285000 167.5
290000 167.6
295000 243.6
300000 368.5
305000 446.5
310000 378.9
315000 234.6
320000 357.9
325000 417.3
330000 421.1
335000 432.7
340000 444.7
345000 412.4
350000 406.5
355000 440.6
360000 380.8
365000 367.5
370000 457.2
375000 447.0
380000 391.2
385000 447.6
390000 402.7
395000 407.5
400000 441.0
405000 55.5
410000 103.4
415000 110.6
420000 151.5
425000 66.8
430000 192.8
435000 180.1
440000 229.0
445000 267.4
450000 388.4
455000 289.0
460000 425.7
465000 374.5
470000 346.3
475000 339.9
480000 475.8
485000 390.3
490000 409.7
495000 456.2
500000 453.2
505000 438.4
510000 428.8
515000 460.9
520000 494.1
525000 511.9
530000 429.2
535000 490.4
540000 449.6
545000 478.5
550000 423.1
555000 517.6
560000 502.9
565000 487.5
570000 481.7
575000 503.1
580000 474.0
585000 498.4
590000 526.1
595000 472.2
600000 509.3
605000 155.8
610000 10.9
615000 60.2
620000 163.1
625000 161.9
630000 190.4
635000 390.0
640000 296.3
645000 339.6
650000 437.5
655000 474.7
660000 435.6
665000 437.5
670000 445.6
675000 417.5
680000 384.3
685000 552.7
690000 462.6
695000 535.6
700000 584.6
705000 562.5
710000 549.2
715000 480.2
720000 577.4
725000 560.6
730000 629.5
735000 534.9
740000 467.4
745000 543.7
750000 482.5
755000 593.4
760000 537.6
765000 545.8
770000 543.2
775000 625.3
780000 619.3
785000 642.5
790000 637.5
795000 662.2
800000 651.7
805000 105.4
810000 108.4
815000 155.0
820000 158.4
825000 28.8
830000 312.8
835000 204.2
840000 496.3
845000 445.0
850000 573.4
855000 585.2
860000 498.1
865000 669.9
870000 581.6
875000 633.6
880000 661.3
885000 490.1
890000 617.6
895000 634.5
900000 675.6
905000 613.2
910000 676.7
915000 640.6
920000 683.3
925000 639.1
930000 749.9
935000 646.5
940000 634.8
945000 685.4
950000 664.1
955000 681.3
960000 689.2
965000 666.0
970000 718.8
975000 660.9
980000 679.7
985000 680.4
990000 615.6
995000 643.6
1000000 657.9
1005000 86.1
1010000 57.4
1015000 58.4
1020000 25.8
1025000 95.0
1030000 129.1
1035000 309.6
1040000 452.3
1045000 630.6
1050000 611.2
1055000 475.8
1060000 451.5
1065000 583.5
1070000 585.4
1075000 666.0
1080000 604.2
1085000 538.0
1090000 576.9
1095000 688.2
1100000 601.0
1105000 626.0
1110000 712.7
1115000 643.4
1120000 628.9
1125000 700.2
1130000 723.4
1135000 722.5
1140000 698.7
1145000 721.6
1150000 717.7
1155000 735.0
1160000 750.9
1165000 713.7
1170000 724.3
1175000 682.2
1180000 698.3
1185000 736.5
1190000 743.4
1195000 705.4
1200000 761.9
1205000 102.4
1210000 255.7
1215000 108.0
1220000 66.3
1225000 22.8
1230000 86.8
1235000 373.5
1240000 467.0
1245000 558.8
1250000 566.5
1255000 695.2
1260000 571.9
1265000 751.7
1270000 622.6
1275000 693.9
1280000 763.5
1285000 736.6
1290000 732.8
1295000 708.9
1300000 754.4
1305000 751.6
1310000 707.1
1315000 766.4
1320000 796.9
1325000 781.2
1330000 756.4
1335000 748.4
1340000 819.9
1345000 615.0
1350000 712.4
1355000 716.6
1360000 766.2
1365000 797.3
1370000 792.8
1375000 753.9
1380000 746.2
1385000 799.0
1390000 785.0
1395000 721.6
1400000 800.3
1405000 108.3
1410000 162.0
1415000 256.0
1420000 226.4
1425000 31.0
1430000 35.3
1435000 293.6
1440000 666.6
1445000 464.6
1450000 595.9
1455000 586.4
1460000 575.2
1465000 610.9
1470000 654.0
1475000 753.0
1480000 786.1
1485000 759.8
1490000 730.0
1495000 741.3
1500000 725.6
1505000 780.8
1510000 730.4
1515000 847.2
1520000 810.9
1525000 833.5
1530000 790.2
1535000 773.4
1540000 730.3
1545000 794.6
1550000 804.1
1555000 751.4
1560000 760.9
1565000 796.9
1570000 799.5
1575000 717.8
1580000 789.7
1585000 795.8
1590000 726.4
1595000 796.3
1600000 797.7
1605000 24.5
1610000 53.5
1615000 312.6
1620000 210.0
1625000 125.6
1630000 204.2
1635000 75.4
1640000 563.8
1645000 630.7
1650000 477.5
1655000 739.7
1660000 711.9
1665000 755.2
1670000 705.6
1675000 529.9
1680000 753.2
1685000 690.4
1690000 781.7
1695000 816.0
1700000 711.4
1705000 737.5
1710000 769.7
1715000 793.9
1720000 743.0
1725000 710.4
1730000 803.6
1735000 773.9
1740000 789.3
1745000 715.9
1750000 843.9
1755000 799.0
1760000 838.6
1765000 817.1
1770000 803.7
1775000 802.8
1780000 863.7
1785000 761.1
1790000 837.9
1795000 827.3
1800000 848.0
1805000 96.1
1810000 48.4
1815000 160.2
1820000 24.0
1825000 64.0
1830000 80.6
1835000 307.9
1840000 414.1
1845000 575.7
1850000 699.5
1855000 703.1
1860000 717.9
1865000 711.2
1870000 648.8
1875000 686.8
1880000 712.6
1885000 617.7
1890000 826.4
1895000 787.7
1900000 787.8
1905000 772.0
1910000 788.3
1915000 775.8
1920000 727.5
1925000 706.8
1930000 787.9
1935000 809.1
1940000 787.6
1945000 777.5
1950000 834.5
1955000 770.7
1960000 809.1
1965000 828.3
1970000 822.0
1975000 811.0
1980000 779.8
1985000 796.7
1990000 834.5
1995000 838.1
2000000 846.8
