5000 133.7
10000 89.7
15000 149.3
20000 111.4
25000 106.6
30000 201.9
35000 104.5
40000 79.1
45000 205.4
50000 102.6
55000 109.0
60000 121.6
65000 110.7
70000 26.1
75000 59.4
80000 70.8
85000 74.0
90000 175.2
95000 217.3
100000 73.9
105000 117.8
110000 130.5
115000 77.0
120000 137.5
125000 148.4
130000 226.5
135000 197.0
140000 158.2
145000 241.2
150000 310.5
155000 142.5
160000 210.7
165000 324.2
170000 178.2
175000 220.8
180000 292.6
185000 322.9
190000 268.6
195000 126.1
200000 243.9
205000 156.6
210000 110.3
215000 108.3
220000 126.9
225000 235.0
230000 261.7
235000 229.5
240000 282.1
245000 214.7
250000 231.0
255000 307.0
260000 255.0
265000 345.2
270000 234.7
275000 288.7
280000 254.9
285000 316.0
290000 303.4
295000 255.2
300000 486.4
305000 475.4
310000 460.2
315000 482.1
320000 455.3
325000 505.0
330000 452.9
335000 467.4
340000 462.7
345000 501.2
350000 511.3
355000 550.6
360000 489.2
365000 527.2
370000 503.8
375000 570.1
380000 409.1
385000 573.9
390000 592.6
395000 594.9
400000 589.3
405000 56.5
410000 18.1
415000 38.9
420000 227.6
425000 302.4
430000 371.7
435000 294.7
440000 562.1
445000 579.0
450000 568.3
455000 557.1
460000 557.7
465000 559.7
470000 590.7
475000 579.3
480000 616.2
485000 567.8
490000 600.5
495000 616.7
500000 613.6
505000 566.1
510000 619.9
515000 622.4
520000 656.3
525000 661.8
530000 615.7
535000 593.6
540000 646.0
545000 657.9
550000 665.1
555000 663.2
560000 679.0
565000 653.2
570000 637.5
575000 681.8
580000 639.4
585000 648.2
590000 660.5
595000 642.1
600000 668.7
605000 88.4
610000 150.7
615000 19.5
620000 35.1
625000 144.6
630000 545.0
635000 456.3
640000 478.8
645000 499.4
650000 516.2
655000 647.8
660000 622.0
665000 675.7
670000 662.4
675000 691.6
680000 676.7
685000 666.4
690000 706.3
695000 668.6
700000 684.5
705000 708.1
710000 698.3
715000 731.7
720000 705.5
725000 720.2
730000 662.7
735000 727.0
740000 731.1
745000 702.4
750000 743.9
755000 688.6
760000 766.5
765000 705.4
770000 716.5
775000 752.3
780000 716.5
785000 760.1
790000 772.5
795000 749.6
800000 745.0
805000 106.4
810000 76.1
815000 201.1
820000 40.7
825000 79.7
830000 214.1
835000 534.7
840000 627.7
845000 697.1
850000 679.2
855000 627.8
860000 684.5
865000 663.7
870000 730.0
875000 659.9
880000 776.0
885000 711.8
890000 759.0
895000 748.6
900000 761.5
905000 744.7
910000 757.1
915000 746.1
920000 743.0
925000 723.9
930000 766.4
935000 762.1
940000 718.7
945000 754.7
950000 759.5
955000 777.9
960000 772.9
965000 789.1
970000 738.7
975000 751.6
980000 762.4
985000 750.5
990000 750.6
995000 785.9
1000000 793.4
1005000 20.9
1010000 108.1
1015000 19.3
1020000 27.3
1025000 48.0
1030000 148.0
1035000 282.1
1040000 580.7
1045000 765.5
1050000 751.5
1055000 720.0
1060000 659.5
1065000 701.5
1070000 759.8
1075000 700.1
1080000 735.6
1085000 714.0
1090000 689.0
1095000 784.4
1100000 748.0
1105000 738.1
1110000 749.9
1115000 760.3
1120000 802.6
1125000 738.9
1130000 783.8
1135000 687.7
1140000 795.5
1145000 781.3
1150000 783.2
1155000 794.6
1160000 820.3
1165000 795.4
1170000 826.1
1175000 790.9
1180000 797.4
1185000 796.1
1190000 791.5
1195000 776.5
1200000 819.2
1205000 4.3
1210000 18.3
1215000 73.3
1220000 231.6
1225000 82.2
1230000 300.7
1235000 632.5
1240000 556.8
1245000 772.1
1250000 712.4
1255000 532.5
1260000 759.2
1265000 756.6
1270000 777.3
1275000 791.4
1280000 754.3
1285000 796.5
1290000 811.9
1295000 778.7
1300000 782.2
1305000 789.3
1310000 791.9
1315000 755.2
1320000 788.2
1325000 782.9
1330000 809.3
1335000 812.9
1340000 786.3
1345000 786.9
1350000 789.8
1355000 815.0
1360000 815.9
1365000 837.7
1370000 829.9
1375000 814.5
1380000 828.9
1385000 815.4
1390000 797.5
1395000 836.7
1400000 843.8
1405000 48.7
1410000 7.4
1415000 55.0
1420000 23.5
1425000 131.2
1430000 83.9
1435000 245.6
1440000 324.1
1445000 633.4
1450000 714.1
1455000 746.8
1460000 766.5
1465000 791.8
1470000 791.2
1475000 774.9
1480000 794.0
1485000 824.1
1490000 809.3
1495000 802.6
1500000 815.6
1505000 772.8
1510000 833.3
1515000 811.3
1520000 789.4
1525000 837.7
1530000 766.3
1535000 827.5
1540000 827.3
1545000 817.4
1550000 835.0
1555000 840.1
1560000 833.9
1565000 809.2
1570000 838.9
1575000 816.2
1580000 794.9
1585000 833.6
1590000 812.7
1595000 848.8
1600000 817.9
1605000 107.4
1610000 66.6
1615000 110.2
1620000 108.3
1625000 68.2
1630000 403.7
1635000 360.4
1640000 692.7
1645000 750.0
1650000 771.5
1655000 644.3
1660000 663.7
1665000 768.9
1670000 789.3
1675000 736.6
1680000 772.5
1685000 594.3
1690000 679.3
1695000 734.2
1700000 787.8
1705000 841.8
1710000 793.7
1715000 821.6
1720000 772.0
1725000 823.8
1730000 860.0
1735000 794.2
1740000 806.4
1745000 851.2
1750000 841.3
1755000 821.7
1760000 839.3
1765000 829.7
1770000 874.0
1775000 799.4
1780000 859.9
1785000 849.8
1790000 811.8
1795000 845.9
1800000 880.6
1805000 99.2
1810000 30.1
1815000 69.8
1820000 22.3
1825000 35.0
1830000 468.5
1835000 374.2
1840000 540.1
1845000 656.4
1850000 693.7
1855000 647.8
1860000 785.1
1865000 793.5
1870000 770.5
1875000 745.7
1880000 771.7
1885000 756.6
1890000 768.6
1895000 801.4
1900000 781.0
1905000 762.8
1910000 778.9
1915000 751.8
1920000 809.5
1925000 807.6
1930000 802.9
1935000 793.1
1940000 855.5
1945000 807.4
1950000 775.3
1955000 812.1
1960000 864.8
1965000 798.2
1970000 828.9
1975000 840.9
1980000 762.8
1985000 794.9
1990000 818.7
1995000 838.2
2000000 777.2
