5000 167.6
10000 60.8
15000 57.6
20000 61.7
25000 201.9
30000 31.8
35000 60.0
40000 13.6
45000 153.2
50000 61.0
55000 157.5
60000 115.2
65000 111.0
70000 157.3
75000 257.6
80000 107.9
85000 61.0
90000 14.3
95000 66.7
100000 63.0
105000 15.9
110000 113.8
115000 115.0
120000 15.5
125000 14.6
130000 88.4
135000 66.5
140000 78.6
145000 15.0
150000 44.3
155000 65.6
160000 90.6
165000 120.1
170000 123.5
175000 77.6
180000 98.5
185000 76.0
190000 27.1
195000 168.0
200000 196.1
205000 62.1
210000 109.2
215000 161.5
220000 61.0
225000 24.1
230000 167.1
235000 180.3
240000 18.9
245000 83.8
250000 95.1
255000 120.7
260000 80.6
265000 119.9
270000 131.2
275000 163.4
280000 263.9
285000 128.2
290000 150.7
295000 205.6
300000 246.2
305000 192.1
310000 227.1
315000 308.7
320000 244.6
325000 234.1
330000 324.2
335000 313.9
340000 246.1
345000 333.8
350000 283.1
355000 323.7
360000 239.1
365000 368.1
370000 300.8
375000 300.2
380000 311.7
385000 223.1
390000 388.3
395000 262.5
400000 240.2
405000 42.1
410000 108.5
415000 159.9
420000 209.6
425000 184.9
430000 94.4
435000 104.3
440000 245.1
445000 284.7
450000 187.5
455000 239.6
460000 281.3
465000 254.1
470000 283.5
475000 322.0
480000 294.5
485000 331.0
490000 256.8
495000 357.7
500000 225.6
505000 247.8
510000 236.9
515000 265.4
520000 291.7
525000 330.4
530000 240.1
535000 299.6
540000 295.8
545000 268.6
550000 286.8
555000 267.4
560000 292.8
565000 373.1
570000 242.0
575000 245.9
580000 305.0
585000 336.4
590000 276.2
595000 333.2
600000 244.3
605000 103.1
610000 106.2
615000 149.1
620000 64.0
625000 283.0
630000 227.8
635000 156.3
640000 230.3
645000 257.8
650000 291.0
655000 273.5
660000 251.1
665000 329.3
670000 361.7
675000 346.7
680000 235.7
685000 303.5
690000 271.6
695000 249.3
700000 324.7
705000 276.9
710000 335.4
715000 347.1
720000 299.9
725000 352.5
730000 342.7
735000 253.1
740000 358.1
745000 312.0
750000 344.4
755000 280.3
760000 342.2
765000 331.5
770000 289.6
775000 278.5
780000 316.8
785000 285.9
790000 312.6
795000 426.1
800000 320.9
805000 163.4
810000 8.7
815000 18.3
820000 12.2
825000 73.6
830000 203.7
835000 261.1
840000 307.5
845000 284.9
850000 307.4
855000 323.3
860000 310.4
865000 241.3
870000 263.4
875000 311.1
880000 316.5
885000 309.4
890000 247.9
895000 312.3
900000 275.3
905000 250.3
910000 309.5
915000 325.6
920000 316.7
925000 323.1
930000 281.7
935000 311.8
940000 341.2
945000 317.8
950000 282.9
955000 265.1
960000 309.2
965000 396.1
970000 247.5
975000 360.7
980000 266.7
985000 281.9
990000 423.6
995000 287.8
1000000 319.8
1005000 10.0
1010000 153.9
1015000 16.2
1020000 12.3
1025000 114.6
1030000 293.9
1035000 255.4
1040000 265.9
1045000 265.7
1050000 308.2
1055000 284.2
1060000 300.9
1065000 313.2
1070000 444.5
1075000 318.0
1080000 334.8
1085000 404.1
1090000 424.0
1095000 366.8
1100000 400.5
1105000 339.0
1110000 439.2
1115000 389.1
1120000 401.7
1125000 468.3
1130000 453.2
1135000 430.7
1140000 482.0
1145000 445.0
1150000 434.7
1155000 415.4
1160000 399.5
1165000 344.2
1170000 395.6
1175000 427.5
1180000 372.1
1185000 542.0
1190000 520.6
1195000 445.7
1200000 517.4
1205000 58.3
1210000 113.1
1215000 129.3
1220000 180.9
1225000 61.5
1230000 398.2
1235000 478.0
1240000 452.6
1245000 329.1
1250000 255.7
1255000 288.2
1260000 474.1
1265000 462.7
1270000 501.4
1275000 460.7
1280000 517.8
1285000 561.0
1290000 480.9
1295000 620.4
1300000 522.1
1305000 627.8
1310000 554.2
1315000 483.2
1320000 625.8
1325000 670.1
1330000 535.4
1335000 629.2
1340000 575.6
1345000 629.3
1350000 638.3
1355000 623.6
1360000 636.7
1365000 640.5
1370000 565.0
1375000 642.9
1380000 657.5
1385000 615.2
1390000 655.2
1395000 676.9
1400000 682.7
1405000 12.7
1410000 22.9
1415000 15.1
1420000 42.9
1425000 166.5
1430000 123.8
1435000 87.1
1440000 573.4
1445000 589.0
1450000 656.7
1455000 633.4
1460000 689.0
1465000 700.7
1470000 692.6
1475000 740.5
1480000 608.4
1485000 682.6
1490000 728.9
1495000 764.3
1500000 733.0
1505000 693.6
1510000 726.7
1515000 735.6
1520000 708.7
1525000 638.7
1530000 762.0
1535000 723.6
1540000 775.6
1545000 727.9
1550000 755.3
1555000 768.3
1560000 801.0
1565000 779.8
1570000 774.8
1575000 730.5
1580000 717.2
1585000 707.0
1590000 809.7
1595000 784.1
1600000 778.0
1605000 9.1
1610000 110.1
1615000 37.6
1620000 31.7
1625000 105.4
1630000 147.6
1635000 751.5
1640000 697.8
1645000 578.2
1650000 507.0
1655000 787.8
1660000 764.4
1665000 770.0
1670000 705.3
1675000 717.4
1680000 777.7
1685000 751.3
1690000 790.2
1695000 770.1
1700000 809.6
1705000 818.0
1710000 825.0
1715000 818.5
1720000 763.1
1725000 783.5
1730000 846.8
1735000 756.4
1740000 813.2
1745000 820.2
1750000 814.5
1755000 805.2
1760000 876.6
1765000 858.7
1770000 852.1
1775000 826.9
1780000 824.3
1785000 829.6
1790000 845.2
1795000 872.4
1800000 834.3
1805000 143.6
1810000 7.2
1815000 174.6
1820000 53.5
1825000 50.8
1830000 111.7
1835000 740.7
1840000 779.8
1845000 772.1
1850000 811.9
1855000 824.1
1860000 804.8
1865000 848.0
1870000 745.1
1875000 787.1
1880000 817.1
1885000 811.4
1890000 859.5
1895000 601.8
1900000 694.6
1905000 832.3
1910000 843.1
1915000 842.9
1920000 863.1
1925000 817.7
1930000 831.5
1935000 853.2
1940000 884.2
1945000 856.0
1950000 873.5
1955000 858.0
1960000 887.9
1965000 854.6
1970000 859.6
1975000 876.3
1980000 853.7
1985000 880.7
1990000 822.6
1995000 871.4
2000000 843.0
