5000 65.2
10000 143.1
15000 151.8
20000 106.9
25000 109.5
30000 37.1
35000 162.5
40000 155.5
45000 157.0
50000 92.5
55000 210.8
60000 160.1
65000 157.8
70000 35.2
75000 116.4
80000 121.2
85000 262.7
90000 154.5
95000 17.2
100000 66.1
105000 46.3
110000 83.4
115000 178.5
120000 32.8
125000 91.3
130000 127.0
135000 37.6
140000 76.4
145000 67.0
150000 153.4
155000 246.8
160000 184.7
165000 214.4
170000 116.5
175000 309.1
180000 282.1
185000 236.7
190000 217.3
195000 195.5
200000 180.9
205000 108.1
210000 251.4
215000 159.8
220000 155.5
225000 181.6
230000 229.1
235000 388.9
240000 327.9
245000 326.7
250000 273.5
255000 447.0
260000 416.1
265000 432.3
270000 482.5
275000 458.5
280000 421.9
285000 462.4
290000 460.3
295000 479.1
300000 434.6
305000 452.8
310000 390.7
315000 456.5
320000 458.5
325000 486.4
330000 487.9
335000 519.4
340000 536.5
345000 511.5
350000 511.1
355000 563.0
360000 531.6
365000 520.4
370000 521.9
375000 573.1
380000 539.3
385000 553.9
390000 628.7
395000 577.0
400000 642.5
405000 109.6
410000 13.8
415000 61.5
420000 153.7
425000 152.6
430000 279.4
435000 53.7
440000 528.1
445000 485.2
450000 520.2
455000 563.9
460000 629.2
465000 610.3
470000 544.5
475000 577.4
480000 572.9
485000 621.4
490000 636.7
495000 628.3
500000 633.3
505000 629.1
510000 651.4
515000 607.4
520000 617.0
525000 634.3
530000 659.8
535000 675.2
540000 655.4
545000 720.4
550000 678.2
555000 701.3
560000 688.7
565000 679.4
570000 684.0
575000 670.1
580000 662.5
585000 688.6
590000 635.4
595000 693.2
600000 732.6
605000 152.3
610000 56.7
615000 64.7
620000 64.7
625000 217.7
630000 416.2
635000 378.1
640000 465.5
645000 549.7
650000 673.4
655000 705.3
660000 716.6
665000 710.3
670000 745.2
675000 725.0
680000 674.9
685000 692.2
690000 746.3
695000 720.6
700000 764.1
705000 777.9
710000 712.8
715000 797.7
720000 783.5
725000 717.8
730000 698.4
735000 703.3
740000 752.1
745000 774.3
750000 738.9
755000 780.3
760000 782.5
765000 824.0
770000 807.6
775000 760.0
780000 743.5
785000 798.6
790000 816.3
795000 766.9
800000 792.1
805000 200.3
810000 59.3
815000 58.9
820000 71.9
825000 163.5
830000 227.5
835000 447.2
840000 565.7
845000 454.6
850000 588.3
855000 524.8
860000 667.7
865000 733.8
870000 709.5
875000 723.9
880000 705.8
885000 765.7
890000 826.6
895000 766.5
900000 788.5
905000 757.9
910000 817.8
915000 735.3
920000 754.4
925000 780.9
930000 846.2
935000 801.1
940000 794.5
945000 799.9
950000 820.3
955000 793.4
960000 853.1
965000 834.8
970000 808.8
975000 839.9
980000 853.1
985000 796.4
990000 844.1
995000 854.4
1000000 844.2
1005000 205.1
1010000 108.1
1015000 60.1
1020000 152.8
1025000 182.6
1030000 527.9
1035000 748.6
1040000 658.9
1045000 726.4
1050000 735.9
1055000 719.7
1060000 742.8
1065000 792.1
1070000 726.7
1075000 698.0
1080000 860.4
1085000 797.4
1090000 799.2
1095000 796.6
1100000 777.3
1105000 832.0
1110000 786.2
1115000 833.2
1120000 793.9
1125000 844.9
1130000 815.5
1135000 822.6
1140000 873.4
1145000 872.6
1150000 850.0
1155000 838.9
1160000 830.0
1165000 875.3
1170000 892.4
1175000 888.3
1180000 821.7
1185000 889.2
1190000 866.9
1195000 876.5
1200000 899.7
1205000 105.1
1210000 15.7
1215000 24.0
1220000 58.0
1225000 263.4
1230000 85.1
1235000 625.6
1240000 663.5
1245000 728.6
1250000 696.1
1255000 776.5
1260000 798.2
1265000 822.8
1270000 773.0
1275000 701.8
1280000 823.0
1285000 889.4
1290000 826.9
1295000 858.5
1300000 834.5
1305000 843.2
1310000 843.5
1315000 828.2
1320000 764.7
1325000 808.5
1330000 877.1
1335000 871.8
1340000 856.2
1345000 915.3
1350000 882.2
1355000 913.0
1360000 901.9
1365000 873.4
1370000 856.6
1375000 874.0
1380000 908.7
1385000 907.3
1390000 907.4
1395000 903.2
1400000 902.2
1405000 158.1
1410000 28.4
1415000 66.8
1420000 88.0
1425000 114.9
1430000 64.1
1435000 500.1
1440000 559.7
1445000 730.8
1450000 701.4
1455000 724.3
1460000 812.5
1465000 810.5
1470000 823.3
1475000 799.5
1480000 856.1
1485000 850.1
1490000 890.7
1495000 793.5
1500000 887.6
1505000 878.4
1510000 880.5
1515000 851.6
1520000 868.0
1525000 903.2
1530000 899.0
1535000 903.2
1540000 890.1
1545000 870.0
1550000 933.7
1555000 907.5
1560000 898.8
1565000 922.1
1570000 894.3
1575000 899.7
1580000 861.8
1585000 903.8
1590000 838.0
1595000 916.8
1600000 880.6
1605000 164.5
1610000 44.8
1615000 105.3
1620000 111.2
1625000 12.0
1630000 269.8
1635000 311.9
1640000 539.8
1645000 640.4
1650000 816.0
1655000 879.7
1660000 747.7
1665000 744.0
1670000 663.9
1675000 814.9
1680000 863.7
1685000 870.9
1690000 827.4
1695000 890.9
1700000 900.8
1705000 848.2
1710000 908.5
1715000 901.5
1720000 899.7
1725000 883.5
1730000 889.4
1735000 870.7
1740000 879.8
1745000 832.0
1750000 898.4
1755000 927.0
1760000 887.2
1765000 924.5
1770000 859.5
1775000 900.1
1780000 893.1
1785000 898.3
1790000 893.6
1795000 898.1
1800000 889.4
1805000 61.7
1810000 38.7
1815000 57.2
1820000 82.3
1825000 20.5
1830000 100.3
1835000 220.1
1840000 446.9
1845000 603.9
1850000 759.2
1855000 738.7
1860000 689.5
1865000 792.0
1870000 833.1
1875000 855.7
1880000 833.5
1885000 793.6
1890000 848.0
1895000 867.6
1900000 874.5
1905000 887.7
1910000 885.9
1915000 823.6
1920000 916.7
1925000 896.4
1930000 900.9
1935000 876.1
1940000 881.2
1945000 893.2
1950000 906.5
1955000 923.1
1960000 931.4
1965000 917.2
1970000 944.5
1975000 925.3
1980000 911.9
1985000 914.3
1990000 912.1
1995000 947.0
2000000 903.0
