5000 199.8
10000 252.8
15000 134.1
20000 11.8
25000 69.6
30000 12.3
35000 149.9
40000 183.4
45000 39.6
50000 185.3
55000 11.2
60000 196.6
65000 93.4
70000 132.2
75000 20.3
80000 79.0
85000 29.9
90000 61.9
95000 126.2
100000 48.1
105000 147.8
110000 68.8
115000 178.8
120000 272.0
125000 318.9
130000 170.6
135000 283.7
140000 35.3
145000 134.4
150000 256.0
155000 183.4
160000 24.1
165000 118.2
170000 165.0
175000 380.4
180000 163.3
185000 183.9
190000 259.7
195000 44.3
200000 69.9
205000 29.9
210000 210.0
215000 149.4
220000 85.8
225000 226.9
230000 51.9
235000 23.4
240000 120.8
245000 20.5
250000 190.8
255000 163.8
260000 182.9
265000 24.3
270000 295.0
275000 220.7
280000 270.8
285000 104.3
290000 123.3
295000 284.8
300000 50.5
305000 240.6
310000 330.7
315000 265.1
320000 268.6
325000 266.0
330000 149.3
335000 95.5
340000 105.7
345000 310.9
350000 131.0
355000 258.9
360000 399.5
365000 228.2
370000 236.6
375000 273.0
380000 424.3
385000 284.6
390000 371.6
395000 387.1
400000 222.6
405000 105.5
410000 143.3
415000 269.8
420000 146.7
425000 228.2
430000 102.8
435000 63.0
440000 228.8
445000 20.7
450000 107.1
455000 17.4
460000 119.2
465000 181.6
470000 249.3
475000 64.9
480000 112.3
485000 191.1
490000 299.3
495000 314.6
500000 203.9
505000 26.9
510000 45.2
515000 206.1
520000 101.6
525000 197.2
530000 197.8
535000 188.8
540000 63.4
545000 183.2
550000 19.6
555000 13.4
560000 118.8
565000 357.5
570000 487.3
575000 396.8
580000 205.7
585000 345.3
590000 296.8
595000 159.2
600000 591.0
605000 112.5
610000 166.4
615000 100.3
620000 267.2
625000 218.4
630000 104.5
635000 239.3
640000 139.1
645000 181.4
650000 381.0
655000 228.0
660000 359.5
665000 19.4
670000 298.2
675000 250.5
680000 265.2
685000 72.3
690000 336.9
695000 32.1
700000 106.2
705000 270.0
710000 238.9
715000 452.8
720000 303.7
725000 227.8
730000 72.2
735000 113.3
740000 209.4
745000 386.3
750000 206.8
755000 423.9
760000 199.6
765000 467.9
770000 454.0
775000 131.5
780000 24.7
785000 230.1
790000 369.6
795000 291.9
800000 114.8
805000 74.1
810000 123.3
815000 148.7
820000 159.9
825000 22.7
830000 201.8
835000 190.5
840000 374.9
845000 151.4
850000 194.3
855000 63.0
860000 9.9
865000 171.9
870000 181.5
875000 111.4
880000 234.4
885000 187.8
890000 312.7
895000 112.3
900000 16.3
905000 321.5
910000 205.3
915000 111.0
920000 85.2
925000 298.9
930000 269.7
935000 105.1
940000 203.9
945000 208.6
950000 88.3
955000 399.5
960000 126.0
965000 309.4
970000 108.2
975000 197.3
980000 448.4
985000 416.5
990000 209.2
995000 141.5
1000000 366.4
1005000 46.7
1010000 81.2
1015000 222.8
1020000 257.9
1025000 116.9
1030000 163.8
1035000 58.5
1040000 318.2
1045000 97.4
1050000 257.6
1055000 232.4
1060000 299.2
1065000 114.9
1070000 165.4
1075000 412.9
1080000 228.7
1085000 173.2
1090000 242.6
1095000 503.6
1100000 353.2
1105000 442.9
1110000 171.5
1115000 178.8
1120000 341.5
1125000 306.3
1130000 236.0
1135000 321.3
1140000 318.7
1145000 125.8
1150000 126.2
1155000 157.6
1160000 361.6
1165000 381.4
1170000 203.1
1175000 332.7
1180000 121.8
1185000 196.7
1190000 33.6
1195000 315.0
1200000 389.2
1205000 324.0
1210000 105.5
1215000 287.7
1220000 82.2
1225000 185.2
1230000 161.1
1235000 293.5
1240000 217.1
1245000 188.5
1250000 317.1
1255000 116.0
1260000 45.4
1265000 191.0
1270000 18.0
1275000 308.5
1280000 516.5
1285000 108.1
1290000 210.2
1295000 296.3
1300000 405.3
1305000 546.7
1310000 276.8
1315000 169.8
1320000 205.0
1325000 201.4
1330000 304.7
1335000 290.7
1340000 294.0
1345000 179.7
1350000 459.0
1355000 276.1
1360000 134.2
1365000 183.7
1370000 263.1
1375000 297.2
1380000 446.9
1385000 247.8
1390000 448.7
1395000 164.5
1400000 217.8
1405000 60.1
1410000 97.1
1415000 174.8
1420000 200.5
1425000 320.2
1430000 62.2
1435000 140.4
1440000 161.9
1445000 53.7
1450000 190.0
1455000 88.3
1460000 170.3
1465000 194.4
1470000 415.0
1475000 203.6
1480000 237.1
1485000 207.3
1490000 178.8
1495000 237.5
1500000 296.5
1505000 149.4
1510000 247.4
1515000 112.1
1520000 264.6
1525000 383.9
1530000 206.5
1535000 319.0
1540000 259.5
1545000 342.6
1550000 38.0
1555000 143.7
1560000 103.1
1565000 463.3
1570000 112.0
1575000 105.5
1580000 9.7
1585000 190.9
1590000 110.0
1595000 182.0
1600000 303.3
1605000 155.5
1610000 94.0
1615000 228.8
1620000 170.2
1625000 111.2
1630000 178.0
1635000 93.0
1640000 253.9
1645000 182.8
1650000 228.5
1655000 199.5
1660000 202.7
1665000 311.3
1670000 258.6
1675000 252.3
1680000 590.9
1685000 202.2
1690000 207.1
1695000 305.4
1700000 182.4
1705000 217.4
1710000 576.5
1715000 103.9
1720000 283.0
1725000 309.6
1730000 375.8
1735000 310.1
1740000 346.4
1745000 188.2
1750000 196.4
1755000 104.5
1760000 187.3
1765000 510.7
1770000 556.1
1775000 192.5
1780000 423.6
1785000 366.9
1790000 145.2
1795000 370.3
1800000 477.9
1805000 341.4
1810000 229.1
1815000 175.5
1820000 121.8
1825000 125.9
1830000 18.7
1835000 172.5
1840000 308.8
1845000 251.8
1850000 39.4
1855000 27.8
1860000 232.9
1865000 16.7
1870000 221.3
1875000 194.6
1880000 249.6
1885000 559.5
1890000 151.0
1895000 196.6
1900000 372.8
1905000 281.7
1910000 195.4
1915000 301.2
1920000 71.7
1925000 292.0
1930000 428.7
1935000 399.9
1940000 221.6
1945000 205.0
1950000 313.2
1955000 186.6
1960000 174.8
1965000 147.4
1970000 12.7
1975000 394.7
1980000 283.6
1985000 418.6
1990000 242.8
1995000 114.9
2000000 9.7
