5000 234.1
10000 122.4
15000 324.2
20000 72.6
25000 102.6
30000 142.2
35000 31.4
40000 225.0
45000 188.2
50000 88.9
55000 111.5
60000 170.4
65000 156.6
70000 110.3
75000 255.6
80000 85.1
85000 78.4
90000 60.1
95000 60.0
100000 276.0
105000 159.7
110000 269.1
115000 169.2
120000 105.1
125000 138.9
130000 175.8
135000 76.3
140000 117.8
145000 232.4
150000 91.8
155000 186.9
160000 269.2
165000 114.7
170000 275.8
175000 46.0
180000 173.2
185000 161.0
190000 129.8
195000 123.4
200000 184.7
205000 118.0
210000 138.6
215000 209.1
220000 125.0
225000 184.7
230000 183.0
235000 12.6
240000 241.5
245000 214.8
250000 107.9
255000 242.2
260000 63.6
265000 44.6
270000 437.3
275000 108.8
280000 176.1
285000 144.3
290000 449.1
295000 149.9
300000 262.4
305000 238.2
310000 95.4
315000 209.1
320000 294.0
325000 288.0
330000 79.9
335000 461.8
340000 203.8
345000 379.1
350000 153.6
355000 194.7
360000 232.5
365000 170.2
370000 310.5
375000 274.5
380000 241.8
385000 206.4
390000 180.5
395000 50.1
400000 180.2
405000 24.3
410000 62.4
415000 46.4
420000 155.5
425000 68.6
430000 200.0
435000 271.6
440000 273.3
445000 214.2
450000 228.9
455000 303.9
460000 212.2
465000 497.1
470000 441.7
475000 296.3
480000 212.8
485000 224.5
490000 166.4
495000 254.6
500000 172.8
505000 112.8
510000 368.1
515000 183.8
520000 256.9
525000 218.7
530000 270.0
535000 297.8
540000 279.6
545000 237.4
550000 310.0
555000 95.1
560000 453.7
565000 247.0
570000 271.8
575000 384.5
580000 115.2
585000 186.1
590000 216.5
595000 273.5
600000 93.0
605000 130.9
610000 131.9
615000 160.7
620000 101.3
625000 118.9
630000 271.6
635000 18.0
640000 124.1
645000 225.5
650000 267.6
655000 136.1
660000 494.4
665000 285.0
670000 168.8
675000 103.0
680000 549.0
685000 158.6
690000 466.1
695000 27.0
700000 217.6
705000 118.3
710000 189.3
715000 47.4
720000 94.7
725000 249.4
730000 13.8
735000 124.3
740000 226.6
745000 197.9
750000 16.6
755000 377.0
760000 298.7
765000 298.3
770000 227.5
775000 139.0
780000 496.3
785000 122.4
790000 126.2
795000 175.1
800000 210.2
805000 290.8
810000 212.3
815000 147.2
820000 88.0
825000 75.2
830000 16.8
835000 319.6
840000 145.4
845000 125.1
850000 383.9
855000 169.2
860000 181.3
865000 242.5
870000 78.0
875000 196.7
880000 18.7
885000 97.5
890000 371.8
895000 304.8
900000 99.5
905000 110.2
910000 227.8
915000 246.0
920000 191.9
925000 78.0
930000 46.6
935000 115.0
940000 197.1
945000 369.8
950000 219.9
955000 342.8
960000 104.3
965000 270.0
970000 154.5
975000 195.9
980000 24.4
985000 305.2
990000 232.0
995000 208.4
1000000 113.5
1005000 103.4
1010000 373.9
1015000 226.4
1020000 53.6
1025000 200.3
1030000 154.7
1035000 230.8
1040000 144.1
1045000 206.4
1050000 106.4
1055000 169.5
1060000 315.1
1065000 155.1
1070000 273.3
1075000 137.1
1080000 79.6
1085000 230.8
1090000 231.8
1095000 107.0
1100000 113.3
1105000 285.5
1110000 190.6
1115000 348.9
1120000 483.0
1125000 485.8
1130000 142.6
1135000 197.0
1140000 107.9
1145000 77.9
1150000 216.4
1155000 12.8
1160000 155.8
1165000 200.5
1170000 308.2
1175000 108.9
1180000 24.8
1185000 194.7
1190000 379.3
1195000 343.2
1200000 316.1
1205000 148.3
1210000 29.5
1215000 175.7
1220000 158.1
1225000 126.5
1230000 174.2
1235000 118.9
1240000 255.4
1245000 128.6
1250000 82.6
1255000 14.1
1260000 147.4
1265000 358.6
1270000 122.4
1275000 202.4
1280000 353.9
1285000 367.8
1290000 117.1
1295000 244.6
1300000 365.1
1305000 410.8
1310000 188.7
1315000 384.9
1320000 82.6
1325000 277.1
1330000 204.0
1335000 348.0
1340000 321.1
1345000 243.6
1350000 464.5
1355000 123.6
1360000 342.6
1365000 220.7
1370000 302.3
1375000 205.1
1380000 353.0
1385000 415.5
1390000 109.0
1395000 140.3
1400000 343.6
1405000 311.8
1410000 168.2
1415000 69.8
1420000 246.7
1425000 154.7
1430000 283.2
1435000 255.6
1440000 231.3
1445000 249.6
1450000 186.8
1455000 264.3
1460000 159.8
1465000 225.7
1470000 246.5
1475000 202.1
1480000 205.7
1485000 208.8
1490000 272.7
1495000 164.0
1500000 450.5
1505000 191.4
1510000 228.2
1515000 97.7
1520000 278.5
1525000 162.0
1530000 103.5
1535000 461.7
1540000 99.2
1545000 292.7
1550000 110.9
1555000 259.9
1560000 314.4
1565000 195.7
1570000 215.8
1575000 257.1
1580000 354.6
1585000 299.9
1590000 112.4
1595000 82.3
1600000 393.4
1605000 175.7
1610000 44.9
1615000 148.5
1620000 137.6
1625000 135.0
1630000 174.7
1635000 85.3
1640000 81.5
1645000 150.4
1650000 202.8
1655000 142.8
1660000 189.9
1665000 200.6
1670000 173.9
1675000 230.3
1680000 190.7
1685000 14.4
1690000 182.8
1695000 165.4
1700000 106.2
1705000 289.4
1710000 278.9
1715000 246.9
1720000 230.0
1725000 355.5
1730000 269.2
1735000 98.7
1740000 59.1
1745000 359.3
1750000 457.3
1755000 20.1
1760000 113.9
1765000 446.5
1770000 242.4
1775000 44.8
1780000 14.6
1785000 257.7
1790000 115.4
1795000 310.2
1800000 132.1
1805000 281.4
1810000 253.0
1815000 162.9
1820000 347.8
1825000 198.0
1830000 226.5
1835000 107.1
1840000 215.2
1845000 111.7
1850000 230.6
1855000 224.5
1860000 314.7
1865000 113.8
1870000 357.9
1875000 209.8
1880000 178.9
1885000 118.4
1890000 13.2
1895000 294.0
1900000 466.0
1905000 392.8
1910000 205.1
1915000 71.0
1920000 165.2
1925000 280.7
1930000 195.4
1935000 309.0
1940000 394.7
1945000 219.4
1950000 217.7
1955000 278.4
1960000 296.4
1965000 248.4
1970000 191.9
1975000 213.4
1980000 117.3
1985000 290.6
1990000 113.8
1995000 274.8
2000000 239.7
