5000 74.6
10000 87.4
15000 202.5
20000 37.9
25000 274.8
30000 107.1
35000 136.9
40000 189.0
45000 276.8
50000 140.8
55000 151.0
60000 113.6
65000 161.9
70000 108.1
75000 270.6
80000 13.3
85000 182.7
90000 79.6
95000 199.5
100000 130.0
105000 185.9
110000 106.1
115000 173.3
120000 21.9
125000 435.1
130000 78.4
135000 148.4
140000 545.5
145000 223.2
150000 52.7
155000 209.9
160000 32.9
165000 90.4
170000 75.5
175000 211.5
180000 280.9
185000 208.4
190000 90.4
195000 350.9
200000 276.5
205000 80.0
210000 54.3
215000 99.6
220000 47.9
225000 237.3
230000 182.5
235000 300.2
240000 188.4
245000 15.1
250000 65.1
255000 130.5
260000 78.0
265000 278.1
270000 136.9
275000 286.2
280000 90.9
285000 265.8
290000 180.5
295000 200.1
300000 153.6
305000 325.6
310000 23.9
315000 134.1
320000 268.6
325000 228.1
330000 315.2
335000 127.4
340000 194.4
345000 276.1
350000 225.7
355000 178.1
360000 188.5
365000 192.8
370000 107.9
375000 306.1
380000 338.8
385000 90.6
390000 293.0
395000 348.3
400000 16.0
405000 227.9
410000 29.8
415000 374.6
420000 242.3
425000 168.4
430000 202.1
435000 206.9
440000 82.9
445000 257.3
450000 123.7
455000 62.3
460000 308.3
465000 97.8
470000 224.8
475000 209.5
480000 13.3
485000 247.8
490000 272.5
495000 154.7
500000 11.0
505000 33.4
510000 117.6
515000 437.4
520000 198.7
525000 194.4
530000 293.7
535000 281.9
540000 244.1
545000 73.0
550000 341.7
555000 204.6
560000 387.6
565000 215.9
570000 19.8
575000 302.9
580000 108.5
585000 255.8
590000 100.2
595000 168.4
600000 240.1
605000 169.6
610000 19.7
615000 155.1
620000 68.6
625000 56.8
630000 214.4
635000 256.5
640000 118.2
645000 200.2
650000 271.5
655000 100.0
660000 190.2
665000 123.1
670000 214.5
675000 304.4
680000 486.3
685000 109.3
690000 286.1
695000 397.3
700000 173.8
705000 348.9
710000 19.0
715000 334.0
720000 352.8
725000 465.6
730000 179.0
735000 27.1
740000 302.3
745000 391.8
750000 179.2
755000 265.7
760000 216.8
765000 212.5
770000 133.0
775000 548.2
780000 110.4
785000 166.5
790000 344.3
795000 215.5
800000 82.9
805000 121.6
810000 165.6
815000 135.0
820000 100.0
825000 99.7
830000 249.0
835000 276.9
840000 362.1
845000 114.1
850000 91.4
855000 147.9
860000 156.3
865000 306.4
870000 180.7
875000 109.6
880000 334.4
885000 410.5
890000 10.2
895000 431.0
900000 399.2
905000 403.4
910000 258.8
915000 217.7
920000 220.3
925000 369.2
930000 242.6
935000 24.1
940000 309.9
945000 113.1
950000 17.3
955000 117.4
960000 124.5
965000 330.2
970000 101.7
975000 396.1
980000 389.2
985000 87.2
990000 304.1
995000 96.9
1000000 318.8
1005000 144.5
1010000 109.0
1015000 282.9
1020000 189.4
1025000 244.5
1030000 254.1
1035000 300.8
1040000 268.1
1045000 115.4
1050000 23.9
1055000 114.9
1060000 20.4
1065000 25.1
1070000 507.5
1075000 112.8
1080000 180.5
1085000 281.6
1090000 165.0
1095000 303.7
1100000 20.9
1105000 214.1
1110000 214.7
1115000 107.5
1120000 222.4
1125000 356.5
1130000 388.2
1135000 486.3
1140000 110.7
1145000 195.2
1150000 257.0
1155000 315.7
1160000 393.7
1165000 368.9
1170000 340.9
1175000 336.9
1180000 404.9
1185000 195.8
1190000 120.8
1195000 550.1
1200000 222.3
1205000 101.8
1210000 135.3
1215000 214.5
1220000 87.1
1225000 180.5
1230000 127.0
1235000 100.0
1240000 425.7
1245000 169.9
1250000 250.4
1255000 181.0
1260000 227.6
1265000 207.1
1270000 195.3
1275000 237.0
1280000 184.4
1285000 80.0
1290000 90.4
1295000 200.8
1300000 287.3
1305000 475.4
1310000 177.2
1315000 265.5
1320000 250.8
1325000 197.4
1330000 346.8
1335000 468.8
1340000 410.6
1345000 306.5
1350000 471.7
1355000 227.0
1360000 231.6
1365000 113.7
1370000 189.8
1375000 115.0
1380000 104.6
1385000 381.0
1390000 259.6
1395000 573.0
1400000 343.7
1405000 294.3
1410000 88.0
1415000 220.8
1420000 158.4
1425000 244.2
1430000 131.3
1435000 181.1
1440000 247.3
1445000 387.4
1450000 212.1
1455000 426.9
1460000 276.8
1465000 183.7
1470000 391.3
1475000 28.7
1480000 230.0
1485000 411.4
1490000 172.7
1495000 109.9
1500000 334.3
1505000 397.9
1510000 208.3
1515000 285.0
1520000 478.5
1525000 204.7
1530000 400.2
1535000 418.8
1540000 202.4
1545000 285.6
1550000 124.2
1555000 117.9
1560000 470.4
1565000 299.9
1570000 354.1
1575000 275.8
1580000 375.8
1585000 186.8
1590000 400.2
1595000 117.7
1600000 289.0
1605000 24.3
1610000 29.1
1615000 267.3
1620000 167.4
1625000 12.9
1630000 266.6
1635000 80.9
1640000 259.6
1645000 168.4
1650000 218.1
1655000 217.4
1660000 115.3
1665000 153.4
1670000 242.1
1675000 168.4
1680000 137.1
1685000 191.7
1690000 324.1
1695000 214.8
1700000 197.0
1705000 189.8
1710000 120.9
1715000 241.5
1720000 480.1
1725000 207.7
1730000 194.3
1735000 445.3
1740000 456.5
1745000 456.9
1750000 465.8
1755000 236.6
1760000 133.7
1765000 327.0
1770000 207.2
1775000 303.0
1780000 213.9
1785000 535.2
1790000 202.5
1795000 101.6
1800000 336.6
1805000 162.5
1810000 87.2
1815000 207.6
1820000 10.9
1825000 108.8
1830000 314.4
1835000 105.7
1840000 218.2
1845000 187.8
1850000 20.6
1855000 277.3
1860000 41.3
1865000 106.0
1870000 365.2
1875000 272.6
1880000 279.5
1885000 327.6
1890000 435.8
1895000 291.1
1900000 330.2
1905000 338.9
1910000 225.2
1915000 375.0
1920000 338.4
1925000 359.7
1930000 222.3
1935000 216.4
1940000 390.3
1945000 340.3
1950000 281.0
1955000 339.3
1960000 309.9
1965000 201.3
1970000 275.7
1975000 240.1
1980000 275.6
1985000 360.8
1990000 37.8
1995000 192.0
2000000 174.0
