5000 86.7
10000 209.2
15000 226.7
20000 327.1
25000 360.2
30000 180.4
35000 290.3
40000 130.8
45000 186.5
50000 424.6
55000 139.4
60000 237.7
65000 301.7
70000 285.8
75000 125.3
80000 190.6
85000 320.1
90000 130.0
95000 138.0
100000 114.4
105000 96.5
110000 155.5
115000 203.7
120000 39.4
125000 268.4
130000 192.0
135000 231.9
140000 197.1
145000 241.3
150000 145.8
155000 283.1
160000 221.3
165000 188.0
170000 403.4
175000 198.8
180000 346.5
185000 369.4
190000 222.7
195000 373.6
200000 55.9
205000 131.8
210000 155.1
215000 30.7
220000 124.0
225000 274.7
230000 188.5
235000 155.9
240000 57.4
245000 114.4
250000 38.2
255000 171.0
260000 350.4
265000 215.5
270000 196.3
275000 226.9
280000 33.5
285000 127.7
290000 133.0
295000 137.3
300000 172.4
305000 262.4
310000 299.5
315000 379.5
320000 92.9
325000 78.7
330000 214.3
335000 483.7
340000 352.3
345000 214.6
350000 27.9
355000 92.5
360000 297.9
365000 302.9
370000 80.5
375000 260.3
380000 195.0
385000 273.8
390000 109.0
395000 187.3
400000 107.9
405000 227.4
410000 166.6
415000 283.2
420000 113.5
425000 279.7
430000 260.9
435000 233.8
440000 152.0
445000 68.0
450000 51.0
455000 339.2
460000 83.4
465000 259.6
470000 15.5
475000 225.0
480000 200.1
485000 316.7
490000 223.0
495000 268.8
500000 214.0
505000 237.4
510000 305.4
515000 316.8
520000 355.6
525000 171.0
530000 393.6
535000 214.2
540000 289.2
545000 458.5
550000 302.5
555000 246.8
560000 208.2
565000 204.4
570000 119.8
575000 386.2
580000 284.0
585000 214.5
590000 234.0
595000 222.5
600000 186.6
605000 164.4
610000 141.2
615000 9.9
620000 263.6
625000 72.6
630000 73.1
635000 158.6
640000 145.8
645000 47.8
650000 80.4
655000 143.3
660000 132.1
665000 40.3
670000 453.2
675000 100.3
680000 21.0
685000 43.9
690000 246.7
695000 172.2
700000 366.9
705000 407.5
710000 60.9
715000 168.2
720000 161.8
725000 342.1
730000 147.0
735000 193.1
740000 227.2
745000 174.2
750000 110.5
755000 243.8
760000 302.6
765000 344.8
770000 277.5
775000 210.0
780000 452.6
785000 348.3
790000 113.8
795000 140.0
800000 299.5
805000 171.8
810000 131.8
815000 130.1
820000 208.2
825000 83.9
830000 267.2
835000 104.4
840000 19.8
845000 182.0
850000 69.9
855000 312.0
860000 195.0
865000 121.2
870000 26.2
875000 150.7
880000 284.8
885000 10.3
890000 213.4
895000 95.6
900000 305.7
905000 160.9
910000 207.7
915000 21.2
920000 150.7
925000 129.4
930000 88.8
935000 328.0
940000 142.6
945000 327.7
950000 130.4
955000 113.5
960000 243.3
965000 395.2
970000 207.7
975000 284.2
980000 387.3
985000 128.3
990000 114.5
995000 385.4
1000000 308.5
1005000 87.3
1010000 202.8
1015000 85.1
1020000 77.2
1025000 196.2
1030000 200.7
1035000 109.2
1040000 305.6
1045000 291.5
1050000 61.8
1055000 315.7
1060000 114.0
1065000 306.1
1070000 21.8
1075000 305.7
1080000 195.0
1085000 103.5
1090000 114.4
1095000 108.5
1100000 214.7
1105000 337.2
1110000 387.5
1115000 394.6
1120000 313.8
1125000 296.5
1130000 337.0
1135000 206.6
1140000 280.8
1145000 144.3
1150000 333.3
1155000 246.6
1160000 215.0
1165000 393.0
1170000 332.7
1175000 450.4
1180000 308.3
1185000 116.1
1190000 65.7
1195000 310.9
1200000 292.1
1205000 141.8
1210000 193.0
1215000 164.1
1220000 150.4
1225000 162.8
1230000 70.5
1235000 163.9
1240000 84.8
1245000 148.8
1250000 151.7
1255000 261.8
1260000 383.5
1265000 175.2
1270000 212.1
1275000 354.5
1280000 391.0
1285000 241.7
1290000 133.4
1295000 224.7
1300000 315.3
1305000 65.6
1310000 180.2
1315000 201.1
1320000 108.3
1325000 16.7
1330000 198.4
1335000 281.0
1340000 407.7
1345000 460.1
1350000 546.6
1355000 269.3
1360000 204.9
1365000 523.8
1370000 292.5
1375000 166.5
1380000 351.1
1385000 145.3
1390000 284.2
1395000 266.3
1400000 332.4
1405000 59.4
1410000 54.4
1415000 83.4
1420000 110.5
1425000 137.1
1430000 167.6
1435000 145.3
1440000 272.9
1445000 32.2
1450000 250.0
1455000 115.3
1460000 318.9
1465000 187.5
1470000 97.4
1475000 119.5
1480000 65.6
1485000 268.2
1490000 231.1
1495000 265.2
1500000 150.9
1505000 132.0
1510000 129.1
1515000 203.6
1520000 107.1
1525000 342.6
1530000 305.9
1535000 380.4
1540000 305.9
1545000 147.1
1550000 14.3
1555000 441.3
1560000 221.0
1565000 430.0
1570000 299.3
1575000 302.3
1580000 80.6
1585000 305.6
1590000 208.0
1595000 305.2
1600000 162.2
1605000 118.7
1610000 211.7
1615000 352.9
1620000 93.0
1625000 113.7
1630000 86.1
1635000 296.8
1640000 177.1
1645000 415.3
1650000 19.0
1655000 98.3
1660000 288.2
1665000 100.3
1670000 268.5
1675000 198.0
1680000 304.1
1685000 318.9
1690000 406.5
1695000 28.1
1700000 190.3
1705000 347.6
1710000 299.1
1715000 164.8
1720000 231.5
1725000 162.1
1730000 119.3
1735000 319.1
1740000 223.7
1745000 206.5
1750000 102.4
1755000 206.1
1760000 108.3
1765000 207.4
1770000 118.9
1775000 111.4
1780000 193.8
1785000 46.9
1790000 322.9
1795000 232.7
1800000 219.9
1805000 110.8
1810000 145.4
1815000 108.8
1820000 16.4
1825000 147.9
1830000 115.9
1835000 118.1
1840000 225.7
1845000 350.0
1850000 152.2
1855000 230.4
1860000 280.2
1865000 282.4
1870000 179.8
1875000 172.4
1880000 382.6
1885000 233.7
1890000 142.2
1895000 446.9
1900000 149.5
1905000 18.0
1910000 21.5
1915000 288.8
1920000 164.0
1925000 125.7
1930000 215.1
1935000 366.3
1940000 462.3
1945000 179.7
1950000 444.5
1955000 480.3
1960000 237.4
1965000 161.5
1970000 176.6
1975000 302.9
1980000 503.3
1985000 181.6
1990000 263.1
1995000 201.9
2000000 323.2
