5000 180.6
10000 253.4
15000 264.4
20000 148.9
25000 17.9
30000 221.5
35000 48.9
40000 16.4
45000 55.3
50000 74.4
55000 112.7
60000 243.5
65000 234.4
70000 168.3
75000 95.4
80000 56.9
85000 33.1
90000 84.9
95000 18.8
100000 182.9
105000 22.7
110000 109.2
115000 174.2
120000 76.8
125000 290.8
130000 19.6
135000 111.3
140000 210.6
145000 228.5
150000 114.9
155000 62.9
160000 350.7
165000 88.3
170000 80.4
175000 119.1
180000 67.8
185000 96.5
190000 140.8
195000 147.8
200000 223.5
205000 158.1
210000 206.6
215000 262.1
220000 107.2
225000 124.9
230000 14.4
235000 201.2
240000 139.0
245000 186.0
250000 226.5
255000 331.9
260000 123.1
265000 117.0
270000 248.2
275000 115.9
280000 81.2
285000 318.6
290000 89.0
295000 107.1
300000 171.0
305000 206.1
310000 272.0
315000 119.7
320000 112.6
325000 200.9
330000 377.3
335000 272.3
340000 185.8
345000 90.4
350000 280.4
355000 182.8
360000 290.0
365000 299.1
370000 284.0
375000 74.4
380000 267.9
385000 15.4
390000 171.3
395000 22.4
400000 350.6
405000 167.9
410000 54.8
415000 221.4
420000 148.1
425000 148.1
430000 105.1
435000 175.0
440000 88.9
445000 213.3
450000 342.4
455000 290.1
460000 300.3
465000 186.1
470000 102.6
475000 133.2
480000 23.1
485000 295.3
490000 293.9
495000 296.2
500000 254.9
505000 340.8
510000 16.4
515000 288.4
520000 272.6
525000 89.0
530000 201.5
535000 129.3
540000 180.4
545000 135.5
550000 282.0
555000 190.5
560000 125.2
565000 87.5
570000 327.3
575000 230.2
580000 107.5
585000 214.4
590000 200.0
595000 140.7
600000 67.3
605000 19.3
610000 113.6
615000 169.7
620000 108.3
625000 99.8
630000 94.9
635000 284.9
640000 26.9
645000 165.2
650000 244.7
655000 208.3
660000 104.0
665000 290.8
670000 109.4
675000 25.5
680000 13.4
685000 262.6
690000 298.5
695000 116.6
700000 295.9
705000 116.1
710000 203.7
715000 258.9
720000 120.2
725000 212.9
730000 310.4
735000 244.9
740000 199.7
745000 113.0
750000 143.2
755000 194.4
760000 391.1
765000 133.5
770000 306.4
775000 213.5
780000 317.5
785000 96.2
790000 307.4
795000 210.8
800000 306.6
805000 175.3
810000 79.0
815000 238.6
820000 58.4
825000 34.1
830000 258.1
835000 103.8
840000 295.0
845000 160.1
850000 350.2
855000 21.7
860000 251.9
865000 361.2
870000 119.4
875000 250.3
880000 64.9
885000 235.9
890000 163.9
895000 218.3
900000 277.5
905000 175.1
910000 278.3
915000 263.1
920000 54.2
925000 165.3
930000 245.2
935000 326.9
940000 276.7
945000 446.6
950000 191.2
955000 123.4
960000 273.7
965000 208.4
970000 64.0
975000 119.9
980000 236.1
985000 163.3
990000 42.1
995000 433.9
1000000 324.5
1005000 15.2
1010000 161.5
1015000 52.2
1020000 251.1
1025000 201.0
1030000 166.4
1035000 65.9
1040000 261.0
1045000 254.8
1050000 207.3
1055000 193.6
1060000 454.5
1065000 79.3
1070000 375.3
1075000 283.7
1080000 221.2
1085000 187.9
1090000 618.7
1095000 131.4
1100000 276.5
1105000 470.0
1110000 340.0
1115000 267.2
1120000 380.8
1125000 510.5
1130000 458.6
1135000 360.6
1140000 152.0
1145000 261.3
1150000 272.5
1155000 176.2
1160000 109.2
1165000 400.2
1170000 289.2
1175000 250.9
1180000 106.4
1185000 205.5
1190000 424.3
1195000 354.0
1200000 117.0
1205000 107.2
1210000 102.8
1215000 290.1
1220000 270.9
1225000 277.4
1230000 122.6
1235000 33.0
1240000 203.5
1245000 110.0
1250000 321.8
1255000 245.3
1260000 455.4
1265000 380.9
1270000 213.1
1275000 245.3
1280000 397.6
1285000 209.9
1290000 126.6
1295000 481.5
1300000 206.4
1305000 22.5
1310000 391.8
1315000 161.9
1320000 261.8
1325000 477.5
1330000 278.1
1335000 359.0
1340000 111.1
1345000 321.1
1350000 245.2
1355000 237.1
1360000 206.8
1365000 90.9
1370000 249.1
1375000 195.1
1380000 118.2
1385000 291.0
1390000 203.8
1395000 98.8
1400000 195.3
1405000 30.1
1410000 350.6
1415000 131.3
1420000 66.3
1425000 172.7
1430000 113.3
1435000 14.2
1440000 70.5
1445000 200.1
1450000 234.8
1455000 64.6
1460000 200.8
1465000 115.6
1470000 198.9
1475000 304.6
1480000 120.8
1485000 311.7
1490000 59.3
1495000 119.2
1500000 187.1
1505000 215.9
1510000 200.5
1515000 403.2
1520000 323.8
1525000 394.1
1530000 275.7
1535000 218.5
1540000 209.3
1545000 276.0
1550000 206.1
1555000 208.9
1560000 397.1
1565000 239.1
1570000 61.8
1575000 454.1
1580000 252.3
1585000 288.3
1590000 428.3
1595000 308.8
1600000 209.3
1605000 76.1
1610000 114.7
1615000 93.5
1620000 250.2
1625000 209.2
1630000 64.9
1635000 220.0
1640000 271.5
1645000 164.9
1650000 185.8
1655000 412.4
1660000 20.2
1665000 286.7
1670000 264.5
1675000 127.3
1680000 217.0
1685000 127.1
1690000 341.0
1695000 208.9
1700000 19.2
1705000 176.0
1710000 175.3
1715000 475.8
1720000 215.6
1725000 395.6
1730000 213.7
1735000 404.1
1740000 219.5
1745000 291.0
1750000 381.2
1755000 358.9
1760000 321.0
1765000 170.2
1770000 15.6
1775000 415.8
1780000 290.7
1785000 600.6
1790000 17.3
1795000 382.6
1800000 577.0
1805000 170.5
1810000 364.9
1815000 197.9
1820000 97.4
1825000 23.1
1830000 155.7
1835000 199.3
1840000 285.0
1845000 148.3
1850000 196.4
1855000 345.6
1860000 246.7
1865000 122.6
1870000 175.4
1875000 134.1
1880000 211.0
1885000 27.7
1890000 158.4
1895000 304.5
1900000 215.9
1905000 351.7
1910000 201.1
1915000 404.6
1920000 410.2
1925000 304.6
1930000 158.1
1935000 74.5
1940000 623.9
1945000 188.8
1950000 344.3
1955000 139.3
1960000 426.3
1965000 131.1
1970000 387.2
1975000 271.5
1980000 338.1
1985000 302.8
1990000 472.4
1995000 500.4
2000000 260.1
