5000 138.7
10000 103.7
15000 130.6
20000 246.9
25000 220.3
30000 243.5
35000 305.8
40000 169.3
45000 91.3
50000 14.2
55000 198.6
60000 149.7
65000 227.1
70000 104.8
75000 150.6
80000 133.9
85000 259.8
90000 95.6
95000 213.9
100000 147.5
105000 117.3
110000 43.8
115000 177.5
120000 108.8
125000 123.3
130000 252.6
135000 13.0
140000 207.1
145000 121.2
150000 29.9
155000 57.2
160000 34.6
165000 139.2
170000 175.1
175000 198.8
180000 14.8
185000 132.2
190000 223.1
195000 228.9
200000 123.0
205000 112.3
210000 93.9
215000 238.6
220000 191.4
225000 150.9
230000 190.3
235000 309.3
240000 368.4
245000 99.4
250000 59.9
255000 107.8
260000 57.8
265000 316.3
270000 96.5
275000 103.1
280000 175.7
285000 111.9
290000 15.2
295000 278.7
300000 133.0
305000 196.3
310000 409.7
315000 399.3
320000 109.5
325000 109.3
330000 271.2
335000 340.2
340000 399.4
345000 197.3
350000 185.3
355000 303.7
360000 96.8
365000 176.3
370000 203.5
375000 318.2
380000 183.0
385000 135.8
390000 17.7
395000 307.6
400000 161.7
405000 20.0
410000 246.7
415000 102.4
420000 197.3
425000 93.0
430000 149.8
435000 122.5
440000 251.0
445000 293.2
450000 173.3
455000 377.0
460000 496.0
465000 104.1
470000 61.8
475000 390.8
480000 372.3
485000 16.8
490000 251.2
495000 147.2
500000 162.8
505000 443.5
510000 323.4
515000 203.9
520000 347.6
525000 182.1
530000 263.2
535000 115.9
540000 28.4
545000 108.3
550000 117.9
555000 227.8
560000 230.5
565000 249.2
570000 136.8
575000 275.1
580000 242.0
585000 117.9
590000 26.7
595000 236.2
600000 264.3
605000 84.2
610000 52.0
615000 81.9
620000 99.5
625000 196.8
630000 227.6
635000 107.9
640000 223.0
645000 194.4
650000 253.4
655000 97.9
660000 256.2
665000 342.7
670000 244.9
675000 153.2
680000 55.5
685000 197.2
690000 193.7
695000 268.3
700000 486.2
705000 62.7
710000 198.3
715000 273.6
720000 112.6
725000 385.8
730000 303.5
735000 23.8
740000 318.9
745000 473.7
750000 16.6
755000 366.5
760000 133.9
765000 71.1
770000 263.3
775000 132.8
780000 294.8
785000 105.8
790000 10.1
795000 333.6
800000 272.1
805000 244.9
810000 100.8
815000 158.8
820000 135.2
825000 132.7
830000 420.6
835000 263.5
840000 362.4
845000 65.6
850000 223.2
855000 177.0
860000 202.6
865000 399.4
870000 106.8
875000 207.1
880000 211.6
885000 185.6
890000 113.6
895000 306.2
900000 104.9
905000 19.3
910000 262.4
915000 32.2
920000 188.4
925000 116.1
930000 152.6
935000 262.8
940000 399.4
945000 375.4
950000 114.0
955000 453.1
960000 311.5
965000 387.8
970000 108.7
975000 303.9
980000 295.9
985000 200.8
990000 130.6
995000 279.5
1000000 60.0
1005000 181.1
1010000 129.2
1015000 260.2
1020000 86.6
1025000 156.6
1030000 213.4
1035000 157.5
1040000 69.6
1045000 220.1
1050000 430.8
1055000 26.1
1060000 120.3
1065000 203.0
1070000 113.1
1075000 118.3
1080000 230.4
1085000 225.1
1090000 156.6
1095000 342.4
1100000 231.8
1105000 61.6
1110000 111.1
1115000 110.2
1120000 244.2
1125000 193.2
1130000 177.6
1135000 376.1
1140000 454.4
1145000 258.5
1150000 202.3
1155000 303.4
1160000 514.7
1165000 83.1
1170000 205.5
1175000 283.3
1180000 300.5
1185000 319.7
1190000 13.3
1195000 299.4
1200000 259.1
1205000 84.0
1210000 172.6
1215000 17.6
1220000 50.0
1225000 128.2
1230000 35.3
1235000 186.1
1240000 154.8
1245000 65.9
1250000 407.8
1255000 225.8
1260000 126.1
1265000 71.2
1270000 208.0
1275000 112.8
1280000 255.7
1285000 175.3
1290000 179.2
1295000 109.5
1300000 214.7
1305000 306.6
1310000 185.5
1315000 268.8
1320000 166.9
1325000 244.9
1330000 104.8
1335000 190.8
1340000 120.2
1345000 22.3
1350000 169.2
1355000 227.1
1360000 351.4
1365000 182.6
1370000 271.0
1375000 491.1
1380000 206.0
1385000 179.8
1390000 475.2
1395000 215.4
1400000 281.7
1405000 131.7
1410000 208.5
1415000 210.7
1420000 28.5
1425000 110.0
1430000 148.6
1435000 91.0
1440000 229.1
1445000 245.4
1450000 331.9
1455000 389.0
1460000 310.2
1465000 219.3
1470000 289.9
1475000 269.1
1480000 175.8
1485000 18.2
1490000 206.3
1495000 169.9
1500000 224.2
1505000 372.5
1510000 476.0
1515000 248.8
1520000 465.2
1525000 126.9
1530000 174.4
1535000 203.2
1540000 267.9
1545000 110.1
1550000 189.9
1555000 109.3
1560000 95.5
1565000 220.0
1570000 304.0
1575000 249.8
1580000 254.8
1585000 373.6
1590000 390.8
1595000 407.6
1600000 154.2
1605000 155.8
1610000 187.4
1615000 67.2
1620000 27.4
1625000 134.3
1630000 133.5
1635000 101.4
1640000 290.9
1645000 31.3
1650000 21.9
1655000 174.0
1660000 396.5
1665000 213.2
1670000 278.2
1675000 128.8
1680000 162.6
1685000 120.7
1690000 305.7
1695000 182.9
1700000 143.6
1705000 122.5
1710000 232.2
1715000 213.5
1720000 386.5
1725000 334.5
1730000 112.6
1735000 247.2
1740000 312.3
1745000 332.4
1750000 202.8
1755000 337.3
1760000 203.0
1765000 194.8
1770000 152.0
1775000 261.3
1780000 152.6
1785000 157.9
1790000 230.5
1795000 348.5
1800000 390.9
1805000 76.9
1810000 463.3
1815000 26.3
1820000 84.7
1825000 165.1
1830000 129.3
1835000 320.3
1840000 225.1
1845000 81.7
1850000 214.0
1855000 333.6
1860000 140.5
1865000 244.0
1870000 227.9
1875000 195.8
1880000 174.1
1885000 270.6
1890000 374.2
1895000 136.1
1900000 204.1
1905000 180.7
1910000 326.2
1915000 304.7
1920000 195.8
1925000 415.0
1930000 14.3
1935000 166.0
1940000 138.4
1945000 353.7
1950000 239.2
1955000 99.9
1960000 234.2
1965000 145.3
1970000 245.1
1975000 118.2
1980000 33.5
1985000 373.1
1990000 142.3
1995000 278.2
2000000 353.2
