5000 206.9
10000 133.8
15000 340.3
20000 144.6
25000 68.0
30000 53.7
35000 80.1
40000 139.4
45000 318.8
50000 182.0
55000 110.2
60000 245.0
65000 125.0
70000 63.7
75000 466.9
80000 329.4
85000 247.2
90000 23.8
95000 101.8
100000 160.8
105000 19.3
110000 31.5
115000 162.0
120000 94.4
125000 284.5
130000 37.4
135000 132.3
140000 83.9
145000 116.1
150000 205.9
155000 142.4
160000 277.4
165000 175.8
170000 72.0
175000 173.7
180000 174.1
185000 155.9
190000 301.2
195000 237.9
200000 346.6
205000 78.9
210000 109.8
215000 171.9
220000 110.2
225000 99.3
230000 11.4
235000 244.0
240000 241.4
245000 327.7
250000 296.7
255000 153.4
260000 218.9
265000 393.3
270000 249.0
275000 152.6
280000 96.2
285000 37.8
290000 195.7
295000 286.6
300000 136.8
305000 321.0
310000 304.4
315000 185.0
320000 103.2
325000 55.4
330000 230.9
335000 141.3
340000 138.4
345000 31.9
350000 180.2
355000 269.9
360000 291.7
365000 193.2
370000 332.9
375000 328.5
380000 144.8
385000 127.8
390000 155.5
395000 161.9
400000 267.7
405000 414.8
410000 134.0
415000 124.9
420000 191.3
425000 106.6
430000 271.6
435000 332.6
440000 213.7
445000 12.7
450000 208.5
455000 46.1
460000 224.4
465000 114.2
470000 43.9
475000 122.2
480000 220.2
485000 227.3
490000 346.1
495000 203.9
500000 262.4
505000 275.3
510000 203.4
515000 27.7
520000 117.4
525000 184.0
530000 150.1
535000 385.5
540000 204.6
545000 213.1
550000 267.9
555000 311.3
560000 174.0
565000 129.3
570000 170.2
575000 108.5
580000 265.8
585000 97.2
590000 176.7
595000 66.5
600000 14.4
605000 136.1
610000 94.0
615000 41.2
620000 95.3
625000 136.6
630000 227.2
635000 88.7
640000 61.4
645000 84.3
650000 220.8
655000 255.1
660000 327.4
665000 118.3
670000 341.4
675000 300.7
680000 396.4
685000 424.5
690000 161.4
695000 29.7
700000 267.6
705000 365.2
710000 195.2
715000 161.1
720000 195.3
725000 277.6
730000 300.9
735000 155.7
740000 70.8
745000 265.1
750000 300.5
755000 53.1
760000 377.7
765000 351.0
770000 369.9
775000 229.6
780000 117.4
785000 94.3
790000 202.5
795000 225.3
800000 122.0
805000 96.4
810000 90.4
815000 211.6
820000 200.2
825000 341.2
830000 26.1
835000 130.4
840000 277.7
845000 276.3
850000 207.8
855000 302.0
860000 252.7
865000 49.1
870000 101.9
875000 318.3
880000 36.0
885000 351.5
890000 161.5
895000 111.1
900000 225.4
905000 94.3
910000 187.5
915000 168.4
920000 395.2
925000 243.9
930000 114.8
935000 357.0
940000 307.1
945000 308.0
950000 336.5
955000 196.6
960000 180.1
965000 238.7
970000 214.9
975000 444.1
980000 385.2
985000 17.8
990000 305.0
995000 360.3
1000000 299.5
1005000 187.3
1010000 50.0
1015000 109.2
1020000 161.8
1025000 260.5
1030000 129.1
1035000 57.5
1040000 125.2
1045000 15.8
1050000 123.7
1055000 396.5
1060000 295.6
1065000 637.2
1070000 110.8
1075000 410.8
1080000 143.9
1085000 16.3
1090000 103.7
1095000 275.0
1100000 228.2
1105000 16.8
1110000 224.0
1115000 60.4
1120000 53.7
1125000 339.1
1130000 115.4
1135000 124.7
1140000 67.1
1145000 198.6
1150000 117.5
1155000 303.0
1160000 122.4
1165000 107.7
1170000 274.8
1175000 248.8
1180000 160.5
1185000 202.7
1190000 312.5
1195000 340.9
1200000 107.4
1205000 147.1
1210000 246.7
1215000 258.6
1220000 18.1
1225000 51.6
1230000 311.2
1235000 78.2
1240000 175.2
1245000 76.3
1250000 33.1
1255000 111.5
1260000 178.7
1265000 145.8
1270000 73.9
1275000 115.7
1280000 369.3
1285000 360.3
1290000 286.5
1295000 290.5
1300000 307.6
1305000 285.9
1310000 286.9
1315000 223.1
1320000 345.8
1325000 156.1
1330000 271.5
1335000 192.7
1340000 178.2
1345000 291.3
1350000 206.0
1355000 190.4
1360000 125.5
1365000 193.2
1370000 123.6
1375000 86.5
1380000 138.7
1385000 112.1
1390000 202.4
1395000 281.0
1400000 272.9
1405000 142.6
1410000 97.4
1415000 270.4
1420000 229.6
1425000 142.6
1430000 255.7
1435000 134.5
1440000 203.5
1445000 300.5
1450000 229.9
1455000 185.8
1460000 199.5
1465000 182.2
1470000 164.9
1475000 400.5
1480000 301.8
1485000 81.4
1490000 226.9
1495000 222.5
1500000 347.7
1505000 174.0
1510000 300.4
1515000 298.5
1520000 388.0
1525000 261.7
1530000 115.9
1535000 227.0
1540000 207.0
1545000 422.6
1550000 113.8
1555000 208.3
1560000 55.2
1565000 533.4
1570000 12.6
1575000 196.6
1580000 97.0
1585000 162.4
1590000 171.7
1595000 211.6
1600000 223.1
1605000 112.6
1610000 302.6
1615000 73.0
1620000 214.4
1625000 163.2
1630000 260.7
1635000 168.1
1640000 206.0
1645000 141.7
1650000 204.2
1655000 120.8
1660000 114.8
1665000 100.5
1670000 299.1
1675000 208.6
1680000 327.5
1685000 117.6
1690000 179.6
1695000 204.3
1700000 408.5
1705000 575.1
1710000 306.2
1715000 170.7
1720000 15.5
1725000 24.5
1730000 430.6
1735000 196.3
1740000 282.8
1745000 114.4
1750000 258.7
1755000 51.6
1760000 226.1
1765000 388.5
1770000 355.3
1775000 371.0
1780000 169.4
1785000 244.2
1790000 393.9
1795000 108.2
1800000 298.3
1805000 139.7
1810000 48.6
1815000 155.8
1820000 246.7
1825000 136.6
1830000 286.9
1835000 192.8
1840000 280.6
1845000 231.3
1850000 137.2
1855000 401.4
1860000 357.7
1865000 152.8
1870000 81.4
1875000 176.0
1880000 78.4
1885000 263.6
1890000 233.7
1895000 235.2
1900000 49.7
1905000 18.9
1910000 433.2
1915000 212.8
1920000 157.7
1925000 285.7
1930000 98.8
1935000 255.1
1940000 338.2
1945000 314.3
1950000 313.4
1955000 268.1
1960000 309.5
1965000 136.9
1970000 105.5
1975000 198.8
1980000 103.3
1985000 134.5
1990000 110.5
1995000 117.3
2000000 264.9
