5000 15.1
10000 90.7
15000 247.9
20000 255.4
25000 286.9
30000 315.1
35000 356.8
40000 222.9
45000 168.6
50000 381.4
55000 89.8
60000 172.0
65000 85.3
70000 15.3
75000 56.5
80000 70.7
85000 323.9
90000 96.5
95000 179.8
100000 108.7
105000 128.8
110000 135.3
115000 58.2
120000 153.4
125000 130.4
130000 144.1
135000 179.9
140000 187.7
145000 401.0
150000 20.7
155000 18.9
160000 238.1
165000 198.8
170000 209.3
175000 199.2
180000 405.2
185000 309.2
190000 142.6
195000 172.1
200000 127.4
205000 138.7
210000 289.5
215000 85.1
220000 29.1
225000 91.7
230000 96.9
235000 106.5
240000 245.9
245000 218.1
250000 269.3
255000 153.2
260000 113.2
265000 161.3
270000 105.2
275000 185.2
280000 101.8
285000 178.4
290000 122.3
295000 196.0
300000 277.5
305000 346.0
310000 164.0
315000 207.5
320000 347.4
325000 239.1
330000 88.2
335000 157.0
340000 258.1
345000 505.3
350000 196.3
355000 154.2
360000 128.8
365000 214.0
370000 166.8
375000 116.6
380000 253.0
385000 194.2
390000 126.0
395000 242.7
400000 182.6
405000 146.0
410000 160.4
415000 16.6
420000 210.9
425000 115.7
430000 130.6
435000 135.2
440000 246.9
445000 293.5
450000 248.2
455000 178.5
460000 271.9
465000 364.4
470000 133.0
475000 119.4
480000 19.2
485000 110.9
490000 265.7
495000 178.5
500000 228.7
505000 201.6
510000 191.4
515000 313.5
520000 202.6
525000 532.8
530000 146.8
535000 161.6
540000 100.0
545000 141.0
550000 150.5
555000 385.1
560000 273.2
565000 20.4
570000 276.5
575000 178.2
580000 209.1
585000 227.8
590000 237.8
595000 253.8
600000 268.0
605000 9.2
610000 110.4
615000 246.4
620000 165.4
625000 65.7
630000 24.9
635000 45.7
640000 225.1
645000 388.1
650000 329.4
655000 321.5
660000 162.2
665000 259.8
670000 308.2
675000 297.2
680000 117.8
685000 255.5
690000 118.4
695000 387.0
700000 117.8
705000 320.3
710000 102.5
715000 373.9
720000 107.4
725000 235.0
730000 193.1
735000 470.6
740000 282.8
745000 163.9
750000 170.9
755000 275.0
760000 125.3
765000 307.6
770000 403.9
775000 401.0
780000 305.2
785000 482.4
790000 398.2
795000 625.5
800000 587.2
805000 231.2
810000 72.8
815000 173.7
820000 58.7
825000 127.1
830000 134.8
835000 255.4
840000 209.4
845000 208.8
850000 114.9
855000 225.2
860000 97.6
865000 293.5
870000 377.6
875000 118.6
880000 264.1
885000 315.6
890000 279.8
895000 198.2
900000 176.7
905000 237.2
910000 112.4
915000 374.4
920000 597.2
925000 539.1
930000 112.6
935000 397.6
940000 183.4
945000 119.4
950000 501.5
955000 375.3
960000 161.2
965000 284.5
970000 302.7
975000 18.4
980000 305.2
985000 347.8
990000 261.8
995000 296.6
1000000 158.5
1005000 53.5
1010000 31.7
1015000 10.1
1020000 150.9
1025000 182.5
1030000 46.1
1035000 188.1
1040000 96.5
1045000 126.9
1050000 380.9
1055000 218.3
1060000 338.0
1065000 209.7
1070000 119.4
1075000 340.8
1080000 290.3
1085000 309.7
1090000 14.1
1095000 105.8
1100000 109.8
1105000 274.6
1110000 99.3
1115000 22.4
1120000 73.2
1125000 18.7
1130000 298.0
1135000 337.1
1140000 279.8
1145000 276.8
1150000 375.2
1155000 207.5
1160000 363.1
1165000 9.9
1170000 300.2
1175000 452.0
1180000 110.8
1185000 119.0
1190000 279.6
1195000 355.1
1200000 294.2
1205000 184.7
1210000 89.4
1215000 110.3
1220000 85.1
1225000 19.2
1230000 202.2
1235000 52.5
1240000 188.0
1245000 285.7
1250000 343.6
1255000 48.2
1260000 350.0
1265000 115.5
1270000 135.7
1275000 137.5
1280000 263.9
1285000 190.1
1290000 322.6
1295000 166.5
1300000 76.7
1305000 305.1
1310000 366.0
1315000 302.4
1320000 14.3
1325000 194.2
1330000 172.0
1335000 189.5
1340000 273.6
1345000 279.3
1350000 280.3
1355000 352.8
1360000 193.5
1365000 253.3
1370000 207.2
1375000 424.7
1380000 113.6
1385000 119.6
1390000 192.1
1395000 215.6
1400000 186.9
1405000 250.5
1410000 18.8
1415000 182.1
1420000 65.6
1425000 108.8
1430000 146.9
1435000 121.5
1440000 87.1
1445000 164.2
1450000 115.5
1455000 26.2
1460000 115.8
1465000 114.4
1470000 217.1
1475000 109.1
1480000 167.1
1485000 12.8
1490000 297.0
1495000 641.0
1500000 435.6
1505000 300.1
1510000 202.6
1515000 362.8
1520000 87.3
1525000 220.1
1530000 12.1
1535000 301.6
1540000 191.4
1545000 483.7
1550000 296.0
1555000 298.2
1560000 229.8
1565000 113.0
1570000 226.0
1575000 216.2
1580000 160.4
1585000 253.9
1590000 97.4
1595000 254.6
1600000 133.6
1605000 51.3
1610000 144.2
1615000 158.5
1620000 51.2
1625000 218.1
1630000 210.1
1635000 90.6
1640000 266.7
1645000 112.6
1650000 314.2
1655000 164.8
1660000 323.1
1665000 426.3
1670000 142.3
1675000 182.8
1680000 147.4
1685000 197.3
1690000 422.1
1695000 258.7
1700000 216.6
1705000 494.3
1710000 423.2
1715000 385.2
1720000 77.2
1725000 664.5
1730000 197.0
1735000 377.5
1740000 103.5
1745000 217.1
1750000 453.4
1755000 380.9
1760000 293.2
1765000 347.9
1770000 365.8
1775000 441.8
1780000 272.4
1785000 15.7
1790000 159.3
1795000 467.7
1800000 454.0
1805000 126.4
1810000 178.9
1815000 415.5
1820000 69.3
1825000 31.7
1830000 100.8
1835000 195.6
1840000 317.4
1845000 199.5
1850000 99.3
1855000 301.3
1860000 177.0
1865000 511.0
1870000 149.3
1875000 105.7
1880000 119.7
1885000 551.4
1890000 368.6
1895000 314.4
1900000 211.8
1905000 205.4
1910000 400.1
1915000 410.7
1920000 123.9
1925000 355.3
1930000 203.4
1935000 60.8
1940000 278.7
1945000 636.3
1950000 187.0
1955000 235.1
1960000 116.2
1965000 206.6
1970000 197.7
1975000 174.3
1980000 286.1
1985000 304.0
1990000 206.1
1995000 306.7
2000000 347.7
