5000 79.6
10000 135.4
15000 379.6
20000 131.0
25000 126.5
30000 235.1
35000 262.4
40000 126.8
45000 151.3
50000 131.1
55000 174.5
60000 222.5
65000 118.2
70000 146.3
75000 156.3
80000 353.7
85000 70.2
90000 201.0
95000 206.3
100000 217.4
105000 247.3
110000 114.8
115000 106.9
120000 207.7
125000 250.7
130000 168.8
135000 196.0
140000 140.3
145000 12.9
150000 21.4
155000 175.7
160000 213.4
165000 73.9
170000 216.5
175000 91.9
180000 202.6
185000 109.5
190000 283.9
195000 216.2
200000 148.9
205000 149.1
210000 60.3
215000 146.5
220000 38.1
225000 191.8
230000 319.9
235000 110.5
240000 161.4
245000 272.5
250000 302.0
255000 86.1
260000 239.5
265000 100.1
270000 191.0
275000 211.2
280000 252.6
285000 158.4
290000 535.6
295000 121.6
300000 188.4
305000 105.9
310000 238.4
315000 81.4
320000 228.0
325000 148.3
330000 105.9
335000 35.3
340000 154.0
345000 88.1
350000 181.5
355000 251.2
360000 194.1
365000 126.9
370000 278.5
375000 462.0
380000 284.6
385000 112.9
390000 73.6
395000 305.6
400000 169.9
405000 183.3
410000 86.9
415000 125.7
420000 51.9
425000 408.4
430000 222.8
435000 98.9
440000 71.3
445000 189.9
450000 159.0
455000 368.1
460000 139.3
465000 230.9
470000 147.6
475000 171.8
480000 157.8
485000 304.7
490000 209.9
495000 224.2
500000 256.0
505000 256.5
510000 224.5
515000 378.8
520000 115.0
525000 350.0
530000 209.4
535000 28.6
540000 494.6
545000 302.8
550000 235.6
555000 161.2
560000 306.5
565000 209.5
570000 127.5
575000 204.0
580000 145.9
585000 189.9
590000 238.3
595000 362.8
600000 324.6
605000 161.2
610000 46.2
615000 146.5
620000 69.8
625000 20.9
630000 105.8
635000 156.9
640000 175.3
645000 187.4
650000 214.8
655000 334.1
660000 283.5
665000 237.8
670000 309.5
675000 135.0
680000 267.9
685000 206.3
690000 139.9
695000 278.0
700000 197.8
705000 111.7
710000 446.4
715000 208.6
720000 297.6
725000 458.7
730000 440.8
735000 246.8
740000 307.2
745000 202.7
750000 266.3
755000 123.8
760000 211.3
765000 201.1
770000 444.4
775000 198.0
780000 385.3
785000 450.3
790000 400.6
795000 253.5
800000 351.4
805000 198.0
810000 145.5
815000 115.7
820000 188.8
825000 151.1
830000 229.8
835000 132.7
840000 326.3
845000 123.8
850000 146.6
855000 110.7
860000 275.8
865000 110.4
870000 176.4
875000 349.7
880000 597.8
885000 157.2
890000 94.8
895000 96.5
900000 347.3
905000 250.6
910000 242.7
915000 366.2
920000 290.7
925000 261.0
930000 206.9
935000 119.6
940000 106.6
945000 130.5
950000 403.9
955000 117.6
960000 249.9
965000 188.7
970000 214.0
975000 238.1
980000 123.2
985000 287.1
990000 130.8
995000 218.6
1000000 87.0
1005000 131.6
1010000 174.2
1015000 97.9
1020000 239.0
1025000 23.7
1030000 47.4
1035000 126.9
1040000 206.7
1045000 303.7
1050000 222.3
1055000 296.2
1060000 145.8
1065000 214.5
1070000 179.1
1075000 196.9
1080000 181.9
1085000 111.7
1090000 386.1
1095000 198.4
1100000 25.2
1105000 289.7
1110000 338.0
1115000 333.9
1120000 139.3
1125000 128.5
1130000 424.2
1135000 164.6
1140000 207.5
1145000 380.2
1150000 452.5
1155000 17.4
1160000 258.0
1165000 333.4
1170000 296.7
1175000 197.4
1180000 234.8
1185000 161.6
1190000 383.1
1195000 422.9
1200000 215.9
1205000 22.5
1210000 177.3
1215000 60.3
1220000 106.1
1225000 127.0
1230000 122.4
1235000 83.7
1240000 202.3
1245000 189.7
1250000 208.0
1255000 111.1
1260000 10.6
1265000 214.0
1270000 48.9
1275000 291.6
1280000 178.9
1285000 177.4
1290000 181.8
1295000 144.2
1300000 84.1
1305000 83.0
1310000 493.3
1315000 153.5
1320000 504.6
1325000 221.0
1330000 117.8
1335000 189.0
1340000 100.6
1345000 42.3
1350000 107.0
1355000 216.2
1360000 318.6
1365000 203.1
1370000 383.7
1375000 189.8
1380000 388.6
1385000 273.5
1390000 12.1
1395000 209.9
1400000 14.7
1405000 53.3
1410000 343.1
1415000 16.1
1420000 153.4
1425000 115.9
1430000 61.2
1435000 80.7
1440000 137.1
1445000 337.5
1450000 281.8
1455000 364.7
1460000 354.9
1465000 261.1
1470000 9.5
1475000 102.8
1480000 186.9
1485000 506.1
1490000 266.0
1495000 219.0
1500000 215.2
1505000 112.3
1510000 210.6
1515000 18.0
1520000 297.3
1525000 251.7
1530000 258.1
1535000 220.0
1540000 305.7
1545000 284.1
1550000 159.5
1555000 202.6
1560000 115.8
1565000 273.0
1570000 427.4
1575000 255.9
1580000 9.9
1585000 394.3
1590000 39.8
1595000 308.2
1600000 332.3
1605000 258.5
1610000 50.5
1615000 140.7
1620000 43.3
1625000 198.0
1630000 93.8
1635000 104.0
1640000 456.0
1645000 223.0
1650000 82.9
1655000 373.4
1660000 322.0
1665000 257.3
1670000 109.8
1675000 114.1
1680000 324.9
1685000 227.4
1690000 148.7
1695000 124.1
1700000 349.8
1705000 316.9
1710000 108.8
1715000 113.9
1720000 271.9
1725000 113.7
1730000 274.4
1735000 185.9
1740000 238.6
1745000 316.6
1750000 90.5
1755000 204.1
1760000 183.0
1765000 216.2
1770000 271.7
1775000 313.6
1780000 15.5
1785000 340.1
1790000 267.1
1795000 380.7
1800000 489.0
1805000 127.1
1810000 50.1
1815000 113.7
1820000 202.5
1825000 242.6
1830000 298.6
1835000 47.6
1840000 156.9
1845000 143.9
1850000 195.8
1855000 95.0
1860000 244.8
1865000 130.7
1870000 119.9
1875000 244.7
1880000 121.1
1885000 27.5
1890000 106.5
1895000 120.9
1900000 256.1
1905000 107.8
1910000 416.3
1915000 308.0
1920000 182.5
1925000 95.3
1930000 260.1
1935000 680.4
1940000 454.2
1945000 398.1
1950000 525.5
1955000 201.9
1960000 228.7
1965000 421.7
1970000 217.0
1975000 436.3
1980000 275.0
1985000 569.7
1990000 186.9
1995000 203.7
2000000 425.3
