5000 215.7
10000 220.3
15000 38.0
20000 257.7
25000 67.2
30000 175.9
35000 55.1
40000 223.3
45000 16.1
50000 123.4
55000 160.2
60000 144.8
65000 188.7
70000 141.5
75000 144.5
80000 25.9
85000 58.1
90000 179.1
95000 18.6
100000 215.8
105000 144.2
110000 64.4
115000 130.6
120000 284.9
125000 51.2
130000 220.3
135000 44.3
140000 80.9
145000 268.7
150000 479.9
155000 109.2
160000 66.0
165000 100.4
170000 249.9
175000 161.1
180000 121.2
185000 381.4
190000 88.3
195000 277.4
200000 263.9
205000 238.4
210000 147.2
215000 195.4
220000 91.5
225000 177.8
230000 212.1
235000 206.4
240000 155.1
245000 179.4
250000 72.0
255000 276.9
260000 50.0
265000 97.1
270000 330.9
275000 209.6
280000 384.3
285000 66.8
290000 200.6
295000 185.6
300000 205.2
305000 102.6
310000 163.8
315000 252.0
320000 152.1
325000 118.4
330000 11.0
335000 205.3
340000 243.1
345000 222.9
350000 179.2
355000 119.7
360000 220.1
365000 331.8
370000 182.3
375000 208.5
380000 43.3
385000 482.2
390000 220.8
395000 115.9
400000 269.0
405000 182.4
410000 129.3
415000 89.9
420000 160.7
425000 81.5
430000 164.6
435000 33.1
440000 129.6
445000 273.0
450000 149.8
455000 237.3
460000 318.0
465000 270.7
470000 273.5
475000 133.8
480000 291.5
485000 289.7
490000 53.0
495000 213.8
500000 110.7
505000 174.7
510000 483.6
515000 213.0
520000 112.2
525000 377.7
530000 322.5
535000 448.7
540000 108.8
545000 183.8
550000 188.6
555000 187.9
560000 96.4
565000 212.8
570000 55.2
575000 286.4
580000 230.0
585000 93.0
590000 255.9
595000 179.3
600000 228.7
605000 72.7
610000 118.3
615000 22.2
620000 123.3
625000 78.7
630000 101.3
635000 104.4
640000 142.5
645000 543.2
650000 63.3
655000 220.6
660000 36.6
665000 181.5
670000 289.0
675000 201.1
680000 241.6
685000 117.4
690000 113.5
695000 40.8
700000 337.9
705000 263.8
710000 193.6
715000 295.5
720000 151.4
725000 15.5
730000 220.3
735000 33.7
740000 222.0
745000 166.9
750000 10.1
755000 184.4
760000 350.1
765000 254.7
770000 36.5
775000 307.5
780000 218.9
785000 220.0
790000 260.1
795000 364.2
800000 138.8
805000 205.2
810000 156.1
815000 204.2
820000 105.8
825000 66.9
830000 174.0
835000 108.0
840000 288.3
845000 315.4
850000 106.8
855000 111.0
860000 243.4
865000 214.7
870000 347.4
875000 14.9
880000 270.4
885000 512.0
890000 151.4
895000 195.8
900000 359.7
905000 158.4
910000 328.2
915000 247.7
920000 373.7
925000 196.1
930000 189.5
935000 213.3
940000 205.6
945000 389.7
950000 394.4
955000 136.7
960000 400.5
965000 245.4
970000 394.8
975000 197.8
980000 292.7
985000 225.9
990000 115.1
995000 308.8
1000000 330.7
1005000 158.6
1010000 121.1
1015000 64.9
1020000 134.7
1025000 15.1
1030000 34.5
1035000 123.3
1040000 215.0
1045000 58.9
1050000 157.3
1055000 206.8
1060000 320.2
1065000 372.5
1070000 314.2
1075000 222.8
1080000 75.3
1085000 113.9
1090000 24.8
1095000 211.7
1100000 122.4
1105000 300.3
1110000 506.6
1115000 197.2
1120000 265.9
1125000 161.5
1130000 111.0
1135000 203.0
1140000 274.2
1145000 199.6
1150000 102.6
1155000 253.5
1160000 242.1
1165000 219.5
1170000 262.8
1175000 285.3
1180000 209.6
1185000 201.2
1190000 487.8
1195000 309.7
1200000 454.4
1205000 74.1
1210000 183.9
1215000 64.7
1220000 35.2
1225000 174.2
1230000 328.1
1235000 381.1
1240000 111.0
1245000 139.7
1250000 202.6
1255000 76.9
1260000 131.2
1265000 182.7
1270000 293.1
1275000 124.4
1280000 233.7
1285000 300.3
1290000 174.8
1295000 139.1
1300000 260.8
1305000 112.8
1310000 106.5
1315000 274.8
1320000 109.1
1325000 282.8
1330000 524.9
1335000 160.6
1340000 161.6
1345000 434.9
1350000 546.0
1355000 348.7
1360000 293.5
1365000 225.7
1370000 110.8
1375000 111.5
1380000 240.1
1385000 206.4
1390000 391.1
1395000 253.9
1400000 255.2
1405000 201.1
1410000 16.1
1415000 44.6
1420000 106.0
1425000 39.6
1430000 108.3
1435000 94.2
1440000 163.4
1445000 206.0
1450000 153.9
1455000 16.1
1460000 155.1
1465000 107.5
1470000 200.7
1475000 314.8
1480000 176.2
1485000 215.4
1490000 250.2
1495000 431.1
1500000 131.9
1505000 126.0
1510000 173.3
1515000 461.2
1520000 104.6
1525000 391.5
1530000 190.7
1535000 170.4
1540000 155.8
1545000 230.4
1550000 279.3
1555000 188.4
1560000 270.8
1565000 505.4
1570000 128.1
1575000 306.0
1580000 265.6
1585000 246.0
1590000 302.9
1595000 206.2
1600000 17.9
1605000 165.6
1610000 111.7
1615000 133.6
1620000 228.4
1625000 219.3
1630000 279.6
1635000 182.3
1640000 63.8
1645000 281.0
1650000 136.5
1655000 215.3
1660000 294.2
1665000 156.6
1670000 127.5
1675000 303.2
1680000 226.0
1685000 208.5
1690000 218.3
1695000 11.8
1700000 294.8
1705000 129.5
1710000 316.5
1715000 205.2
1720000 177.8
1725000 291.1
1730000 212.6
1735000 251.5
1740000 262.1
1745000 223.2
1750000 107.8
1755000 279.3
1760000 186.8
1765000 161.2
1770000 203.4
1775000 200.7
1780000 385.4
1785000 210.3
1790000 107.4
1795000 337.0
1800000 204.5
1805000 176.4
1810000 71.9
1815000 194.3
1820000 176.0
1825000 132.1
1830000 75.7
1835000 223.6
1840000 285.4
1845000 208.8
1850000 206.6
1855000 322.5
1860000 82.8
1865000 155.1
1870000 289.4
1875000 229.9
1880000 359.3
1885000 294.0
1890000 337.8
1895000 96.1
1900000 310.0
1905000 159.2
1910000 405.3
1915000 362.1
1920000 213.2
1925000 215.3
1930000 108.4
1935000 148.4
1940000 105.7
1945000 210.1
1950000 384.8
1955000 104.6
1960000 523.5
1965000 176.4
1970000 401.9
1975000 307.8
1980000 388.4
1985000 118.1
1990000 348.4
1995000 486.1
2000000 287.3
