10000 300.4
20000 302.4
30000 299.4
40000 0.0
50000 300.0
60000 398.8
70000 195.0
80000 369.1
90000 97.7
100000 298.0
110000 199.0
120000 300.0
130000 400.0
140000 197.3
150000 393.9
160000 300.0
170000 488.0
180000 297.7
190000 96.7
200000 100.0
210000 202.4
220000 200.5
230000 198.9
240000 98.9
250000 360.9
260000 200.1
270000 200.0
280000 392.1
290000 381.5
300000 0.0
310000 97.7
320000 89.0
330000 300.0
340000 100.0
350000 396.6
360000 390.7
370000 97.8
380000 270.9
390000 394.5
400000 124.7
410000 300.1
420000 100.0
430000 301.3
440000 382.0
450000 396.3
460000 275.8
470000 336.2
480000 489.9
490000 386.3
500000 190.6
510000 200.0
520000 284.8
530000 395.2
540000 397.7
550000 383.7
560000 495.5
570000 399.7
580000 591.9
590000 300.0
600000 197.7
610000 100.7
620000 113.2
630000 502.6
640000 292.8
650000 500.0
660000 194.2
670000 106.0
680000 294.8
690000 198.8
700000 100.1
710000 179.8
720000 209.6
730000 192.1
740000 311.7
750000 100.0
760000 292.5
770000 283.6
780000 0.0
790000 342.9
800000 200.0
810000 98.7
820000 600.0
830000 96.3
840000 300.0
850000 300.2
860000 322.1
870000 297.8
880000 100.0
890000 298.3
900000 200.0
910000 0.0
920000 500.0
930000 201.9
940000 200.0
950000 189.8
960000 200.0
970000 30.2
980000 98.7
990000 200.9
1000000 200.0
1010000 193.6
1020000 376.5
1030000 1.7
1040000 197.1
1050000 198.1
1060000 298.8
1070000 397.9
1080000 295.1
1090000 294.6
1100000 393.9
1110000 384.7
1120000 397.6
1130000 498.1
1140000 100.0
1150000 172.0
1160000 297.5
1170000 206.0
1180000 199.4
1190000 0.0
1200000 98.3
1210000 401.0
1220000 300.6
1230000 214.0
1240000 787.6
1250000 103.0
1260000 112.5
1270000 80.2
1280000 294.4
1290000 491.3
1300000 497.0
1310000 296.3
1320000 99.7
1330000 201.9
1340000 301.7
1350000 101.3
1360000 205.7
1370000 299.7
1380000 1.2
1390000 100.0
1400000 301.8
1410000 200.8
1420000 259.9
1430000 298.7
1440000 98.7
1450000 280.5
1460000 98.9
1470000 298.5
1480000 399.7
1490000 100.0
1500000 400.0
1510000 298.1
1520000 100.0
1530000 295.2
1540000 198.4
1550000 400.1
1560000 99.3
1570000 0.0
1580000 189.0
1590000 4.8
1600000 31.3
1610000 500.2
1620000 100.0
1630000 398.2
1640000 591.8
1650000 308.7
1660000 100.0
1670000 400.0
1680000 203.6
1690000 398.4
1700000 202.6
1710000 270.6
1720000 199.6
1730000 195.3
1740000 292.0
1750000 198.1
1760000 100.0
1770000 307.2
1780000 100.0
1790000 200.0
1800000 297.5
1810000 300.0
1820000 100.0
1830000 495.0
1840000 500.0
1850000 100.0
1860000 200.0
1870000 400.0
1880000 100.0
1890000 198.2
1900000 0.0
1910000 100.0
1920000 100.0
1930000 0.0
1940000 100.6
1950000 200.0
1960000 397.7
1970000 294.3
1980000 285.2
1990000 397.0
2000000 100.0
