10000 0.0
20000 99.6
30000 278.1
40000 193.8
50000 300.2
60000 200.6
70000 298.6
80000 454.0
90000 198.5
100000 295.7
110000 491.5
120000 298.4
130000 163.3
140000 500.0
150000 295.2
160000 197.1
170000 395.5
180000 282.4
190000 455.5
200000 202.1
210000 200.0
220000 200.0
230000 390.8
240000 122.1
250000 412.0
260000 394.6
270000 290.3
280000 196.9
290000 100.0
300000 226.3
310000 391.2
320000 0.0
330000 201.5
340000 100.0
350000 296.9
360000 0.4
370000 0.0
380000 0.4
390000 100.0
400000 101.8
410000 398.9
420000 170.6
430000 291.9
440000 103.1
450000 590.3
460000 104.5
470000 172.5
480000 98.9
490000 100.0
500000 196.3
510000 198.2
520000 395.6
530000 300.5
540000 390.8
550000 199.2
560000 312.1
570000 198.2
580000 119.4
590000 100.0
600000 297.5
610000 102.9
620000 199.6
630000 388.4
640000 121.9
650000 246.5
660000 200.0
670000 3.9
680000 399.3
690000 200.2
700000 0.0
710000 100.0
720000 200.0
730000 0.0
740000 292.9
750000 100.0
760000 200.0
770000 398.1
780000 299.2
790000 0.0
800000 198.2
810000 101.3
820000 396.4
830000 165.7
840000 204.6
850000 199.7
860000 294.0
870000 100.0
880000 2.0
890000 194.8
900000 200.0
910000 297.1
920000 298.3
930000 199.1
940000 200.0
950000 101.3
960000 199.2
970000 0.0
980000 400.4
990000 5.0
1000000 300.0
1010000 300.0
1020000 199.2
1030000 101.5
1040000 101.7
1050000 492.1
1060000 194.8
1070000 246.1
1080000 226.3
1090000 93.9
1100000 0.0
1110000 394.3
1120000 496.8
1130000 23.7
1140000 420.3
1150000 309.8
1160000 97.2
1170000 301.3
1180000 100.0
1190000 200.0
1200000 296.3
1210000 198.0
1220000 197.2
1230000 100.0
1240000 472.5
1250000 296.8
1260000 295.4
1270000 0.0
1280000 325.3
1290000 291.0
1300000 100.0
1310000 296.5
1320000 197.6
1330000 298.0
1340000 187.6
1350000 99.7
1360000 200.0
1370000 203.9
1380000 489.5
1390000 70.7
1400000 296.5
1410000 200.0
1420000 201.0
1430000 200.0
1440000 289.8
1450000 298.0
1460000 398.2
1470000 203.1
1480000 395.6
1490000 1.4
1500000 195.6
1510000 296.8
1520000 299.7
1530000 101.0
1540000 99.2
1550000 300.0
1560000 399.1
1570000 2.0
1580000 500.0
1590000 394.7
1600000 298.0
1610000 297.3
1620000 100.0
1630000 193.5
1640000 100.4
1650000 193.1
1660000 299.8
1670000 399.3
1680000 0.0
1690000 300.0
1700000 101.7
1710000 300.0
1720000 396.9
1730000 199.7
1740000 204.2
1750000 405.0
1760000 191.4
1770000 0.0
1780000 299.0
1790000 201.8
1800000 100.0
1810000 100.5
1820000 100.0
1830000 404.2
1840000 0.0
1850000 295.9
1860000 403.6
1870000 100.0
1880000 289.3
1890000 186.9
1900000 293.1
1910000 294.1
1920000 100.0
1930000 300.0
1940000 199.3
1950000 100.0
1960000 96.4
1970000 0.0
1980000 0.0
1990000 100.0
2000000 499.1
