10000 100.0
20000 196.2
30000 104.6
40000 389.5
50000 400.0
60000 166.6
70000 222.9
80000 200.0
90000 296.9
100000 2.7
110000 100.0
120000 154.6
130000 390.1
140000 524.9
150000 296.0
160000 385.3
170000 193.2
180000 300.7
190000 246.6
200000 296.8
210000 301.0
220000 298.7
230000 397.1
240000 198.7
250000 298.8
260000 119.7
270000 157.5
280000 297.8
290000 294.8
300000 200.0
310000 96.2
320000 292.9
330000 0.0
340000 398.5
350000 200.0
360000 92.0
370000 188.0
380000 197.3
390000 499.4
400000 307.2
410000 0.0
420000 494.2
430000 339.8
440000 495.0
450000 401.4
460000 200.0
470000 95.7
480000 183.4
490000 288.3
500000 174.3
510000 298.7
520000 242.2
530000 400.0
540000 300.0
550000 472.5
560000 514.1
570000 292.7
580000 294.3
590000 282.7
600000 298.2
610000 293.0
620000 380.2
630000 289.6
640000 493.4
650000 154.0
660000 0.0
670000 583.1
680000 297.9
690000 100.9
700000 514.2
710000 494.0
720000 397.2
730000 0.0
740000 288.8
750000 192.4
760000 299.0
770000 299.5
780000 295.9
790000 196.8
800000 195.6
810000 0.0
820000 87.3
830000 367.8
840000 127.5
850000 491.8
860000 486.3
870000 100.5
880000 300.0
890000 100.0
900000 101.0
910000 194.2
920000 383.3
930000 100.3
940000 224.7
950000 269.6
960000 578.0
970000 273.4
980000 387.8
990000 295.6
1000000 291.6
1010000 100.0
1020000 190.1
1030000 290.7
1040000 206.5
1050000 183.0
1060000 193.4
1070000 532.9
1080000 90.8
1090000 383.9
1100000 300.0
1110000 396.8
1120000 176.3
1130000 297.5
1140000 295.4
1150000 187.8
1160000 595.3
1170000 98.1
1180000 494.4
1190000 269.6
1200000 198.0
1210000 101.4
1220000 283.4
1230000 200.0
1240000 195.1
1250000 452.4
1260000 100.0
1270000 392.1
1280000 100.0
1290000 199.2
1300000 102.2
1310000 293.0
1320000 100.0
1330000 98.6
1340000 199.1
1350000 296.5
1360000 200.0
1370000 84.9
1380000 399.7
1390000 200.0
1400000 100.0
1410000 101.5
1420000 0.0
1430000 294.5
1440000 1.9
1450000 99.6
1460000 298.5
1470000 199.1
1480000 199.2
1490000 101.0
1500000 241.5
1510000 0.0
1520000 200.0
1530000 300.0
1540000 678.8
1550000 580.4
1560000 201.9
1570000 299.9
1580000 298.0
1590000 198.8
1600000 501.6
1610000 297.4
1620000 199.1
1630000 266.6
1640000 595.3
1650000 92.5
1660000 198.4
1670000 288.2
1680000 333.9
1690000 192.7
1700000 487.2
1710000 100.0
1720000 200.0
1730000 200.0
1740000 357.2
1750000 97.5
1760000 273.1
1770000 299.4
1780000 198.2
1790000 398.9
1800000 486.9
1810000 98.5
1820000 99.3
1830000 526.5
1840000 100.0
1850000 390.0
1860000 397.3
1870000 144.4
1880000 92.2
1890000 408.4
1900000 299.0
1910000 200.0
1920000 100.0
1930000 297.1
1940000 495.2
1950000 288.6
1960000 100.0
1970000 100.0
1980000 499.8
1990000 198.4
2000000 52.5
