10000 294.2
20000 200.0
30000 136.5
40000 46.8
50000 249.3
60000 197.4
70000 200.0
80000 202.9
90000 391.7
100000 295.8
110000 292.5
120000 100.0
130000 296.9
140000 475.9
150000 295.7
160000 100.0
170000 297.8
180000 199.1
190000 403.5
200000 300.0
210000 202.5
220000 376.5
230000 456.8
240000 383.2
250000 210.0
260000 470.0
270000 99.2
280000 171.7
290000 290.8
300000 492.3
310000 486.4
320000 281.6
330000 494.7
340000 2.9
350000 193.6
360000 359.2
370000 497.7
380000 203.6
390000 396.0
400000 200.0
410000 100.0
420000 194.5
430000 230.2
440000 200.1
450000 37.5
460000 495.2
470000 1.7
480000 295.2
490000 200.0
500000 102.4
510000 174.9
520000 284.0
530000 0.0
540000 0.0
550000 492.6
560000 100.0
570000 303.9
580000 298.9
590000 0.0
600000 200.0
610000 4.2
620000 0.8
630000 294.9
640000 200.2
650000 300.0
660000 100.1
670000 200.0
680000 208.8
690000 496.6
700000 0.0
710000 0.0
720000 99.9
730000 196.7
740000 267.3
750000 100.0
760000 200.0
770000 769.0
780000 100.0
790000 101.2
800000 200.3
810000 190.2
820000 102.1
830000 149.6
840000 193.6
850000 496.9
860000 300.0
870000 102.2
880000 190.6
890000 100.2
900000 185.5
910000 165.3
920000 383.5
930000 198.7
940000 485.4
950000 100.0
960000 399.1
970000 387.6
980000 298.6
990000 288.7
1000000 291.8
1010000 494.6
1020000 484.0
1030000 299.5
1040000 395.5
1050000 199.4
1060000 292.7
1070000 260.3
1080000 197.6
1090000 100.4
1100000 395.5
1110000 200.2
1120000 98.0
1130000 377.3
1140000 203.3
1150000 302.6
1160000 208.6
1170000 292.9
1180000 293.5
1190000 398.9
1200000 290.9
1210000 202.9
1220000 400.0
1230000 97.0
1240000 384.3
1250000 492.0
1260000 589.9
1270000 299.2
1280000 196.4
1290000 595.8
1300000 496.7
1310000 74.0
1320000 315.5
1330000 305.2
1340000 116.0
1350000 384.3
1360000 192.3
1370000 298.6
1380000 193.2
1390000 490.3
1400000 589.3
1410000 0.0
1420000 200.0
1430000 235.1
1440000 296.0
1450000 1.8
1460000 397.0
1470000 100.3
1480000 390.9
1490000 543.7
1500000 293.8
1510000 200.0
1520000 0.0
1530000 294.8
1540000 196.0
1550000 100.0
1560000 100.0
1570000 3.0
1580000 379.0
1590000 490.1
1600000 98.8
1610000 200.0
1620000 198.3
1630000 294.8
1640000 398.3
1650000 101.8
1660000 197.3
1670000 193.6
1680000 587.2
1690000 297.9
1700000 299.0
1710000 395.0
1720000 388.6
1730000 97.5
1740000 396.6
1750000 258.3
1760000 592.5
1770000 194.8
1780000 397.5
1790000 384.4
1800000 197.0
1810000 100.0
1820000 459.0
1830000 394.7
1840000 390.7
1850000 298.2
1860000 193.8
1870000 302.7
1880000 392.8
1890000 394.8
1900000 93.4
1910000 490.9
1920000 197.3
1930000 395.3
1940000 497.8
1950000 189.5
1960000 100.0
1970000 299.0
1980000 400.0
1990000 199.3
2000000 200.0
