10000 299.6
20000 202.7
30000 100.0
40000 100.4
50000 281.0
60000 199.5
70000 101.3
80000 100.0
90000 100.0
100000 300.0
110000 100.0
120000 100.0
130000 400.8
140000 293.6
150000 100.0
160000 100.0
170000 199.6
180000 100.0
190000 200.3
200000 100.0
210000 99.1
220000 203.0
230000 97.8
240000 198.0
250000 279.8
260000 296.3
270000 300.6
280000 302.3
290000 201.3
300000 200.0
310000 300.0
320000 98.1
330000 297.9
340000 5.6
350000 398.7
360000 299.3
370000 298.8
380000 99.5
390000 97.0
400000 691.7
410000 498.1
420000 194.8
430000 532.4
440000 164.1
450000 398.7
460000 295.1
470000 492.6
480000 100.0
490000 200.0
500000 296.1
510000 288.6
520000 302.4
530000 201.0
540000 196.8
550000 390.4
560000 193.4
570000 99.1
580000 198.0
590000 395.9
600000 494.6
610000 102.6
620000 398.6
630000 473.8
640000 283.7
650000 95.5
660000 389.9
670000 97.7
680000 401.1
690000 383.2
700000 368.2
710000 241.9
720000 228.4
730000 300.0
740000 96.9
750000 199.4
760000 195.4
770000 198.8
780000 483.4
790000 397.0
800000 483.8
810000 200.0
820000 200.2
830000 385.2
840000 206.7
850000 291.3
860000 297.7
870000 393.7
880000 297.5
890000 200.3
900000 221.1
910000 201.0
920000 312.5
930000 296.2
940000 489.4
950000 298.5
960000 300.0
970000 298.0
980000 295.6
990000 396.6
1000000 297.8
1010000 199.5
1020000 199.3
1030000 100.0
1040000 296.8
1050000 499.8
1060000 208.4
1070000 396.5
1080000 394.9
1090000 393.6
1100000 169.3
1110000 475.4
1120000 474.4
1130000 390.7
1140000 283.3
1150000 499.4
1160000 198.4
1170000 489.2
1180000 301.2
1190000 592.1
1200000 300.0
1210000 197.2
1220000 92.8
1230000 689.8
1240000 297.7
1250000 100.0
1260000 301.2
1270000 397.7
1280000 198.0
1290000 492.6
1300000 102.3
1310000 200.0
1320000 198.0
1330000 388.9
1340000 384.6
1350000 391.7
1360000 198.3
1370000 402.4
1380000 118.1
1390000 226.4
1400000 366.8
1410000 103.5
1420000 216.7
1430000 396.1
1440000 280.0
1450000 200.0
1460000 277.8
1470000 395.3
1480000 300.0
1490000 198.1
1500000 695.5
1510000 495.8
1520000 437.2
1530000 100.2
1540000 100.0
1550000 299.3
1560000 101.9
1570000 0.0
1580000 156.3
1590000 195.3
1600000 293.2
1610000 295.4
1620000 295.5
1630000 0.0
1640000 112.6
1650000 98.3
1660000 319.3
1670000 200.0
1680000 197.2
1690000 481.3
1700000 299.3
1710000 234.2
1720000 284.5
1730000 266.2
1740000 262.9
1750000 202.6
1760000 196.9
1770000 591.3
1780000 297.5
1790000 269.0
1800000 285.0
1810000 100.8
1820000 298.6
1830000 140.5
1840000 199.9
1850000 384.1
1860000 153.8
1870000 278.1
1880000 274.8
1890000 399.5
1900000 206.2
1910000 297.8
1920000 477.6
1930000 303.5
1940000 236.3
1950000 488.3
1960000 197.5
1970000 394.5
1980000 196.6
1990000 395.3
2000000 280.8
