10000 200.0
20000 182.5
30000 114.1
40000 2.5
50000 200.0
60000 300.0
70000 318.5
80000 100.3
90000 194.2
100000 178.4
110000 202.8
120000 100.0
130000 191.9
140000 388.9
150000 190.8
160000 293.7
170000 96.4
180000 458.8
190000 296.1
200000 196.8
210000 100.0
220000 102.2
230000 28.1
240000 294.1
250000 206.2
260000 431.0
270000 61.1
280000 301.8
290000 200.0
300000 297.6
310000 388.7
320000 280.0
330000 399.6
340000 393.1
350000 498.5
360000 198.8
370000 375.8
380000 195.4
390000 102.6
400000 101.2
410000 200.0
420000 200.0
430000 105.9
440000 102.5
450000 496.6
460000 31.5
470000 0.0
480000 198.3
490000 294.1
500000 396.9
510000 397.9
520000 324.9
530000 303.9
540000 197.0
550000 189.4
560000 200.0
570000 200.0
580000 100.0
590000 98.9
600000 395.1
610000 2.0
620000 100.7
630000 300.0
640000 282.8
650000 198.4
660000 300.0
670000 307.8
680000 399.8
690000 197.9
700000 200.0
710000 299.2
720000 200.0
730000 200.0
740000 201.2
750000 300.0
760000 197.7
770000 392.4
780000 200.0
790000 472.6
800000 0.8
810000 201.2
820000 397.9
830000 201.8
840000 115.3
850000 100.1
860000 13.3
870000 354.4
880000 181.5
890000 193.9
900000 277.1
910000 101.4
920000 594.4
930000 44.4
940000 198.3
950000 198.9
960000 295.1
970000 394.6
980000 100.0
990000 201.9
1000000 495.6
1010000 235.7
1020000 100.0
1030000 0.0
1040000 400.0
1050000 312.4
1060000 491.1
1070000 197.3
1080000 179.4
1090000 56.7
1100000 317.0
1110000 100.0
1120000 286.5
1130000 497.5
1140000 298.4
1150000 200.0
1160000 393.8
1170000 200.0
1180000 295.1
1190000 299.0
1200000 96.7
1210000 400.0
1220000 197.8
1230000 197.3
1240000 1.5
1250000 5.8
1260000 101.4
1270000 399.1
1280000 98.2
1290000 198.4
1300000 302.3
1310000 200.0
1320000 100.0
1330000 288.2
1340000 295.6
1350000 200.0
1360000 399.2
1370000 0.0
1380000 195.9
1390000 198.8
1400000 197.7
1410000 6.6
1420000 2.1
1430000 100.0
1440000 388.4
1450000 198.1
1460000 100.0
1470000 300.0
1480000 400.0
1490000 496.6
1500000 200.0
1510000 298.7
1520000 300.0
1530000 100.0
1540000 200.0
1550000 299.0
1560000 0.0
1570000 200.0
1580000 0.0
1590000 200.0
1600000 296.9
1610000 298.7
1620000 299.8
1630000 0.0
1640000 102.7
1650000 198.9
1660000 297.5
1670000 198.4
1680000 279.8
1690000 0.0
1700000 100.0
1710000 297.4
1720000 390.4
1730000 100.0
1740000 200.0
1750000 106.4
1760000 200.0
1770000 192.2
1780000 1.4
1790000 199.3
1800000 100.0
1810000 300.0
1820000 315.9
1830000 197.5
1840000 300.0
1850000 207.7
1860000 98.9
1870000 100.0
1880000 300.0
1890000 297.6
1900000 200.0
1910000 295.9
1920000 0.0
1930000 96.3
1940000 100.0
1950000 198.8
1960000 300.6
1970000 0.1
1980000 183.6
1990000 300.0
2000000 101.0
