10000 104.0
20000 5.8
30000 124.7
40000 100.0
50000 259.6
60000 297.4
70000 296.2
80000 399.9
90000 406.3
100000 296.5
110000 397.5
120000 295.7
130000 484.8
140000 196.6
150000 573.1
160000 217.7
170000 184.4
180000 390.4
190000 288.9
200000 143.3
210000 101.5
220000 302.6
230000 112.5
240000 198.5
250000 100.0
260000 395.6
270000 496.3
280000 200.0
290000 497.6
300000 300.0
310000 105.5
320000 311.2
330000 196.7
340000 301.6
350000 376.2
360000 396.7
370000 399.2
380000 99.7
390000 198.8
400000 295.6
410000 102.5
420000 1.0
430000 195.2
440000 490.5
450000 400.3
460000 400.0
470000 395.7
480000 409.6
490000 378.0
500000 387.8
510000 192.5
520000 198.7
530000 488.1
540000 491.8
550000 234.5
560000 383.2
570000 289.0
580000 300.0
590000 396.5
600000 195.9
610000 98.8
620000 228.4
630000 104.1
640000 218.5
650000 200.9
660000 100.6
670000 0.9
680000 17.7
690000 99.1
700000 201.5
710000 199.8
720000 394.5
730000 296.3
740000 578.2
750000 200.0
760000 393.4
770000 203.2
780000 204.5
790000 296.7
800000 3.7
810000 296.6
820000 198.2
830000 100.0
840000 200.0
850000 199.8
860000 232.5
870000 298.7
880000 513.0
890000 397.5
900000 399.5
910000 99.4
920000 539.9
930000 299.2
940000 275.5
950000 493.8
960000 191.4
970000 394.5
980000 396.7
990000 398.8
1000000 269.8
1010000 0.0
1020000 299.6
1030000 492.5
1040000 290.1
1050000 501.9
1060000 334.6
1070000 586.1
1080000 495.6
1090000 339.6
1100000 394.2
1110000 383.1
1120000 393.8
1130000 400.9
1140000 286.5
1150000 299.0
1160000 100.0
1170000 499.1
1180000 200.0
1190000 263.2
1200000 349.4
1210000 200.0
1220000 328.8
1230000 356.3
1240000 289.2
1250000 292.0
1260000 99.5
1270000 294.7
1280000 393.0
1290000 296.2
1300000 389.5
1310000 300.0
1320000 295.2
1330000 471.9
1340000 384.4
1350000 97.1
1360000 296.9
1370000 191.2
1380000 279.8
1390000 288.4
1400000 296.4
1410000 390.7
1420000 161.8
1430000 190.3
1440000 528.3
1450000 394.7
1460000 100.9
1470000 394.8
1480000 197.0
1490000 201.8
1500000 98.0
1510000 397.3
1520000 100.0
1530000 399.6
1540000 296.1
1550000 100.4
1560000 297.5
1570000 96.8
1580000 162.1
1590000 97.7
1600000 155.5
1610000 598.8
1620000 292.5
1630000 404.7
1640000 296.9
1650000 197.9
1660000 296.8
1670000 200.0
1680000 100.0
1690000 398.6
1700000 100.0
1710000 392.5
1720000 286.5
1730000 400.0
1740000 197.2
1750000 293.5
1760000 393.8
1770000 51.6
1780000 100.0
1790000 297.1
1800000 302.0
1810000 192.3
1820000 101.1
1830000 395.9
1840000 198.9
1850000 197.3
1860000 188.6
1870000 389.3
1880000 397.3
1890000 298.7
1900000 225.8
1910000 231.3
1920000 601.2
1930000 200.9
1940000 197.7
1950000 200.7
1960000 196.6
1970000 393.8
1980000 198.7
1990000 398.2
2000000 399.0
