10000 0.0
20000 300.0
30000 297.9
40000 90.1
50000 399.5
60000 300.0
70000 96.7
80000 1.4
90000 200.8
100000 300.0
110000 199.2
120000 202.1
130000 299.0
140000 301.2
150000 100.0
160000 498.8
170000 216.4
180000 300.8
190000 197.4
200000 202.2
210000 100.0
220000 197.8
230000 297.3
240000 299.3
250000 201.1
260000 200.0
270000 99.3
280000 299.1
290000 100.0
300000 200.0
310000 192.9
320000 0.4
330000 100.0
340000 0.9
350000 399.2
360000 395.5
370000 200.6
380000 94.1
390000 497.0
400000 398.8
410000 99.2
420000 193.4
430000 209.1
440000 268.2
450000 487.1
460000 200.0
470000 391.1
480000 153.5
490000 378.9
500000 391.1
510000 119.8
520000 298.1
530000 108.1
540000 299.4
550000 0.0
560000 301.4
570000 100.0
580000 402.9
590000 93.3
600000 193.1
610000 0.0
620000 99.5
630000 98.1
640000 198.9
650000 200.3
660000 102.2
670000 298.5
680000 194.7
690000 300.8
700000 193.2
710000 100.0
720000 400.0
730000 97.0
740000 0.0
750000 309.3
760000 199.6
770000 100.0
780000 298.6
790000 202.5
800000 396.3
810000 200.0
820000 2.8
830000 395.3
840000 582.8
850000 499.2
860000 285.0
870000 387.8
880000 100.0
890000 392.7
900000 286.8
910000 293.9
920000 198.7
930000 382.6
940000 214.2
950000 119.4
960000 196.7
970000 293.5
980000 394.4
990000 397.5
1000000 300.0
1010000 213.1
1020000 298.3
1030000 100.0
1040000 294.1
1050000 205.6
1060000 493.9
1070000 202.8
1080000 403.1
1090000 0.0
1100000 191.8
1110000 296.1
1120000 392.8
1130000 200.0
1140000 199.7
1150000 400.0
1160000 120.7
1170000 392.8
1180000 300.2
1190000 393.9
1200000 471.2
1210000 102.4
1220000 100.0
1230000 496.8
1240000 99.5
1250000 396.2
1260000 293.4
1270000 307.4
1280000 171.3
1290000 299.8
1300000 290.9
1310000 293.4
1320000 294.5
1330000 391.5
1340000 200.0
1350000 294.5
1360000 197.9
1370000 294.3
1380000 99.3
1390000 197.9
1400000 205.8
1410000 198.7
1420000 392.6
1430000 200.0
1440000 0.0
1450000 297.0
1460000 199.3
1470000 302.3
1480000 197.6
1490000 340.4
1500000 296.1
1510000 377.2
1520000 100.0
1530000 185.3
1540000 270.9
1550000 395.8
1560000 587.3
1570000 597.0
1580000 296.1
1590000 99.6
1600000 198.9
1610000 201.5
1620000 292.5
1630000 533.3
1640000 291.7
1650000 296.2
1660000 497.6
1670000 203.1
1680000 493.4
1690000 195.7
1700000 97.8
1710000 499.2
1720000 201.0
1730000 329.6
1740000 298.1
1750000 296.8
1760000 496.0
1770000 100.0
1780000 302.7
1790000 297.7
1800000 0.0
1810000 99.6
1820000 100.5
1830000 400.0
1840000 299.1
1850000 499.2
1860000 1.6
1870000 100.5
1880000 102.3
1890000 293.0
1900000 392.0
1910000 100.0
1920000 297.6
1930000 200.0
1940000 199.3
1950000 287.4
1960000 200.5
1970000 302.2
1980000 398.8
1990000 101.0
2000000 300.2
