10000 293.9
20000 100.0
30000 201.2
40000 0.0
50000 398.7
60000 100.0
70000 198.0
80000 0.0
90000 199.1
100000 97.6
110000 198.3
120000 100.0
130000 200.0
140000 100.0
150000 299.8
160000 101.1
170000 395.6
180000 200.0
190000 201.5
200000 373.1
210000 100.0
220000 197.9
230000 299.4
240000 298.2
250000 101.8
260000 392.6
270000 199.3
280000 101.9
290000 395.9
300000 397.8
310000 594.9
320000 197.5
330000 391.0
340000 591.4
350000 395.8
360000 297.2
370000 253.2
380000 200.7
390000 301.1
400000 495.0
410000 300.0
420000 103.8
430000 12.5
440000 197.3
450000 99.4
460000 334.7
470000 295.3
480000 200.0
490000 591.5
500000 100.5
510000 400.0
520000 300.0
530000 126.1
540000 195.4
550000 100.8
560000 199.3
570000 473.5
580000 399.0
590000 297.0
600000 300.0
610000 0.0
620000 99.4
630000 98.3
640000 206.2
650000 1.1
660000 200.0
670000 498.2
680000 206.2
690000 100.0
700000 368.4
710000 201.7
720000 300.0
730000 93.3
740000 200.0
750000 400.0
760000 293.4
770000 203.5
780000 296.1
790000 0.0
800000 100.0
810000 199.6
820000 202.1
830000 299.4
840000 0.5
850000 100.0
860000 245.5
870000 200.0
880000 319.4
890000 209.6
900000 300.0
910000 291.4
920000 0.4
930000 200.0
940000 103.0
950000 1.8
960000 100.0
970000 395.8
980000 403.6
990000 100.0
1000000 199.5
1010000 100.0
1020000 348.4
1030000 197.5
1040000 88.1
1050000 106.9
1060000 0.0
1070000 0.0
1080000 329.9
1090000 88.9
1100000 692.3
1110000 297.3
1120000 197.1
1130000 492.3
1140000 200.3
1150000 200.0
1160000 199.4
1170000 598.6
1180000 93.1
1190000 250.1
1200000 0.0
1210000 108.8
1220000 194.7
1230000 399.0
1240000 0.0
1250000 299.0
1260000 398.0
1270000 198.5
1280000 300.0
1290000 198.5
1300000 295.4
1310000 200.0
1320000 101.1
1330000 397.4
1340000 200.0
1350000 398.6
1360000 200.0
1370000 198.9
1380000 13.5
1390000 200.0
1400000 101.2
1410000 311.5
1420000 100.0
1430000 103.1
1440000 324.1
1450000 94.0
1460000 200.0
1470000 97.0
1480000 206.5
1490000 24.5
1500000 101.5
1510000 393.7
1520000 201.9
1530000 100.0
1540000 200.0
1550000 300.0
1560000 100.0
1570000 199.4
1580000 198.8
1590000 393.1
1600000 100.0
1610000 200.7
1620000 200.0
1630000 98.3
1640000 100.0
1650000 200.0
1660000 197.1
1670000 92.0
1680000 196.2
1690000 202.7
1700000 397.0
1710000 0.6
1720000 0.0
1730000 192.5
1740000 299.2
1750000 300.0
1760000 198.7
1770000 489.7
1780000 102.0
1790000 500.0
1800000 100.0
1810000 100.0
1820000 76.1
1830000 298.6
1840000 200.0
1850000 0.0
1860000 100.0
1870000 200.0
1880000 198.5
1890000 100.0
1900000 102.4
1910000 194.8
1920000 300.2
1930000 200.0
1940000 136.7
1950000 200.0
1960000 389.5
1970000 200.0
1980000 100.3
1990000 200.0
2000000 295.0
