10000 0.0
20000 0.0
30000 105.6
40000 198.2
50000 406.9
60000 500.0
70000 196.1
80000 159.4
90000 202.4
100000 683.1
110000 396.1
120000 511.9
130000 287.7
140000 297.3
150000 282.6
160000 342.5
170000 195.3
180000 296.0
190000 485.4
200000 292.3
210000 100.0
220000 393.8
230000 298.2
240000 490.0
250000 192.6
260000 200.4
270000 201.2
280000 201.5
290000 301.4
300000 200.3
310000 402.5
320000 397.4
330000 390.6
340000 307.7
350000 198.2
360000 491.0
370000 498.3
380000 299.0
390000 291.2
400000 463.7
410000 498.2
420000 250.5
430000 190.1
440000 595.7
450000 297.8
460000 396.8
470000 290.9
480000 491.7
490000 199.5
500000 199.4
510000 480.0
520000 297.2
530000 200.0
540000 198.6
550000 196.0
560000 399.6
570000 398.8
580000 199.6
590000 496.0
600000 290.7
610000 199.0
620000 165.5
630000 199.4
640000 298.8
650000 404.5
660000 373.7
670000 364.7
680000 297.5
690000 597.6
700000 393.8
710000 391.6
720000 398.4
730000 200.2
740000 395.8
750000 299.0
760000 266.2
770000 201.6
780000 202.0
790000 199.0
800000 424.1
810000 100.0
820000 200.5
830000 200.0
840000 203.9
850000 171.9
860000 398.2
870000 381.8
880000 100.0
890000 197.6
900000 100.0
910000 588.3
920000 100.0
930000 0.0
940000 297.6
950000 290.4
960000 100.0
970000 298.2
980000 105.6
990000 500.0
1000000 216.0
1010000 165.3
1020000 394.3
1030000 393.7
1040000 0.0
1050000 100.0
1060000 293.5
1070000 296.5
1080000 183.4
1090000 294.1
1100000 300.0
1110000 200.4
1120000 201.5
1130000 101.7
1140000 296.3
1150000 193.9
1160000 307.8
1170000 593.3
1180000 398.7
1190000 210.6
1200000 298.8
1210000 199.1
1220000 99.8
1230000 292.6
1240000 173.8
1250000 100.4
1260000 393.7
1270000 288.5
1280000 0.0
1290000 101.0
1300000 296.7
1310000 100.0
1320000 100.0
1330000 393.5
1340000 300.0
1350000 300.0
1360000 199.2
1370000 200.0
1380000 0.0
1390000 292.1
1400000 200.7
1410000 100.0
1420000 302.1
1430000 208.2
1440000 395.2
1450000 299.5
1460000 198.2
1470000 200.0
1480000 200.0
1490000 289.1
1500000 33.9
1510000 197.7
1520000 100.6
1530000 1.7
1540000 100.0
1550000 0.0
1560000 202.2
1570000 295.5
1580000 298.4
1590000 300.0
1600000 100.0
1610000 298.6
1620000 400.0
1630000 100.0
1640000 1.1
1650000 100.0
1660000 400.0
1670000 298.5
1680000 198.6
1690000 202.7
1700000 200.0
1710000 298.1
1720000 201.3
1730000 200.0
1740000 300.0
1750000 95.5
1760000 0.0
1770000 200.0
1780000 306.0
1790000 494.7
1800000 300.0
1810000 101.1
1820000 290.5
1830000 368.6
1840000 200.0
1850000 97.7
1860000 100.0
1870000 199.8
1880000 188.9
1890000 100.9
1900000 92.4
1910000 200.0
1920000 198.3
1930000 0.0
1940000 299.1
1950000 201.9
1960000 298.0
1970000 356.5
1980000 398.9
1990000 200.0
2000000 100.0
