5000 53.4
10000 82.8
15000 80.4
20000 69.3
25000 73.8
30000 107.2
35000 64.3
40000 69.1
45000 63.3
50000 75.5
55000 81.7
60000 51.1
65000 108.9
70000 156.7
75000 120.8
80000 83.8
85000 139.0
90000 136.2
95000 65.9
100000 112.7
105000 111.0
110000 81.6
115000 96.4
120000 106.8
125000 80.7
130000 145.2
135000 58.3
140000 56.7
145000 87.9
150000 83.9
155000 56.1
160000 79.5
165000 94.4
170000 48.6
175000 183.4
180000 135.1
185000 147.3
190000 155.0
195000 102.7
200000 125.1
205000 61.0
210000 136.0
215000 92.6
220000 182.1
225000 125.8
230000 56.0
235000 55.9
240000 65.1
245000 125.7
250000 147.8
255000 222.4
260000 110.5
265000 164.8
270000 161.3
275000 81.3
280000 147.8
285000 217.3
290000 142.8
295000 143.4
300000 145.1
305000 132.9
310000 73.3
315000 134.7
320000 86.8
325000 59.5
330000 202.9
335000 66.2
340000 115.0
345000 136.3
350000 350.1
355000 72.2
360000 59.8
365000 151.8
370000 174.5
375000 49.7
380000 59.4
385000 154.1
390000 83.1
395000 118.9
400000 85.6
405000 171.2
410000 119.3
415000 153.4
420000 133.6
425000 64.8
430000 52.2
435000 182.7
440000 80.3
445000 239.4
450000 134.4
455000 115.6
460000 99.8
465000 176.8
470000 76.4
475000 119.4
480000 176.2
485000 63.8
490000 168.3
495000 141.2
500000 145.2
505000 166.1
510000 206.0
515000 100.6
520000 115.9
525000 59.4
530000 143.1
535000 152.7
540000 114.4
545000 220.4
550000 137.9
555000 121.2
560000 187.0
565000 111.4
570000 104.6
575000 177.3
580000 120.1
585000 148.9
590000 85.8
595000 247.6
600000 271.3
605000 131.3
610000 265.8
615000 151.6
620000 59.9
625000 99.3
630000 284.7
635000 88.3
640000 242.0
645000 123.3
650000 78.6
655000 171.4
660000 199.2
665000 58.9
670000 325.0
675000 146.6
680000 210.7
685000 89.9
690000 60.0
695000 166.4
700000 73.5
705000 78.1
710000 132.5
715000 69.9
720000 165.1
725000 62.9
730000 107.4
735000 57.6
740000 178.4
745000 125.5
750000 86.8
755000 72.3
760000 232.4
765000 90.9
770000 102.9
775000 95.6
780000 140.9
785000 61.0
790000 63.2
795000 62.4
800000 204.2
805000 176.5
810000 139.0
815000 116.6
820000 162.3
825000 168.7
830000 241.5
835000 180.0
840000 185.6
845000 106.7
850000 54.4
855000 238.5
860000 143.3
865000 155.8
870000 49.3
875000 207.1
880000 151.7
885000 50.1
890000 315.2
895000 65.7
900000 344.0
905000 66.1
910000 152.0
915000 124.0
920000 154.2
925000 62.3
930000 208.9
935000 61.8
940000 205.0
945000 60.9
950000 82.1
955000 138.0
960000 201.0
965000 102.9
970000 86.0
975000 79.0
980000 147.8
985000 238.4
990000 122.2
995000 120.8
1000000 180.5
1005000 141.1
1010000 59.7
1015000 308.4
1020000 132.0
1025000 81.8
1030000 165.4
1035000 149.2
1040000 205.5
1045000 130.9
1050000 132.1
1055000 84.8
1060000 147.6
1065000 75.4
1070000 256.9
1075000 48.2
1080000 51.5
1085000 88.9
1090000 231.6
1095000 135.4
1100000 229.4
1105000 150.4
1110000 57.6
1115000 163.2
1120000 69.4
1125000 77.7
1130000 103.8
1135000 74.9
1140000 49.4
1145000 197.3
1150000 137.7
1155000 67.7
1160000 128.7
1165000 146.8
1170000 151.3
1175000 59.5
1180000 117.2
1185000 307.6
1190000 80.2
1195000 75.9
1200000 46.8
1205000 74.3
1210000 106.3
1215000 108.0
1220000 63.8
1225000 134.9
1230000 119.5
1235000 155.9
1240000 195.4
1245000 152.3
1250000 79.1
1255000 134.3
1260000 143.5
1265000 79.5
1270000 164.1
1275000 277.8
1280000 164.9
1285000 68.7
1290000 203.4
1295000 153.1
1300000 209.8
1305000 57.4
1310000 142.6
1315000 74.8
1320000 136.8
1325000 125.4
1330000 72.0
1335000 72.3
1340000 53.7
1345000 67.3
1350000 228.8
1355000 230.2
1360000 97.3
1365000 229.6
1370000 70.4
1375000 128.8
1380000 152.1
1385000 176.5
1390000 111.8
1395000 133.0
1400000 215.1
1405000 141.3
1410000 132.5
1415000 52.0
1420000 277.7
1425000 59.8
1430000 156.6
1435000 78.6
1440000 267.1
1445000 121.5
1450000 58.9
1455000 67.5
1460000 154.8
1465000 55.6
1470000 262.3
1475000 193.1
1480000 143.4
1485000 54.2
1490000 90.2
1495000 57.0
1500000 94.0
1505000 62.9
1510000 133.0
1515000 79.4
1520000 150.3
1525000 378.8
1530000 123.0
1535000 218.7
1540000 97.5
1545000 73.7
1550000 112.5
1555000 105.6
1560000 155.4
1565000 214.5
1570000 130.4
1575000 196.6
1580000 142.5
1585000 72.5
1590000 48.1
1595000 259.9
1600000 152.4
1605000 74.8
1610000 162.7
1615000 65.7
1620000 179.7
1625000 94.5
1630000 167.7
1635000 122.5
1640000 76.9
1645000 98.4
1650000 151.9
1655000 183.7
1660000 84.0
1665000 61.4
1670000 76.2
1675000 105.7
1680000 152.2
1685000 163.6
1690000 221.8
1695000 82.6
1700000 68.9
1705000 154.6
1710000 79.8
1715000 65.6
1720000 62.8
1725000 99.2
1730000 91.5
1735000 196.7
1740000 204.1
1745000 60.3
1750000 156.6
1755000 111.7
1760000 103.3
1765000 158.6
1770000 143.0
1775000 61.1
1780000 285.4
1785000 136.1
1790000 95.7
1795000 93.8
1800000 77.4
1805000 55.2
1810000 146.1
1815000 166.4
1820000 149.0
1825000 131.2
1830000 141.3
1835000 164.0
1840000 81.8
1845000 79.6
1850000 223.9
1855000 52.2
1860000 52.8
1865000 106.8
1870000 130.7
1875000 174.5
1880000 49.7
1885000 114.0
1890000 85.7
1895000 67.4
1900000 54.0
1905000 74.2
1910000 169.7
1915000 162.3
1920000 38.0
1925000 78.4
1930000 228.6
1935000 53.8
1940000 78.9
1945000 59.5
1950000 77.1
1955000 107.6
1960000 84.8
1965000 120.8
1970000 139.8
1975000 129.5
1980000 61.8
1985000 58.2
1990000 56.6
1995000 78.3
2000000 95.1
