5000 84.6
10000 66.4
15000 74.8
20000 63.6
25000 61.4
30000 60.2
35000 70.9
40000 142.0
45000 72.9
50000 127.3
55000 100.5
60000 78.7
65000 71.9
70000 69.3
75000 113.7
80000 145.1
85000 139.2
90000 104.0
95000 76.4
100000 72.2
105000 77.4
110000 90.3
115000 109.8
120000 109.3
125000 47.4
130000 93.7
135000 47.3
140000 102.1
145000 66.4
150000 124.4
155000 134.2
160000 65.9
165000 262.2
170000 131.8
175000 121.2
180000 146.9
185000 79.8
190000 113.4
195000 55.7
200000 134.7
205000 93.6
210000 57.0
215000 68.0
220000 81.8
225000 54.3
230000 136.7
235000 142.6
240000 114.7
245000 167.6
250000 80.8
255000 75.4
260000 95.7
265000 164.1
270000 102.6
275000 128.4
280000 93.3
285000 115.8
290000 73.2
295000 120.1
300000 152.8
305000 147.6
310000 71.6
315000 154.6
320000 86.1
325000 54.9
330000 133.9
335000 87.5
340000 181.7
345000 146.5
350000 179.8
355000 114.1
360000 71.9
365000 120.3
370000 89.4
375000 264.6
380000 71.3
385000 70.8
390000 134.8
395000 126.3
400000 77.6
405000 73.2
410000 170.7
415000 63.5
420000 199.7
425000 211.8
430000 143.5
435000 121.0
440000 147.6
445000 121.7
450000 72.8
455000 69.6
460000 153.4
465000 211.0
470000 83.2
475000 63.9
480000 72.1
485000 71.4
490000 145.1
495000 217.4
500000 62.8
505000 107.0
510000 123.4
515000 188.8
520000 157.4
525000 52.0
530000 209.1
535000 94.2
540000 88.8
545000 72.3
550000 177.7
555000 68.4
560000 139.7
565000 141.9
570000 142.5
575000 129.0
580000 141.6
585000 191.5
590000 62.8
595000 84.5
600000 131.1
605000 137.4
610000 152.4
615000 109.1
620000 75.6
625000 136.3
630000 167.5
635000 151.3
640000 173.5
645000 98.0
650000 94.1
655000 181.7
660000 131.5
665000 76.6
670000 349.2
675000 82.4
680000 250.5
685000 165.6
690000 148.5
695000 88.0
700000 78.8
705000 66.3
710000 177.4
715000 159.4
720000 71.8
725000 106.3
730000 198.3
735000 84.3
740000 69.1
745000 281.4
750000 139.7
755000 122.9
760000 226.5
765000 226.2
770000 58.5
775000 145.9
780000 129.1
785000 77.5
790000 193.6
795000 134.1
800000 187.6
805000 172.1
810000 61.8
815000 106.4
820000 164.1
825000 68.0
830000 151.2
835000 139.6
840000 321.9
845000 161.8
850000 123.2
855000 162.5
860000 93.4
865000 285.3
870000 138.5
875000 223.2
880000 128.4
885000 96.4
890000 195.8
895000 287.4
900000 263.3
905000 304.1
910000 63.8
915000 249.4
920000 216.2
925000 61.8
930000 94.0
935000 78.5
940000 120.5
945000 83.4
950000 114.9
955000 173.4
960000 145.9
965000 81.0
970000 133.6
975000 217.4
980000 62.8
985000 147.7
990000 274.8
995000 215.5
1000000 59.9
1005000 196.8
1010000 99.0
1015000 69.9
1020000 187.7
1025000 88.3
1030000 292.6
1035000 139.5
1040000 237.7
1045000 97.0
1050000 84.4
1055000 118.4
1060000 143.2
1065000 66.4
1070000 237.8
1075000 130.7
1080000 137.6
1085000 102.9
1090000 273.5
1095000 161.2
1100000 176.3
1105000 158.5
1110000 153.5
1115000 103.4
1120000 51.1
1125000 279.4
1130000 52.6
1135000 135.5
1140000 42.9
1145000 104.9
1150000 58.4
1155000 301.0
1160000 310.1
1165000 84.6
1170000 232.9
1175000 219.2
1180000 111.7
1185000 145.2
1190000 75.6
1195000 342.4
1200000 82.7
1205000 64.3
1210000 289.1
1215000 207.2
1220000 81.2
1225000 135.3
1230000 72.3
1235000 87.6
1240000 116.3
1245000 64.1
1250000 133.7
1255000 84.7
1260000 149.2
1265000 247.2
1270000 368.9
1275000 139.7
1280000 236.3
1285000 147.3
1290000 206.1
1295000 141.6
1300000 118.2
1305000 146.8
1310000 202.4
1315000 251.3
1320000 209.8
1325000 64.3
1330000 74.3
1335000 142.3
1340000 171.3
1345000 80.0
1350000 60.2
1355000 168.4
1360000 319.7
1365000 147.7
1370000 145.7
1375000 181.7
1380000 147.3
1385000 59.7
1390000 167.4
1395000 80.8
1400000 127.3
1405000 145.3
1410000 79.1
1415000 67.0
1420000 54.2
1425000 120.6
1430000 196.2
1435000 165.2
1440000 155.9
1445000 181.6
1450000 153.8
1455000 187.0
1460000 145.6
1465000 73.9
1470000 137.4
1475000 118.3
1480000 90.0
1485000 102.1
1490000 170.1
1495000 70.1
1500000 209.5
1505000 216.4
1510000 117.5
1515000 119.8
1520000 140.2
1525000 87.1
1530000 277.9
1535000 52.5
1540000 183.3
1545000 174.1
1550000 70.8
1555000 162.0
1560000 60.7
1565000 145.3
1570000 131.0
1575000 140.1
1580000 240.9
1585000 137.0
1590000 78.6
1595000 111.3
1600000 72.2
1605000 233.0
1610000 217.5
1615000 84.6
1620000 124.1
1625000 63.3
1630000 230.6
1635000 219.7
1640000 236.2
1645000 233.6
1650000 112.5
1655000 73.0
1660000 69.4
1665000 72.0
1670000 183.2
1675000 181.8
1680000 119.4
1685000 140.6
1690000 76.0
1695000 136.8
1700000 126.5
1705000 164.4
1710000 190.1
1715000 167.7
1720000 164.5
1725000 146.6
1730000 123.2
1735000 152.0
1740000 271.4
1745000 106.9
1750000 118.0
1755000 80.7
1760000 208.2
1765000 264.7
1770000 117.3
1775000 112.5
1780000 86.4
1785000 129.7
1790000 169.9
1795000 158.3
1800000 90.7
1805000 65.4
1810000 130.1
1815000 282.0
1820000 156.2
1825000 114.9
1830000 78.1
1835000 113.9
1840000 161.4
1845000 131.2
1850000 101.6
1855000 170.2
1860000 96.6
1865000 228.7
1870000 71.9
1875000 136.7
1880000 213.0
1885000 237.3
1890000 71.1
1895000 148.6
1900000 247.7
1905000 77.8
1910000 51.3
1915000 98.2
1920000 83.9
1925000 98.0
1930000 161.4
1935000 108.7
1940000 258.4
1945000 142.3
1950000 155.3
1955000 203.8
1960000 83.9
1965000 101.0
1970000 202.2
1975000 155.2
1980000 79.3
1985000 165.6
1990000 65.6
1995000 162.4
2000000 76.5
