5000 71.5
10000 84.6
15000 65.8
20000 57.4
25000 77.2
30000 58.7
35000 76.4
40000 72.1
45000 82.0
50000 71.8
55000 112.3
60000 65.0
65000 59.3
70000 68.0
75000 120.1
80000 79.2
85000 162.1
90000 57.5
95000 50.2
100000 142.0
105000 110.7
110000 172.1
115000 92.9
120000 157.6
125000 87.6
130000 159.9
135000 72.2
140000 76.3
145000 145.1
150000 43.1
155000 68.0
160000 93.1
165000 162.3
170000 179.4
175000 126.7
180000 81.7
185000 211.3
190000 112.6
195000 58.0
200000 84.1
205000 85.0
210000 83.8
215000 79.2
220000 67.4
225000 95.8
230000 79.0
235000 202.4
240000 122.6
245000 58.8
250000 90.7
255000 143.9
260000 167.4
265000 178.2
270000 92.4
275000 182.9
280000 137.6
285000 83.7
290000 128.1
295000 151.0
300000 151.0
305000 214.4
310000 151.9
315000 213.3
320000 68.5
325000 139.9
330000 100.9
335000 92.9
340000 58.4
345000 114.9
350000 77.1
355000 387.1
360000 132.9
365000 214.0
370000 60.0
375000 112.8
380000 101.8
385000 54.4
390000 70.7
395000 72.7
400000 64.3
405000 201.1
410000 164.3
415000 64.2
420000 143.2
425000 135.0
430000 104.3
435000 79.0
440000 43.4
445000 232.2
450000 52.5
455000 114.3
460000 60.6
465000 70.0
470000 96.7
475000 133.9
480000 72.6
485000 56.6
490000 44.1
495000 72.7
500000 119.1
505000 75.0
510000 133.6
515000 139.7
520000 152.4
525000 62.7
530000 100.0
535000 128.8
540000 67.4
545000 84.5
550000 141.0
555000 95.8
560000 170.3
565000 104.7
570000 190.9
575000 230.2
580000 65.4
585000 74.0
590000 66.9
595000 75.9
600000 343.5
605000 102.4
610000 86.2
615000 218.2
620000 258.3
625000 167.8
630000 65.2
635000 110.7
640000 102.1
645000 146.2
650000 150.4
655000 153.4
660000 184.2
665000 256.8
670000 127.9
675000 74.6
680000 131.9
685000 89.1
690000 158.8
695000 191.0
700000 60.7
705000 161.2
710000 150.4
715000 120.7
720000 69.9
725000 83.4
730000 164.9
735000 156.4
740000 237.2
745000 72.4
750000 211.6
755000 154.0
760000 79.3
765000 76.0
770000 146.9
775000 102.8
780000 135.6
785000 57.4
790000 72.6
795000 52.7
800000 69.1
805000 57.7
810000 348.0
815000 65.6
820000 127.3
825000 227.3
830000 156.7
835000 136.0
840000 206.5
845000 83.1
850000 146.8
855000 113.0
860000 74.9
865000 208.2
870000 123.8
875000 80.1
880000 130.2
885000 171.6
890000 161.2
895000 70.9
900000 289.2
905000 84.8
910000 217.4
915000 149.0
920000 74.5
925000 225.0
930000 87.1
935000 90.9
940000 107.5
945000 192.9
950000 50.8
955000 65.3
960000 155.2
965000 65.4
970000 197.3
975000 111.4
980000 232.7
985000 58.8
990000 61.4
995000 137.5
1000000 132.7
1005000 224.3
1010000 249.6
1015000 122.9
1020000 194.6
1025000 168.6
1030000 143.0
1035000 133.7
1040000 202.5
1045000 119.2
1050000 48.5
1055000 142.6
1060000 210.7
1065000 138.0
1070000 171.5
1075000 42.7
1080000 167.9
1085000 130.1
1090000 220.4
1095000 148.4
1100000 169.0
1105000 214.2
1110000 207.1
1115000 88.7
1120000 258.4
1125000 67.8
1130000 213.2
1135000 207.0
1140000 81.7
1145000 134.1
1150000 69.4
1155000 229.0
1160000 103.4
1165000 85.0
1170000 148.5
1175000 122.0
1180000 178.9
1185000 213.8
1190000 94.2
1195000 52.9
1200000 213.1
1205000 211.6
1210000 329.9
1215000 78.8
1220000 235.0
1225000 96.0
1230000 131.5
1235000 88.1
1240000 148.8
1245000 139.3
1250000 119.9
1255000 313.3
1260000 53.4
1265000 205.9
1270000 181.3
1275000 65.9
1280000 73.3
1285000 222.8
1290000 63.2
1295000 81.6
1300000 308.4
1305000 62.4
1310000 132.9
1315000 145.1
1320000 129.8
1325000 200.7
1330000 157.5
1335000 217.4
1340000 70.5
1345000 193.6
1350000 193.1
1355000 198.7
1360000 216.9
1365000 254.2
1370000 139.2
1375000 298.6
1380000 115.3
1385000 220.4
1390000 132.0
1395000 91.9
1400000 163.5
1405000 212.8
1410000 272.9
1415000 568.6
1420000 190.7
1425000 291.3
1430000 157.0
1435000 173.9
1440000 150.9
1445000 281.2
1450000 226.9
1455000 263.3
1460000 66.7
1465000 75.8
1470000 154.6
1475000 58.4
1480000 119.3
1485000 65.5
1490000 428.5
1495000 113.6
1500000 309.0
1505000 291.9
1510000 238.4
1515000 145.2
1520000 102.1
1525000 218.9
1530000 109.6
1535000 153.1
1540000 145.3
1545000 93.4
1550000 78.2
1555000 115.1
1560000 154.2
1565000 90.3
1570000 128.2
1575000 216.4
1580000 140.0
1585000 264.8
1590000 145.4
1595000 61.4
1600000 355.5
1605000 104.0
1610000 80.4
1615000 200.1
1620000 325.5
1625000 284.3
1630000 62.1
1635000 319.9
1640000 282.3
1645000 160.6
1650000 103.4
1655000 174.8
1660000 263.9
1665000 58.6
1670000 122.1
1675000 96.1
1680000 98.4
1685000 228.4
1690000 98.9
1695000 142.5
1700000 190.6
1705000 193.4
1710000 87.3
1715000 92.2
1720000 89.8
1725000 211.6
1730000 216.0
1735000 126.3
1740000 117.3
1745000 71.7
1750000 291.8
1755000 182.3
1760000 37.6
1765000 117.9
1770000 186.2
1775000 111.5
1780000 155.9
1785000 65.6
1790000 210.5
1795000 127.7
1800000 191.1
1805000 218.2
1810000 156.4
1815000 177.0
1820000 267.4
1825000 158.5
1830000 137.8
1835000 116.5
1840000 100.7
1845000 278.7
1850000 76.2
1855000 218.8
1860000 180.0
1865000 66.8
1870000 165.3
1875000 143.7
1880000 80.5
1885000 211.1
1890000 85.5
1895000 162.2
1900000 173.2
1905000 187.0
1910000 61.4
1915000 445.6
1920000 115.0
1925000 172.2
1930000 206.4
1935000 149.3
1940000 108.0
1945000 284.4
1950000 75.1
1955000 74.2
1960000 81.9
1965000 82.1
1970000 79.4
1975000 157.6
1980000 209.4
1985000 46.0
1990000 287.6
1995000 136.6
2000000 79.7
