5000 51.9
10000 66.7
15000 103.2
20000 61.5
25000 78.0
30000 115.3
35000 156.5
40000 79.5
45000 206.8
50000 73.7
55000 67.1
60000 113.7
65000 82.3
70000 152.6
75000 47.2
80000 126.3
85000 139.1
90000 73.5
95000 103.2
100000 147.1
105000 140.9
110000 88.5
115000 150.4
120000 118.5
125000 79.5
130000 120.9
135000 123.6
140000 103.2
145000 99.1
150000 144.2
155000 224.8
160000 105.1
165000 53.8
170000 115.2
175000 84.2
180000 152.6
185000 348.0
190000 65.6
195000 67.1
200000 93.5
205000 138.1
210000 179.6
215000 335.4
220000 82.0
225000 96.8
230000 165.2
235000 88.2
240000 235.0
245000 404.5
250000 285.3
255000 145.8
260000 160.3
265000 184.5
270000 158.3
275000 57.3
280000 340.8
285000 72.1
290000 76.8
295000 88.1
300000 141.3
305000 104.0
310000 413.5
315000 135.1
320000 152.5
325000 139.1
330000 277.9
335000 93.6
340000 120.6
345000 168.2
350000 287.6
355000 168.4
360000 132.1
365000 96.1
370000 247.2
375000 73.9
380000 181.6
385000 134.1
390000 62.0
395000 77.9
400000 165.7
405000 194.5
410000 170.3
415000 238.1
420000 68.6
425000 189.7
430000 126.8
435000 66.3
440000 229.1
445000 233.1
450000 171.6
455000 199.6
460000 94.4
465000 74.5
470000 208.3
475000 66.0
480000 86.2
485000 236.7
490000 88.6
495000 303.6
500000 237.3
505000 264.3
510000 239.8
515000 230.1
520000 122.4
525000 157.5
530000 147.8
535000 168.7
540000 244.3
545000 213.1
550000 213.6
555000 151.7
560000 132.5
565000 240.4
570000 132.5
575000 302.3
580000 320.8
585000 93.5
590000 66.0
595000 55.6
600000 150.9
605000 104.4
610000 128.0
615000 277.2
620000 127.6
625000 211.1
630000 198.4
635000 218.6
640000 183.9
645000 217.1
650000 129.9
655000 159.1
660000 160.4
665000 125.2
670000 150.2
675000 145.3
680000 92.2
685000 137.4
690000 245.0
695000 152.2
700000 222.5
705000 165.0
710000 183.6
715000 218.1
720000 302.7
725000 179.0
730000 69.8
735000 154.6
740000 225.8
745000 102.7
750000 185.9
755000 195.0
760000 299.1
765000 228.1
770000 120.8
775000 297.3
780000 152.9
785000 54.3
790000 232.9
795000 181.4
800000 196.5
805000 149.1
810000 72.8
815000 305.7
820000 68.4
825000 55.9
830000 295.6
835000 227.7
840000 101.3
845000 242.6
850000 156.0
855000 164.2
860000 143.0
865000 139.7
870000 151.6
875000 199.5
880000 317.4
885000 277.8
890000 166.8
895000 163.0
900000 216.0
905000 86.6
910000 102.3
915000 160.7
920000 190.9
925000 99.7
930000 143.1
935000 167.0
940000 166.9
945000 178.6
950000 301.2
955000 366.0
960000 91.1
965000 169.1
970000 151.0
975000 188.6
980000 106.1
985000 130.3
990000 160.1
995000 242.0
1000000 155.3
1005000 176.0
1010000 191.2
1015000 311.0
1020000 124.6
1025000 149.9
1030000 99.4
1035000 154.7
1040000 262.0
1045000 199.4
1050000 53.6
1055000 310.7
1060000 344.6
1065000 84.8
1070000 273.1
1075000 128.8
1080000 98.9
1085000 74.9
1090000 249.9
1095000 106.5
1100000 220.0
1105000 315.0
1110000 209.4
1115000 75.3
1120000 159.2
1125000 139.9
1130000 163.1
1135000 166.1
1140000 182.0
1145000 171.9
1150000 82.1
1155000 167.5
1160000 222.5
1165000 227.7
1170000 161.0
1175000 191.6
1180000 52.3
1185000 173.6
1190000 249.6
1195000 173.8
1200000 304.5
1205000 316.3
1210000 311.2
1215000 219.4
1220000 235.2
1225000 231.8
1230000 134.2
1235000 173.4
1240000 265.7
1245000 286.9
1250000 141.4
1255000 216.5
1260000 102.3
1265000 143.9
1270000 219.5
1275000 171.3
1280000 234.4
1285000 280.7
1290000 121.2
1295000 223.5
1300000 106.3
1305000 231.6
1310000 258.4
1315000 293.4
1320000 128.4
1325000 92.2
1330000 67.7
1335000 267.1
1340000 222.9
1345000 171.0
1350000 298.6
1355000 270.3
1360000 200.0
1365000 160.9
1370000 280.2
1375000 277.4
1380000 176.4
1385000 155.0
1390000 323.2
1395000 219.1
1400000 78.4
1405000 302.7
1410000 241.1
1415000 201.7
1420000 110.6
1425000 361.5
1430000 234.6
1435000 233.5
1440000 369.5
1445000 227.0
1450000 203.6
1455000 241.6
1460000 101.7
1465000 255.0
1470000 213.0
1475000 322.9
1480000 155.6
1485000 125.1
1490000 104.8
1495000 40.6
1500000 171.8
1505000 350.1
1510000 52.8
1515000 150.4
1520000 141.4
1525000 239.5
1530000 242.7
1535000 229.9
1540000 201.0
1545000 87.4
1550000 163.6
1555000 131.3
1560000 143.7
1565000 179.2
1570000 129.9
1575000 330.8
1580000 47.5
1585000 94.6
1590000 73.9
1595000 114.8
1600000 77.3
1605000 251.3
1610000 213.1
1615000 285.2
1620000 162.4
1625000 61.3
1630000 77.4
1635000 55.0
1640000 228.7
1645000 114.4
1650000 199.5
1655000 212.1
1660000 137.5
1665000 283.5
1670000 149.9
1675000 133.0
1680000 315.4
1685000 182.2
1690000 181.5
1695000 269.1
1700000 67.6
1705000 89.9
1710000 134.2
1715000 130.3
1720000 94.8
1725000 273.3
1730000 63.4
1735000 192.7
1740000 164.1
1745000 270.9
1750000 159.0
1755000 137.1
1760000 45.5
1765000 170.3
1770000 275.1
1775000 148.7
1780000 150.5
1785000 49.9
1790000 148.7
1795000 140.4
1800000 259.3
1805000 56.0
1810000 93.1
1815000 109.4
1820000 153.3
1825000 225.7
1830000 98.2
1835000 274.7
1840000 242.8
1845000 130.6
1850000 222.0
1855000 194.5
1860000 73.7
1865000 183.3
1870000 137.6
1875000 49.0
1880000 201.7
1885000 313.5
1890000 146.1
1895000 238.9
1900000 210.0
1905000 211.1
1910000 361.6
1915000 130.5
1920000 138.1
1925000 152.4
1930000 221.0
1935000 188.5
1940000 105.7
1945000 168.9
1950000 139.6
1955000 414.3
1960000 154.1
1965000 192.3
1970000 159.9
1975000 359.1
1980000 221.6
1985000 185.2
1990000 157.4
1995000 153.0
2000000 114.5
