5000 49.0
10000 82.6
15000 72.1
20000 53.7
25000 66.6
30000 137.6
35000 162.4
40000 90.4
45000 137.2
50000 123.6
55000 88.3
60000 79.8
65000 65.3
70000 51.5
75000 71.5
80000 73.7
85000 76.7
90000 136.5
95000 186.5
100000 67.0
105000 178.3
110000 144.5
115000 126.2
120000 111.2
125000 93.0
130000 205.7
135000 257.7
140000 111.3
145000 91.1
150000 50.2
155000 151.2
160000 164.1
165000 120.0
170000 70.2
175000 146.9
180000 61.8
185000 122.1
190000 83.2
195000 140.3
200000 176.3
205000 107.3
210000 121.8
215000 61.4
220000 123.1
225000 247.7
230000 71.1
235000 166.7
240000 126.6
245000 138.0
250000 63.8
255000 72.3
260000 72.7
265000 216.0
270000 156.9
275000 111.7
280000 345.6
285000 70.1
290000 74.1
295000 60.8
300000 149.4
305000 211.1
310000 192.6
315000 111.8
320000 107.0
325000 165.3
330000 72.7
335000 168.0
340000 137.1
345000 79.2
350000 304.9
355000 167.4
360000 216.7
365000 58.3
370000 103.1
375000 118.1
380000 140.5
385000 233.5
390000 97.4
395000 111.9
400000 264.7
405000 182.7
410000 72.0
415000 240.5
420000 144.0
425000 90.6
430000 244.4
435000 165.5
440000 125.3
445000 69.6
450000 292.5
455000 73.3
460000 100.1
465000 202.2
470000 142.4
475000 138.6
480000 131.6
485000 188.2
490000 84.5
495000 183.6
500000 68.9
505000 81.1
510000 67.7
515000 60.4
520000 112.7
525000 105.6
530000 177.3
535000 154.2
540000 72.8
545000 206.9
550000 99.8
555000 71.5
560000 148.9
565000 133.1
570000 282.7
575000 184.6
580000 71.2
585000 52.1
590000 63.1
595000 61.8
600000 60.8
605000 53.1
610000 142.2
615000 117.4
620000 305.8
625000 205.0
630000 255.0
635000 92.5
640000 206.6
645000 84.4
650000 86.8
655000 106.1
660000 266.2
665000 214.8
670000 153.0
675000 65.8
680000 203.5
685000 111.0
690000 124.3
695000 311.5
700000 175.3
705000 173.7
710000 177.1
715000 119.3
720000 83.3
725000 184.4
730000 210.2
735000 176.8
740000 146.2
745000 132.5
750000 229.5
755000 231.2
760000 114.5
765000 344.2
770000 243.9
775000 75.8
780000 235.3
785000 79.5
790000 110.2
795000 63.5
800000 87.4
805000 290.9
810000 144.6
815000 179.8
820000 91.2
825000 119.3
830000 262.4
835000 176.3
840000 181.2
845000 135.4
850000 78.7
855000 178.6
860000 68.5
865000 208.0
870000 232.7
875000 67.2
880000 139.8
885000 142.5
890000 76.2
895000 156.7
900000 94.7
905000 169.1
910000 69.7
915000 74.4
920000 80.4
925000 136.3
930000 131.5
935000 136.4
940000 88.6
945000 147.6
950000 113.5
955000 96.7
960000 382.6
965000 375.0
970000 116.8
975000 56.8
980000 214.3
985000 185.2
990000 103.9
995000 204.2
1000000 183.9
1005000 56.9
1010000 212.6
1015000 69.3
1020000 83.0
1025000 84.2
1030000 140.0
1035000 107.0
1040000 265.1
1045000 199.7
1050000 313.4
1055000 251.8
1060000 199.3
1065000 141.7
1070000 140.7
1075000 106.0
1080000 146.0
1085000 68.9
1090000 258.7
1095000 145.9
1100000 336.9
1105000 149.2
1110000 194.2
1115000 249.3
1120000 101.5
1125000 155.0
1130000 137.6
1135000 303.7
1140000 261.9
1145000 212.5
1150000 87.4
1155000 102.6
1160000 100.5
1165000 192.6
1170000 230.9
1175000 192.3
1180000 134.8
1185000 204.3
1190000 72.2
1195000 342.1
1200000 227.5
1205000 173.1
1210000 159.8
1215000 242.7
1220000 127.7
1225000 147.5
1230000 220.5
1235000 116.8
1240000 247.8
1245000 142.9
1250000 114.9
1255000 201.3
1260000 45.6
1265000 114.1
1270000 152.5
1275000 71.3
1280000 238.2
1285000 131.8
1290000 254.6
1295000 243.0
1300000 76.1
1305000 66.8
1310000 62.3
1315000 203.8
1320000 129.2
1325000 63.3
1330000 140.9
1335000 72.0
1340000 144.1
1345000 151.4
1350000 164.6
1355000 130.8
1360000 101.7
1365000 124.5
1370000 173.1
1375000 199.4
1380000 191.9
1385000 301.5
1390000 145.5
1395000 80.3
1400000 207.6
1405000 137.8
1410000 76.1
1415000 148.5
1420000 294.5
1425000 278.3
1430000 61.2
1435000 131.9
1440000 83.6
1445000 64.1
1450000 215.4
1455000 294.3
1460000 259.6
1465000 166.1
1470000 165.3
1475000 119.2
1480000 127.2
1485000 124.9
1490000 90.5
1495000 88.1
1500000 202.0
1505000 206.9
1510000 118.8
1515000 143.2
1520000 50.7
1525000 225.3
1530000 134.1
1535000 284.6
1540000 281.4
1545000 189.6
1550000 65.6
1555000 261.2
1560000 244.4
1565000 182.1
1570000 168.8
1575000 251.0
1580000 271.5
1585000 179.0
1590000 232.2
1595000 268.8
1600000 115.5
1605000 72.8
1610000 117.1
1615000 77.6
1620000 123.8
1625000 184.9
1630000 149.6
1635000 206.4
1640000 250.5
1645000 148.2
1650000 134.7
1655000 112.2
1660000 164.6
1665000 154.7
1670000 177.2
1675000 113.7
1680000 103.8
1685000 86.4
1690000 51.3
1695000 150.3
1700000 136.0
1705000 62.0
1710000 163.2
1715000 210.7
1720000 100.0
1725000 276.2
1730000 55.9
1735000 119.4
1740000 49.3
1745000 73.3
1750000 44.0
1755000 242.4
1760000 112.9
1765000 93.3
1770000 196.1
1775000 203.7
1780000 75.8
1785000 66.7
1790000 192.1
1795000 229.9
1800000 188.0
1805000 71.5
1810000 69.2
1815000 162.7
1820000 87.9
1825000 230.0
1830000 157.0
1835000 216.7
1840000 267.7
1845000 244.7
1850000 203.4
1855000 165.5
1860000 157.1
1865000 80.3
1870000 79.3
1875000 161.9
1880000 193.2
1885000 173.7
1890000 58.6
1895000 405.9
1900000 64.7
1905000 71.7
1910000 88.8
1915000 145.8
1920000 156.0
1925000 128.6
1930000 105.0
1935000 120.8
1940000 214.4
1945000 214.9
1950000 159.1
1955000 175.7
1960000 74.1
1965000 297.9
1970000 143.9
1975000 206.4
1980000 177.3
1985000 74.2
1990000 128.9
1995000 188.2
2000000 179.8
