5000 66.4
10000 57.7
15000 75.8
20000 58.5
25000 130.0
30000 64.7
35000 64.2
40000 122.2
45000 75.1
50000 58.5
55000 102.8
60000 90.8
65000 161.7
70000 67.8
75000 169.4
80000 94.9
85000 62.7
90000 119.2
95000 91.4
100000 61.6
105000 153.8
110000 106.3
115000 168.7
120000 188.8
125000 102.1
130000 72.8
135000 194.0
140000 154.2
145000 58.4
150000 126.1
155000 101.9
160000 88.4
165000 293.1
170000 259.9
175000 165.6
180000 183.6
185000 101.0
190000 134.1
195000 174.3
200000 173.5
205000 145.9
210000 166.7
215000 97.4
220000 98.5
225000 197.1
230000 69.0
235000 119.7
240000 73.6
245000 65.0
250000 206.6
255000 174.8
260000 184.3
265000 69.9
270000 75.2
275000 47.5
280000 160.8
285000 213.1
290000 153.0
295000 116.7
300000 107.6
305000 117.5
310000 149.9
315000 113.0
320000 121.2
325000 128.0
330000 80.0
335000 107.4
340000 365.7
345000 148.7
350000 55.5
355000 153.7
360000 104.0
365000 224.6
370000 278.3
375000 208.4
380000 285.3
385000 64.6
390000 80.7
395000 261.2
400000 66.9
405000 215.7
410000 239.1
415000 365.2
420000 127.3
425000 153.4
430000 56.9
435000 187.4
440000 83.6
445000 110.8
450000 190.7
455000 179.0
460000 142.5
465000 98.5
470000 228.6
475000 171.5
480000 68.1
485000 297.8
490000 218.3
495000 94.5
500000 149.5
505000 201.0
510000 264.0
515000 182.4
520000 163.7
525000 176.9
530000 213.0
535000 252.9
540000 198.1
545000 123.7
550000 72.1
555000 229.2
560000 204.9
565000 149.6
570000 145.0
575000 110.3
580000 215.6
585000 124.3
590000 155.6
595000 97.8
600000 192.1
605000 68.4
610000 166.1
615000 228.0
620000 171.7
625000 143.6
630000 136.0
635000 72.5
640000 116.7
645000 137.2
650000 172.9
655000 86.4
660000 120.9
665000 123.9
670000 139.5
675000 443.4
680000 180.8
685000 243.4
690000 156.8
695000 214.2
700000 124.0
705000 188.0
710000 151.9
715000 214.6
720000 186.2
725000 125.3
730000 75.7
735000 136.2
740000 203.6
745000 105.1
750000 208.3
755000 168.8
760000 138.1
765000 141.5
770000 185.9
775000 328.9
780000 157.4
785000 231.9
790000 311.8
795000 145.5
800000 126.5
805000 162.6
810000 251.2
815000 152.6
820000 64.2
825000 222.4
830000 237.8
835000 187.3
840000 125.1
845000 192.8
850000 181.6
855000 105.4
860000 287.1
865000 283.8
870000 319.1
875000 185.7
880000 186.2
885000 392.0
890000 98.1
895000 183.3
900000 129.6
905000 159.1
910000 169.3
915000 124.8
920000 96.6
925000 231.1
930000 117.0
935000 157.2
940000 315.2
945000 170.1
950000 52.1
955000 114.7
960000 409.2
965000 303.9
970000 85.7
975000 104.4
980000 146.2
985000 374.2
990000 65.2
995000 259.2
1000000 159.1
1005000 54.1
1010000 112.6
1015000 236.4
1020000 214.5
1025000 125.0
1030000 149.6
1035000 147.9
1040000 225.5
1045000 326.5
1050000 312.3
1055000 71.6
1060000 140.1
1065000 267.3
1070000 219.5
1075000 134.6
1080000 144.0
1085000 374.6
1090000 138.7
1095000 317.6
1100000 146.6
1105000 191.8
1110000 146.8
1115000 165.3
1120000 235.1
1125000 165.2
1130000 74.0
1135000 376.0
1140000 79.6
1145000 198.7
1150000 213.0
1155000 342.4
1160000 228.7
1165000 145.5
1170000 264.4
1175000 268.8
1180000 65.2
1185000 142.0
1190000 153.5
1195000 162.6
1200000 134.4
1205000 388.6
1210000 238.7
1215000 111.3
1220000 221.2
1225000 143.2
1230000 340.7
1235000 201.8
1240000 220.3
1245000 126.6
1250000 148.6
1255000 235.5
1260000 155.6
1265000 274.8
1270000 134.5
1275000 168.3
1280000 138.2
1285000 130.1
1290000 129.6
1295000 267.0
1300000 237.7
1305000 67.2
1310000 227.2
1315000 234.1
1320000 157.2
1325000 126.8
1330000 101.4
1335000 205.5
1340000 197.2
1345000 84.6
1350000 136.4
1355000 62.5
1360000 361.3
1365000 72.1
1370000 195.3
1375000 157.0
1380000 153.2
1385000 191.0
1390000 228.5
1395000 299.4
1400000 344.2
1405000 201.5
1410000 88.0
1415000 320.1
1420000 162.7
1425000 218.2
1430000 145.4
1435000 241.1
1440000 304.1
1445000 270.5
1450000 222.4
1455000 71.8
1460000 277.5
1465000 181.5
1470000 123.7
1475000 177.3
1480000 290.8
1485000 319.8
1490000 161.5
1495000 180.8
1500000 110.8
1505000 173.1
1510000 232.9
1515000 300.2
1520000 278.9
1525000 313.5
1530000 132.2
1535000 63.3
1540000 226.6
1545000 200.3
1550000 102.8
1555000 193.3
1560000 64.4
1565000 111.1
1570000 182.6
1575000 66.1
1580000 160.2
1585000 193.0
1590000 360.5
1595000 65.8
1600000 202.1
1605000 167.8
1610000 389.2
1615000 149.5
1620000 237.2
1625000 364.6
1630000 211.6
1635000 257.4
1640000 351.1
1645000 314.4
1650000 242.6
1655000 73.0
1660000 179.4
1665000 110.8
1670000 133.0
1675000 145.1
1680000 356.7
1685000 285.3
1690000 168.7
1695000 209.7
1700000 88.7
1705000 228.1
1710000 241.4
1715000 218.2
1720000 139.2
1725000 219.4
1730000 304.6
1735000 70.9
1740000 73.2
1745000 315.2
1750000 78.0
1755000 232.0
1760000 258.5
1765000 194.6
1770000 226.7
1775000 88.4
1780000 205.1
1785000 148.6
1790000 237.8
1795000 233.6
1800000 66.1
1805000 384.9
1810000 148.8
1815000 214.6
1820000 155.7
1825000 161.9
1830000 124.6
1835000 69.0
1840000 237.2
1845000 332.5
1850000 117.8
1855000 142.4
1860000 185.2
1865000 131.3
1870000 148.3
1875000 173.7
1880000 91.2
1885000 58.4
1890000 210.8
1895000 73.1
1900000 209.9
1905000 302.1
1910000 211.2
1915000 177.9
1920000 237.6
1925000 78.2
1930000 238.4
1935000 234.6
1940000 98.5
1945000 142.9
1950000 336.0
1955000 55.4
1960000 356.6
1965000 169.7
1970000 381.1
1975000 141.4
1980000 270.6
1985000 107.3
1990000 135.5
1995000 239.1
2000000 212.7
