5000 191.3
10000 57.2
15000 73.3
20000 92.0
25000 58.6
30000 148.6
35000 59.7
40000 88.5
45000 66.9
50000 88.6
55000 69.8
60000 112.0
65000 148.8
70000 75.2
75000 69.8
80000 75.1
85000 90.9
90000 242.7
95000 108.4
100000 72.2
105000 146.4
110000 62.4
115000 88.9
120000 92.7
125000 105.7
130000 133.6
135000 127.4
140000 296.2
145000 127.0
150000 142.2
155000 51.5
160000 110.2
165000 165.4
170000 61.6
175000 114.9
180000 65.9
185000 54.7
190000 112.4
195000 60.2
200000 72.9
205000 61.0
210000 84.6
215000 70.8
220000 160.0
225000 108.5
230000 96.4
235000 129.1
240000 51.5
245000 63.6
250000 262.4
255000 135.2
260000 325.1
265000 124.0
270000 106.8
275000 293.5
280000 241.3
285000 71.7
290000 135.5
295000 167.9
300000 100.8
305000 73.7
310000 116.2
315000 183.8
320000 85.7
325000 286.0
330000 209.2
335000 186.0
340000 151.9
345000 70.3
350000 69.4
355000 181.9
360000 169.2
365000 277.6
370000 68.7
375000 187.1
380000 187.6
385000 141.2
390000 278.3
395000 76.9
400000 127.2
405000 228.9
410000 251.5
415000 75.4
420000 98.2
425000 171.0
430000 56.5
435000 180.7
440000 154.4
445000 101.5
450000 162.3
455000 97.3
460000 140.9
465000 116.9
470000 115.8
475000 230.2
480000 63.4
485000 120.6
490000 60.4
495000 297.4
500000 110.5
505000 230.1
510000 71.9
515000 180.1
520000 63.0
525000 65.8
530000 226.4
535000 114.5
540000 150.8
545000 193.7
550000 128.3
555000 230.1
560000 288.7
565000 92.7
570000 93.0
575000 73.6
580000 83.4
585000 97.0
590000 127.6
595000 99.0
600000 105.7
605000 86.4
610000 67.1
615000 49.8
620000 123.8
625000 73.5
630000 237.7
635000 105.9
640000 193.4
645000 374.0
650000 74.6
655000 105.1
660000 66.5
665000 179.7
670000 155.1
675000 151.2
680000 134.2
685000 75.3
690000 55.5
695000 67.5
700000 201.1
705000 298.5
710000 77.2
715000 238.4
720000 107.9
725000 224.6
730000 85.2
735000 142.9
740000 125.5
745000 162.3
750000 75.8
755000 97.9
760000 185.9
765000 208.9
770000 346.3
775000 64.4
780000 329.4
785000 75.8
790000 219.0
795000 159.2
800000 151.7
805000 140.9
810000 135.9
815000 271.5
820000 211.9
825000 136.4
830000 154.4
835000 79.4
840000 133.3
845000 54.5
850000 112.9
855000 387.7
860000 121.5
865000 208.2
870000 260.1
875000 129.5
880000 276.9
885000 47.9
890000 80.4
895000 285.8
900000 149.0
905000 67.6
910000 207.8
915000 208.0
920000 210.6
925000 203.3
930000 75.1
935000 212.8
940000 200.7
945000 214.1
950000 154.1
955000 287.5
960000 194.6
965000 168.2
970000 75.1
975000 195.8
980000 56.8
985000 246.3
990000 134.4
995000 77.9
1000000 146.6
1005000 130.1
1010000 189.4
1015000 145.5
1020000 211.7
1025000 173.5
1030000 107.5
1035000 277.0
1040000 64.5
1045000 373.4
1050000 76.9
1055000 189.0
1060000 75.6
1065000 58.5
1070000 66.5
1075000 170.1
1080000 178.5
1085000 146.0
1090000 359.0
1095000 185.6
1100000 56.7
1105000 251.5
1110000 112.0
1115000 211.4
1120000 273.2
1125000 63.9
1130000 209.1
1135000 73.0
1140000 159.8
1145000 69.6
1150000 211.8
1155000 275.5
1160000 262.7
1165000 192.2
1170000 151.1
1175000 91.9
1180000 113.7
1185000 181.1
1190000 315.7
1195000 123.3
1200000 406.0
1205000 215.8
1210000 87.3
1215000 150.4
1220000 63.2
1225000 125.8
1230000 256.3
1235000 67.4
1240000 296.7
1245000 188.9
1250000 206.3
1255000 235.4
1260000 138.9
1265000 241.4
1270000 133.8
1275000 148.3
1280000 281.3
1285000 322.0
1290000 358.3
1295000 147.0
1300000 311.2
1305000 216.5
1310000 64.3
1315000 57.4
1320000 174.5
1325000 254.3
1330000 297.5
1335000 82.6
1340000 352.3
1345000 59.1
1350000 126.5
1355000 130.5
1360000 57.9
1365000 168.7
1370000 102.5
1375000 151.3
1380000 115.4
1385000 250.3
1390000 214.5
1395000 266.1
1400000 181.7
1405000 162.9
1410000 367.9
1415000 216.9
1420000 137.2
1425000 275.2
1430000 229.2
1435000 138.9
1440000 138.6
1445000 158.4
1450000 121.5
1455000 149.2
1460000 63.9
1465000 319.9
1470000 259.8
1475000 304.8
1480000 416.4
1485000 218.4
1490000 69.6
1495000 287.3
1500000 229.7
1505000 133.6
1510000 136.2
1515000 276.8
1520000 367.0
1525000 348.0
1530000 248.2
1535000 177.2
1540000 194.4
1545000 151.0
1550000 137.9
1555000 502.7
1560000 158.3
1565000 291.0
1570000 224.8
1575000 256.2
1580000 211.3
1585000 70.5
1590000 340.4
1595000 151.3
1600000 145.2
1605000 135.6
1610000 133.5
1615000 176.6
1620000 170.7
1625000 77.5
1630000 77.0
1635000 320.1
1640000 209.2
1645000 204.7
1650000 162.9
1655000 232.2
1660000 176.8
1665000 226.0
1670000 188.3
1675000 328.2
1680000 277.4
1685000 63.4
1690000 234.4
1695000 197.0
1700000 118.7
1705000 292.3
1710000 211.7
1715000 142.8
1720000 366.2
1725000 126.2
1730000 227.6
1735000 71.6
1740000 267.2
1745000 63.8
1750000 200.9
1755000 296.2
1760000 81.7
1765000 214.9
1770000 44.1
1775000 326.7
1780000 294.2
1785000 334.8
1790000 433.0
1795000 185.8
1800000 208.0
1805000 66.2
1810000 209.6
1815000 318.4
1820000 292.9
1825000 117.5
1830000 162.1
1835000 114.4
1840000 130.8
1845000 245.3
1850000 166.6
1855000 189.9
1860000 69.8
1865000 193.6
1870000 107.5
1875000 276.0
1880000 306.6
1885000 196.8
1890000 350.2
1895000 261.3
1900000 55.8
1905000 222.1
1910000 152.7
1915000 108.2
1920000 253.7
1925000 148.1
1930000 140.1
1935000 224.4
1940000 98.3
1945000 173.2
1950000 216.2
1955000 211.9
1960000 145.1
1965000 249.1
1970000 214.9
1975000 146.6
1980000 124.7
1985000 49.3
1990000 280.8
1995000 124.8
2000000 138.4
