5000 69.7
10000 149.9
15000 98.6
20000 63.5
25000 57.0
30000 96.3
35000 74.3
40000 223.7
45000 155.7
50000 133.3
55000 68.1
60000 56.7
65000 131.7
70000 126.5
75000 51.9
80000 100.6
85000 146.3
90000 85.2
95000 140.3
100000 33.4
105000 48.4
110000 83.5
115000 132.9
120000 69.2
125000 78.6
130000 159.6
135000 219.6
140000 86.5
145000 230.4
150000 88.9
155000 230.4
160000 66.0
165000 101.6
170000 185.5
175000 234.8
180000 150.7
185000 89.3
190000 125.5
195000 83.7
200000 62.9
205000 73.5
210000 95.6
215000 136.2
220000 142.2
225000 205.4
230000 123.2
235000 161.1
240000 203.5
245000 85.2
250000 62.0
255000 196.1
260000 118.2
265000 127.9
270000 126.0
275000 134.4
280000 164.9
285000 109.1
290000 124.0
295000 155.8
300000 180.5
305000 194.3
310000 148.4
315000 94.0
320000 84.7
325000 159.3
330000 143.5
335000 51.7
340000 190.6
345000 57.2
350000 121.4
355000 69.4
360000 201.7
365000 275.2
370000 220.9
375000 103.7
380000 42.3
385000 54.0
390000 58.5
395000 226.0
400000 68.6
405000 311.7
410000 158.2
415000 148.8
420000 270.0
425000 117.0
430000 207.0
435000 143.3
440000 60.8
445000 143.0
450000 156.4
455000 140.5
460000 120.1
465000 102.5
470000 35.2
475000 76.0
480000 68.8
485000 66.9
490000 143.8
495000 152.9
500000 90.7
505000 108.6
510000 105.3
515000 165.9
520000 91.5
525000 188.3
530000 89.7
535000 151.2
540000 262.6
545000 208.2
550000 59.8
555000 165.3
560000 145.3
565000 199.5
570000 136.4
575000 185.1
580000 154.9
585000 136.2
590000 208.3
595000 150.7
600000 81.7
605000 113.9
610000 179.2
615000 101.5
620000 164.5
625000 85.3
630000 86.4
635000 66.1
640000 75.3
645000 142.5
650000 87.9
655000 129.8
660000 86.6
665000 145.3
670000 156.1
675000 229.5
680000 213.6
685000 108.6
690000 203.9
695000 203.9
700000 182.0
705000 65.8
710000 121.4
715000 144.2
720000 69.2
725000 106.8
730000 73.7
735000 98.3
740000 128.8
745000 113.4
750000 40.2
755000 156.8
760000 194.2
765000 100.4
770000 237.0
775000 158.3
780000 60.7
785000 167.8
790000 212.5
795000 63.1
800000 198.5
805000 211.9
810000 60.8
815000 211.5
820000 288.3
825000 241.4
830000 142.8
835000 201.3
840000 136.4
845000 396.1
850000 73.3
855000 138.7
860000 112.0
865000 290.7
870000 112.1
875000 337.1
880000 62.7
885000 145.0
890000 123.0
895000 105.6
900000 194.9
905000 119.0
910000 60.8
915000 278.5
920000 64.4
925000 338.0
930000 163.5
935000 108.7
940000 154.5
945000 122.1
950000 134.1
955000 135.5
960000 147.8
965000 208.5
970000 135.9
975000 279.7
980000 213.4
985000 257.9
990000 362.3
995000 94.8
1000000 179.8
1005000 116.7
1010000 136.1
1015000 75.5
1020000 150.2
1025000 221.4
1030000 108.9
1035000 210.2
1040000 75.8
1045000 143.2
1050000 162.7
1055000 235.4
1060000 178.5
1065000 94.1
1070000 160.3
1075000 208.1
1080000 108.9
1085000 185.8
1090000 142.6
1095000 158.1
1100000 150.2
1105000 211.3
1110000 152.3
1115000 208.2
1120000 65.1
1125000 118.6
1130000 267.9
1135000 129.6
1140000 127.4
1145000 128.2
1150000 152.4
1155000 125.4
1160000 69.4
1165000 61.7
1170000 215.3
1175000 223.9
1180000 212.2
1185000 263.1
1190000 269.4
1195000 208.8
1200000 81.3
1205000 143.1
1210000 172.4
1215000 142.8
1220000 122.5
1225000 80.7
1230000 141.7
1235000 132.3
1240000 224.1
1245000 173.3
1250000 169.3
1255000 60.3
1260000 165.0
1265000 146.0
1270000 130.7
1275000 164.0
1280000 239.0
1285000 77.4
1290000 145.2
1295000 71.7
1300000 69.7
1305000 161.4
1310000 157.9
1315000 89.5
1320000 154.9
1325000 69.0
1330000 129.8
1335000 173.7
1340000 138.0
1345000 113.1
1350000 180.7
1355000 85.3
1360000 154.5
1365000 203.2
1370000 146.4
1375000 173.6
1380000 187.4
1385000 133.3
1390000 284.5
1395000 158.2
1400000 146.0
1405000 45.4
1410000 86.9
1415000 47.5
1420000 241.9
1425000 115.4
1430000 213.7
1435000 78.7
1440000 71.1
1445000 129.5
1450000 280.5
1455000 295.4
1460000 106.7
1465000 67.0
1470000 205.9
1475000 88.4
1480000 151.4
1485000 301.6
1490000 91.6
1495000 81.0
1500000 121.8
1505000 293.5
1510000 200.3
1515000 138.6
1520000 195.7
1525000 144.5
1530000 336.6
1535000 60.3
1540000 79.9
1545000 149.0
1550000 152.3
1555000 102.4
1560000 149.0
1565000 87.7
1570000 63.9
1575000 213.6
1580000 182.3
1585000 147.6
1590000 220.3
1595000 98.3
1600000 141.4
1605000 141.9
1610000 273.3
1615000 181.0
1620000 117.0
1625000 256.6
1630000 197.6
1635000 153.1
1640000 50.8
1645000 224.5
1650000 94.2
1655000 209.8
1660000 194.5
1665000 146.9
1670000 55.5
1675000 72.7
1680000 223.3
1685000 195.1
1690000 133.8
1695000 232.9
1700000 139.5
1705000 178.6
1710000 185.3
1715000 77.3
1720000 95.4
1725000 363.8
1730000 141.7
1735000 157.7
1740000 248.1
1745000 199.3
1750000 67.7
1755000 138.3
1760000 253.2
1765000 130.9
1770000 204.0
1775000 206.0
1780000 330.6
1785000 274.7
1790000 244.9
1795000 151.8
1800000 218.8
1805000 139.6
1810000 162.5
1815000 76.8
1820000 149.4
1825000 218.6
1830000 132.8
1835000 305.6
1840000 282.7
1845000 282.6
1850000 265.0
1855000 125.6
1860000 74.6
1865000 115.2
1870000 158.9
1875000 136.9
1880000 198.1
1885000 279.5
1890000 240.4
1895000 49.3
1900000 368.9
1905000 193.0
1910000 147.9
1915000 299.5
1920000 154.3
1925000 211.5
1930000 286.2
1935000 151.3
1940000 81.2
1945000 234.2
1950000 150.2
1955000 134.6
1960000 287.6
1965000 167.6
1970000 240.7
1975000 220.3
1980000 189.3
1985000 135.6
1990000 202.7
1995000 162.7
2000000 182.4
