5000 137.8
10000 87.6
15000 82.0
20000 117.9
25000 81.9
30000 64.3
35000 48.9
40000 106.1
45000 56.7
50000 67.3
55000 114.4
60000 186.5
65000 100.6
70000 112.7
75000 65.5
80000 69.2
85000 83.8
90000 142.6
95000 92.4
100000 117.3
105000 90.1
110000 219.8
115000 62.6
120000 87.3
125000 147.3
130000 80.4
135000 187.5
140000 96.9
145000 138.0
150000 72.0
155000 90.5
160000 110.7
165000 145.2
170000 200.9
175000 164.1
180000 120.1
185000 189.6
190000 240.2
195000 78.0
200000 140.4
205000 184.5
210000 94.5
215000 135.0
220000 88.8
225000 156.3
230000 67.1
235000 193.3
240000 160.3
245000 85.9
250000 117.9
255000 60.1
260000 184.3
265000 203.4
270000 88.5
275000 130.9
280000 184.8
285000 136.1
290000 59.3
295000 65.2
300000 50.9
305000 239.5
310000 285.5
315000 82.3
320000 206.8
325000 131.5
330000 245.4
335000 110.9
340000 249.6
345000 159.0
350000 72.4
355000 212.0
360000 144.5
365000 180.7
370000 183.4
375000 57.1
380000 94.7
385000 210.1
390000 191.4
395000 147.6
400000 173.0
405000 137.0
410000 215.0
415000 76.4
420000 163.2
425000 270.3
430000 128.5
435000 135.5
440000 123.8
445000 78.5
450000 204.2
455000 138.8
460000 69.7
465000 67.3
470000 74.3
475000 77.4
480000 59.9
485000 133.3
490000 191.5
495000 151.1
500000 133.5
505000 264.0
510000 307.5
515000 141.2
520000 76.8
525000 175.0
530000 358.7
535000 173.4
540000 62.5
545000 180.2
550000 254.9
555000 58.2
560000 65.4
565000 168.4
570000 56.1
575000 105.1
580000 326.3
585000 224.1
590000 97.0
595000 345.7
600000 100.5
605000 126.8
610000 217.3
615000 114.1
620000 250.7
625000 120.5
630000 68.9
635000 155.7
640000 96.3
645000 247.9
650000 124.7
655000 163.8
660000 147.8
665000 101.0
670000 60.5
675000 105.2
680000 113.7
685000 166.2
690000 212.1
695000 70.6
700000 279.0
705000 64.5
710000 215.7
715000 235.0
720000 213.3
725000 163.1
730000 321.2
735000 55.5
740000 158.2
745000 146.3
750000 271.0
755000 157.2
760000 54.8
765000 121.2
770000 124.5
775000 199.2
780000 150.5
785000 145.6
790000 114.5
795000 154.7
800000 241.0
805000 203.8
810000 136.6
815000 214.4
820000 132.4
825000 222.7
830000 264.4
835000 185.5
840000 341.7
845000 198.6
850000 212.4
855000 143.8
860000 330.5
865000 154.2
870000 142.6
875000 147.8
880000 122.2
885000 66.9
890000 119.4
895000 145.6
900000 138.1
905000 131.8
910000 53.1
915000 360.0
920000 357.7
925000 68.3
930000 59.3
935000 328.0
940000 158.9
945000 289.0
950000 62.4
955000 281.4
960000 101.9
965000 208.2
970000 60.6
975000 302.7
980000 65.4
985000 133.0
990000 179.8
995000 293.1
1000000 256.8
1005000 88.0
1010000 111.4
1015000 151.0
1020000 181.1
1025000 210.0
1030000 141.8
1035000 84.7
1040000 178.2
1045000 315.0
1050000 169.7
1055000 204.1
1060000 223.3
1065000 192.7
1070000 220.2
1075000 107.6
1080000 212.2
1085000 47.4
1090000 110.4
1095000 208.0
1100000 136.6
1105000 149.7
1110000 239.6
1115000 78.6
1120000 131.6
1125000 205.6
1130000 186.5
1135000 152.0
1140000 282.4
1145000 144.4
1150000 303.0
1155000 370.5
1160000 236.1
1165000 485.1
1170000 118.5
1175000 152.4
1180000 304.7
1185000 378.6
1190000 125.5
1195000 205.6
1200000 244.0
1205000 222.3
1210000 147.4
1215000 352.7
1220000 212.1
1225000 152.2
1230000 190.5
1235000 199.9
1240000 232.9
1245000 134.4
1250000 238.6
1255000 138.2
1260000 166.1
1265000 199.5
1270000 92.0
1275000 228.8
1280000 160.6
1285000 257.8
1290000 294.5
1295000 97.1
1300000 251.1
1305000 178.9
1310000 117.1
1315000 221.3
1320000 252.6
1325000 400.5
1330000 195.6
1335000 316.6
1340000 227.8
1345000 123.9
1350000 155.9
1355000 135.7
1360000 238.1
1365000 155.6
1370000 185.2
1375000 166.0
1380000 437.7
1385000 180.1
1390000 145.7
1395000 55.3
1400000 178.1
1405000 156.4
1410000 204.0
1415000 300.7
1420000 252.5
1425000 266.0
1430000 191.2
1435000 121.5
1440000 251.4
1445000 71.5
1450000 221.7
1455000 264.9
1460000 385.4
1465000 229.5
1470000 139.4
1475000 198.9
1480000 284.9
1485000 287.2
1490000 60.8
1495000 168.7
1500000 214.9
1505000 162.5
1510000 373.0
1515000 225.6
1520000 187.8
1525000 53.2
1530000 146.3
1535000 233.9
1540000 253.2
1545000 210.2
1550000 137.4
1555000 211.0
1560000 93.3
1565000 212.9
1570000 178.3
1575000 280.0
1580000 228.6
1585000 214.4
1590000 75.1
1595000 99.6
1600000 236.7
1605000 254.2
1610000 226.2
1615000 362.7
1620000 194.2
1625000 221.9
1630000 201.1
1635000 153.2
1640000 122.5
1645000 239.0
1650000 245.1
1655000 122.1
1660000 130.2
1665000 313.1
1670000 240.6
1675000 253.5
1680000 126.0
1685000 158.5
1690000 63.5
1695000 304.3
1700000 154.9
1705000 297.1
1710000 157.2
1715000 226.4
1720000 214.0
1725000 118.1
1730000 234.6
1735000 224.4
1740000 138.8
1745000 225.7
1750000 185.8
1755000 108.2
1760000 69.0
1765000 57.1
1770000 174.5
1775000 352.7
1780000 120.2
1785000 261.3
1790000 207.7
1795000 99.3
1800000 153.9
1805000 113.4
1810000 115.9
1815000 221.8
1820000 248.8
1825000 150.1
1830000 293.5
1835000 114.6
1840000 81.9
1845000 243.4
1850000 235.7
1855000 223.9
1860000 82.9
1865000 161.2
1870000 429.1
1875000 217.9
1880000 129.6
1885000 86.6
1890000 73.3
1895000 127.8
1900000 173.9
1905000 283.2
1910000 446.5
1915000 187.6
1920000 184.6
1925000 68.9
1930000 121.8
1935000 234.4
1940000 241.7
1945000 282.5
1950000 151.3
1955000 232.5
1960000 198.2
1965000 313.0
1970000 279.3
1975000 268.0
1980000 424.4
1985000 144.1
1990000 66.1
1995000 97.7
2000000 277.2
