5000 62.1
10000 63.6
15000 92.1
20000 90.2
25000 140.9
30000 76.6
35000 54.1
40000 65.5
45000 126.4
50000 142.2
55000 68.2
60000 230.9
65000 70.1
70000 106.9
75000 64.1
80000 64.0
85000 53.0
90000 123.8
95000 88.8
100000 106.6
105000 97.3
110000 121.5
115000 69.0
120000 65.4
125000 88.0
130000 68.0
135000 145.3
140000 206.9
145000 165.1
150000 126.4
155000 65.9
160000 203.9
165000 210.6
170000 86.4
175000 72.3
180000 103.3
185000 126.3
190000 60.1
195000 186.7
200000 116.4
205000 81.1
210000 280.0
215000 264.5
220000 151.6
225000 66.9
230000 85.5
235000 60.0
240000 58.8
245000 128.9
250000 79.7
255000 48.8
260000 298.8
265000 201.7
270000 247.0
275000 142.1
280000 82.5
285000 123.8
290000 163.4
295000 216.2
300000 117.5
305000 77.0
310000 124.0
315000 66.1
320000 75.6
325000 53.8
330000 124.8
335000 86.0
340000 57.3
345000 118.2
350000 62.6
355000 154.1
360000 75.9
365000 107.4
370000 77.4
375000 129.7
380000 100.8
385000 96.2
390000 52.5
395000 68.0
400000 49.5
405000 131.1
410000 181.8
415000 124.1
420000 62.4
425000 114.8
430000 85.5
435000 252.6
440000 54.0
445000 142.4
450000 63.1
455000 57.9
460000 67.6
465000 163.6
470000 65.2
475000 138.8
480000 67.2
485000 151.3
490000 83.6
495000 73.1
500000 273.7
505000 74.3
510000 314.0
515000 88.0
520000 197.5
525000 123.9
530000 204.3
535000 158.3
540000 69.1
545000 205.6
550000 48.3
555000 236.1
560000 180.2
565000 197.7
570000 217.5
575000 58.9
580000 95.5
585000 85.6
590000 242.0
595000 127.1
600000 122.9
605000 63.6
610000 85.7
615000 83.0
620000 160.6
625000 267.2
630000 131.2
635000 150.4
640000 152.2
645000 69.1
650000 121.1
655000 172.9
660000 166.2
665000 277.1
670000 81.1
675000 316.0
680000 106.3
685000 196.5
690000 108.3
695000 194.6
700000 49.0
705000 69.5
710000 52.9
715000 66.7
720000 100.2
725000 223.9
730000 150.7
735000 190.4
740000 128.9
745000 66.1
750000 114.5
755000 42.3
760000 149.7
765000 41.0
770000 122.4
775000 106.7
780000 62.5
785000 114.3
790000 68.7
795000 102.1
800000 141.7
805000 123.5
810000 60.0
815000 204.2
820000 55.2
825000 71.9
830000 218.8
835000 226.3
840000 173.7
845000 54.1
850000 74.8
855000 134.1
860000 253.3
865000 223.9
870000 57.3
875000 175.7
880000 115.8
885000 131.1
890000 63.2
895000 222.1
900000 175.1
905000 77.9
910000 104.8
915000 129.6
920000 172.2
925000 238.9
930000 50.8
935000 123.0
940000 104.6
945000 79.7
950000 98.1
955000 143.8
960000 80.9
965000 132.4
970000 142.4
975000 64.9
980000 86.2
985000 148.8
990000 158.4
995000 93.8
1000000 158.5
1005000 60.0
1010000 67.8
1015000 74.6
1020000 180.9
1025000 219.1
1030000 280.8
1035000 111.2
1040000 70.3
1045000 165.2
1050000 71.1
1055000 144.8
1060000 134.4
1065000 154.1
1070000 188.7
1075000 82.9
1080000 161.0
1085000 152.0
1090000 159.6
1095000 68.2
1100000 133.7
1105000 166.8
1110000 148.3
1115000 165.3
1120000 190.9
1125000 140.4
1130000 168.4
1135000 104.5
1140000 144.0
1145000 55.2
1150000 128.1
1155000 152.9
1160000 79.5
1165000 57.8
1170000 76.2
1175000 213.7
1180000 258.4
1185000 202.8
1190000 68.0
1195000 158.8
1200000 105.9
1205000 108.5
1210000 60.3
1215000 130.0
1220000 111.4
1225000 250.3
1230000 191.9
1235000 244.9
1240000 156.9
1245000 99.5
1250000 148.2
1255000 143.3
1260000 168.1
1265000 95.9
1270000 99.4
1275000 139.3
1280000 261.5
1285000 112.7
1290000 68.5
1295000 139.5
1300000 70.1
1305000 200.4
1310000 61.6
1315000 193.0
1320000 177.3
1325000 74.0
1330000 79.3
1335000 89.6
1340000 122.4
1345000 170.3
1350000 82.8
1355000 65.1
1360000 59.7
1365000 53.0
1370000 51.9
1375000 85.4
1380000 152.0
1385000 124.2
1390000 176.0
1395000 169.4
1400000 129.6
1405000 110.8
1410000 160.3
1415000 84.3
1420000 141.1
1425000 119.5
1430000 53.1
1435000 70.9
1440000 124.4
1445000 258.6
1450000 131.2
1455000 59.7
1460000 179.4
1465000 117.3
1470000 127.8
1475000 61.2
1480000 171.5
1485000 125.9
1490000 93.2
1495000 59.3
1500000 183.1
1505000 243.7
1510000 125.4
1515000 206.7
1520000 186.2
1525000 91.9
1530000 115.0
1535000 166.2
1540000 182.7
1545000 125.5
1550000 139.1
1555000 99.3
1560000 70.2
1565000 146.7
1570000 125.3
1575000 158.8
1580000 97.9
1585000 71.1
1590000 70.4
1595000 176.4
1600000 136.4
1605000 144.5
1610000 79.6
1615000 206.9
1620000 70.5
1625000 154.3
1630000 70.9
1635000 223.8
1640000 107.6
1645000 197.8
1650000 102.4
1655000 109.3
1660000 55.2
1665000 92.9
1670000 45.8
1675000 109.2
1680000 51.1
1685000 65.9
1690000 82.1
1695000 94.4
1700000 122.8
1705000 57.5
1710000 71.9
1715000 30.7
1720000 114.4
1725000 75.9
1730000 83.1
1735000 113.6
1740000 95.3
1745000 134.0
1750000 117.9
1755000 62.7
1760000 97.7
1765000 215.3
1770000 150.0
1775000 209.6
1780000 104.5
1785000 90.0
1790000 172.8
1795000 236.9
1800000 82.2
1805000 147.2
1810000 95.1
1815000 338.8
1820000 63.7
1825000 116.1
1830000 85.1
1835000 94.9
1840000 151.1
1845000 90.4
1850000 81.5
1855000 71.0
1860000 146.1
1865000 72.2
1870000 213.8
1875000 204.9
1880000 186.5
1885000 155.8
1890000 65.1
1895000 203.6
1900000 210.2
1905000 147.0
1910000 238.3
1915000 54.8
1920000 217.8
1925000 276.7
1930000 154.3
1935000 62.8
1940000 68.0
1945000 68.2
1950000 299.2
1955000 123.7
1960000 152.1
1965000 123.6
1970000 115.9
1975000 74.5
1980000 142.4
1985000 93.4
1990000 57.8
1995000 74.8
2000000 109.4
