10000 0.8
20000 5.3
30000 0.6
40000 0.7
50000 0.5
60000 10.6
70000 2.9
80000 22.7
90000 20.6
100000 52.2
110000 1.0
120000 11.8
130000 23.9
140000 172.3
150000 234.0
160000 301.1
170000 359.0
180000 303.8
190000 385.3
200000 300.6
210000 248.0
220000 430.2
230000 745.3
240000 799.3
250000 742.5
260000 837.4
270000 837.3
280000 854.7
290000 868.3
300000 865.9
310000 334.5
320000 858.0
330000 858.2
340000 826.2
350000 897.5
360000 768.1
370000 875.6
380000 897.6
390000 895.3
400000 868.5
410000 332.0
420000 728.1
430000 877.2
440000 908.4
450000 682.9
460000 754.1
470000 903.7
480000 846.5
490000 881.5
500000 875.3
510000 351.3
520000 776.2
530000 865.2
540000 845.0
550000 896.4
560000 893.7
570000 899.2
580000 822.9
590000 890.1
600000 879.2
610000 539.1
620000 802.9
630000 884.1
640000 876.3
650000 867.6
660000 900.1
670000 824.1
680000 846.4
690000 814.4
700000 900.7
710000 410.3
720000 841.3
730000 853.3
740000 859.1
750000 868.2
760000 864.0
770000 890.3
780000 915.8
790000 910.5
800000 903.7
810000 357.1
820000 791.0
830000 893.2
840000 908.5
850000 888.3
860000 918.8
870000 909.0
880000 921.5
890000 919.2
900000 934.4
910000 134.0
920000 908.7
930000 906.8
940000 925.6
950000 900.1
960000 904.0
970000 909.9
980000 920.5
990000 919.1
1000000 923.3
