10000 0.9
20000 2.2
30000 4.7
40000 8.4
50000 5.4
60000 0.6
70000 5.1
80000 6.6
90000 5.9
100000 1.3
110000 3.0
120000 10.9
130000 119.4
140000 137.1
150000 160.4
160000 202.7
170000 400.2
180000 548.5
190000 428.6
200000 508.7
210000 65.1
220000 600.7
230000 706.3
240000 785.7
250000 654.9
260000 741.8
270000 819.4
280000 836.3
290000 767.5
300000 852.6
310000 142.7
320000 820.1
330000 857.8
340000 895.6
350000 840.5
360000 866.4
370000 802.9
380000 860.8
390000 870.4
400000 838.9
410000 193.4
420000 893.4
430000 892.4
440000 859.8
450000 782.5
460000 884.7
470000 861.5
480000 797.4
490000 800.7
500000 841.7
510000 170.9
520000 837.5
530000 801.0
540000 853.1
550000 883.4
560000 855.1
570000 889.9
580000 872.6
590000 895.5
600000 848.3
610000 363.1
620000 876.9
630000 831.1
640000 904.7
650000 862.9
660000 913.8
670000 838.7
680000 884.0
690000 880.9
700000 889.9
710000 216.5
720000 901.7
730000 882.9
740000 851.3
750000 856.6
760000 903.9
770000 913.2
780000 924.5
790000 911.2
800000 934.9
810000 214.0
820000 909.4
830000 806.8
840000 877.4
850000 880.4
860000 867.6
870000 919.0
880000 921.5
890000 904.4
900000 887.2
910000 363.7
920000 907.4
930000 872.4
940000 905.8
950000 852.0
960000 905.4
970000 888.4
980000 874.1
990000 880.2
1000000 825.0
