10000 0.8
20000 2.2
30000 1.7
40000 2.4
50000 1.8
60000 6.3
70000 0.8
80000 5.6
90000 2.4
100000 4.1
110000 8.5
120000 1.6
130000 10.1
140000 10.2
150000 1.6
160000 19.2
170000 2.7
180000 6.2
190000 9.2
200000 35.8
210000 2.1
220000 5.0
230000 10.6
240000 16.6
250000 152.0
260000 217.0
270000 328.4
280000 333.7
290000 313.4
300000 412.2
310000 7.9
320000 450.5
330000 647.2
340000 804.4
350000 732.6
360000 786.6
370000 822.3
380000 733.0
390000 842.7
400000 865.9
410000 16.3
420000 853.5
430000 865.2
440000 876.8
450000 860.4
460000 883.1
470000 867.4
480000 887.4
490000 785.8
500000 895.3
510000 92.3
520000 909.7
530000 893.6
540000 891.6
550000 893.1
560000 843.4
570000 888.4
580000 842.3
590000 920.1
600000 901.2
610000 136.7
620000 748.8
630000 847.6
640000 869.9
650000 875.4
660000 886.6
670000 891.5
680000 771.5
690000 875.6
700000 897.1
710000 122.4
720000 836.6
730000 900.2
740000 814.4
750000 858.8
760000 801.9
770000 861.9
780000 908.7
790000 911.1
800000 899.2
810000 386.8
820000 897.9
830000 922.1
840000 899.5
850000 928.7
860000 902.6
870000 899.5
880000 907.7
890000 921.5
900000 888.9
910000 203.3
920000 817.0
930000 878.3
940000 900.1
950000 809.9
960000 924.0
970000 921.6
980000 924.3
990000 924.2
1000000 907.1
