10000 0.3
20000 1.4
30000 0.4
40000 0.6
50000 1.0
60000 1.2
70000 1.9
80000 6.7
90000 5.6
100000 3.2
110000 4.4
120000 7.2
130000 4.0
140000 9.5
150000 0.0
160000 1.1
170000 29.5
180000 15.3
190000 5.0
200000 61.1
210000 53.9
220000 155.3
230000 205.2
240000 234.7
250000 315.8
260000 285.6
270000 286.8
280000 308.3
290000 287.0
300000 351.0
310000 10.3
320000 138.5
330000 332.1
340000 385.6
350000 360.3
360000 399.8
370000 460.4
380000 481.2
390000 396.0
400000 547.9
410000 53.0
420000 290.8
430000 367.4
440000 574.8
450000 817.4
460000 857.8
470000 778.1
480000 799.3
490000 713.5
500000 828.3
510000 130.1
520000 776.8
530000 824.6
540000 740.3
550000 759.8
560000 859.7
570000 802.0
580000 708.0
590000 818.0
600000 834.8
610000 72.5
620000 699.9
630000 812.1
640000 750.7
650000 631.9
660000 710.2
670000 607.6
680000 816.2
690000 845.7
700000 787.5
710000 46.3
720000 530.0
730000 736.5
740000 793.3
750000 786.5
760000 858.0
770000 859.7
780000 872.3
790000 777.2
800000 905.8
810000 93.0
820000 783.6
830000 683.8
840000 746.8
850000 889.6
860000 888.6
870000 867.9
880000 873.9
890000 780.7
900000 864.3
910000 81.7
920000 727.7
930000 862.1
940000 826.0
950000 784.8
960000 925.8
970000 818.9
980000 901.4
990000 882.3
1000000 901.2
