10000 0.0
20000 0.7
30000 0.6
40000 2.6
50000 5.9
60000 4.1
70000 5.7
80000 1.7
90000 0.8
100000 7.0
110000 6.9
120000 2.7
130000 9.1
140000 4.2
150000 3.4
160000 5.4
170000 1.7
180000 1.4
190000 4.7
200000 0.0
210000 5.9
220000 6.5
230000 0.0
240000 7.3
250000 8.5
260000 21.4
270000 39.6
280000 36.0
290000 43.3
300000 262.7
310000 3.1
320000 221.5
330000 276.6
340000 175.3
350000 539.8
360000 647.1
370000 701.9
380000 732.7
390000 711.1
400000 774.4
410000 6.0
420000 539.3
430000 788.4
440000 774.6
450000 817.5
460000 837.3
470000 838.7
480000 805.4
490000 844.0
500000 768.3
510000 17.5
520000 827.2
530000 868.8
540000 848.1
550000 864.0
560000 878.4
570000 846.3
580000 792.0
590000 829.7
600000 850.3
610000 9.3
620000 505.2
630000 811.7
640000 850.1
650000 793.5
660000 894.4
670000 856.4
680000 847.9
690000 870.7
700000 867.9
710000 10.3
720000 688.5
730000 754.4
740000 798.7
750000 789.6
760000 888.2
770000 800.2
780000 856.4
790000 807.3
800000 907.2
810000 2.9
820000 605.0
830000 826.7
840000 801.0
850000 711.1
860000 851.2
870000 887.7
880000 751.7
890000 863.7
900000 890.3
910000 4.0
920000 795.0
930000 889.2
940000 814.1
950000 875.8
960000 876.6
970000 829.5
980000 890.9
990000 856.6
1000000 884.0
