10000 0.7
20000 2.4
30000 4.2
40000 0.7
50000 6.6
60000 6.4
70000 12.9
80000 0.4
90000 7.9
100000 4.5
110000 2.3
120000 0.0
130000 5.4
140000 11.3
150000 43.6
160000 32.6
170000 63.6
180000 39.5
190000 211.8
200000 467.6
210000 25.3
220000 466.2
230000 650.6
240000 703.1
250000 763.1
260000 743.1
270000 812.0
280000 794.9
290000 817.4
300000 822.5
310000 613.5
320000 844.0
330000 893.9
340000 852.5
350000 902.5
360000 915.9
370000 899.7
380000 910.4
390000 872.2
400000 889.4
410000 540.0
420000 796.9
430000 918.7
440000 875.9
450000 791.3
460000 902.0
470000 908.5
480000 915.3
490000 858.5
500000 907.9
510000 523.8
520000 889.4
530000 890.2
540000 920.6
550000 895.0
560000 861.3
570000 903.8
580000 906.6
590000 879.8
600000 796.2
610000 669.9
620000 863.0
630000 896.2
640000 804.3
650000 905.3
660000 808.8
670000 902.0
680000 900.0
690000 890.8
700000 890.6
710000 67.0
720000 879.8
730000 817.3
740000 856.3
750000 914.6
760000 901.5
770000 935.1
780000 888.3
790000 901.8
800000 910.3
810000 383.4
820000 822.3
830000 875.0
840000 848.3
850000 931.1
860000 913.0
870000 806.1
880000 905.6
890000 893.9
900000 906.0
910000 517.4
920000 904.8
930000 910.3
940000 914.3
950000 912.7
960000 915.7
970000 896.4
980000 938.1
990000 915.5
1000000 871.6
