10000 6.0
20000 2.5
30000 1.1
40000 12.1
50000 46.7
60000 1.3
70000 4.8
80000 68.8
90000 229.1
100000 318.7
110000 90.7
120000 441.4
130000 575.2
140000 851.5
150000 781.3
160000 848.4
170000 857.5
180000 852.5
190000 816.8
200000 842.4
210000 236.6
220000 852.1
230000 864.4
240000 850.5
250000 824.0
260000 856.2
270000 845.7
280000 874.7
290000 863.1
300000 890.9
310000 142.8
320000 805.2
330000 860.1
340000 921.9
350000 911.0
360000 823.7
370000 875.6
380000 926.1
390000 811.9
400000 915.7
410000 328.7
420000 809.4
430000 800.9
440000 871.4
450000 890.4
460000 894.7
470000 857.2
480000 907.8
490000 903.7
500000 920.8
510000 269.9
520000 916.3
530000 887.9
540000 925.7
550000 910.7
560000 944.9
570000 924.8
580000 920.6
590000 907.3
600000 910.7
610000 18.7
620000 842.8
630000 900.9
640000 826.1
650000 895.4
660000 863.8
670000 893.3
680000 822.3
690000 906.4
700000 921.4
710000 16.7
720000 868.5
730000 862.2
740000 808.6
750000 897.3
760000 918.3
770000 910.5
780000 916.4
790000 913.3
800000 906.5
810000 468.9
820000 891.6
830000 884.7
840000 816.5
850000 761.9
860000 921.7
870000 915.5
880000 931.7
890000 908.5
900000 898.9
910000 90.6
920000 883.4
930000 875.8
940000 904.3
950000 863.4
960000 906.3
970000 917.8
980000 929.6
990000 905.8
1000000 915.1
