10000 0.3
20000 0.5
30000 0.5
40000 1.0
50000 0.3
60000 2.5
70000 1.2
80000 0.2
90000 4.6
100000 6.3
110000 0.0
120000 8.9
130000 62.9
140000 40.7
150000 181.4
160000 253.2
170000 515.4
180000 630.6
190000 689.7
200000 728.3
210000 479.9
220000 659.6
230000 774.4
240000 814.2
250000 829.8
260000 792.1
270000 841.4
280000 847.6
290000 883.3
300000 855.7
310000 565.7
320000 773.7
330000 864.8
340000 887.6
350000 893.4
360000 894.3
370000 926.6
380000 905.5
390000 820.0
400000 792.1
410000 267.3
420000 871.1
430000 885.7
440000 785.8
450000 877.7
460000 888.9
470000 891.4
480000 716.2
490000 840.0
500000 888.7
510000 788.1
520000 920.9
530000 896.6
540000 891.0
550000 898.8
560000 814.5
570000 912.8
580000 910.5
590000 928.1
600000 916.4
610000 435.9
620000 912.8
630000 790.4
640000 760.0
650000 907.3
660000 911.8
670000 910.9
680000 903.1
690000 922.2
700000 896.9
710000 373.2
720000 813.7
730000 895.2
740000 890.7
750000 855.7
760000 897.2
770000 913.2
780000 906.6
790000 914.7
800000 894.6
810000 712.1
820000 901.7
830000 832.5
840000 903.9
850000 911.0
860000 926.9
870000 920.2
880000 926.2
890000 884.6
900000 925.3
910000 779.0
920000 887.6
930000 924.1
940000 787.2
950000 872.9
960000 919.4
970000 924.8
980000 869.6
990000 903.2
1000000 916.1
