10000 4.8
20000 3.1
30000 3.2
40000 1.0
50000 2.1
60000 1.9
70000 0.6
80000 2.6
90000 0.5
100000 0.5
110000 5.6
120000 0.0
130000 0.9
140000 0.8
150000 9.8
160000 3.8
170000 9.6
180000 6.5
190000 2.0
200000 0.5
210000 7.6
220000 8.8
230000 4.7
240000 7.6
250000 3.1
260000 9.3
270000 5.7
280000 4.2
290000 1.2
300000 83.4
310000 6.9
320000 0.6
330000 11.1
340000 6.2
350000 3.5
360000 9.8
370000 103.9
380000 58.3
390000 60.9
400000 161.5
410000 0.5
420000 2.5
430000 29.2
440000 114.4
450000 74.9
460000 114.7
470000 175.6
480000 288.3
490000 469.0
500000 421.1
510000 87.5
520000 69.5
530000 320.2
540000 482.1
550000 439.6
560000 704.1
570000 647.6
580000 643.9
590000 705.8
600000 774.8
610000 366.5
620000 840.3
630000 621.3
640000 762.5
650000 797.9
660000 812.4
670000 859.6
680000 866.9
690000 890.1
700000 885.3
710000 589.6
720000 857.3
730000 911.8
740000 905.2
750000 906.5
760000 933.1
770000 893.1
780000 906.2
790000 805.1
800000 907.1
810000 542.9
820000 757.3
830000 876.6
840000 884.6
850000 878.9
860000 824.2
870000 929.5
880000 926.3
890000 829.5
900000 878.6
910000 479.4
920000 454.9
930000 884.2
940000 857.4
950000 847.6
960000 906.4
970000 907.3
980000 919.4
990000 875.0
1000000 849.7
