10000 2.0
20000 5.7
30000 10.0
40000 8.8
50000 8.4
60000 9.9
70000 23.3
80000 13.9
90000 12.4
100000 40.6
110000 2.0
120000 16.0
130000 68.6
140000 132.6
150000 317.4
160000 460.6
170000 534.3
180000 751.7
190000 713.3
200000 800.5
210000 64.4
220000 637.8
230000 840.3
240000 855.3
250000 856.8
260000 811.7
270000 710.8
280000 833.0
290000 829.3
300000 887.3
310000 170.5
320000 819.6
330000 892.4
340000 862.9
350000 886.3
360000 735.1
370000 912.7
380000 896.0
390000 895.6
400000 882.1
410000 338.3
420000 911.5
430000 788.5
440000 675.2
450000 922.3
460000 894.7
470000 883.7
480000 911.5
490000 827.0
500000 914.4
510000 660.4
520000 900.0
530000 849.9
540000 853.4
550000 920.5
560000 732.9
570000 913.9
580000 923.9
590000 921.3
600000 814.3
610000 690.9
620000 893.1
630000 891.4
640000 908.6
650000 892.5
660000 909.4
670000 909.3
680000 902.8
690000 926.8
700000 924.3
710000 340.7
720000 901.9
730000 882.0
740000 899.6
750000 875.6
760000 818.3
770000 816.1
780000 915.3
790000 821.6
800000 936.9
810000 244.9
820000 827.0
830000 889.9
840000 925.5
850000 892.3
860000 910.8
870000 911.5
880000 933.8
890000 906.0
900000 912.8
910000 521.3
920000 920.4
930000 913.8
940000 890.5
950000 885.9
960000 799.5
970000 936.9
980000 915.4
990000 939.3
1000000 940.9
