10000 0.7
20000 0.0
30000 0.5
40000 1.7
50000 0.2
60000 97.1
70000 0.5
80000 0.0
90000 1.6
100000 0.0
110000 0.0
120000 96.5
130000 1.3
140000 0.3
150000 32.8
160000 0.3
170000 1.9
180000 0.3
190000 1.4
200000 1.9
210000 77.3
220000 144.6
230000 2.7
240000 98.5
250000 92.7
260000 40.4
270000 98.5
280000 127.3
290000 23.7
300000 85.8
310000 128.7
320000 28.8
330000 4.1
340000 85.3
350000 0.0
360000 2.4
370000 1.3
380000 23.6
390000 0.0
400000 66.4
410000 77.8
420000 151.3
430000 91.7
440000 83.8
450000 300.4
460000 267.9
470000 255.8
480000 177.3
490000 325.9
500000 355.2
510000 214.8
520000 274.5
530000 89.4
540000 232.1
550000 239.4
560000 215.1
570000 167.9
580000 295.2
590000 548.8
600000 209.1
610000 99.0
620000 245.0
630000 381.9
640000 388.2
650000 462.8
660000 324.0
670000 259.0
680000 718.4
690000 272.4
700000 580.0
710000 140.4
720000 538.2
730000 508.9
740000 504.6
750000 265.7
760000 457.8
770000 343.0
780000 301.3
790000 494.8
800000 311.6
810000 388.0
820000 384.9
830000 763.2
840000 785.0
850000 608.2
860000 572.3
870000 921.8
880000 762.0
890000 861.0
900000 666.4
910000 860.3
920000 577.3
930000 878.6
940000 443.0
950000 586.4
960000 714.4
970000 691.3
980000 672.4
990000 777.1
1000000 680.5
1010000 293.9
1020000 666.4
1030000 733.0
1040000 556.0
1050000 599.5
1060000 655.7
1070000 671.3
1080000 575.2
1090000 770.1
1100000 383.3
1110000 523.3
1120000 625.2
1130000 490.3
1140000 664.7
1150000 762.1
1160000 765.0
1170000 467.5
1180000 563.3
1190000 494.5
1200000 680.4
1210000 268.3
1220000 568.4
1230000 568.4
1240000 820.3
1250000 588.1
1260000 817.1
1270000 688.7
1280000 718.8
1290000 862.1
1300000 667.2
1310000 740.6
1320000 774.5
1330000 655.8
1340000 504.3
1350000 742.6
1360000 774.1
1370000 579.6
1380000 567.0
1390000 677.0
1400000 971.9
1410000 404.3
1420000 384.5
1430000 785.7
1440000 752.4
1450000 775.3
1460000 763.0
1470000 759.9
1480000 571.9
1490000 670.3
1500000 652.1
1510000 769.0
1520000 564.4
1530000 702.6
1540000 727.0
1550000 677.5
1560000 556.5
1570000 781.9
1580000 702.4
1590000 654.1
1600000 824.5
1610000 544.0
1620000 190.7
1630000 292.3
1640000 712.4
1650000 656.4
1660000 862.8
1670000 386.8
1680000 874.7
1690000 750.8
1700000 784.7
1710000 785.7
1720000 762.6
1730000 601.4
1740000 741.4
1750000 695.0
1760000 825.1
1770000 701.1
1780000 744.5
1790000 660.5
1800000 769.7
1810000 669.1
1820000 746.9
1830000 460.7
1840000 751.6
1850000 477.0
1860000 775.1
1870000 872.6
1880000 508.8
1890000 814.8
1900000 680.5
1910000 581.5
1920000 639.0
1930000 663.7
1940000 872.2
1950000 967.2
1960000 950.3
1970000 874.4
1980000 812.6
1990000 618.0
2000000 582.7
