10000 0.0
20000 0.0
30000 0.3
40000 0.2
50000 0.0
60000 95.3
70000 0.2
80000 0.0
90000 97.0
100000 0.9
110000 0.2
120000 0.0
130000 0.4
140000 97.2
150000 2.6
160000 93.5
170000 1.0
180000 139.5
190000 51.6
200000 40.2
210000 89.1
220000 115.0
230000 197.6
240000 93.8
250000 50.2
260000 73.5
270000 168.5
280000 78.4
290000 97.3
300000 156.9
310000 240.9
320000 154.6
330000 93.8
340000 78.7
350000 9.3
360000 147.8
370000 369.7
380000 63.0
390000 76.4
400000 151.8
410000 202.6
420000 98.2
430000 229.6
440000 442.4
450000 146.2
460000 613.9
470000 374.7
480000 260.5
490000 200.1
500000 420.4
510000 351.3
520000 342.8
530000 301.2
540000 463.1
550000 558.7
560000 390.3
570000 429.7
580000 471.1
590000 442.6
600000 385.8
610000 290.7
620000 586.3
630000 543.8
640000 575.4
650000 640.1
660000 492.6
670000 481.3
680000 725.4
690000 539.3
700000 239.7
710000 580.8
720000 580.1
730000 294.9
740000 790.8
750000 541.8
760000 383.1
770000 508.7
780000 471.8
790000 378.4
800000 618.7
810000 317.8
820000 420.9
830000 256.5
840000 626.1
850000 311.0
860000 458.0
870000 392.3
880000 386.2
890000 386.9
900000 579.3
910000 325.1
920000 655.9
930000 551.5
940000 424.4
950000 425.9
960000 114.3
970000 685.1
980000 468.8
990000 524.2
1000000 433.1
1010000 385.7
1020000 459.0
1030000 770.5
1040000 510.4
1050000 665.0
1060000 681.0
1070000 466.0
1080000 757.7
1090000 395.2
1100000 626.4
1110000 448.4
1120000 568.5
1130000 348.6
1140000 523.7
1150000 420.6
1160000 434.7
1170000 532.3
1180000 561.2
1190000 534.0
1200000 446.3
1210000 500.7
1220000 595.6
1230000 577.9
1240000 547.7
1250000 382.0
1260000 578.8
1270000 679.4
1280000 375.0
1290000 517.3
1300000 678.6
1310000 345.5
1320000 836.0
1330000 423.0
1340000 769.2
1350000 565.2
1360000 636.4
1370000 772.8
1380000 672.8
1390000 486.9
1400000 807.6
1410000 629.6
1420000 394.3
1430000 818.0
1440000 406.0
1450000 671.4
1460000 721.4
1470000 809.4
1480000 357.0
1490000 779.7
1500000 833.1
1510000 578.4
1520000 712.4
1530000 798.9
1540000 364.7
1550000 374.8
1560000 440.5
1570000 369.4
1580000 786.5
1590000 686.1
1600000 674.4
1610000 319.8
1620000 961.3
1630000 604.7
1640000 676.8
1650000 767.5
1660000 885.0
1670000 865.8
1680000 850.6
1690000 870.2
1700000 753.8
1710000 688.5
1720000 772.4
1730000 790.3
1740000 911.1
1750000 745.6
1760000 478.8
1770000 673.8
1780000 751.5
1790000 782.5
1800000 751.0
1810000 582.2
1820000 612.0
1830000 745.6
1840000 848.0
1850000 661.9
1860000 652.7
1870000 481.3
1880000 743.0
1890000 777.0
1900000 839.4
1910000 829.1
1920000 767.2
1930000 875.6
1940000 857.5
1950000 771.4
1960000 883.0
1970000 778.1
1980000 970.0
1990000 884.5
2000000 865.1
