10000 0.0
20000 0.0
30000 1.2
40000 0.0
50000 32.8
60000 1.1
70000 1.1
80000 190.0
90000 0.4
100000 2.2
110000 10.9
120000 0.0
130000 0.5
140000 16.8
150000 0.0
160000 113.8
170000 95.6
180000 2.6
190000 179.2
200000 75.2
210000 30.2
220000 0.0
230000 27.8
240000 0.5
250000 98.4
260000 208.4
270000 130.4
280000 109.2
290000 189.4
300000 325.4
310000 319.5
320000 279.1
330000 515.5
340000 290.9
350000 415.0
360000 324.7
370000 307.5
380000 1.5
390000 60.6
400000 170.4
410000 419.7
420000 224.1
430000 601.2
440000 524.8
450000 485.0
460000 611.5
470000 647.8
480000 360.6
490000 563.3
500000 482.5
510000 566.5
520000 353.0
530000 766.6
540000 806.9
550000 673.8
560000 690.6
570000 492.1
580000 584.3
590000 646.8
600000 490.2
610000 577.5
620000 677.8
630000 482.7
640000 474.6
650000 474.6
660000 808.5
670000 636.0
680000 385.2
690000 726.1
700000 507.7
710000 664.2
720000 518.3
730000 666.1
740000 638.5
750000 766.3
760000 574.0
770000 771.6
780000 582.6
790000 769.5
800000 770.1
810000 625.4
820000 650.0
830000 806.4
840000 959.9
850000 672.2
860000 797.8
870000 583.4
880000 968.9
890000 860.2
900000 869.3
910000 971.8
920000 786.8
930000 763.3
940000 751.8
950000 735.3
960000 884.3
970000 705.0
980000 816.7
990000 852.9
1000000 874.1
1010000 802.5
1020000 590.4
1030000 680.9
1040000 874.6
1050000 525.7
1060000 964.4
1070000 682.0
1080000 684.0
1090000 676.6
1100000 690.8
1110000 481.4
1120000 597.0
1130000 713.9
1140000 809.4
1150000 850.0
1160000 950.3
1170000 775.3
1180000 854.3
1190000 679.0
1200000 857.1
1210000 551.5
1220000 737.9
1230000 679.2
1240000 594.4
1250000 579.5
1260000 820.5
1270000 866.0
1280000 582.3
1290000 677.2
1300000 863.6
1310000 965.5
1320000 497.5
1330000 932.6
1340000 580.5
1350000 713.7
1360000 620.0
1370000 813.3
1380000 698.1
1390000 698.3
1400000 865.1
1410000 284.4
1420000 532.7
1430000 860.2
1440000 791.5
1450000 680.6
1460000 811.2
1470000 430.0
1480000 743.1
1490000 545.7
1500000 767.8
1510000 886.9
1520000 773.2
1530000 964.9
1540000 855.3
1550000 781.7
1560000 885.7
1570000 587.3
1580000 869.4
1590000 965.1
1600000 674.8
1610000 636.8
1620000 771.8
1630000 826.8
1640000 772.9
1650000 718.1
1660000 829.9
1670000 867.5
1680000 676.9
1690000 879.4
1700000 872.4
1710000 967.4
1720000 967.0
1730000 940.1
1740000 642.1
1750000 730.3
1760000 877.5
1770000 934.7
1780000 970.8
1790000 694.8
1800000 856.3
1810000 567.0
1820000 669.9
1830000 722.0
1840000 872.5
1850000 722.8
1860000 763.9
1870000 767.1
1880000 720.9
1890000 879.2
1900000 947.9
1910000 776.6
1920000 870.8
1930000 922.9
1940000 870.9
1950000 781.5
1960000 870.5
1970000 871.4
1980000 889.5
1990000 800.0
2000000 638.5
