10000 0.0
20000 0.5
30000 0.0
40000 0.0
50000 0.0
60000 0.0
70000 1.9
80000 0.6
90000 87.9
100000 5.1
110000 0.0
120000 1.4
130000 0.0
140000 0.4
150000 0.6
160000 0.6
170000 31.3
180000 95.3
190000 1.2
200000 13.4
210000 0.3
220000 2.8
230000 41.0
240000 0.0
250000 17.3
260000 15.7
270000 69.5
280000 14.5
290000 87.3
300000 102.5
310000 1.4
320000 95.0
330000 96.2
340000 4.6
350000 1.6
360000 93.3
370000 16.1
380000 74.9
390000 336.4
400000 188.8
410000 184.7
420000 128.6
430000 170.7
440000 257.8
450000 284.4
460000 243.3
470000 322.1
480000 86.8
490000 467.6
500000 300.3
510000 426.9
520000 275.2
530000 206.5
540000 24.1
550000 338.6
560000 118.3
570000 106.0
580000 236.7
590000 247.4
600000 461.3
610000 237.6
620000 379.8
630000 431.7
640000 479.7
650000 562.8
660000 461.4
670000 842.7
680000 385.4
690000 539.5
700000 574.0
710000 465.7
720000 295.6
730000 526.4
740000 458.2
750000 471.3
760000 531.5
770000 580.8
780000 784.2
790000 628.9
800000 555.6
810000 189.9
820000 511.1
830000 479.9
840000 469.7
850000 558.4
860000 588.1
870000 510.0
880000 487.8
890000 429.1
900000 288.0
910000 551.7
920000 447.3
930000 342.3
940000 698.9
950000 384.3
960000 833.3
970000 772.2
980000 478.8
990000 480.1
1000000 488.8
1010000 392.3
1020000 385.3
1030000 618.7
1040000 234.4
1050000 289.2
1060000 678.4
1070000 581.4
1080000 770.8
1090000 590.3
1100000 483.7
1110000 584.1
1120000 529.7
1130000 860.3
1140000 532.6
1150000 723.5
1160000 778.0
1170000 600.9
1180000 579.7
1190000 765.2
1200000 680.5
1210000 194.0
1220000 423.5
1230000 488.8
1240000 717.2
1250000 635.8
1260000 836.4
1270000 765.8
1280000 812.8
1290000 756.5
1300000 812.7
1310000 616.7
1320000 746.6
1330000 775.2
1340000 945.5
1350000 817.1
1360000 891.8
1370000 775.0
1380000 864.8
1390000 811.0
1400000 863.4
1410000 383.6
1420000 415.1
1430000 644.0
1440000 759.0
1450000 754.6
1460000 533.1
1470000 726.8
1480000 682.6
1490000 693.0
1500000 748.2
1510000 763.7
1520000 755.8
1530000 957.9
1540000 580.4
1550000 598.9
1560000 864.0
1570000 439.2
1580000 775.2
1590000 625.1
1600000 774.8
1610000 385.9
1620000 360.8
1630000 640.5
1640000 796.8
1650000 828.9
1660000 802.5
1670000 773.7
1680000 845.8
1690000 772.7
1700000 861.8
1710000 768.1
1720000 756.8
1730000 755.8
1740000 665.3
1750000 733.1
1760000 774.5
1770000 582.7
1780000 963.2
1790000 777.0
1800000 327.9
1810000 315.6
1820000 640.9
1830000 824.2
1840000 585.0
1850000 815.5
1860000 373.0
1870000 655.6
1880000 773.1
1890000 769.8
1900000 615.7
1910000 576.3
1920000 773.3
1930000 587.9
1940000 480.1
1950000 850.9
1960000 938.1
1970000 692.0
1980000 776.5
1990000 701.7
2000000 782.2
