10000 0.0
20000 0.0
30000 0.0
40000 98.9
50000 1.1
60000 0.4
70000 0.0
80000 105.2
90000 96.0
100000 0.0
110000 0.0
120000 0.0
130000 95.7
140000 26.7
150000 1.7
160000 0.0
170000 1.0
180000 58.0
190000 6.5
200000 0.0
210000 0.0
220000 0.7
230000 61.9
240000 121.5
250000 49.4
260000 73.1
270000 38.4
280000 55.5
290000 3.8
300000 0.5
310000 49.4
320000 82.0
330000 1.3
340000 212.2
350000 205.3
360000 308.3
370000 96.3
380000 168.5
390000 197.8
400000 265.3
410000 106.1
420000 382.7
430000 379.3
440000 134.7
450000 234.8
460000 223.6
470000 521.4
480000 568.5
490000 422.9
500000 349.8
510000 458.0
520000 654.8
530000 238.0
540000 563.7
550000 850.5
560000 513.8
570000 538.6
580000 600.3
590000 481.6
600000 279.8
610000 192.7
620000 538.1
630000 637.5
640000 557.4
650000 352.8
660000 925.9
670000 507.5
680000 586.0
690000 676.3
700000 477.1
710000 594.3
720000 567.7
730000 758.6
740000 497.2
750000 698.4
760000 762.6
770000 761.3
780000 783.0
790000 521.8
800000 770.5
810000 385.8
820000 633.7
830000 775.2
840000 776.6
850000 501.2
860000 716.7
870000 581.6
880000 556.3
890000 402.2
900000 681.0
910000 592.5
920000 728.3
930000 696.6
940000 755.3
950000 737.6
960000 666.7
970000 869.1
980000 868.7
990000 794.4
1000000 858.0
1010000 609.1
1020000 812.5
1030000 420.4
1040000 634.5
1050000 562.6
1060000 513.7
1070000 712.5
1080000 732.4
1090000 550.3
1100000 872.2
1110000 687.0
1120000 749.4
1130000 587.9
1140000 511.1
1150000 535.0
1160000 810.5
1170000 823.7
1180000 435.2
1190000 767.0
1200000 742.8
1210000 456.3
1220000 418.0
1230000 678.4
1240000 678.7
1250000 354.1
1260000 682.7
1270000 858.1
1280000 574.7
1290000 857.9
1300000 593.1
1310000 753.6
1320000 771.0
1330000 805.7
1340000 972.6
1350000 784.1
1360000 726.4
1370000 869.8
1380000 777.4
1390000 682.1
1400000 847.0
1410000 819.6
1420000 387.6
1430000 682.4
1440000 845.0
1450000 526.0
1460000 577.3
1470000 796.7
1480000 615.4
1490000 454.9
1500000 685.4
1510000 783.5
1520000 782.4
1530000 720.5
1540000 686.5
1550000 963.2
1560000 853.8
1570000 828.1
1580000 766.1
1590000 670.8
1600000 484.4
1610000 868.4
1620000 462.4
1630000 806.1
1640000 678.9
1650000 576.9
1660000 859.6
1670000 689.3
1680000 761.5
1690000 866.2
1700000 708.8
1710000 586.6
1720000 815.3
1730000 760.3
1740000 837.8
1750000 485.3
1760000 863.9
1770000 870.6
1780000 879.2
1790000 744.1
1800000 760.2
1810000 402.5
1820000 623.9
1830000 745.7
1840000 779.0
1850000 624.6
1860000 755.5
1870000 561.5
1880000 908.9
1890000 767.2
1900000 576.7
1910000 499.0
1920000 812.4
1930000 539.7
1940000 485.4
1950000 712.0
1960000 674.9
1970000 640.8
1980000 581.8
1990000 966.7
2000000 631.8
