10000 0.0
20000 0.0
30000 0.0
40000 0.0
50000 0.0
60000 0.0
70000 0.0
80000 0.4
90000 0.0
100000 98.7
110000 90.2
120000 0.5
130000 128.0
140000 22.3
150000 29.8
160000 0.0
170000 124.7
180000 0.0
190000 205.4
200000 108.4
210000 208.8
220000 155.1
230000 2.0
240000 515.2
250000 167.5
260000 304.8
270000 143.7
280000 108.3
290000 106.0
300000 91.2
310000 65.2
320000 91.7
330000 252.9
340000 193.6
350000 164.5
360000 203.3
370000 62.5
380000 308.5
390000 121.3
400000 342.3
410000 183.0
420000 377.0
430000 105.3
440000 444.4
450000 137.1
460000 51.5
470000 198.7
480000 513.2
490000 319.5
500000 558.1
510000 292.4
520000 383.4
530000 421.6
540000 408.5
550000 574.2
560000 475.5
570000 583.5
580000 480.0
590000 371.7
600000 370.7
610000 292.2
620000 336.1
630000 531.8
640000 672.1
650000 559.3
660000 775.9
670000 767.3
680000 464.9
690000 768.4
700000 748.9
710000 634.0
720000 871.9
730000 639.2
740000 905.0
750000 813.4
760000 767.7
770000 507.0
780000 971.7
790000 858.6
800000 800.0
810000 552.1
820000 862.8
830000 790.0
840000 837.8
850000 828.2
860000 866.4
870000 867.8
880000 885.3
890000 855.2
900000 685.9
910000 977.2
920000 970.5
930000 943.5
940000 791.8
950000 863.8
960000 956.0
970000 878.0
980000 752.9
990000 738.2
1000000 908.5
1010000 663.0
1020000 733.6
1030000 490.9
1040000 870.6
1050000 743.6
1060000 868.3
1070000 870.5
1080000 869.7
1090000 851.4
1100000 832.8
1110000 870.2
1120000 948.7
1130000 966.7
1140000 968.4
1150000 943.7
1160000 925.9
1170000 873.2
1180000 967.9
1190000 871.7
1200000 872.4
1210000 758.8
1220000 580.9
1230000 919.3
1240000 688.8
1250000 967.8
1260000 960.6
1270000 768.5
1280000 961.2
1290000 966.7
1300000 795.3
1310000 773.6
1320000 700.9
1330000 734.8
1340000 878.1
1350000 920.4
1360000 962.1
1370000 947.8
1380000 818.7
1390000 759.3
1400000 913.1
1410000 677.5
1420000 969.1
1430000 601.5
1440000 729.0
1450000 869.5
1460000 837.8
1470000 956.1
1480000 900.4
1490000 909.4
1500000 629.1
1510000 845.5
1520000 864.0
1530000 785.1
1540000 968.7
1550000 592.5
1560000 848.1
1570000 772.4
1580000 970.5
1590000 768.7
1600000 778.2
1610000 637.0
1620000 858.5
1630000 825.1
1640000 788.6
1650000 757.7
1660000 967.0
1670000 856.8
1680000 709.1
1690000 970.1
1700000 763.2
1710000 773.6
1720000 955.0
1730000 773.4
1740000 865.1
1750000 848.5
1760000 959.2
1770000 874.8
1780000 856.9
1790000 676.2
1800000 871.2
1810000 774.9
1820000 957.9
1830000 805.9
1840000 745.8
1850000 898.4
1860000 962.4
1870000 587.6
1880000 923.2
1890000 965.8
1900000 970.6
1910000 967.3
1920000 692.2
1930000 902.7
1940000 917.0
1950000 666.1
1960000 883.4
1970000 778.2
1980000 913.5
1990000 966.8
2000000 957.7
