10000 0.5
20000 0.0
30000 1.6
40000 1.0
50000 0.0
60000 64.5
70000 7.9
80000 0.0
90000 0.0
100000 95.9
110000 1.0
120000 3.9
130000 105.5
140000 37.9
150000 1.5
160000 29.8
170000 0.0
180000 2.3
190000 29.2
200000 1.3
210000 15.1
220000 47.0
230000 1.4
240000 0.6
250000 0.5
260000 27.5
270000 3.3
280000 4.7
290000 0.7
300000 89.2
310000 82.0
320000 0.9
330000 129.0
340000 16.8
350000 150.7
360000 47.2
370000 169.3
380000 284.4
390000 62.7
400000 97.5
410000 95.7
420000 304.6
430000 237.9
440000 99.1
450000 256.0
460000 193.3
470000 388.6
480000 291.5
490000 491.6
500000 147.6
510000 449.7
520000 305.4
530000 48.8
540000 215.4
550000 285.2
560000 114.1
570000 338.8
580000 396.3
590000 339.1
600000 375.7
610000 474.9
620000 380.6
630000 258.4
640000 287.5
650000 409.5
660000 333.3
670000 284.5
680000 396.9
690000 484.5
700000 585.0
710000 306.3
720000 566.7
730000 511.0
740000 183.2
750000 442.6
760000 517.6
770000 550.1
780000 251.8
790000 85.5
800000 167.0
810000 286.8
820000 309.8
830000 578.2
840000 480.7
850000 425.6
860000 294.2
870000 548.0
880000 541.2
890000 594.0
900000 538.9
910000 618.2
920000 543.0
930000 552.5
940000 621.0
950000 577.5
960000 482.6
970000 536.2
980000 639.2
990000 870.6
1000000 518.7
1010000 219.6
1020000 544.9
1030000 493.4
1040000 376.6
1050000 521.9
1060000 609.7
1070000 191.4
1080000 721.2
1090000 610.3
1100000 812.0
1110000 769.1
1120000 526.9
1130000 446.9
1140000 968.1
1150000 586.0
1160000 523.6
1170000 679.9
1180000 639.8
1190000 579.3
1200000 582.3
1210000 776.6
1220000 420.9
1230000 660.8
1240000 782.6
1250000 777.7
1260000 871.9
1270000 433.0
1280000 774.0
1290000 704.2
1300000 490.5
1310000 862.3
1320000 823.1
1330000 861.2
1340000 866.8
1350000 641.1
1360000 761.7
1370000 753.4
1380000 894.9
1390000 864.5
1400000 863.1
1410000 421.8
1420000 681.9
1430000 672.3
1440000 894.4
1450000 684.1
1460000 625.0
1470000 848.1
1480000 813.7
1490000 707.1
1500000 875.2
1510000 867.9
1520000 884.6
1530000 539.3
1540000 679.3
1550000 758.8
1560000 697.8
1570000 862.1
1580000 737.3
1590000 870.0
1600000 785.3
1610000 408.2
1620000 772.1
1630000 879.9
1640000 525.1
1650000 849.9
1660000 863.9
1670000 857.9
1680000 923.6
1690000 874.1
1700000 869.7
1710000 679.1
1720000 769.0
1730000 824.7
1740000 587.5
1750000 573.3
1760000 640.9
1770000 492.3
1780000 668.3
1790000 588.6
1800000 877.9
1810000 578.4
1820000 681.2
1830000 865.8
1840000 610.6
1850000 858.0
1860000 766.3
1870000 679.1
1880000 535.3
1890000 676.5
1900000 782.9
1910000 859.6
1920000 673.2
1930000 634.4
1940000 873.1
1950000 869.9
1960000 599.6
1970000 773.1
1980000 731.3
1990000 963.6
2000000 959.6
