10000 12.0
20000 0.0
30000 0.8
40000 0.0
50000 91.8
60000 0.0
70000 51.5
80000 0.0
90000 0.0
100000 0.5
110000 2.4
120000 97.2
130000 0.9
140000 7.9
150000 0.0
160000 21.4
170000 185.2
180000 36.5
190000 46.2
200000 32.5
210000 53.5
220000 193.4
230000 92.7
240000 195.3
250000 189.2
260000 98.8
270000 13.3
280000 128.6
290000 277.2
300000 411.1
310000 254.1
320000 151.8
330000 40.2
340000 99.2
350000 231.6
360000 228.0
370000 217.3
380000 27.7
390000 419.2
400000 123.4
410000 245.4
420000 141.6
430000 461.4
440000 154.5
450000 642.5
460000 119.2
470000 175.5
480000 367.1
490000 214.4
500000 150.7
510000 218.5
520000 340.9
530000 370.8
540000 156.4
550000 584.8
560000 464.0
570000 366.3
580000 188.2
590000 307.1
600000 365.5
610000 236.7
620000 785.4
630000 124.8
640000 344.3
650000 374.4
660000 208.9
670000 235.2
680000 154.7
690000 368.1
700000 238.1
710000 504.9
720000 476.4
730000 385.2
740000 528.4
750000 435.2
760000 401.0
770000 429.7
780000 554.7
790000 325.1
800000 448.1
810000 388.6
820000 578.3
830000 669.7
840000 668.1
850000 496.8
860000 551.9
870000 659.4
880000 575.3
890000 747.9
900000 652.1
910000 725.6
920000 499.6
930000 543.3
940000 750.4
950000 567.4
960000 680.6
970000 451.5
980000 471.1
990000 492.9
1000000 328.8
1010000 276.0
1020000 684.0
1030000 300.4
1040000 507.1
1050000 571.7
1060000 486.7
1070000 527.2
1080000 672.3
1090000 475.4
1100000 720.6
1110000 719.9
1120000 677.2
1130000 766.8
1140000 633.2
1150000 552.5
1160000 318.6
1170000 403.6
1180000 663.7
1190000 314.1
1200000 849.0
1210000 197.6
1220000 443.0
1230000 561.5
1240000 575.0
1250000 680.9
1260000 690.3
1270000 490.5
1280000 375.5
1290000 629.0
1300000 884.0
1310000 764.7
1320000 870.6
1330000 680.4
1340000 626.9
1350000 524.3
1360000 886.4
1370000 540.2
1380000 399.9
1390000 772.2
1400000 582.4
1410000 534.7
1420000 495.6
1430000 431.2
1440000 689.0
1450000 754.1
1460000 770.2
1470000 774.7
1480000 483.1
1490000 758.1
1500000 773.7
1510000 725.4
1520000 847.5
1530000 861.1
1540000 972.8
1550000 866.7
1560000 834.5
1570000 819.5
1580000 752.2
1590000 675.2
1600000 772.4
1610000 257.4
1620000 725.3
1630000 317.3
1640000 515.5
1650000 857.7
1660000 639.6
1670000 762.7
1680000 950.7
1690000 869.7
1700000 674.4
1710000 565.2
1720000 696.9
1730000 697.4
1740000 784.7
1750000 859.9
1760000 939.5
1770000 771.3
1780000 518.2
1790000 648.6
1800000 858.0
1810000 506.7
1820000 731.6
1830000 593.1
1840000 838.4
1850000 530.2
1860000 834.9
1870000 686.4
1880000 779.6
1890000 688.4
1900000 559.6
1910000 752.6
1920000 676.1
1930000 707.2
1940000 679.1
1950000 868.7
1960000 884.3
1970000 711.6
1980000 930.1
1990000 776.1
2000000 916.4
