10000 5.9
20000 0.0
30000 96.7
40000 0.7
50000 0.0
60000 0.0
70000 99.1
80000 0.0
90000 0.0
100000 0.0
110000 0.3
120000 0.2
130000 0.7
140000 96.7
150000 1.0
160000 0.3
170000 0.1
180000 60.3
190000 117.0
200000 4.3
210000 0.4
220000 56.4
230000 123.0
240000 112.7
250000 60.8
260000 0.0
270000 106.3
280000 110.7
290000 116.0
300000 61.2
310000 87.0
320000 64.8
330000 416.8
340000 33.0
350000 2.1
360000 93.8
370000 127.3
380000 1.6
390000 88.0
400000 0.4
410000 99.3
420000 188.1
430000 277.0
440000 95.6
450000 190.6
460000 106.2
470000 183.1
480000 264.2
490000 162.3
500000 103.0
510000 91.5
520000 94.2
530000 133.6
540000 149.4
550000 76.5
560000 153.3
570000 46.3
580000 113.4
590000 208.4
600000 318.8
610000 47.7
620000 95.3
630000 71.6
640000 256.1
650000 144.5
660000 220.6
670000 181.4
680000 221.9
690000 491.5
700000 259.7
710000 455.5
720000 136.5
730000 118.9
740000 352.5
750000 149.8
760000 539.1
770000 95.2
780000 246.6
790000 202.6
800000 293.6
810000 98.9
820000 337.7
830000 324.9
840000 174.6
850000 547.2
860000 201.7
870000 335.7
880000 362.7
890000 271.1
900000 394.7
910000 290.2
920000 226.4
930000 548.5
940000 479.9
950000 457.3
960000 522.6
970000 547.8
980000 154.4
990000 205.9
1000000 177.6
1010000 544.9
1020000 732.5
1030000 287.7
1040000 380.5
1050000 683.7
1060000 590.2
1070000 643.2
1080000 853.1
1090000 640.2
1100000 562.2
1110000 404.6
1120000 225.2
1130000 239.2
1140000 453.0
1150000 284.7
1160000 581.7
1170000 375.4
1180000 419.3
1190000 386.4
1200000 123.1
1210000 202.7
1220000 718.6
1230000 197.4
1240000 451.1
1250000 599.7
1260000 673.2
1270000 613.6
1280000 815.6
1290000 615.7
1300000 637.4
1310000 715.3
1320000 655.5
1330000 749.8
1340000 742.8
1350000 840.4
1360000 771.2
1370000 605.3
1380000 698.8
1390000 600.9
1400000 858.4
1410000 274.9
1420000 481.7
1430000 659.6
1440000 606.1
1450000 360.2
1460000 548.9
1470000 480.3
1480000 855.8
1490000 471.2
1500000 580.8
1510000 692.1
1520000 407.7
1530000 515.3
1540000 680.2
1550000 872.1
1560000 818.8
1570000 738.3
1580000 818.1
1590000 583.9
1600000 657.1
1610000 680.6
1620000 477.9
1630000 832.9
1640000 851.5
1650000 931.8
1660000 483.7
1670000 939.6
1680000 764.8
1690000 664.4
1700000 912.8
1710000 486.3
1720000 836.4
1730000 894.0
1740000 818.7
1750000 725.8
1760000 765.9
1770000 641.2
1780000 857.8
1790000 774.8
1800000 479.3
1810000 376.8
1820000 559.8
1830000 434.6
1840000 494.4
1850000 356.3
1860000 656.6
1870000 633.5
1880000 652.9
1890000 957.2
1900000 772.6
1910000 869.4
1920000 578.0
1930000 679.4
1940000 623.9
1950000 767.5
1960000 891.9
1970000 682.0
1980000 643.1
1990000 753.0
2000000 802.4
