10000 0.7
20000 0.0
30000 0.3
40000 0.7
50000 0.0
60000 0.2
70000 0.0
80000 0.0
90000 94.7
100000 187.7
110000 97.0
120000 0.6
130000 18.8
140000 0.2
150000 1.9
160000 1.0
170000 0.2
180000 0.4
190000 31.5
200000 123.0
210000 56.8
220000 210.5
230000 3.2
240000 48.2
250000 71.5
260000 0.0
270000 0.0
280000 0.1
290000 0.9
300000 0.0
310000 3.4
320000 182.8
330000 0.8
340000 92.2
350000 183.3
360000 73.2
370000 0.1
380000 8.6
390000 95.7
400000 89.7
410000 25.8
420000 2.6
430000 57.2
440000 100.4
450000 219.4
460000 372.6
470000 99.8
480000 297.6
490000 312.3
500000 374.8
510000 550.5
520000 340.2
530000 208.0
540000 131.3
550000 449.9
560000 197.6
570000 552.1
580000 234.5
590000 197.0
600000 405.9
610000 194.7
620000 392.5
630000 424.7
640000 581.9
650000 479.5
660000 274.1
670000 575.1
680000 66.5
690000 285.2
700000 313.1
710000 675.0
720000 482.5
730000 613.0
740000 644.5
750000 441.8
760000 283.4
770000 601.0
780000 421.1
790000 462.1
800000 590.3
810000 385.0
820000 263.9
830000 270.4
840000 747.3
850000 696.3
860000 368.7
870000 723.5
880000 559.9
890000 499.1
900000 128.4
910000 533.0
920000 582.9
930000 481.1
940000 552.8
950000 588.6
960000 678.8
970000 478.7
980000 676.3
990000 565.7
1000000 767.2
1010000 272.7
1020000 385.4
1030000 428.5
1040000 464.0
1050000 416.7
1060000 502.7
1070000 446.3
1080000 484.5
1090000 681.1
1100000 760.8
1110000 683.6
1120000 371.0
1130000 682.6
1140000 738.1
1150000 415.4
1160000 496.6
1170000 594.6
1180000 563.7
1190000 519.4
1200000 731.2
1210000 375.2
1220000 682.1
1230000 577.4
1240000 572.9
1250000 580.5
1260000 476.9
1270000 694.3
1280000 500.4
1290000 819.2
1300000 575.5
1310000 633.9
1320000 388.7
1330000 679.7
1340000 725.0
1350000 770.4
1360000 604.8
1370000 812.7
1380000 765.4
1390000 705.3
1400000 601.3
1410000 655.7
1420000 498.6
1430000 347.6
1440000 472.6
1450000 388.8
1460000 380.7
1470000 431.5
1480000 599.2
1490000 709.3
1500000 596.7
1510000 575.6
1520000 447.9
1530000 714.1
1540000 767.4
1550000 599.6
1560000 835.3
1570000 874.8
1580000 876.6
1590000 938.2
1600000 568.3
1610000 575.7
1620000 567.1
1630000 762.9
1640000 586.2
1650000 725.1
1660000 768.5
1670000 521.6
1680000 951.8
1690000 672.4
1700000 581.6
1710000 499.3
1720000 482.1
1730000 781.1
1740000 671.1
1750000 673.6
1760000 583.1
1770000 773.0
1780000 627.7
1790000 532.4
1800000 642.8
1810000 374.5
1820000 507.7
1830000 533.8
1840000 342.6
1850000 393.2
1860000 550.9
1870000 666.0
1880000 591.3
1890000 576.2
1900000 756.8
1910000 584.1
1920000 343.6
1930000 816.2
1940000 680.9
1950000 584.0
1960000 679.5
1970000 841.3
1980000 599.2
1990000 903.8
2000000 808.9
