10000 379.3
20000 475.3
30000 509.7
40000 769.6
50000 882.0
60000 963.9
70000 962.8
80000 972.3
90000 991.3
100000 990.9
110000 994.3
120000 998.7
130000 993.8
140000 998.1
150000 996.5
160000 996.2
170000 997.2
180000 995.2
190000 992.5
200000 993.7
210000 992.5
220000 980.9
230000 973.5
240000 982.5
250000 986.3
260000 998.2
270000 996.1
280000 992.9
290000 998.9
300000 996.8
310000 997.4
320000 997.7
330000 998.9
340000 997.0
350000 997.7
360000 997.5
370000 997.3
380000 995.9
390000 997.9
400000 998.1
410000 999.0
420000 997.8
430000 997.1
440000 986.2
450000 998.9
460000 999.6
470000 998.6
480000 997.7
490000 998.4
500000 771.9
