10000 220.5
20000 584.5
30000 777.0
40000 640.8
50000 996.1
60000 989.4
70000 989.6
80000 990.9
90000 993.6
100000 992.9
110000 993.3
120000 998.0
130000 998.2
140000 997.4
150000 998.2
160000 998.0
170000 997.0
180000 991.7
190000 995.6
200000 994.3
210000 996.8
220000 984.8
230000 991.6
240000 995.5
250000 992.0
260000 994.5
270000 996.9
280000 996.5
290000 999.2
300000 996.7
310000 998.1
320000 996.0
330000 994.7
340000 995.9
350000 994.8
360000 994.9
370000 994.2
380000 994.5
390000 995.1
400000 992.9
410000 996.7
420000 996.9
430000 998.6
440000 997.6
450000 998.9
460000 998.2
470000 999.2
480000 412.5
490000 988.8
500000 985.2
