10000 444.0
20000 533.8
30000 950.4
40000 858.3
50000 971.7
60000 982.1
70000 982.6
80000 981.7
90000 973.3
100000 969.2
110000 983.6
120000 984.3
130000 958.9
140000 978.4
150000 966.1
160000 996.7
170000 992.4
180000 915.8
190000 974.2
200000 996.9
210000 965.6
220000 935.6
230000 992.0
240000 997.1
250000 991.2
260000 994.8
270000 998.0
280000 997.0
290000 987.2
300000 978.7
310000 993.7
320000 992.5
330000 994.7
340000 992.5
350000 964.4
360000 971.4
370000 991.5
380000 965.8
390000 991.5
400000 993.4
410000 511.8
420000 501.4
430000 962.8
440000 967.8
450000 946.7
460000 992.4
470000 963.9
480000 997.2
490000 994.3
500000 985.5
