10000 305.6
20000 371.4
30000 647.5
40000 982.0
50000 972.7
60000 977.2
70000 981.6
80000 996.1
90000 994.7
100000 952.6
110000 988.0
120000 994.9
130000 980.9
140000 996.2
150000 989.4
160000 967.9
170000 955.6
180000 980.7
190000 995.8
200000 997.3
210000 999.1
220000 997.6
230000 998.5
240000 973.8
250000 991.7
260000 995.3
270000 991.5
280000 999.5
290000 999.1
300000 993.9
310000 994.7
320000 374.2
330000 600.6
340000 939.0
350000 957.9
360000 994.4
370000 978.4
380000 996.9
390000 971.3
400000 901.3
410000 974.5
420000 949.6
430000 949.7
440000 999.2
450000 997.6
460000 989.8
470000 998.6
480000 997.9
490000 994.7
500000 999.0
