10000 357.8
20000 401.1
30000 627.5
40000 700.4
50000 751.7
60000 983.5
70000 978.3
80000 995.2
90000 992.3
100000 987.7
110000 992.7
120000 997.8
130000 986.3
140000 984.8
150000 994.9
160000 994.7
170000 996.9
180000 986.8
190000 967.7
200000 978.1
210000 952.8
220000 921.0
230000 897.5
240000 981.5
250000 999.5
260000 978.1
270000 981.7
280000 992.2
290000 985.6
300000 997.1
310000 994.6
320000 997.1
330000 993.3
340000 997.6
350000 999.1
360000 998.7
370000 982.1
380000 993.5
390000 996.5
400000 998.7
410000 994.1
420000 999.4
430000 998.7
440000 998.5
450000 997.4
460000 997.1
470000 999.3
480000 999.5
490000 954.2
500000 921.9
