10000 443.0
20000 408.6
30000 436.8
40000 622.8
50000 957.1
60000 990.1
70000 951.3
80000 980.3
90000 970.2
100000 972.9
110000 971.9
120000 991.1
130000 991.3
140000 994.3
150000 987.8
160000 986.2
170000 986.2
180000 978.3
190000 985.3
200000 983.1
210000 982.5
220000 987.1
230000 980.5
240000 965.4
250000 964.1
260000 902.4
270000 986.4
280000 988.6
290000 976.6
300000 963.7
310000 951.0
320000 953.7
330000 994.6
340000 974.5
350000 995.2
360000 986.7
370000 993.4
380000 962.7
390000 975.4
400000 994.9
410000 999.0
420000 995.8
430000 997.5
440000 998.8
450000 996.5
460000 995.5
470000 999.3
480000 996.8
490000 999.4
500000 997.0
