10000 338.0
20000 465.8
30000 451.2
40000 996.2
50000 988.3
60000 972.7
70000 997.0
80000 992.4
90000 984.0
100000 992.0
110000 972.0
120000 980.6
130000 970.4
140000 977.1
150000 992.4
160000 940.3
170000 971.7
180000 983.2
190000 990.9
200000 988.6
210000 988.0
220000 988.6
230000 982.0
240000 984.3
250000 996.0
260000 995.5
270000 998.4
280000 999.1
290000 997.4
300000 999.2
310000 997.5
320000 995.3
330000 994.1
340000 957.0
350000 413.2
360000 945.9
370000 936.2
380000 936.1
390000 931.8
400000 995.2
410000 997.2
420000 994.6
430000 996.1
440000 992.1
450000 966.4
460000 997.2
470000 992.7
480000 996.7
490000 991.5
500000 995.6
