10000 442.1
20000 471.2
30000 873.0
40000 989.1
50000 988.1
60000 989.9
70000 981.6
80000 988.8
90000 950.9
100000 965.8
110000 967.3
120000 975.1
130000 954.8
140000 994.8
150000 992.1
160000 990.4
170000 992.2
180000 983.4
190000 993.1
200000 974.0
210000 972.9
220000 971.6
230000 948.1
240000 983.9
250000 996.4
260000 995.6
270000 993.6
280000 994.6
290000 977.4
300000 972.3
310000 958.7
320000 959.1
330000 995.0
340000 996.9
350000 968.6
360000 981.3
370000 981.3
380000 993.6
390000 998.7
400000 997.4
410000 993.1
420000 995.9
430000 997.2
440000 998.4
450000 996.7
460000 998.1
470000 998.0
480000 985.8
490000 993.3
500000 380.1
