10000 352.5
20000 488.8
30000 615.0
40000 628.9
50000 698.5
60000 990.3
70000 746.1
80000 993.5
90000 987.0
100000 973.1
110000 962.4
120000 976.4
130000 991.9
140000 968.7
150000 969.4
160000 972.7
170000 993.0
180000 992.0
190000 977.3
200000 973.3
210000 946.9
220000 961.0
230000 960.0
240000 479.0
250000 700.7
260000 992.0
270000 970.4
280000 978.3
290000 990.5
300000 967.6
310000 934.2
320000 991.6
330000 920.3
340000 973.1
350000 974.5
360000 963.7
370000 978.7
380000 964.5
390000 987.2
400000 978.9
410000 958.1
420000 976.6
430000 989.2
440000 962.2
450000 995.8
460000 988.9
470000 997.5
480000 990.7
490000 992.5
500000 996.8
