10000 180.8
20000 457.9
30000 652.4
40000 995.4
50000 985.4
60000 987.6
70000 978.0
80000 978.0
90000 978.8
100000 966.9
110000 979.9
120000 985.1
130000 983.4
140000 969.9
150000 974.5
160000 960.2
170000 983.9
180000 977.7
190000 966.6
200000 986.5
210000 975.0
220000 992.3
230000 974.8
240000 964.6
250000 973.9
260000 961.1
270000 981.4
280000 978.7
290000 999.2
300000 997.8
310000 990.6
320000 989.9
330000 998.4
340000 999.1
350000 999.1
360000 999.0
370000 999.5
380000 998.4
390000 999.3
400000 999.4
410000 999.4
420000 999.0
430000 999.3
440000 999.3
450000 999.4
460000 999.1
470000 999.6
480000 999.4
490000 999.4
500000 999.6
