10000 67.5
20000 59.2
30000 285.2
40000 263.8
50000 299.3
60000 154.3
70000 397.2
80000 457.9
90000 528.2
100000 564.6
110000 324.9
120000 557.3
130000 472.2
140000 520.1
150000 552.8
160000 436.2
170000 594.6
180000 565.7
190000 585.0
200000 626.8
210000 397.3
220000 626.9
230000 633.1
240000 594.6
250000 646.4
260000 556.8
270000 593.9
280000 691.5
290000 721.2
300000 717.8
310000 557.3
320000 704.8
330000 743.8
340000 755.3
350000 789.4
360000 807.9
370000 844.6
380000 811.2
390000 911.9
400000 860.9
410000 823.0
420000 863.9
430000 888.6
440000 801.4
450000 897.0
460000 762.6
470000 935.7
480000 915.1
490000 909.7
500000 936.3
