10000 32.1
20000 182.3
30000 206.2
40000 211.4
50000 364.3
60000 184.9
70000 477.4
80000 467.7
90000 524.0
100000 536.6
110000 487.2
120000 546.6
130000 551.5
140000 625.6
150000 621.6
160000 590.8
170000 621.1
180000 664.2
190000 685.5
200000 737.3
210000 691.4
220000 743.3
230000 736.4
240000 813.0
250000 827.9
260000 822.8
270000 807.7
280000 812.6
290000 879.1
300000 902.1
310000 810.3
320000 916.3
330000 912.8
340000 924.9
350000 936.5
360000 830.1
370000 920.8
380000 920.0
390000 915.7
400000 932.4
410000 913.0
420000 906.1
430000 930.9
440000 912.4
450000 894.5
460000 813.1
470000 936.0
480000 929.1
490000 885.3
500000 819.7
