10000 43.4
20000 87.7
30000 192.8
40000 143.5
50000 233.4
60000 257.9
70000 467.7
80000 476.1
90000 556.0
100000 533.9
110000 602.4
120000 607.5
130000 667.1
140000 663.7
150000 699.3
160000 702.6
170000 792.4
180000 807.3
190000 826.7
200000 823.5
210000 790.7
220000 844.3
230000 873.6
240000 870.6
250000 874.5
260000 866.0
270000 848.4
280000 861.3
290000 866.0
300000 861.3
310000 825.0
320000 862.8
330000 824.0
340000 870.8
350000 862.8
360000 762.9
370000 845.2
380000 851.0
390000 866.2
400000 895.9
410000 827.7
420000 854.2
430000 829.9
440000 837.9
450000 877.7
460000 795.2
470000 843.2
480000 863.3
490000 849.7
500000 817.3
