10000 69.7
20000 261.4
30000 331.8
40000 402.2
50000 355.4
60000 384.0
70000 493.1
80000 430.7
90000 528.1
100000 574.0
110000 499.0
120000 620.7
130000 511.2
140000 672.3
150000 685.1
160000 495.9
170000 720.8
180000 767.1
190000 700.5
200000 822.4
210000 709.2
220000 736.8
230000 705.6
240000 831.5
250000 746.8
260000 747.9
270000 819.3
280000 814.7
290000 864.8
300000 850.6
310000 722.5
320000 794.3
330000 835.8
340000 892.9
350000 846.9
360000 776.5
370000 840.7
380000 773.9
390000 851.1
400000 762.5
410000 711.3
420000 854.1
430000 865.1
440000 903.3
450000 840.4
460000 720.4
470000 811.3
480000 825.7
490000 842.8
500000 888.3
