10000 48.0
20000 63.6
30000 191.5
40000 379.6
50000 411.6
60000 436.3
70000 444.8
80000 475.4
90000 397.8
100000 643.8
110000 652.6
120000 652.3
130000 728.1
140000 820.8
150000 790.0
160000 833.9
170000 755.8
180000 796.7
190000 694.1
200000 825.0
210000 839.2
220000 842.0
230000 846.5
240000 903.2
250000 879.2
260000 840.8
270000 893.3
280000 887.2
290000 892.4
300000 845.6
310000 731.9
320000 852.6
330000 899.7
340000 908.5
350000 852.3
360000 637.5
370000 883.0
380000 904.3
390000 875.2
400000 905.6
410000 849.1
420000 923.9
430000 850.3
440000 900.6
450000 823.6
460000 847.0
470000 881.2
480000 908.8
490000 880.0
500000 917.8
