10000 53.6
20000 181.8
30000 176.6
40000 326.8
50000 458.4
60000 218.4
70000 458.7
80000 569.7
90000 596.2
100000 645.4
110000 588.4
120000 729.9
130000 690.3
140000 740.7
150000 765.7
160000 533.7
170000 778.4
180000 797.8
190000 757.0
200000 810.1
210000 829.7
220000 815.5
230000 845.3
240000 837.8
250000 803.4
260000 856.3
270000 906.2
280000 887.8
290000 898.1
300000 906.8
310000 872.1
320000 817.5
330000 917.8
340000 893.8
350000 897.3
360000 599.1
370000 822.3
380000 858.8
390000 918.8
400000 931.1
410000 807.6
420000 849.1
430000 896.0
440000 930.8
450000 902.4
460000 878.3
470000 887.4
480000 871.3
490000 924.8
500000 912.4
