10000 32.3
20000 133.2
30000 237.4
40000 292.7
50000 370.7
60000 398.8
70000 471.1
80000 461.3
90000 539.7
100000 552.4
110000 348.5
120000 648.5
130000 672.2
140000 748.1
150000 814.1
160000 731.1
170000 811.6
180000 878.2
190000 861.7
200000 894.3
210000 845.1
220000 844.7
230000 883.8
240000 894.3
250000 907.9
260000 877.4
270000 897.7
280000 901.9
290000 888.2
300000 918.6
310000 858.1
320000 885.0
330000 869.1
340000 922.5
350000 904.2
360000 784.8
370000 943.2
380000 922.1
390000 948.5
400000 952.9
410000 853.9
420000 899.3
430000 893.3
440000 955.1
450000 931.5
460000 899.4
470000 952.8
480000 936.2
490000 946.7
500000 952.7
