10000 77.1
20000 90.8
30000 158.2
40000 139.5
50000 225.4
60000 126.6
70000 169.0
80000 252.4
90000 252.4
100000 391.0
110000 237.0
120000 516.0
130000 479.7
140000 550.1
150000 612.1
160000 311.9
170000 631.6
180000 610.0
190000 616.9
200000 741.6
210000 635.3
220000 730.3
230000 745.5
240000 826.5
250000 832.3
260000 536.4
270000 838.4
280000 850.7
290000 885.1
300000 904.0
310000 837.9
320000 868.0
330000 882.9
340000 859.1
350000 901.4
360000 765.9
370000 893.6
380000 896.7
390000 926.0
400000 931.1
410000 716.6
420000 892.7
430000 908.1
440000 900.7
450000 924.4
460000 577.5
470000 871.1
480000 845.9
490000 907.8
500000 896.2
