10000 40.4
20000 147.7
30000 354.2
40000 407.6
50000 408.2
60000 329.4
70000 445.1
80000 446.9
90000 501.0
100000 517.1
110000 561.1
120000 574.3
130000 576.6
140000 547.1
150000 601.0
160000 547.8
170000 570.4
180000 620.1
190000 635.0
200000 640.0
210000 586.9
220000 658.2
230000 648.2
240000 732.2
250000 720.5
260000 726.6
270000 776.7
280000 822.7
290000 833.3
300000 826.3
310000 750.6
320000 839.2
330000 860.8
340000 846.5
350000 853.8
360000 810.0
370000 885.3
380000 862.4
390000 914.9
400000 913.6
410000 843.7
420000 920.5
430000 813.8
440000 909.7
450000 843.4
460000 824.4
470000 891.3
480000 890.1
490000 909.3
500000 865.1
