10000 33.5
20000 63.4
30000 240.9
40000 308.6
50000 374.1
60000 292.6
70000 487.6
80000 531.2
90000 536.2
100000 605.6
110000 532.2
120000 657.0
130000 749.1
140000 782.8
150000 776.6
160000 550.1
170000 831.2
180000 804.2
190000 846.1
200000 818.4
210000 772.5
220000 852.9
230000 877.1
240000 877.1
250000 900.6
260000 852.3
270000 893.0
280000 910.9
290000 924.0
300000 909.5
310000 895.3
320000 936.8
330000 932.2
340000 926.3
350000 905.8
360000 795.2
370000 922.0
380000 927.8
390000 896.5
400000 923.0
410000 875.0
420000 880.6
430000 771.1
440000 886.4
450000 928.2
460000 751.8
470000 933.4
480000 931.4
490000 887.2
500000 922.2
