5000 19.7
10000 25.8
15000 87.1
20000 118.6
25000 145.3
30000 190.4
35000 265.5
40000 270.3
45000 344.4
50000 378.0
55000 340.5
60000 452.3
65000 498.3
70000 564.1
75000 544.1
80000 552.2
85000 604.4
90000 611.7
95000 600.6
100000 526.4
105000 673.5
110000 654.5
115000 695.8
120000 84.9
125000 57.9
130000 53.1
135000 663.6
140000 734.8
145000 661.3
150000 718.4
155000 732.7
160000 742.4
165000 746.3
170000 751.1
175000 739.7
180000 745.0
185000 747.6
190000 747.0
195000 769.4
200000 760.6
205000 762.2
210000 769.4
215000 701.0
220000 764.5
225000 769.1
230000 770.8
235000 785.3
240000 756.8
245000 768.7
250000 784.0
255000 784.2
260000 784.3
265000 773.9
270000 775.0
275000 792.9
280000 793.5
285000 752.8
290000 786.8
295000 792.9
300000 800.8
305000 800.6
310000 799.2
315000 806.8
320000 796.8
325000 799.2
330000 493.0
335000 797.3
340000 808.4
345000 804.9
350000 790.9
355000 793.8
360000 815.6
365000 807.7
370000 793.9
375000 805.7
380000 794.1
385000 810.0
390000 806.4
395000 809.9
400000 807.7
405000 804.5
410000 798.6
415000 800.4
420000 814.1
425000 800.3
430000 806.3
435000 816.9
440000 809.5
445000 807.8
450000 725.9
455000 815.7
460000 814.3
465000 817.0
470000 807.5
475000 813.0
480000 811.6
485000 816.4
490000 812.7
495000 812.3
500000 815.1
505000 815.1
510000 813.9
515000 813.8
520000 814.7
525000 809.3
530000 814.1
535000 817.5
540000 811.9
545000 815.9
550000 746.1
555000 816.1
560000 810.7
565000 824.1
570000 794.5
575000 816.2
580000 825.5
585000 817.0
590000 819.4
595000 741.4
600000 819.8
605000 822.7
610000 808.0
615000 825.7
620000 818.3
625000 824.4
630000 814.0
635000 809.9
640000 829.9
645000 819.1
650000 814.9
655000 820.0
660000 819.9
665000 819.1
670000 823.4
675000 815.9
680000 826.6
685000 817.3
690000 811.6
695000 820.3
700000 819.1
705000 816.8
710000 814.8
715000 819.5
720000 831.1
725000 824.5
730000 827.7
735000 815.1
740000 819.5
745000 816.0
750000 815.7
755000 827.3
760000 822.9
765000 822.8
770000 832.9
775000 824.2
780000 826.3
785000 825.6
790000 825.1
795000 826.3
800000 822.8
805000 819.0
810000 824.3
815000 825.2
820000 816.3
825000 834.9
830000 828.0
835000 828.8
840000 820.2
845000 815.1
850000 825.5
855000 819.1
860000 820.8
865000 828.2
870000 820.4
875000 826.7
880000 819.4
885000 829.9
890000 816.5
895000 822.8
900000 824.9
905000 829.7
910000 815.9
915000 828.3
920000 818.7
925000 836.7
930000 818.6
935000 826.3
940000 828.7
945000 827.1
950000 823.1
955000 829.7
960000 825.2
965000 830.1
970000 824.7
975000 822.0
980000 834.6
985000 829.1
990000 830.4
995000 826.7
1000000 834.1
1005000 827.5
1010000 833.7
1015000 825.3
1020000 837.2
1025000 822.4
1030000 823.1
1035000 824.3
1040000 820.6
1045000 829.8
1050000 828.8
1055000 832.0
1060000 839.1
1065000 832.7
1070000 832.8
1075000 837.5
1080000 828.1
1085000 841.9
1090000 832.9
1095000 839.6
1100000 831.5
1105000 840.1
1110000 830.8
1115000 834.3
1120000 837.5
1125000 834.8
1130000 832.6
1135000 835.6
1140000 830.5
1145000 843.3
1150000 838.1
1155000 829.9
1160000 839.2
1165000 834.0
1170000 845.2
1175000 840.4
1180000 840.8
1185000 842.8
1190000 840.6
1195000 841.4
1200000 851.0
1205000 843.1
1210000 847.9
1215000 838.7
1220000 838.5
1225000 844.8
1230000 846.4
1235000 837.4
1240000 833.0
1245000 847.7
1250000 843.0
1255000 847.0
1260000 845.6
1265000 849.1
1270000 843.1
1275000 833.5
1280000 842.6
1285000 842.9
1290000 833.8
1295000 846.9
1300000 842.3
1305000 842.0
1310000 849.2
1315000 847.8
1320000 848.1
1325000 845.7
1330000 844.4
1335000 838.1
1340000 846.2
1345000 838.6
1350000 840.8
1355000 847.5
1360000 845.6
1365000 850.0
1370000 846.1
1375000 841.0
1380000 837.5
1385000 849.6
1390000 839.4
1395000 843.2
1400000 833.4
1405000 847.6
1410000 844.4
1415000 846.2
1420000 846.2
1425000 829.6
1430000 836.6
1435000 845.3
1440000 835.0
1445000 847.6
1450000 844.3
1455000 854.4
1460000 843.5
1465000 846.4
1470000 851.2
1475000 842.6
1480000 859.0
1485000 844.5
1490000 845.6
1495000 839.9
1500000 829.1
1505000 845.2
1510000 850.6
1515000 840.9
1520000 834.7
1525000 840.9
1530000 850.7
1535000 831.3
1540000 836.9
1545000 848.1
1550000 839.0
1555000 835.5
1560000 842.8
1565000 849.5
1570000 840.7
1575000 841.1
1580000 843.3
1585000 845.4
1590000 850.4
1595000 842.3
1600000 848.0
1605000 836.8
1610000 847.4
1615000 839.8
1620000 855.8
1625000 848.6
1630000 847.0
1635000 839.1
1640000 851.7
1645000 842.9
1650000 847.3
1655000 846.5
1660000 852.2
1665000 842.7
1670000 851.2
1675000 844.2
1680000 845.1
1685000 842.9
1690000 851.5
1695000 844.8
1700000 849.6
1705000 845.7
1710000 843.7
1715000 841.8
1720000 842.4
1725000 844.0
1730000 841.0
1735000 848.9
1740000 843.2
1745000 839.1
1750000 840.4
1755000 845.5
1760000 845.1
1765000 847.7
1770000 843.0
1775000 849.2
1780000 838.7
1785000 848.0
1790000 848.3
1795000 840.3
1800000 842.4
1805000 839.3
1810000 842.6
1815000 855.4
1820000 841.6
1825000 849.1
1830000 845.9
1835000 847.3
1840000 834.4
1845000 844.8
1850000 843.6
1855000 841.7
1860000 843.9
1865000 843.1
1870000 846.7
1875000 838.4
1880000 852.8
1885000 835.3
1890000 840.6
1895000 854.5
1900000 854.1
1905000 846.1
1910000 848.7
1915000 852.1
1920000 845.7
1925000 848.0
1930000 844.4
1935000 849.8
1940000 841.1
1945000 853.3
1950000 844.6
1955000 843.9
1960000 842.7
1965000 847.4
1970000 854.2
1975000 839.7
1980000 837.2
1985000 839.0
1990000 852.5
1995000 845.0
2000000 853.2
