5000 20.6
10000 22.7
15000 77.4
20000 104.4
25000 176.4
30000 213.1
35000 303.8
40000 376.7
45000 95.6
50000 53.0
55000 322.3
60000 541.7
65000 561.4
70000 625.0
75000 635.5
80000 679.4
85000 698.3
90000 650.2
95000 697.7
100000 693.8
105000 729.4
110000 695.6
115000 726.9
120000 742.8
125000 757.2
130000 306.5
135000 762.1
140000 772.8
145000 772.3
150000 766.4
155000 752.4
160000 747.7
165000 740.8
170000 781.0
175000 786.2
180000 754.8
185000 758.0
190000 778.1
195000 774.8
200000 771.4
205000 776.6
210000 800.7
215000 766.7
220000 779.6
225000 779.9
230000 779.5
235000 801.8
240000 802.2
245000 809.8
250000 785.0
255000 742.6
260000 782.2
265000 803.5
270000 778.9
275000 810.8
280000 806.8
285000 804.2
290000 538.4
295000 812.5
300000 494.1
305000 805.3
310000 793.2
315000 818.1
320000 822.1
325000 835.0
330000 824.7
335000 816.5
340000 823.2
345000 823.9
350000 825.3
355000 846.5
360000 833.1
365000 828.6
370000 833.5
375000 820.1
380000 823.1
385000 832.5
390000 843.4
395000 821.2
400000 848.1
405000 842.9
410000 841.5
415000 833.5
420000 826.9
425000 849.1
430000 833.2
435000 826.7
440000 853.4
445000 849.4
450000 822.3
455000 852.6
460000 828.6
465000 842.0
470000 825.4
475000 842.1
480000 852.2
485000 748.5
490000 846.5
495000 843.2
500000 861.7
505000 853.2
510000 853.7
515000 846.7
520000 843.7
525000 852.6
530000 848.6
535000 852.1
540000 859.6
545000 860.7
550000 857.6
555000 862.2
560000 844.5
565000 843.0
570000 848.0
575000 855.6
580000 856.3
585000 863.6
590000 864.9
595000 858.4
600000 853.7
605000 856.9
610000 862.2
615000 848.8
620000 867.2
625000 859.5
630000 857.6
635000 866.6
640000 853.4
645000 859.6
650000 768.4
655000 859.9
660000 873.1
665000 857.6
670000 869.5
675000 864.7
680000 859.2
685000 865.4
690000 857.4
695000 863.0
700000 866.5
705000 868.8
710000 864.8
715000 868.0
720000 864.1
725000 857.0
730000 866.7
735000 867.2
740000 848.4
745000 866.0
750000 855.6
755000 870.3
760000 856.2
765000 864.3
770000 870.9
775000 874.7
780000 859.4
785000 852.6
790000 867.5
795000 856.7
800000 875.3
805000 868.3
810000 875.6
815000 862.9
820000 17.0
825000 862.3
830000 875.1
835000 874.8
840000 874.1
845000 867.9
850000 876.7
855000 878.7
860000 883.8
865000 884.0
870000 880.1
875000 888.3
880000 875.4
885000 879.7
890000 877.4
895000 873.5
900000 879.2
905000 882.2
910000 877.0
915000 882.3
920000 880.7
925000 871.8
930000 879.1
935000 886.9
940000 883.7
945000 881.9
950000 878.6
955000 879.1
960000 873.5
965000 894.9
970000 875.5
975000 878.1
980000 868.0
985000 872.0
990000 881.3
995000 869.3
1000000 877.0
1005000 879.0
1010000 876.6
1015000 875.3
1020000 879.2
1025000 888.9
1030000 882.4
1035000 878.9
1040000 882.4
1045000 890.3
1050000 882.7
1055000 880.0
1060000 882.8
1065000 888.8
1070000 886.2
1075000 889.1
1080000 893.7
1085000 894.7
1090000 881.7
1095000 883.9
1100000 887.2
1105000 879.0
1110000 884.5
1115000 886.5
1120000 881.5
1125000 896.4
1130000 882.3
1135000 890.0
1140000 874.3
1145000 897.3
1150000 897.1
1155000 881.3
1160000 902.8
1165000 889.8
1170000 881.1
1175000 884.6
1180000 897.9
1185000 894.4
1190000 884.8
1195000 897.0
1200000 898.5
1205000 890.1
1210000 888.1
1215000 892.6
1220000 896.7
1225000 887.5
1230000 890.3
1235000 892.9
1240000 906.1
1245000 895.1
1250000 895.5
1255000 888.6
1260000 903.0
1265000 893.2
1270000 901.7
1275000 888.0
1280000 895.8
1285000 895.4
1290000 901.5
1295000 891.1
1300000 902.8
1305000 893.5
1310000 899.6
1315000 888.6
1320000 896.1
1325000 900.7
1330000 879.0
1335000 900.4
1340000 872.0
1345000 897.1
1350000 894.8
1355000 896.5
1360000 873.8
1365000 907.3
1370000 883.7
1375000 899.9
1380000 902.3
1385000 899.5
1390000 902.0
1395000 907.5
1400000 901.4
1405000 885.8
1410000 902.3
1415000 896.0
1420000 891.0
1425000 895.8
1430000 877.4
1435000 898.3
1440000 896.8
1445000 896.6
1450000 891.5
1455000 892.7
1460000 902.6
1465000 902.5
1470000 900.3
1475000 895.5
1480000 900.4
1485000 894.4
1490000 909.5
1495000 910.2
1500000 895.1
1505000 889.7
1510000 896.6
1515000 893.7
1520000 891.4
1525000 904.5
1530000 897.1
1535000 891.8
1540000 896.8
1545000 893.6
1550000 905.1
1555000 869.3
1560000 910.5
1565000 902.1
1570000 892.8
1575000 898.5
1580000 892.7
1585000 890.2
1590000 896.8
1595000 905.2
1600000 895.3
1605000 892.0
1610000 894.6
1615000 889.4
1620000 894.9
1625000 909.7
1630000 899.0
1635000 902.4
1640000 909.2
1645000 902.1
1650000 907.7
1655000 901.8
1660000 890.9
1665000 896.7
1670000 899.6
1675000 907.1
1680000 890.2
1685000 902.9
1690000 905.4
1695000 897.3
1700000 898.4
1705000 900.3
1710000 887.1
1715000 901.4
1720000 898.0
1725000 895.2
1730000 904.3
1735000 897.3
1740000 905.0
1745000 896.1
1750000 898.9
1755000 918.1
1760000 903.2
1765000 908.8
1770000 904.7
1775000 895.3
1780000 906.0
1785000 896.0
1790000 902.5
1795000 905.2
1800000 907.6
1805000 892.7
1810000 903.6
1815000 912.4
1820000 897.5
1825000 909.9
1830000 891.9
1835000 898.1
1840000 893.4
1845000 900.8
1850000 902.3
1855000 912.1
1860000 904.6
1865000 895.1
1870000 883.0
1875000 914.3
1880000 889.0
1885000 907.4
1890000 900.2
1895000 903.3
1900000 822.3
1905000 901.2
1910000 904.3
1915000 906.6
1920000 903.7
1925000 898.9
1930000 897.6
1935000 914.1
1940000 897.2
1945000 900.5
1950000 903.4
1955000 903.2
1960000 898.6
1965000 906.2
1970000 820.1
1975000 875.6
1980000 913.3
1985000 902.0
1990000 899.9
1995000 878.0
2000000 906.6
