5000 20.4
10000 27.0
15000 51.2
20000 109.5
25000 144.1
30000 162.1
35000 228.7
40000 259.9
45000 347.8
50000 386.8
55000 457.3
60000 480.0
65000 452.4
70000 496.3
75000 395.8
80000 538.2
85000 552.5
90000 244.1
95000 520.4
100000 576.2
105000 425.4
110000 580.5
115000 497.9
120000 616.5
125000 632.0
130000 629.9
135000 283.6
140000 647.5
145000 669.5
150000 666.8
155000 660.7
160000 647.2
165000 679.9
170000 688.8
175000 691.8
180000 556.7
185000 684.3
190000 696.7
195000 622.7
200000 715.9
205000 698.4
210000 707.4
215000 639.1
220000 709.4
225000 731.5
230000 726.8
235000 732.7
240000 720.9
245000 720.2
250000 728.4
255000 739.1
260000 726.5
265000 741.7
270000 739.7
275000 735.2
280000 745.1
285000 748.1
290000 751.1
295000 744.4
300000 737.0
305000 675.6
310000 754.4
315000 732.4
320000 717.1
325000 735.2
330000 679.3
335000 749.7
340000 745.4
345000 600.7
350000 758.7
355000 765.8
360000 764.3
365000 765.3
370000 753.0
375000 750.8
380000 750.3
385000 766.5
390000 749.0
395000 754.1
400000 755.3
405000 684.4
410000 738.6
415000 760.3
420000 745.8
425000 757.0
430000 752.6
435000 746.4
440000 756.4
445000 762.5
450000 765.2
455000 745.3
460000 682.0
465000 757.5
470000 763.0
475000 765.0
480000 770.3
485000 776.9
490000 771.8
495000 777.1
500000 765.6
505000 773.5
510000 757.0
515000 771.8
520000 779.2
525000 775.4
530000 770.0
535000 779.7
540000 762.3
545000 766.7
550000 783.5
555000 774.8
560000 767.5
565000 765.9
570000 770.6
575000 778.2
580000 769.2
585000 778.5
590000 770.9
595000 776.8
600000 781.4
605000 769.2
610000 784.0
615000 781.4
620000 777.1
625000 774.1
630000 778.3
635000 697.0
640000 783.6
645000 757.9
650000 785.3
655000 789.3
660000 784.0
665000 779.6
670000 788.4
675000 789.6
680000 790.8
685000 783.5
690000 780.6
695000 785.8
700000 782.6
705000 775.4
710000 777.0
715000 776.7
720000 785.3
725000 783.8
730000 783.3
735000 769.4
740000 788.2
745000 766.6
750000 772.2
755000 783.2
760000 782.4
765000 780.4
770000 786.9
775000 780.7
780000 780.4
785000 780.6
790000 780.5
795000 776.4
800000 777.3
805000 779.2
810000 778.3
815000 784.3
820000 777.0
825000 777.7
830000 780.0
835000 780.8
840000 788.5
845000 780.0
850000 791.2
855000 794.6
860000 784.7
865000 790.0
870000 766.8
875000 792.4
880000 775.1
885000 786.4
890000 788.7
895000 786.3
900000 778.0
905000 787.4
910000 782.7
915000 787.2
920000 789.7
925000 791.5
930000 788.0
935000 787.3
940000 792.7
945000 789.8
950000 792.0
955000 784.0
960000 779.4
965000 782.7
970000 784.9
975000 775.3
980000 780.8
985000 791.9
990000 797.6
995000 788.8
1000000 783.0
1005000 784.3
1010000 777.5
1015000 796.7
1020000 786.0
1025000 784.6
1030000 785.8
1035000 792.9
1040000 790.7
1045000 781.9
1050000 782.0
1055000 790.4
1060000 790.0
1065000 780.7
1070000 788.4
1075000 796.7
1080000 793.1
1085000 787.0
1090000 789.2
1095000 791.5
1100000 801.4
1105000 790.9
1110000 795.8
1115000 791.4
1120000 797.1
1125000 797.7
1130000 787.8
1135000 784.5
1140000 787.7
1145000 788.6
1150000 787.7
1155000 795.2
1160000 793.4
1165000 787.0
1170000 782.7
1175000 746.4
1180000 791.0
1185000 795.3
1190000 794.4
1195000 802.5
1200000 791.9
1205000 798.5
1210000 788.2
1215000 801.8
1220000 797.3
1225000 796.0
1230000 796.4
1235000 799.3
1240000 793.2
1245000 798.6
1250000 805.1
1255000 800.3
1260000 801.8
1265000 800.9
1270000 800.4
1275000 800.8
1280000 800.0
1285000 793.5
1290000 802.6
1295000 725.0
1300000 804.7
1305000 796.6
1310000 803.6
1315000 796.4
1320000 807.5
1325000 799.6
1330000 800.8
1335000 805.3
1340000 798.3
1345000 792.0
1350000 790.5
1355000 799.1
1360000 794.8
1365000 794.2
1370000 797.9
1375000 789.9
1380000 803.9
1385000 782.6
1390000 794.2
1395000 807.5
1400000 806.5
1405000 795.5
1410000 809.0
1415000 807.3
1420000 805.9
1425000 799.2
1430000 809.0
1435000 808.4
1440000 788.2
1445000 804.4
1450000 802.0
1455000 790.2
1460000 798.8
1465000 804.2
1470000 809.1
1475000 808.6
1480000 802.3
1485000 804.2
1490000 803.6
1495000 808.8
1500000 811.2
1505000 810.6
1510000 809.4
1515000 807.8
1520000 806.2
1525000 795.8
1530000 798.7
1535000 816.1
1540000 108.4
1545000 435.1
1550000 770.6
1555000 785.9
1560000 786.1
1565000 792.7
1570000 799.1
1575000 791.3
1580000 784.3
1585000 719.1
1590000 792.9
1595000 793.6
1600000 785.7
1605000 793.2
1610000 806.6
1615000 731.2
1620000 797.7
1625000 724.3
1630000 802.9
1635000 803.3
1640000 783.1
1645000 808.5
1650000 797.7
1655000 792.3
1660000 802.2
1665000 797.4
1670000 807.5
1675000 787.2
1680000 799.7
1685000 804.5
1690000 796.0
1695000 809.2
1700000 803.6
1705000 798.9
1710000 799.2
1715000 802.9
1720000 795.3
1725000 801.3
1730000 795.6
1735000 802.0
1740000 799.0
1745000 803.2
1750000 805.9
1755000 810.2
1760000 807.1
1765000 804.0
1770000 797.4
1775000 808.6
1780000 798.1
1785000 794.3
1790000 795.8
1795000 728.1
1800000 816.0
1805000 795.6
1810000 810.2
1815000 804.6
1820000 811.7
1825000 728.7
1830000 42.1
1835000 739.3
1840000 778.4
1845000 793.4
1850000 795.7
1855000 790.5
1860000 794.7
1865000 796.7
1870000 801.3
1875000 793.8
1880000 797.4
1885000 763.5
1890000 803.6
1895000 797.7
1900000 793.3
1905000 801.1
1910000 805.6
1915000 787.4
1920000 803.6
1925000 802.2
1930000 804.8
1935000 804.3
1940000 803.9
1945000 804.3
1950000 788.7
1955000 800.6
1960000 803.7
1965000 802.9
1970000 792.4
1975000 805.5
1980000 805.2
1985000 801.6
1990000 798.8
1995000 796.8
2000000 807.7
