5000 16.3
10000 21.2
15000 30.2
20000 114.8
25000 155.6
30000 197.4
35000 157.6
40000 321.9
45000 432.9
50000 469.9
55000 516.0
60000 517.3
65000 562.4
70000 507.3
75000 608.8
80000 612.5
85000 625.9
90000 622.1
95000 610.6
100000 675.7
105000 655.1
110000 668.4
115000 644.8
120000 693.2
125000 656.9
130000 709.7
135000 696.0
140000 629.9
145000 723.5
150000 696.0
155000 701.4
160000 705.0
165000 731.7
170000 714.0
175000 706.8
180000 440.7
185000 719.8
190000 711.4
195000 699.1
200000 735.5
205000 723.0
210000 650.2
215000 728.1
220000 534.5
225000 744.1
230000 670.3
235000 733.7
240000 738.3
245000 736.4
250000 669.8
255000 740.7
260000 757.1
265000 748.5
270000 690.6
275000 739.3
280000 738.6
285000 753.9
290000 745.3
295000 757.3
300000 766.7
305000 739.9
310000 772.8
315000 772.7
320000 758.7
325000 774.0
330000 776.4
335000 778.5
340000 773.2
345000 759.1
350000 773.3
355000 772.9
360000 777.1
365000 776.1
370000 777.2
375000 778.3
380000 765.5
385000 770.9
390000 777.1
395000 781.3
400000 783.7
405000 782.2
410000 767.4
415000 783.2
420000 698.8
425000 773.1
430000 779.6
435000 782.1
440000 780.8
445000 770.6
450000 766.6
455000 793.3
460000 709.3
465000 781.3
470000 787.8
475000 779.8
480000 783.8
485000 781.8
490000 774.5
495000 786.9
500000 783.7
505000 766.7
510000 783.3
515000 781.0
520000 787.7
525000 782.9
530000 794.2
535000 779.1
540000 783.7
545000 781.0
550000 783.2
555000 787.6
560000 781.5
565000 787.5
570000 777.7
575000 780.4
580000 795.5
585000 783.1
590000 774.7
595000 795.0
600000 794.2
605000 707.2
610000 791.5
615000 783.9
620000 786.0
625000 781.7
630000 789.8
635000 776.9
640000 782.9
645000 779.9
650000 795.6
655000 796.9
660000 703.6
665000 780.0
670000 799.9
675000 790.8
680000 791.6
685000 783.4
690000 796.5
695000 790.7
700000 787.2
705000 789.9
710000 782.4
715000 796.4
720000 726.4
725000 795.4
730000 801.6
735000 791.5
740000 786.2
745000 794.3
750000 798.6
755000 795.3
760000 780.6
765000 803.6
770000 795.2
775000 785.8
780000 783.1
785000 798.5
790000 789.4
795000 806.0
800000 793.1
805000 791.4
810000 797.1
815000 796.4
820000 798.2
825000 799.4
830000 790.0
835000 794.2
840000 790.9
845000 794.0
850000 798.6
855000 796.8
860000 789.4
865000 805.4
870000 792.1
875000 794.9
880000 796.1
885000 797.1
890000 802.8
895000 798.3
900000 802.8
905000 803.0
910000 794.7
915000 804.4
920000 789.8
925000 796.9
930000 796.4
935000 787.5
940000 783.7
945000 797.7
950000 782.9
955000 797.0
960000 795.9
965000 796.6
970000 797.9
975000 784.0
980000 805.5
985000 803.6
990000 791.4
995000 795.6
1000000 792.3
1005000 800.8
1010000 802.1
1015000 813.4
1020000 795.7
1025000 805.2
1030000 802.8
1035000 804.2
1040000 801.9
1045000 809.0
1050000 806.4
1055000 813.3
1060000 806.5
1065000 730.7
1070000 729.1
1075000 803.5
1080000 810.0
1085000 812.0
1090000 808.9
1095000 727.4
1100000 815.4
1105000 815.4
1110000 808.9
1115000 810.7
1120000 800.1
1125000 814.1
1130000 804.2
1135000 808.8
1140000 812.3
1145000 801.4
1150000 802.4
1155000 808.6
1160000 812.7
1165000 808.7
1170000 805.6
1175000 808.9
1180000 804.4
1185000 802.3
1190000 809.5
1195000 803.3
1200000 807.7
1205000 809.8
1210000 807.1
1215000 807.8
1220000 812.5
1225000 819.6
1230000 815.8
1235000 806.4
1240000 813.3
1245000 801.6
1250000 812.3
1255000 809.9
1260000 809.5
1265000 811.1
1270000 821.7
1275000 807.3
1280000 807.3
1285000 809.6
1290000 815.4
1295000 819.3
1300000 810.4
1305000 815.7
1310000 820.2
1315000 816.1
1320000 810.9
1325000 809.2
1330000 808.5
1335000 807.4
1340000 806.3
1345000 808.2
1350000 812.8
1355000 811.7
1360000 815.7
1365000 812.9
1370000 818.7
1375000 814.1
1380000 820.7
1385000 811.1
1390000 808.5
1395000 811.8
1400000 824.1
1405000 819.2
1410000 816.4
1415000 815.3
1420000 813.0
1425000 820.2
1430000 810.2
1435000 811.8
1440000 793.5
1445000 808.3
1450000 817.5
1455000 816.2
1460000 817.0
1465000 816.8
1470000 827.1
1475000 812.5
1480000 816.8
1485000 808.1
1490000 826.7
1495000 816.4
1500000 818.2
1505000 820.1
1510000 810.1
1515000 819.3
1520000 817.3
1525000 823.5
1530000 820.7
1535000 823.7
1540000 814.4
1545000 813.7
1550000 813.6
1555000 822.4
1560000 819.5
1565000 823.5
1570000 808.4
1575000 818.6
1580000 815.6
1585000 816.4
1590000 803.7
1595000 823.2
1600000 823.1
1605000 826.4
1610000 824.0
1615000 812.9
1620000 818.1
1625000 808.2
1630000 819.4
1635000 804.6
1640000 826.5
1645000 805.7
1650000 818.4
1655000 811.8
1660000 826.8
1665000 822.4
1670000 815.9
1675000 826.7
1680000 822.8
1685000 814.8
1690000 799.1
1695000 821.7
1700000 831.0
1705000 811.7
1710000 828.7
1715000 833.1
1720000 821.9
1725000 821.2
1730000 823.0
1735000 818.6
1740000 823.4
1745000 828.4
1750000 818.6
1755000 823.2
1760000 820.1
1765000 824.9
1770000 812.9
1775000 826.0
1780000 830.8
1785000 817.8
1790000 818.6
1795000 834.0
1800000 823.2
1805000 816.0
1810000 830.5
1815000 819.0
1820000 815.3
1825000 821.0
1830000 818.5
1835000 827.6
1840000 823.8
1845000 823.1
1850000 834.8
1855000 824.8
1860000 818.1
1865000 822.6
1870000 825.9
1875000 819.1
1880000 828.4
1885000 831.8
1890000 829.6
1895000 820.1
1900000 820.4
1905000 826.7
1910000 824.2
1915000 817.5
1920000 834.0
1925000 828.1
1930000 826.0
1935000 829.3
1940000 819.7
1945000 821.2
1950000 832.1
1955000 828.8
1960000 822.0
1965000 828.5
1970000 829.7
1975000 828.9
1980000 829.6
1985000 825.5
1990000 828.7
1995000 833.4
2000000 824.1
