5000 16.2
10000 26.0
15000 70.1
20000 131.2
25000 181.7
30000 172.1
35000 274.4
40000 283.9
45000 324.0
50000 365.7
55000 367.4
60000 466.5
65000 573.0
70000 590.0
75000 540.5
80000 576.9
85000 632.1
90000 638.0
95000 661.1
100000 665.4
105000 653.7
110000 661.6
115000 610.0
120000 692.1
125000 678.4
130000 673.8
135000 681.6
140000 686.3
145000 639.0
150000 707.0
155000 305.8
160000 745.5
165000 732.7
170000 739.8
175000 745.3
180000 745.9
185000 740.2
190000 683.2
195000 748.9
200000 740.8
205000 752.1
210000 750.8
215000 746.7
220000 763.0
225000 781.7
230000 762.8
235000 541.0
240000 768.2
245000 772.0
250000 753.6
255000 764.1
260000 769.4
265000 768.9
270000 767.4
275000 765.2
280000 774.0
285000 783.5
290000 777.7
295000 785.7
300000 783.3
305000 793.5
310000 207.7
315000 711.2
320000 769.7
325000 794.6
330000 778.6
335000 781.6
340000 782.3
345000 781.3
350000 792.5
355000 781.7
360000 801.2
365000 787.1
370000 800.8
375000 798.5
380000 805.4
385000 797.2
390000 805.1
395000 788.1
400000 806.6
405000 794.2
410000 809.0
415000 807.8
420000 798.5
425000 797.6
430000 816.4
435000 799.3
440000 794.5
445000 808.6
450000 807.2
455000 805.6
460000 808.9
465000 811.2
470000 807.3
475000 816.0
480000 804.1
485000 805.5
490000 736.7
495000 658.4
500000 426.0
505000 733.8
510000 804.4
515000 813.2
520000 814.6
525000 806.2
530000 807.3
535000 807.8
540000 807.4
545000 799.5
550000 811.4
555000 800.5
560000 800.2
565000 807.2
570000 795.4
575000 821.8
580000 820.0
585000 822.3
590000 813.4
595000 814.7
600000 813.2
605000 805.2
610000 801.2
615000 793.4
620000 801.6
625000 810.4
630000 741.9
635000 812.5
640000 822.6
645000 811.0
650000 763.4
655000 793.7
660000 746.6
665000 809.2
670000 817.9
675000 811.0
680000 813.8
685000 819.1
690000 804.3
695000 815.6
700000 819.3
705000 814.7
710000 816.1
715000 803.0
720000 819.4
725000 818.1
730000 821.4
735000 820.9
740000 829.8
745000 826.0
750000 822.4
755000 816.9
760000 823.3
765000 814.6
770000 827.1
775000 812.2
780000 819.7
785000 805.2
790000 820.0
795000 814.9
800000 816.6
805000 824.8
810000 820.5
815000 818.0
820000 811.8
825000 826.2
830000 822.3
835000 807.6
840000 831.6
845000 818.6
850000 816.9
855000 808.3
860000 816.1
865000 823.8
870000 824.5
875000 819.7
880000 821.2
885000 824.3
890000 821.5
895000 828.7
900000 833.8
905000 821.1
910000 827.4
915000 819.3
920000 822.9
925000 833.3
930000 816.7
935000 822.6
940000 825.1
945000 822.6
950000 818.1
955000 826.7
960000 817.1
965000 823.6
970000 825.5
975000 825.8
980000 828.3
985000 822.0
990000 822.3
995000 831.6
1000000 816.2
1005000 829.0
1010000 810.5
1015000 816.2
1020000 824.5
1025000 828.2
1030000 820.4
1035000 818.6
1040000 830.5
1045000 832.3
1050000 825.7
1055000 835.6
1060000 827.4
1065000 832.2
1070000 823.9
1075000 826.1
1080000 827.9
1085000 832.8
1090000 832.9
1095000 832.0
1100000 832.1
1105000 831.4
1110000 829.0
1115000 837.0
1120000 825.3
1125000 826.3
1130000 823.4
1135000 824.1
1140000 829.1
1145000 833.6
1150000 831.0
1155000 827.6
1160000 824.7
1165000 830.7
1170000 835.3
1175000 837.9
1180000 840.2
1185000 844.4
1190000 842.4
1195000 839.5
1200000 828.9
1205000 846.0
1210000 832.9
1215000 830.7
1220000 830.3
1225000 833.6
1230000 834.8
1235000 832.5
1240000 837.2
1245000 833.5
1250000 837.5
1255000 838.9
1260000 839.1
1265000 829.7
1270000 833.5
1275000 833.2
1280000 839.3
1285000 839.0
1290000 669.2
1295000 832.3
1300000 584.1
1305000 152.5
1310000 629.1
1315000 771.7
1320000 782.3
1325000 811.0
1330000 819.3
1335000 820.9
1340000 824.8
1345000 832.8
1350000 836.2
1355000 837.0
1360000 830.0
1365000 839.0
1370000 829.4
1375000 829.3
1380000 827.7
1385000 833.2
1390000 832.7
1395000 835.8
1400000 832.5
1405000 843.9
1410000 836.6
1415000 836.0
1420000 848.4
1425000 837.7
1430000 838.8
1435000 751.3
1440000 834.1
1445000 831.2
1450000 834.0
1455000 827.6
1460000 840.1
1465000 843.0
1470000 835.0
1475000 844.1
1480000 836.3
1485000 842.8
1490000 839.0
1495000 848.7
1500000 845.1
1505000 762.1
1510000 832.9
1515000 838.6
1520000 851.3
1525000 845.7
1530000 828.4
1535000 846.1
1540000 836.8
1545000 836.5
1550000 835.6
1555000 850.9
1560000 840.7
1565000 839.9
1570000 844.9
1575000 847.0
1580000 844.5
1585000 844.5
1590000 849.1
1595000 841.8
1600000 840.9
1605000 840.6
1610000 844.5
1615000 847.1
1620000 842.7
1625000 836.7
1630000 845.9
1635000 846.0
1640000 830.2
1645000 839.1
1650000 852.2
1655000 849.1
1660000 848.7
1665000 843.5
1670000 842.6
1675000 840.8
1680000 838.1
1685000 842.3
1690000 841.1
1695000 843.2
1700000 848.0
1705000 847.4
1710000 837.3
1715000 845.8
1720000 842.2
1725000 846.9
1730000 844.9
1735000 839.9
1740000 829.4
1745000 840.4
1750000 845.1
1755000 842.3
1760000 833.0
1765000 846.9
1770000 842.9
1775000 839.9
1780000 843.7
1785000 842.7
1790000 851.5
1795000 841.2
1800000 840.8
1805000 841.8
1810000 839.1
1815000 765.2
1820000 834.3
1825000 842.5
1830000 842.0
1835000 837.9
1840000 842.5
1845000 760.9
1850000 838.1
1855000 837.2
1860000 842.0
1865000 839.1
1870000 844.2
1875000 841.5
1880000 841.8
1885000 850.3
1890000 849.5
1895000 839.5
1900000 834.3
1905000 840.2
1910000 843.8
1915000 836.8
1920000 848.6
1925000 843.0
1930000 845.9
1935000 843.4
1940000 845.2
1945000 843.1
1950000 842.4
1955000 851.1
1960000 845.3
1965000 842.3
1970000 854.8
1975000 839.9
1980000 844.8
1985000 842.7
1990000 845.8
1995000 852.5
2000000 835.2
