5000 21.3
10000 27.6
15000 97.4
20000 105.5
25000 131.5
30000 257.6
35000 290.4
40000 330.0
45000 318.7
50000 474.5
55000 528.3
60000 497.5
65000 485.9
70000 581.8
75000 582.0
80000 561.1
85000 595.5
90000 625.8
95000 502.7
100000 565.5
105000 598.4
110000 635.3
115000 652.4
120000 652.0
125000 673.7
130000 666.1
135000 668.7
140000 640.1
145000 678.5
150000 626.6
155000 670.6
160000 690.7
165000 708.8
170000 728.0
175000 715.6
180000 734.7
185000 723.4
190000 729.8
195000 731.2
200000 728.8
205000 699.6
210000 729.6
215000 726.3
220000 711.2
225000 749.4
230000 753.7
235000 737.9
240000 727.6
245000 753.9
250000 737.4
255000 738.4
260000 746.1
265000 738.5
270000 742.1
275000 740.9
280000 752.5
285000 751.7
290000 755.3
295000 741.8
300000 763.8
305000 733.5
310000 740.7
315000 764.4
320000 761.1
325000 752.8
330000 771.8
335000 745.2
340000 757.8
345000 757.2
350000 723.5
355000 751.9
360000 769.1
365000 753.1
370000 761.7
375000 751.1
380000 756.7
385000 765.9
390000 764.8
395000 776.7
400000 761.9
405000 761.7
410000 770.8
415000 762.7
420000 766.7
425000 759.2
430000 763.0
435000 762.8
440000 754.6
445000 765.3
450000 774.9
455000 761.5
460000 752.0
465000 779.1
470000 771.8
475000 779.9
480000 768.8
485000 775.2
490000 755.0
495000 766.3
500000 768.1
505000 783.2
510000 780.8
515000 757.2
520000 761.8
525000 764.5
530000 780.8
535000 771.1
540000 776.1
545000 774.3
550000 770.6
555000 770.3
560000 775.5
565000 773.9
570000 769.2
575000 783.1
580000 769.5
585000 774.7
590000 788.0
595000 787.7
600000 776.3
605000 778.9
610000 762.4
615000 771.8
620000 781.9
625000 784.5
630000 777.4
635000 775.0
640000 781.3
645000 785.2
650000 771.3
655000 785.4
660000 771.8
665000 781.2
670000 785.1
675000 779.2
680000 771.2
685000 784.6
690000 785.8
695000 774.7
700000 773.6
705000 780.7
710000 772.1
715000 779.3
720000 782.3
725000 773.4
730000 773.8
735000 788.0
740000 790.3
745000 768.3
750000 783.4
755000 776.1
760000 781.6
765000 791.2
770000 781.6
775000 780.3
780000 767.5
785000 784.1
790000 781.8
795000 786.8
800000 784.2
805000 783.7
810000 781.8
815000 780.9
820000 788.9
825000 782.4
830000 782.2
835000 782.4
840000 786.9
845000 780.5
850000 773.1
855000 784.7
860000 789.3
865000 780.6
870000 783.4
875000 792.7
880000 786.8
885000 780.4
890000 781.8
895000 789.5
900000 779.8
905000 782.6
910000 785.8
915000 791.2
920000 781.0
925000 790.1
930000 782.5
935000 780.7
940000 786.0
945000 778.7
950000 791.2
955000 780.5
960000 780.0
965000 790.9
970000 785.0
975000 780.4
980000 777.6
985000 780.1
990000 787.4
995000 779.0
1000000 786.1
1005000 783.7
1010000 787.5
1015000 783.9
1020000 779.8
1025000 798.4
1030000 797.1
1035000 791.1
1040000 781.6
1045000 792.1
1050000 796.4
1055000 790.4
1060000 787.6
1065000 789.5
1070000 791.6
1075000 800.8
1080000 794.2
1085000 779.5
1090000 795.6
1095000 796.5
1100000 789.5
1105000 784.9
1110000 794.1
1115000 798.4
1120000 798.7
1125000 800.2
1130000 797.9
1135000 795.6
1140000 791.5
1145000 790.0
1150000 791.9
1155000 780.1
1160000 787.4
1165000 800.1
1170000 795.9
1175000 787.8
1180000 797.0
1185000 789.2
1190000 783.8
1195000 800.8
1200000 794.7
1205000 798.4
1210000 791.6
1215000 798.8
1220000 789.9
1225000 793.8
1230000 781.2
1235000 805.5
1240000 796.4
1245000 798.0
1250000 791.0
1255000 783.9
1260000 795.4
1265000 799.2
1270000 795.3
1275000 799.5
1280000 788.8
1285000 798.3
1290000 791.5
1295000 801.6
1300000 785.3
1305000 805.2
1310000 800.0
1315000 788.4
1320000 799.4
1325000 792.5
1330000 802.8
1335000 795.6
1340000 799.5
1345000 800.4
1350000 796.5
1355000 797.0
1360000 799.8
1365000 801.0
1370000 798.5
1375000 800.9
1380000 797.7
1385000 794.0
1390000 803.1
1395000 800.4
1400000 792.3
1405000 804.1
1410000 793.8
1415000 799.7
1420000 799.5
1425000 798.4
1430000 801.1
1435000 795.4
1440000 797.1
1445000 800.7
1450000 799.0
1455000 800.7
1460000 801.0
1465000 805.0
1470000 796.2
1475000 802.7
1480000 792.9
1485000 801.3
1490000 800.2
1495000 794.6
1500000 794.2
1505000 800.7
1510000 794.6
1515000 799.7
1520000 808.0
1525000 803.9
1530000 807.4
1535000 809.8
1540000 803.6
1545000 808.0
1550000 791.2
1555000 809.4
1560000 806.3
1565000 801.4
1570000 803.8
1575000 807.3
1580000 805.2
1585000 804.9
1590000 799.7
1595000 804.2
1600000 812.1
1605000 797.0
1610000 806.3
1615000 805.8
1620000 798.6
1625000 800.3
1630000 793.8
1635000 806.8
1640000 809.1
1645000 808.5
1650000 801.7
1655000 810.5
1660000 807.3
1665000 804.3
1670000 805.6
1675000 809.2
1680000 795.7
1685000 805.6
1690000 806.3
1695000 809.5
1700000 804.4
1705000 806.3
1710000 798.6
1715000 791.5
1720000 797.4
1725000 802.9
1730000 808.2
1735000 816.4
1740000 802.8
1745000 801.5
1750000 809.1
1755000 807.9
1760000 796.4
1765000 786.7
1770000 805.2
1775000 805.6
1780000 807.2
1785000 811.4
1790000 812.5
1795000 786.3
1800000 805.4
1805000 806.2
1810000 805.1
1815000 811.8
1820000 797.7
1825000 807.8
1830000 802.8
1835000 805.1
1840000 808.2
1845000 805.5
1850000 805.6
1855000 809.1
1860000 816.2
1865000 812.9
1870000 805.9
1875000 818.4
1880000 809.1
1885000 806.4
1890000 808.6
1895000 804.5
1900000 802.5
1905000 804.5
1910000 813.3
1915000 816.9
1920000 797.4
1925000 809.9
1930000 802.7
1935000 808.4
1940000 803.5
1945000 807.5
1950000 812.7
1955000 804.4
1960000 812.1
1965000 733.1
1970000 812.0
1975000 809.3
1980000 797.1
1985000 813.2
1990000 815.8
1995000 795.3
2000000 804.9
