5000 22.2
10000 23.7
15000 73.3
20000 98.2
25000 131.2
30000 184.5
35000 310.7
40000 368.2
45000 400.3
50000 442.5
55000 448.9
60000 477.4
65000 411.2
70000 602.6
75000 623.5
80000 568.5
85000 650.8
90000 645.7
95000 619.9
100000 625.8
105000 660.8
110000 309.9
115000 501.1
120000 678.9
125000 717.5
130000 695.1
135000 701.1
140000 698.5
145000 716.9
150000 729.4
155000 725.1
160000 725.7
165000 728.8
170000 729.0
175000 741.5
180000 703.2
185000 755.1
190000 684.7
195000 755.0
200000 765.8
205000 757.9
210000 761.9
215000 780.4
220000 778.5
225000 760.7
230000 758.9
235000 756.6
240000 785.3
245000 754.0
250000 779.9
255000 794.2
260000 784.9
265000 800.5
270000 789.1
275000 796.0
280000 782.4
285000 797.6
290000 787.0
295000 796.9
300000 727.2
305000 816.8
310000 818.0
315000 831.5
320000 809.2
325000 817.5
330000 820.3
335000 811.0
340000 830.5
345000 818.1
350000 809.4
355000 828.3
360000 825.5
365000 837.5
370000 838.9
375000 839.5
380000 850.7
385000 846.5
390000 846.8
395000 833.8
400000 840.4
405000 839.4
410000 859.8
415000 833.1
420000 819.9
425000 838.5
430000 832.1
435000 843.7
440000 833.3
445000 831.8
450000 847.1
455000 857.5
460000 846.9
465000 852.9
470000 853.2
475000 843.4
480000 848.2
485000 854.4
490000 851.6
495000 858.1
500000 469.1
505000 857.8
510000 853.3
515000 866.7
520000 842.4
525000 856.9
530000 860.0
535000 852.4
540000 840.3
545000 846.4
550000 853.4
555000 858.5
560000 849.7
565000 850.2
570000 854.7
575000 861.0
580000 862.0
585000 845.0
590000 859.9
595000 844.4
600000 868.0
605000 854.7
610000 862.5
615000 859.5
620000 859.4
625000 859.3
630000 871.9
635000 860.7
640000 860.8
645000 854.7
650000 858.0
655000 866.6
660000 856.9
665000 849.2
670000 873.6
675000 867.0
680000 855.1
685000 863.6
690000 866.7
695000 877.9
700000 863.0
705000 853.1
710000 857.2
715000 870.5
720000 868.0
725000 855.6
730000 849.1
735000 860.4
740000 872.6
745000 865.9
750000 863.5
755000 870.8
760000 709.4
765000 872.9
770000 853.8
775000 877.4
780000 868.0
785000 858.9
790000 881.9
795000 874.8
800000 869.1
805000 875.6
810000 871.7
815000 872.2
820000 873.8
825000 861.3
830000 873.7
835000 874.9
840000 869.1
845000 869.7
850000 872.0
855000 880.5
860000 872.5
865000 870.6
870000 878.8
875000 866.2
880000 876.3
885000 880.3
890000 882.4
895000 873.9
900000 870.1
905000 877.1
910000 870.5
915000 879.2
920000 861.9
925000 874.7
930000 875.6
935000 883.9
940000 867.5
945000 867.6
950000 864.4
955000 884.4
960000 873.0
965000 863.0
970000 869.6
975000 868.1
980000 877.1
985000 874.7
990000 875.7
995000 867.6
1000000 872.4
1005000 872.2
1010000 880.9
1015000 878.8
1020000 876.9
1025000 888.4
1030000 879.3
1035000 862.5
1040000 885.1
1045000 881.6
1050000 881.2
1055000 877.8
1060000 873.0
1065000 879.1
1070000 867.2
1075000 878.6
1080000 889.3
1085000 896.3
1090000 889.0
1095000 862.0
1100000 882.5
1105000 876.9
1110000 889.7
1115000 880.8
1120000 886.3
1125000 874.3
1130000 877.4
1135000 874.1
1140000 877.0
1145000 895.0
1150000 885.0
1155000 881.6
1160000 885.0
1165000 882.3
1170000 874.5
1175000 886.9
1180000 879.7
1185000 890.8
1190000 876.3
1195000 895.7
1200000 880.8
1205000 891.1
1210000 883.6
1215000 873.1
1220000 887.7
1225000 897.4
1230000 880.4
1235000 876.2
1240000 887.5
1245000 892.9
1250000 886.8
1255000 886.7
1260000 879.7
1265000 882.8
1270000 890.4
1275000 873.8
1280000 879.6
1285000 876.8
1290000 880.0
1295000 889.1
1300000 874.6
1305000 876.5
1310000 886.9
1315000 895.8
1320000 887.9
1325000 880.7
1330000 878.6
1335000 890.5
1340000 886.0
1345000 891.2
1350000 889.0
1355000 895.1
1360000 881.9
1365000 889.7
1370000 885.8
1375000 885.9
1380000 888.9
1385000 898.3
1390000 873.7
1395000 887.8
1400000 893.3
1405000 895.1
1410000 887.7
1415000 894.4
1420000 897.2
1425000 891.3
1430000 903.8
1435000 889.5
1440000 884.7
1445000 896.2
1450000 883.5
1455000 809.3
1460000 886.6
1465000 891.6
1470000 896.0
1475000 909.3
1480000 897.5
1485000 892.3
1490000 893.8
1495000 904.8
1500000 893.1
1505000 891.1
1510000 903.5
1515000 888.6
1520000 884.6
1525000 880.2
1530000 907.5
1535000 879.8
1540000 899.5
1545000 899.6
1550000 893.0
1555000 892.7
1560000 894.6
1565000 899.6
1570000 896.5
1575000 887.2
1580000 876.6
1585000 904.0
1590000 893.2
1595000 892.6
1600000 904.4
1605000 894.6
1610000 903.7
1615000 900.6
1620000 886.1
1625000 880.2
1630000 890.9
1635000 894.7
1640000 898.7
1645000 877.0
1650000 898.4
1655000 890.9
1660000 902.9
1665000 893.5
1670000 884.7
1675000 896.4
1680000 891.1
1685000 897.8
1690000 897.7
1695000 894.2
1700000 898.1
1705000 877.9
1710000 893.9
1715000 906.9
1720000 896.5
1725000 897.8
1730000 891.1
1735000 901.8
1740000 894.7
1745000 895.5
1750000 902.6
1755000 893.4
1760000 893.7
1765000 902.8
1770000 883.1
1775000 892.9
1780000 896.5
1785000 900.2
1790000 914.9
1795000 897.2
1800000 887.3
1805000 903.6
1810000 898.9
1815000 906.5
1820000 890.3
1825000 895.8
1830000 885.3
1835000 883.2
1840000 898.7
1845000 903.0
1850000 902.5
1855000 898.9
1860000 891.0
1865000 894.3
1870000 889.5
1875000 892.7
1880000 885.4
1885000 900.8
1890000 902.9
1895000 884.3
1900000 880.3
1905000 892.0
1910000 891.6
1915000 881.2
1920000 886.0
1925000 886.7
1930000 889.3
1935000 900.9
1940000 884.4
1945000 896.9
1950000 893.5
1955000 906.3
1960000 894.3
1965000 910.8
1970000 885.2
1975000 891.7
1980000 887.6
1985000 884.2
1990000 894.2
1995000 897.7
2000000 885.2
