5000 16.4
10000 20.2
15000 56.9
20000 93.3
25000 98.6
30000 137.3
35000 165.8
40000 222.5
45000 314.6
50000 64.2
55000 398.1
60000 461.2
65000 537.0
70000 351.2
75000 581.5
80000 628.0
85000 510.3
90000 630.0
95000 653.0
100000 636.6
105000 623.1
110000 546.8
115000 11.8
120000 711.5
125000 707.3
130000 697.0
135000 721.8
140000 709.8
145000 722.6
150000 509.8
155000 736.9
160000 734.4
165000 734.2
170000 741.3
175000 733.2
180000 746.3
185000 753.6
190000 742.0
195000 513.2
200000 767.7
205000 761.7
210000 748.8
215000 768.3
220000 764.9
225000 768.7
230000 749.6
235000 766.6
240000 760.1
245000 774.7
250000 612.3
255000 761.2
260000 767.2
265000 779.0
270000 769.8
275000 780.9
280000 781.6
285000 777.5
290000 700.7
295000 756.5
300000 767.2
305000 774.8
310000 626.6
315000 43.9
320000 772.5
325000 787.7
330000 782.5
335000 767.1
340000 785.1
345000 784.6
350000 795.2
355000 798.5
360000 802.0
365000 802.9
370000 801.0
375000 788.9
380000 807.0
385000 808.0
390000 791.9
395000 784.6
400000 802.0
405000 802.7
410000 796.8
415000 798.5
420000 806.6
425000 806.0
430000 818.1
435000 812.4
440000 808.0
445000 804.4
450000 805.6
455000 805.0
460000 810.6
465000 803.6
470000 805.1
475000 804.6
480000 815.7
485000 818.2
490000 37.4
495000 820.0
500000 808.9
505000 806.7
510000 823.4
515000 812.7
520000 828.6
525000 822.0
530000 826.4
535000 818.1
540000 818.3
545000 810.4
550000 828.3
555000 832.1
560000 825.6
565000 808.5
570000 830.8
575000 815.9
580000 739.7
585000 827.1
590000 821.4
595000 827.5
600000 832.9
605000 847.0
610000 829.3
615000 827.1
620000 835.5
625000 833.7
630000 840.6
635000 826.3
640000 838.9
645000 818.8
650000 837.7
655000 832.4
660000 839.7
665000 842.1
670000 834.7
675000 840.9
680000 826.0
685000 839.0
690000 841.9
695000 839.2
700000 840.0
705000 835.7
710000 840.1
715000 843.6
720000 845.8
725000 839.1
730000 841.1
735000 833.8
740000 834.9
745000 837.0
750000 832.1
755000 835.6
760000 839.8
765000 837.6
770000 844.9
775000 835.3
780000 844.3
785000 842.3
790000 760.1
795000 833.8
800000 841.4
805000 847.4
810000 845.6
815000 849.6
820000 846.4
825000 845.6
830000 854.9
835000 843.1
840000 836.4
845000 852.2
850000 844.4
855000 839.3
860000 845.4
865000 843.0
870000 850.3
875000 766.4
880000 847.7
885000 838.1
890000 846.0
895000 839.0
900000 849.2
905000 855.4
910000 845.3
915000 845.3
920000 857.4
925000 840.0
930000 871.8
935000 847.9
940000 831.7
945000 854.6
950000 856.8
955000 853.7
960000 862.4
965000 858.5
970000 856.8
975000 862.4
980000 851.8
985000 858.7
990000 851.9
995000 858.0
1000000 857.9
1005000 856.1
1010000 852.6
1015000 863.9
1020000 858.0
1025000 858.5
1030000 861.5
1035000 866.5
1040000 869.5
1045000 848.2
1050000 864.3
1055000 857.0
1060000 845.9
1065000 866.4
1070000 868.4
1075000 868.9
1080000 872.5
1085000 866.1
1090000 870.1
1095000 870.8
1100000 877.3
1105000 884.4
1110000 872.8
1115000 878.3
1120000 871.7
1125000 866.2
1130000 871.9
1135000 879.7
1140000 875.2
1145000 869.6
1150000 863.1
1155000 877.6
1160000 870.1
1165000 817.2
1170000 854.6
1175000 879.1
1180000 875.3
1185000 878.1
1190000 874.0
1195000 875.6
1200000 869.1
1205000 874.8
1210000 882.4
1215000 882.0
1220000 885.5
1225000 876.0
1230000 877.6
1235000 882.0
1240000 877.9
1245000 883.2
1250000 869.5
1255000 878.6
1260000 875.7
1265000 884.0
1270000 877.1
1275000 869.1
1280000 882.0
1285000 875.2
1290000 884.3
1295000 872.9
1300000 883.5
1305000 868.5
1310000 876.0
1315000 878.5
1320000 879.0
1325000 876.1
1330000 873.1
1335000 879.3
1340000 873.2
1345000 876.4
1350000 879.7
1355000 882.7
1360000 887.0
1365000 877.8
1370000 873.7
1375000 882.5
1380000 892.9
1385000 874.4
1390000 887.3
1395000 886.2
1400000 881.2
1405000 869.3
1410000 878.0
1415000 872.1
1420000 895.7
1425000 881.6
1430000 895.0
1435000 875.1
1440000 877.3
1445000 891.7
1450000 887.5
1455000 884.6
1460000 882.1
1465000 878.6
1470000 876.3
1475000 885.2
1480000 874.5
1485000 890.1
1490000 890.6
1495000 896.1
1500000 878.8
1505000 875.0
1510000 884.3
1515000 889.8
1520000 885.6
1525000 886.4
1530000 885.2
1535000 888.4
1540000 887.8
1545000 884.2
1550000 897.2
1555000 880.3
1560000 891.4
1565000 891.0
1570000 882.0
1575000 896.5
1580000 890.3
1585000 895.6
1590000 880.6
1595000 879.5
1600000 889.1
1605000 881.2
1610000 878.1
1615000 887.7
1620000 882.2
1625000 896.8
1630000 883.6
1635000 893.5
1640000 895.6
1645000 895.8
1650000 884.6
1655000 876.4
1660000 887.7
1665000 878.5
1670000 887.2
1675000 889.5
1680000 890.0
1685000 878.1
1690000 878.5
1695000 884.7
1700000 882.8
1705000 891.1
1710000 898.4
1715000 894.3
1720000 898.1
1725000 877.9
1730000 892.4
1735000 887.6
1740000 896.5
1745000 881.6
1750000 883.6
1755000 883.1
1760000 894.2
1765000 897.5
1770000 893.1
1775000 886.0
1780000 866.8
1785000 896.3
1790000 890.5
1795000 893.2
1800000 896.8
1805000 889.3
1810000 903.5
1815000 890.1
1820000 892.4
1825000 905.1
1830000 812.1
1835000 806.1
1840000 892.2
1845000 892.9
1850000 879.5
1855000 882.1
1860000 852.6
1865000 895.8
1870000 897.5
1875000 896.2
1880000 807.4
1885000 886.4
1890000 888.4
1895000 895.9
1900000 883.4
1905000 884.1
1910000 869.6
1915000 886.8
1920000 901.1
1925000 887.4
1930000 904.8
1935000 899.6
1940000 902.2
1945000 892.0
1950000 894.0
1955000 888.8
1960000 890.0
1965000 886.3
1970000 890.7
1975000 900.4
1980000 897.6
1985000 893.0
1990000 887.6
1995000 895.3
2000000 889.3
