5000 26.8
10000 23.6
15000 93.7
20000 125.1
25000 179.6
30000 236.0
35000 376.1
40000 365.7
45000 430.5
50000 502.5
55000 482.7
60000 180.5
65000 372.9
70000 406.8
75000 552.1
80000 614.5
85000 569.7
90000 676.6
95000 643.3
100000 590.2
105000 692.5
110000 622.2
115000 698.0
120000 661.3
125000 720.5
130000 732.9
135000 736.8
140000 655.2
145000 727.9
150000 740.9
155000 750.3
160000 735.0
165000 739.1
170000 728.5
175000 750.1
180000 523.5
185000 750.7
190000 761.8
195000 315.8
200000 692.3
205000 753.8
210000 781.9
215000 787.0
220000 764.3
225000 772.8
230000 792.3
235000 773.5
240000 778.0
245000 700.9
250000 796.5
255000 635.9
260000 799.6
265000 181.0
270000 816.4
275000 806.3
280000 807.0
285000 796.2
290000 793.6
295000 796.2
300000 794.0
305000 802.8
310000 786.9
315000 788.5
320000 814.4
325000 808.2
330000 815.0
335000 796.1
340000 811.7
345000 737.9
350000 826.0
355000 809.9
360000 806.7
365000 824.5
370000 825.2
375000 815.5
380000 818.1
385000 810.8
390000 817.0
395000 811.9
400000 808.9
405000 810.1
410000 657.0
415000 802.6
420000 825.6
425000 823.0
430000 817.4
435000 810.6
440000 812.7
445000 820.5
450000 839.7
455000 835.6
460000 827.6
465000 802.8
470000 759.3
475000 835.7
480000 763.4
485000 837.5
490000 845.9
495000 843.5
500000 841.8
505000 835.3
510000 822.5
515000 834.1
520000 844.3
525000 844.0
530000 833.2
535000 830.3
540000 850.0
545000 843.8
550000 854.9
555000 835.3
560000 856.4
565000 851.0
570000 847.7
575000 853.6
580000 844.4
585000 848.5
590000 838.4
595000 839.3
600000 857.7
605000 852.7
610000 865.4
615000 848.7
620000 838.8
625000 856.9
630000 864.1
635000 849.0
640000 844.4
645000 858.2
650000 842.4
655000 845.3
660000 854.0
665000 846.5
670000 858.3
675000 854.9
680000 863.4
685000 848.2
690000 858.1
695000 842.1
700000 869.0
705000 864.2
710000 873.9
715000 851.0
720000 851.8
725000 852.5
730000 862.0
735000 869.5
740000 862.8
745000 851.6
750000 861.8
755000 867.5
760000 854.5
765000 858.3
770000 862.1
775000 866.1
780000 855.7
785000 857.5
790000 862.7
795000 863.9
800000 860.2
805000 876.7
810000 860.3
815000 861.7
820000 864.5
825000 871.4
830000 864.0
835000 858.1
840000 853.1
845000 869.8
850000 857.1
855000 869.6
860000 779.3
865000 861.1
870000 866.3
875000 862.3
880000 855.7
885000 866.5
890000 884.9
895000 864.7
900000 868.0
905000 859.7
910000 861.7
915000 868.5
920000 863.2
925000 869.6
930000 858.1
935000 879.1
940000 873.3
945000 871.1
950000 866.9
955000 863.0
960000 870.6
965000 868.8
970000 874.2
975000 872.8
980000 873.3
985000 880.6
990000 874.3
995000 873.7
1000000 875.7
1005000 866.1
1010000 865.0
1015000 876.6
1020000 864.3
1025000 866.4
1030000 862.2
1035000 884.6
1040000 874.1
1045000 871.7
1050000 867.6
1055000 876.9
1060000 879.4
1065000 879.9
1070000 862.3
1075000 882.3
1080000 877.4
1085000 880.4
1090000 873.8
1095000 891.9
1100000 882.2
1105000 885.1
1110000 873.3
1115000 877.3
1120000 868.7
1125000 869.5
1130000 873.8
1135000 874.3
1140000 872.8
1145000 874.4
1150000 876.3
1155000 869.2
1160000 882.2
1165000 873.5
1170000 877.6
1175000 864.4
1180000 875.0
1185000 872.6
1190000 873.3
1195000 873.7
1200000 882.1
1205000 880.8
1210000 885.8
1215000 861.5
1220000 884.2
1225000 876.1
1230000 885.9
1235000 881.6
1240000 881.7
1245000 877.7
1250000 885.5
1255000 872.7
1260000 890.7
1265000 883.9
1270000 891.2
1275000 888.0
1280000 890.0
1285000 892.7
1290000 889.4
1295000 885.7
1300000 885.3
1305000 874.5
1310000 891.4
1315000 890.6
1320000 889.9
1325000 882.2
1330000 893.1
1335000 877.7
1340000 891.2
1345000 882.9
1350000 889.5
1355000 891.5
1360000 884.2
1365000 878.8
1370000 891.5
1375000 894.6
1380000 886.3
1385000 896.0
1390000 898.4
1395000 890.9
1400000 882.7
1405000 889.8
1410000 898.3
1415000 791.0
1420000 887.8
1425000 891.1
1430000 884.3
1435000 891.0
1440000 884.8
1445000 885.9
1450000 899.1
1455000 892.1
1460000 890.3
1465000 818.6
1470000 886.2
1475000 889.9
1480000 895.2
1485000 808.5
1490000 890.8
1495000 891.5
1500000 890.7
1505000 892.5
1510000 895.5
1515000 890.9
1520000 812.3
1525000 884.5
1530000 886.6
1535000 879.3
1540000 887.1
1545000 811.7
1550000 891.5
1555000 904.5
1560000 891.0
1565000 884.6
1570000 894.7
1575000 891.3
1580000 892.3
1585000 896.3
1590000 898.4
1595000 904.5
1600000 894.2
1605000 891.6
1610000 881.2
1615000 905.6
1620000 773.4
1625000 864.6
1630000 880.9
1635000 899.1
1640000 891.1
1645000 906.1
1650000 885.5
1655000 901.5
1660000 903.7
1665000 905.4
1670000 900.3
1675000 894.3
1680000 898.5
1685000 913.9
1690000 900.0
1695000 897.5
1700000 902.3
1705000 886.7
1710000 896.8
1715000 894.9
1720000 897.4
1725000 889.3
1730000 893.7
1735000 905.4
1740000 890.7
1745000 891.7
1750000 895.2
1755000 890.3
1760000 905.1
1765000 899.1
1770000 902.8
1775000 884.7
1780000 816.9
1785000 529.5
1790000 842.3
1795000 879.3
1800000 891.1
1805000 896.2
1810000 888.1
1815000 895.7
1820000 890.7
1825000 899.6
1830000 896.1
1835000 903.9
1840000 895.4
1845000 900.5
1850000 888.9
1855000 886.1
1860000 900.6
1865000 903.5
1870000 901.8
1875000 895.3
1880000 902.6
1885000 903.5
1890000 886.3
1895000 903.1
1900000 905.7
1905000 907.1
1910000 893.7
1915000 892.4
1920000 803.8
1925000 902.9
1930000 899.3
1935000 903.5
1940000 893.4
1945000 902.8
1950000 899.5
1955000 903.6
1960000 898.5
1965000 897.8
1970000 901.6
1975000 901.9
1980000 898.3
1985000 806.1
1990000 903.4
1995000 895.4
2000000 908.3
