5000 24.8
10000 21.3
15000 72.9
20000 100.5
25000 120.9
30000 136.7
35000 179.1
40000 274.9
45000 283.2
50000 365.8
55000 391.3
60000 457.9
65000 499.8
70000 514.1
75000 572.3
80000 536.6
85000 616.4
90000 565.1
95000 616.4
100000 639.5
105000 571.1
110000 637.4
115000 635.8
120000 649.2
125000 681.2
130000 658.7
135000 607.6
140000 623.0
145000 674.4
150000 681.9
155000 718.1
160000 717.4
165000 721.3
170000 722.8
175000 718.7
180000 718.4
185000 660.1
190000 605.2
195000 543.6
200000 131.0
205000 730.4
210000 737.7
215000 742.5
220000 730.7
225000 753.7
230000 740.3
235000 748.1
240000 749.3
245000 764.2
250000 462.7
255000 582.0
260000 159.4
265000 762.7
270000 775.3
275000 68.1
280000 763.7
285000 773.8
290000 783.5
295000 769.4
300000 773.8
305000 756.9
310000 765.0
315000 772.3
320000 764.3
325000 768.2
330000 768.8
335000 706.2
340000 480.1
345000 765.8
350000 782.4
355000 783.4
360000 779.7
365000 773.6
370000 772.6
375000 712.0
380000 777.9
385000 780.0
390000 775.2
395000 782.0
400000 783.1
405000 786.8
410000 795.0
415000 786.2
420000 797.1
425000 779.1
430000 773.2
435000 768.7
440000 784.1
445000 724.3
450000 780.1
455000 797.2
460000 793.2
465000 717.0
470000 785.9
475000 787.5
480000 785.8
485000 790.2
490000 711.9
495000 713.2
500000 782.0
505000 802.3
510000 715.9
515000 786.1
520000 804.5
525000 794.8
530000 783.3
535000 796.7
540000 730.3
545000 797.9
550000 791.0
555000 812.4
560000 799.3
565000 796.7
570000 796.2
575000 803.2
580000 773.3
585000 806.1
590000 804.8
595000 801.0
600000 794.5
605000 815.4
610000 796.8
615000 805.5
620000 796.7
625000 809.1
630000 800.6
635000 810.3
640000 796.0
645000 756.5
650000 788.9
655000 799.3
660000 818.1
665000 809.8
670000 804.9
675000 814.8
680000 804.8
685000 813.4
690000 805.5
695000 797.0
700000 798.7
705000 809.5
710000 807.0
715000 800.1
720000 803.1
725000 804.3
730000 803.4
735000 801.3
740000 798.7
745000 824.7
750000 737.9
755000 800.9
760000 810.8
765000 807.7
770000 810.9
775000 817.0
780000 795.7
785000 806.9
790000 806.2
795000 806.5
800000 809.2
805000 808.8
810000 809.9
815000 812.4
820000 814.8
825000 817.5
830000 810.2
835000 819.4
840000 805.3
845000 816.9
850000 822.9
855000 734.2
860000 811.4
865000 827.7
870000 817.1
875000 824.8
880000 817.5
885000 820.1
890000 824.9
895000 814.6
900000 815.0
905000 826.7
910000 815.2
915000 813.5
920000 825.9
925000 804.8
930000 820.8
935000 823.7
940000 816.5
945000 818.3
950000 826.7
955000 818.0
960000 827.3
965000 823.0
970000 829.6
975000 817.0
980000 826.1
985000 817.4
990000 824.9
995000 823.0
1000000 823.0
1005000 828.5
1010000 827.0
1015000 822.1
1020000 837.8
1025000 838.8
1030000 830.0
1035000 824.1
1040000 831.0
1045000 838.9
1050000 826.3
1055000 823.1
1060000 745.5
1065000 826.6
1070000 827.4
1075000 830.9
1080000 817.6
1085000 832.8
1090000 846.3
1095000 837.2
1100000 844.3
1105000 852.3
1110000 832.9
1115000 854.0
1120000 842.6
1125000 848.2
1130000 841.6
1135000 845.6
1140000 852.7
1145000 855.8
1150000 851.6
1155000 841.7
1160000 836.2
1165000 844.0
1170000 842.3
1175000 846.9
1180000 848.8
1185000 857.8
1190000 838.7
1195000 763.5
1200000 849.6
1205000 846.0
1210000 855.0
1215000 767.5
1220000 867.7
1225000 851.9
1230000 861.2
1235000 850.9
1240000 850.6
1245000 865.2
1250000 871.9
1255000 852.4
1260000 856.5
1265000 850.9
1270000 871.5
1275000 860.8
1280000 848.5
1285000 853.5
1290000 864.9
1295000 860.8
1300000 835.7
1305000 865.8
1310000 860.3
1315000 862.5
1320000 854.9
1325000 854.7
1330000 861.5
1335000 859.4
1340000 866.5
1345000 854.4
1350000 863.9
1355000 861.3
1360000 870.8
1365000 868.0
1370000 869.8
1375000 453.9
1380000 849.3
1385000 852.3
1390000 849.4
1395000 864.1
1400000 844.4
1405000 858.2
1410000 863.7
1415000 866.6
1420000 863.6
1425000 850.7
1430000 867.0
1435000 856.4
1440000 877.4
1445000 869.3
1450000 868.0
1455000 870.1
1460000 870.7
1465000 850.8
1470000 866.1
1475000 862.4
1480000 864.7
1485000 853.1
1490000 855.0
1495000 866.5
1500000 853.9
1505000 854.6
1510000 860.9
1515000 866.5
1520000 816.0
1525000 868.8
1530000 861.8
1535000 808.2
1540000 861.1
1545000 848.8
1550000 862.8
1555000 869.1
1560000 867.3
1565000 845.6
1570000 857.1
1575000 872.8
1580000 863.9
1585000 866.8
1590000 866.9
1595000 875.5
1600000 860.7
1605000 865.0
1610000 867.2
1615000 865.3
1620000 861.8
1625000 860.8
1630000 862.0
1635000 861.5
1640000 866.7
1645000 846.3
1650000 855.1
1655000 872.6
1660000 886.2
1665000 789.7
1670000 873.7
1675000 873.1
1680000 877.6
1685000 864.5
1690000 872.7
1695000 870.5
1700000 870.7
1705000 874.6
1710000 875.6
1715000 876.9
1720000 861.3
1725000 875.2
1730000 871.9
1735000 873.3
1740000 865.3
1745000 869.0
1750000 860.0
1755000 863.3
1760000 869.6
1765000 876.6
1770000 881.9
1775000 859.2
1780000 845.7
1785000 865.9
1790000 877.0
1795000 863.5
1800000 867.6
1805000 785.2
1810000 857.0
1815000 871.6
1820000 784.6
1825000 869.7
1830000 882.8
1835000 875.7
1840000 868.8
1845000 867.2
1850000 874.8
1855000 865.0
1860000 870.7
1865000 870.3
1870000 879.6
1875000 888.6
1880000 878.7
1885000 874.7
1890000 859.4
1895000 867.9
1900000 882.0
1905000 871.9
1910000 879.3
1915000 871.0
1920000 872.0
1925000 877.6
1930000 883.0
1935000 871.0
1940000 785.8
1945000 871.8
1950000 873.4
1955000 878.5
1960000 867.0
1965000 877.3
1970000 862.1
1975000 877.1
1980000 879.4
1985000 862.0
1990000 878.7
1995000 869.8
2000000 877.4
