5000 0.3
10000 1.3
15000 0.4
20000 0.3
25000 9.6
30000 1.4
35000 1.4
40000 0.4
45000 2.4
50000 2.2
55000 7.8
60000 22.5
65000 0.0
70000 9.0
75000 7.3
80000 1.2
85000 3.1
90000 14.1
95000 7.9
100000 1.4
105000 0.5
110000 0.1
115000 1.9
120000 0.3
125000 24.8
130000 3.0
135000 3.6
140000 4.8
145000 19.4
150000 9.2
155000 0.3
160000 19.2
165000 1.2
170000 1.5
175000 5.2
180000 4.0
185000 0.6
190000 8.8
195000 1.7
200000 7.1
205000 4.8
210000 4.5
215000 3.8
220000 12.9
225000 2.5
230000 10.9
235000 2.1
240000 0.1
245000 7.6
250000 5.3
255000 0.0
260000 2.2
265000 7.1
270000 4.5
275000 1.7
280000 4.3
285000 10.6
290000 0.2
295000 3.5
300000 0.8
305000 4.9
310000 5.2
315000 0.1
320000 3.5
325000 0.4
330000 4.9
335000 0.5
340000 3.5
345000 4.2
350000 1.6
355000 0.0
360000 7.5
365000 3.8
370000 7.8
375000 8.7
380000 10.5
385000 0.3
390000 2.6
395000 0.7
400000 2.7
405000 1.9
410000 0.0
415000 3.6
420000 0.4
425000 0.0
430000 1.2
435000 15.7
440000 6.8
445000 0.9
450000 4.1
455000 4.0
460000 0.1
465000 6.3
470000 0.7
475000 6.5
480000 3.5
485000 7.1
490000 0.7
495000 4.1
500000 11.9
505000 13.8
510000 3.0
515000 18.5
520000 0.0
525000 6.0
530000 6.2
535000 3.9
540000 8.8
545000 0.9
550000 6.7
555000 0.2
560000 0.0
565000 16.6
570000 7.1
575000 2.8
580000 28.1
585000 3.3
590000 3.8
595000 3.5
600000 1.2
605000 0.7
610000 0.4
615000 16.4
620000 10.5
625000 17.0
630000 3.2
635000 0.3
640000 5.8
645000 1.4
650000 14.0
655000 0.1
660000 3.1
665000 0.9
670000 4.1
675000 6.1
680000 0.0
685000 0.0
690000 3.5
695000 15.6
700000 6.7
705000 6.5
710000 11.1
715000 12.9
720000 6.6
725000 10.3
730000 0.0
735000 1.2
740000 8.8
745000 0.0
750000 6.6
755000 3.8
760000 0.3
765000 0.1
770000 2.3
775000 2.3
780000 2.0
785000 0.7
790000 6.5
795000 1.5
800000 7.8
805000 6.3
810000 2.0
815000 7.8
820000 12.1
825000 4.6
830000 3.3
835000 0.0
840000 5.1
845000 0.6
850000 0.5
855000 0.1
860000 0.1
865000 7.4
870000 10.6
875000 1.2
880000 0.4
885000 0.3
890000 1.0
895000 1.7
900000 18.1
905000 0.9
910000 2.3
915000 9.2
920000 18.2
925000 0.1
930000 0.4
935000 3.8
940000 0.7
945000 6.9
950000 2.2
955000 0.6
960000 5.8
965000 2.0
970000 5.3
975000 2.8
980000 9.9
985000 1.6
990000 0.1
995000 9.0
1000000 15.1
1005000 2.4
1010000 1.3
1015000 5.4
1020000 0.5
1025000 1.2
1030000 9.9
1035000 0.0
1040000 0.0
1045000 12.6
1050000 13.2
1055000 5.4
1060000 1.4
1065000 0.9
1070000 0.8
1075000 6.1
1080000 4.2
1085000 5.1
1090000 5.6
1095000 11.7
1100000 0.8
1105000 1.1
1110000 1.4
1115000 6.9
1120000 0.8
1125000 0.9
1130000 8.4
1135000 5.7
1140000 7.3
1145000 5.1
1150000 11.9
1155000 0.4
1160000 0.5
1165000 7.7
1170000 2.4
1175000 11.7
1180000 6.5
1185000 7.1
1190000 1.0
1195000 0.8
1200000 4.4
1205000 0.1
1210000 1.7
1215000 1.0
1220000 0.7
1225000 25.0
1230000 0.7
1235000 6.7
1240000 6.4
1245000 6.8
1250000 0.6
1255000 2.4
1260000 1.1
1265000 29.1
1270000 10.3
1275000 0.1
1280000 13.9
1285000 3.0
1290000 0.8
1295000 3.9
1300000 1.5
1305000 4.4
1310000 0.1
1315000 3.9
1320000 0.6
1325000 11.1
1330000 23.9
1335000 3.5
1340000 10.2
1345000 12.3
1350000 0.1
1355000 1.2
1360000 8.1
1365000 0.9
1370000 1.0
1375000 3.3
1380000 0.5
1385000 10.5
1390000 0.0
1395000 0.2
1400000 14.1
1405000 2.3
1410000 0.9
1415000 2.4
1420000 2.3
1425000 0.2
1430000 1.5
1435000 2.7
1440000 0.7
1445000 0.3
1450000 1.7
1455000 1.3
1460000 0.5
1465000 1.6
1470000 8.2
1475000 7.4
1480000 1.1
1485000 3.2
1490000 0.3
1495000 4.0
1500000 14.5
1505000 3.1
1510000 3.7
1515000 12.3
1520000 16.1
1525000 0.9
1530000 3.6
1535000 6.5
1540000 12.5
1545000 7.8
1550000 1.2
1555000 0.3
1560000 0.4
1565000 1.5
1570000 0.2
1575000 0.0
1580000 8.0
1585000 11.2
1590000 7.3
1595000 9.1
1600000 5.4
1605000 0.1
1610000 0.1
1615000 2.5
1620000 2.0
1625000 8.3
1630000 0.8
1635000 6.8
1640000 4.4
1645000 1.9
1650000 1.0
1655000 6.7
1660000 15.7
1665000 0.0
1670000 11.1
1675000 2.1
1680000 0.9
1685000 0.1
1690000 0.2
1695000 0.4
1700000 5.8
1705000 0.3
1710000 10.7
1715000 2.5
1720000 12.2
1725000 0.1
1730000 1.4
1735000 4.9
1740000 0.2
1745000 14.9
1750000 1.6
1755000 2.4
1760000 2.3
1765000 0.3
1770000 3.4
1775000 3.4
1780000 0.1
1785000 7.0
1790000 17.4
1795000 3.3
1800000 9.4
1805000 1.1
1810000 0.2
1815000 0.1
1820000 0.5
1825000 2.3
1830000 0.1
1835000 5.8
1840000 29.1
1845000 17.4
1850000 1.0
1855000 21.7
1860000 3.3
1865000 12.2
1870000 4.4
1875000 6.8
1880000 0.0
1885000 2.9
1890000 0.7
1895000 0.4
1900000 2.5
1905000 1.8
1910000 17.4
1915000 6.7
1920000 3.6
1925000 4.2
1930000 1.0
1935000 0.1
1940000 7.8
1945000 3.9
1950000 4.7
1955000 0.0
1960000 2.6
1965000 9.6
1970000 3.7
1975000 2.0
1980000 2.4
1985000 11.5
1990000 1.3
1995000 0.1
2000000 1.8
