5000 0.8
10000 4.2
15000 9.1
20000 2.5
25000 5.5
30000 4.5
35000 3.9
40000 29.0
45000 2.8
50000 9.4
55000 14.1
60000 29.5
65000 5.1
70000 21.1
75000 22.0
80000 23.3
85000 26.5
90000 19.8
95000 4.6
100000 10.5
105000 16.9
110000 15.5
115000 13.4
120000 29.9
125000 22.3
130000 29.6
135000 17.1
140000 0.0
145000 26.1
150000 0.6
155000 10.1
160000 18.5
165000 9.4
170000 5.2
175000 12.6
180000 12.1
185000 22.9
190000 8.7
195000 9.2
200000 7.2
205000 12.2
210000 6.2
215000 0.0
220000 0.0
225000 2.0
230000 12.4
235000 38.9
240000 13.5
245000 13.8
250000 1.6
255000 21.0
260000 28.9
265000 6.0
270000 11.8
275000 2.8
280000 9.2
285000 3.3
290000 1.5
295000 2.3
300000 6.0
305000 7.1
310000 0.9
315000 0.3
320000 3.8
325000 3.1
330000 26.3
335000 0.2
340000 20.0
345000 14.6
350000 1.2
355000 0.9
360000 2.1
365000 47.9
370000 2.8
375000 1.3
380000 4.9
385000 0.8
390000 2.7
395000 3.8
400000 1.7
405000 1.8
410000 0.7
415000 0.1
420000 2.7
425000 3.7
430000 4.6
435000 1.4
440000 6.1
445000 21.5
450000 15.3
455000 3.6
460000 20.7
465000 27.9
470000 9.6
475000 19.1
480000 6.8
485000 0.1
490000 10.4
495000 0.6
500000 4.0
505000 1.2
510000 6.8
515000 6.2
520000 6.3
525000 9.4
530000 21.7
535000 0.9
540000 19.7
545000 39.9
550000 1.7
555000 20.2
560000 1.8
565000 2.8
570000 1.4
575000 0.0
580000 0.6
585000 9.3
590000 4.5
595000 1.6
600000 1.5
605000 3.4
610000 0.4
615000 2.1
620000 1.8
625000 6.7
630000 1.4
635000 4.9
640000 0.3
645000 0.5
650000 3.1
655000 9.9
660000 0.3
665000 37.7
670000 3.5
675000 1.8
680000 4.8
685000 12.4
690000 1.9
695000 15.3
700000 16.2
705000 0.5
710000 0.5
715000 0.1
720000 37.4
725000 14.1
730000 0.3
735000 9.8
740000 0.8
745000 1.7
750000 3.2
755000 28.6
760000 13.8
765000 1.7
770000 36.1
775000 1.8
780000 20.6
785000 2.4
790000 0.0
795000 0.8
800000 0.2
805000 3.8
810000 0.7
815000 3.3
820000 2.1
825000 13.0
830000 34.9
835000 28.1
840000 24.9
845000 16.0
850000 8.0
855000 34.9
860000 13.1
865000 0.4
870000 39.7
875000 12.7
880000 2.8
885000 26.9
890000 0.6
895000 1.3
900000 5.8
905000 33.1
910000 13.3
915000 10.3
920000 5.1
925000 6.9
930000 2.2
935000 1.6
940000 5.3
945000 0.5
950000 1.1
955000 14.3
960000 25.2
965000 5.2
970000 8.7
975000 22.0
980000 2.1
985000 0.1
990000 6.6
995000 7.8
1000000 1.4
1005000 7.8
1010000 10.2
1015000 0.1
1020000 3.7
1025000 47.6
1030000 22.1
1035000 8.7
1040000 28.2
1045000 2.9
1050000 21.2
1055000 14.5
1060000 22.5
1065000 13.2
1070000 32.2
1075000 0.0
1080000 7.0
1085000 34.4
1090000 38.2
1095000 0.1
1100000 18.1
1105000 7.0
1110000 20.0
1115000 0.2
1120000 4.6
1125000 6.3
1130000 2.1
1135000 7.9
1140000 6.6
1145000 1.2
1150000 15.1
1155000 3.5
1160000 1.2
1165000 0.0
1170000 16.5
1175000 0.0
1180000 3.5
1185000 0.1
1190000 7.9
1195000 0.5
1200000 2.0
1205000 5.4
1210000 3.6
1215000 2.9
1220000 17.0
1225000 7.0
1230000 7.5
1235000 2.1
1240000 1.8
1245000 3.2
1250000 0.5
1255000 3.3
1260000 5.0
1265000 10.9
1270000 0.5
1275000 0.1
1280000 0.8
1285000 1.4
1290000 0.3
1295000 11.6
1300000 6.7
1305000 1.3
1310000 19.0
1315000 10.7
1320000 15.0
1325000 4.1
1330000 0.2
1335000 3.1
1340000 1.6
1345000 0.8
1350000 0.4
1355000 22.4
1360000 10.9
1365000 5.8
1370000 3.0
1375000 1.4
1380000 0.5
1385000 3.7
1390000 2.1
1395000 4.7
1400000 4.7
1405000 0.3
1410000 7.7
1415000 16.5
1420000 0.6
1425000 0.0
1430000 0.2
1435000 0.0
1440000 10.6
1445000 7.9
1450000 3.7
1455000 0.6
1460000 0.5
1465000 4.9
1470000 8.1
1475000 0.6
1480000 8.4
1485000 17.2
1490000 2.6
1495000 0.1
1500000 0.4
1505000 15.7
1510000 5.1
1515000 11.3
1520000 2.4
1525000 7.1
1530000 3.4
1535000 2.1
1540000 13.3
1545000 4.3
1550000 3.4
1555000 4.9
1560000 4.2
1565000 8.9
1570000 5.8
1575000 15.4
1580000 0.0
1585000 1.3
1590000 6.3
1595000 6.9
1600000 3.8
1605000 0.1
1610000 0.8
1615000 4.8
1620000 0.1
1625000 0.0
1630000 0.3
1635000 13.3
1640000 0.0
1645000 6.4
1650000 0.0
1655000 7.9
1660000 21.1
1665000 15.7
1670000 2.0
1675000 7.2
1680000 0.5
1685000 0.8
1690000 1.3
1695000 2.7
1700000 1.1
1705000 3.8
1710000 0.2
1715000 0.1
1720000 8.4
1725000 8.5
1730000 25.0
1735000 0.5
1740000 0.4
1745000 0.0
1750000 14.4
1755000 2.5
1760000 0.2
1765000 19.3
1770000 0.1
1775000 0.1
1780000 4.4
1785000 1.3
1790000 14.9
1795000 6.9
1800000 1.0
1805000 0.4
1810000 12.4
1815000 0.0
1820000 2.2
1825000 3.0
1830000 1.2
1835000 0.1
1840000 1.8
1845000 4.4
1850000 16.0
1855000 17.0
1860000 37.8
1865000 21.2
1870000 5.6
1875000 8.9
1880000 0.7
1885000 0.9
1890000 2.8
1895000 2.3
1900000 0.8
1905000 1.5
1910000 6.5
1915000 0.0
1920000 4.3
1925000 27.7
1930000 8.1
1935000 13.4
1940000 2.5
1945000 5.8
1950000 10.8
1955000 12.4
1960000 13.6
1965000 2.1
1970000 0.7
1975000 1.4
1980000 18.3
1985000 1.4
1990000 6.4
1995000 21.0
2000000 2.6
