5000 2.9
10000 0.5
15000 4.0
20000 0.6
25000 1.2
30000 3.1
35000 27.2
40000 6.3
45000 32.3
50000 29.6
55000 4.2
60000 11.1
65000 7.7
70000 7.7
75000 3.8
80000 1.5
85000 11.7
90000 44.9
95000 2.7
100000 0.3
105000 1.0
110000 0.4
115000 11.5
120000 4.4
125000 6.3
130000 25.1
135000 3.6
140000 9.6
145000 13.7
150000 1.0
155000 0.2
160000 0.2
165000 10.4
170000 7.6
175000 8.9
180000 0.0
185000 6.2
190000 4.6
195000 10.5
200000 4.5
205000 5.2
210000 0.8
215000 6.4
220000 14.2
225000 12.3
230000 6.8
235000 6.6
240000 4.4
245000 11.1
250000 13.6
255000 4.6
260000 3.1
265000 1.1
270000 2.6
275000 18.1
280000 0.1
285000 2.5
290000 0.9
295000 8.0
300000 2.1
305000 2.9
310000 3.5
315000 10.7
320000 6.4
325000 1.6
330000 3.2
335000 6.2
340000 16.5
345000 16.8
350000 3.0
355000 6.4
360000 1.2
365000 5.9
370000 0.7
375000 2.5
380000 9.4
385000 0.0
390000 1.1
395000 0.0
400000 0.0
405000 0.6
410000 1.9
415000 6.8
420000 42.8
425000 6.2
430000 1.3
435000 5.3
440000 4.5
445000 0.1
450000 11.6
455000 5.7
460000 3.9
465000 2.2
470000 0.9
475000 6.5
480000 15.3
485000 7.3
490000 3.8
495000 7.8
500000 1.4
505000 2.7
510000 15.2
515000 4.3
520000 10.3
525000 25.8
530000 2.7
535000 14.4
540000 12.9
545000 8.6
550000 13.5
555000 8.9
560000 1.9
565000 11.0
570000 0.9
575000 15.0
580000 9.8
585000 2.3
590000 6.5
595000 0.2
600000 7.9
605000 2.5
610000 2.3
615000 8.3
620000 8.0
625000 27.8
630000 30.6
635000 11.9
640000 21.9
645000 4.4
650000 0.1
655000 7.2
660000 1.8
665000 2.6
670000 0.0
675000 0.3
680000 9.1
685000 0.4
690000 1.0
695000 4.0
700000 12.8
705000 7.9
710000 0.4
715000 3.7
720000 3.8
725000 12.6
730000 11.6
735000 19.5
740000 0.1
745000 6.1
750000 3.5
755000 2.2
760000 2.7
765000 3.9
770000 0.1
775000 4.0
780000 11.2
785000 1.9
790000 18.0
795000 9.4
800000 0.3
805000 5.9
810000 2.8
815000 5.7
820000 4.8
825000 0.1
830000 11.1
835000 4.2
840000 9.8
845000 8.9
850000 1.4
855000 2.0
860000 0.8
865000 0.7
870000 8.3
875000 5.1
880000 0.9
885000 7.8
890000 2.9
895000 10.2
900000 2.2
905000 10.6
910000 5.4
915000 3.4
920000 0.0
925000 4.6
930000 0.3
935000 4.1
940000 1.8
945000 0.1
950000 1.9
955000 0.7
960000 3.6
965000 10.3
970000 0.2
975000 7.3
980000 5.4
985000 0.9
990000 2.7
995000 0.9
1000000 6.3
1005000 2.2
1010000 0.7
1015000 1.6
1020000 5.7
1025000 7.0
1030000 0.3
1035000 11.6
1040000 21.6
1045000 11.4
1050000 12.4
1055000 3.6
1060000 0.4
1065000 11.8
1070000 1.1
1075000 7.6
1080000 4.4
1085000 3.0
1090000 2.1
1095000 5.2
1100000 5.6
1105000 8.9
1110000 1.8
1115000 11.3
1120000 7.0
1125000 1.8
1130000 2.3
1135000 10.0
1140000 0.0
1145000 2.9
1150000 0.5
1155000 4.8
1160000 0.0
1165000 4.7
1170000 8.0
1175000 2.3
1180000 1.4
1185000 1.0
1190000 7.3
1195000 8.5
1200000 10.2
1205000 0.7
1210000 2.6
1215000 6.5
1220000 8.0
1225000 0.1
1230000 0.3
1235000 0.0
1240000 14.5
1245000 3.6
1250000 11.7
1255000 3.1
1260000 6.0
1265000 5.3
1270000 4.2
1275000 3.6
1280000 4.3
1285000 2.2
1290000 2.6
1295000 0.6
1300000 0.6
1305000 9.6
1310000 5.5
1315000 5.6
1320000 0.0
1325000 7.6
1330000 2.0
1335000 8.4
1340000 0.6
1345000 1.8
1350000 3.7
1355000 5.9
1360000 25.1
1365000 2.8
1370000 1.8
1375000 8.8
1380000 7.9
1385000 0.1
1390000 13.6
1395000 8.1
1400000 1.1
1405000 5.2
1410000 12.2
1415000 0.4
1420000 5.5
1425000 2.4
1430000 1.7
1435000 0.1
1440000 2.7
1445000 1.9
1450000 3.4
1455000 0.1
1460000 4.7
1465000 3.5
1470000 7.1
1475000 5.4
1480000 1.4
1485000 0.0
1490000 1.1
1495000 2.7
1500000 0.1
1505000 1.4
1510000 9.6
1515000 3.8
1520000 0.5
1525000 1.2
1530000 1.2
1535000 5.1
1540000 5.4
1545000 5.1
1550000 0.0
1555000 1.8
1560000 1.1
1565000 0.0
1570000 0.1
1575000 13.2
1580000 35.1
1585000 2.9
1590000 5.3
1595000 3.4
1600000 2.5
1605000 0.3
1610000 0.1
1615000 0.1
1620000 1.0
1625000 0.2
1630000 0.4
1635000 3.4
1640000 11.1
1645000 0.5
1650000 3.2
1655000 2.6
1660000 4.1
1665000 7.0
1670000 0.8
1675000 0.4
1680000 11.8
1685000 1.3
1690000 1.3
1695000 0.1
1700000 3.7
1705000 0.9
1710000 5.0
1715000 1.9
1720000 1.9
1725000 9.8
1730000 0.3
1735000 0.3
1740000 1.2
1745000 2.9
1750000 1.3
1755000 10.3
1760000 4.3
1765000 19.0
1770000 4.7
1775000 3.9
1780000 5.5
1785000 7.8
1790000 5.0
1795000 2.4
1800000 0.0
1805000 0.2
1810000 0.5
1815000 0.6
1820000 7.0
1825000 11.4
1830000 5.3
1835000 1.6
1840000 0.2
1845000 2.5
1850000 12.3
1855000 2.2
1860000 0.4
1865000 5.4
1870000 3.6
1875000 2.3
1880000 6.1
1885000 5.5
1890000 0.2
1895000 4.5
1900000 0.1
1905000 5.4
1910000 12.3
1915000 0.3
1920000 8.3
1925000 0.3
1930000 3.5
1935000 7.0
1940000 7.7
1945000 1.2
1950000 1.4
1955000 0.1
1960000 11.1
1965000 0.3
1970000 3.5
1975000 4.5
1980000 19.0
1985000 1.7
1990000 4.0
1995000 5.1
2000000 3.5
