5000 33.8
10000 33.2
15000 0.2
20000 0.4
25000 0.4
30000 1.8
35000 10.4
40000 4.0
45000 3.8
50000 1.3
55000 0.0
60000 0.8
65000 0.7
70000 4.4
75000 0.8
80000 3.6
85000 5.0
90000 1.4
95000 1.1
100000 8.5
105000 0.4
110000 14.5
115000 6.1
120000 0.8
125000 0.3
130000 0.2
135000 1.5
140000 12.6
145000 8.1
150000 13.4
155000 7.6
160000 1.7
165000 17.5
170000 5.2
175000 0.2
180000 0.9
185000 1.4
190000 1.0
195000 2.0
200000 9.6
205000 2.6
210000 0.1
215000 0.5
220000 3.0
225000 10.5
230000 3.9
235000 2.6
240000 4.6
245000 2.5
250000 7.2
255000 5.7
260000 3.5
265000 3.6
270000 0.8
275000 10.6
280000 1.2
285000 14.4
290000 1.2
295000 7.6
300000 4.9
305000 6.2
310000 0.0
315000 17.3
320000 0.1
325000 15.3
330000 8.0
335000 1.2
340000 2.6
345000 20.5
350000 4.5
355000 10.3
360000 6.3
365000 7.0
370000 7.7
375000 4.9
380000 2.9
385000 9.9
390000 23.9
395000 14.8
400000 5.2
405000 1.4
410000 5.2
415000 4.8
420000 16.8
425000 1.7
430000 0.2
435000 1.2
440000 7.7
445000 2.2
450000 15.0
455000 0.0
460000 0.6
465000 3.6
470000 0.0
475000 0.1
480000 0.2
485000 0.5
490000 8.5
495000 17.5
500000 0.1
505000 3.7
510000 12.5
515000 3.6
520000 0.9
525000 7.0
530000 0.8
535000 13.8
540000 0.5
545000 0.1
550000 0.9
555000 17.2
560000 1.0
565000 2.3
570000 14.1
575000 1.8
580000 2.0
585000 7.9
590000 9.1
595000 5.2
600000 6.7
605000 0.1
610000 0.3
615000 0.6
620000 6.1
625000 2.3
630000 17.2
635000 1.8
640000 2.9
645000 4.1
650000 0.8
655000 11.2
660000 15.5
665000 13.1
670000 1.3
675000 7.9
680000 13.1
685000 1.6
690000 9.1
695000 0.1
700000 0.1
705000 3.0
710000 0.9
715000 1.0
720000 21.9
725000 0.2
730000 1.6
735000 2.2
740000 6.4
745000 9.8
750000 4.1
755000 0.1
760000 2.7
765000 0.8
770000 1.1
775000 5.4
780000 5.9
785000 1.7
790000 6.2
795000 2.8
800000 2.3
805000 0.4
810000 3.4
815000 7.0
820000 1.3
825000 8.5
830000 3.9
835000 0.0
840000 10.9
845000 0.0
850000 0.2
855000 1.9
860000 1.3
865000 1.7
870000 0.1
875000 6.4
880000 3.8
885000 2.9
890000 4.4
895000 0.1
900000 3.4
905000 21.0
910000 13.1
915000 4.2
920000 3.2
925000 8.5
930000 2.1
935000 14.1
940000 21.8
945000 0.0
950000 2.5
955000 0.9
960000 1.3
965000 18.8
970000 1.9
975000 6.0
980000 6.6
985000 2.6
990000 13.3
995000 5.2
1000000 2.4
1005000 2.9
1010000 4.5
1015000 1.5
1020000 1.5
1025000 1.8
1030000 0.4
1035000 4.7
1040000 2.6
1045000 3.0
1050000 0.1
1055000 12.6
1060000 0.1
1065000 12.7
1070000 6.8
1075000 1.9
1080000 6.2
1085000 16.9
1090000 0.7
1095000 5.7
1100000 5.0
1105000 1.2
1110000 3.4
1115000 1.3
1120000 0.0
1125000 5.3
1130000 8.5
1135000 0.0
1140000 0.0
1145000 2.2
1150000 2.4
1155000 4.7
1160000 2.1
1165000 1.4
1170000 0.2
1175000 1.5
1180000 0.3
1185000 0.9
1190000 0.6
1195000 3.6
1200000 3.9
1205000 1.1
1210000 8.2
1215000 1.0
1220000 2.4
1225000 7.0
1230000 0.5
1235000 8.7
1240000 30.5
1245000 4.8
1250000 0.1
1255000 8.8
1260000 13.5
1265000 0.0
1270000 16.8
1275000 8.4
1280000 3.8
1285000 0.0
1290000 0.1
1295000 12.7
1300000 6.2
1305000 8.6
1310000 13.1
1315000 6.6
1320000 1.2
1325000 2.1
1330000 4.5
1335000 0.2
1340000 0.0
1345000 1.0
1350000 0.6
1355000 6.6
1360000 5.0
1365000 3.1
1370000 2.7
1375000 1.0
1380000 0.1
1385000 23.7
1390000 1.9
1395000 0.1
1400000 1.3
1405000 0.6
1410000 0.6
1415000 0.6
1420000 3.3
1425000 24.1
1430000 6.3
1435000 1.2
1440000 0.9
1445000 17.0
1450000 9.1
1455000 0.1
1460000 20.3
1465000 2.9
1470000 3.5
1475000 0.0
1480000 25.3
1485000 3.4
1490000 12.2
1495000 0.9
1500000 13.8
1505000 7.0
1510000 4.8
1515000 5.9
1520000 8.0
1525000 2.6
1530000 16.2
1535000 0.3
1540000 4.7
1545000 12.8
1550000 4.6
1555000 0.8
1560000 4.1
1565000 2.5
1570000 0.4
1575000 0.0
1580000 12.3
1585000 0.0
1590000 12.9
1595000 0.0
1600000 4.2
1605000 0.3
1610000 3.3
1615000 3.4
1620000 0.5
1625000 1.2
1630000 6.6
1635000 3.9
1640000 13.1
1645000 1.0
1650000 0.2
1655000 3.4
1660000 5.3
1665000 2.4
1670000 3.3
1675000 2.3
1680000 4.9
1685000 4.9
1690000 0.6
1695000 4.2
1700000 7.7
1705000 23.2
1710000 0.5
1715000 2.6
1720000 5.5
1725000 0.1
1730000 2.7
1735000 12.7
1740000 4.9
1745000 1.9
1750000 5.7
1755000 3.1
1760000 0.5
1765000 8.6
1770000 12.0
1775000 6.2
1780000 6.9
1785000 14.5
1790000 7.4
1795000 0.4
1800000 0.7
1805000 5.5
1810000 6.7
1815000 8.2
1820000 13.8
1825000 16.7
1830000 1.8
1835000 0.7
1840000 19.0
1845000 13.5
1850000 10.6
1855000 10.7
1860000 4.3
1865000 17.4
1870000 5.8
1875000 0.4
1880000 2.6
1885000 9.3
1890000 10.8
1895000 5.3
1900000 4.4
1905000 0.8
1910000 20.6
1915000 1.0
1920000 7.0
1925000 1.0
1930000 11.2
1935000 12.6
1940000 13.6
1945000 23.2
1950000 4.7
1955000 14.3
1960000 4.7
1965000 9.2
1970000 2.2
1975000 4.9
1980000 15.9
1985000 3.4
1990000 8.0
1995000 5.8
2000000 1.9
