5000 45.2
10000 36.7
15000 0.1
20000 8.9
25000 1.7
30000 1.0
35000 1.7
40000 2.1
45000 6.6
50000 0.2
55000 1.2
60000 7.3
65000 12.3
70000 14.1
75000 5.2
80000 3.1
85000 5.5
90000 1.2
95000 3.4
100000 16.9
105000 0.3
110000 2.6
115000 4.3
120000 0.8
125000 1.3
130000 21.4
135000 2.6
140000 11.1
145000 0.1
150000 7.5
155000 0.6
160000 16.6
165000 3.3
170000 0.4
175000 14.3
180000 8.9
185000 0.0
190000 10.0
195000 8.0
200000 3.8
205000 0.5
210000 0.3
215000 4.4
220000 4.8
225000 2.2
230000 9.8
235000 0.8
240000 3.7
245000 0.2
250000 9.1
255000 5.9
260000 3.5
265000 10.1
270000 6.2
275000 6.0
280000 2.4
285000 1.1
290000 22.4
295000 22.6
300000 0.6
305000 3.5
310000 7.1
315000 8.2
320000 0.8
325000 19.4
330000 0.4
335000 15.7
340000 0.5
345000 4.6
350000 10.3
355000 0.3
360000 8.8
365000 5.6
370000 5.1
375000 18.6
380000 2.5
385000 8.9
390000 3.2
395000 11.0
400000 15.2
405000 9.5
410000 2.9
415000 2.8
420000 9.5
425000 6.8
430000 8.2
435000 2.9
440000 3.3
445000 2.3
450000 6.1
455000 2.1
460000 6.6
465000 10.9
470000 2.1
475000 0.5
480000 10.7
485000 7.7
490000 9.3
495000 12.4
500000 0.6
505000 9.8
510000 8.6
515000 11.7
520000 6.0
525000 9.4
530000 2.4
535000 0.5
540000 1.8
545000 3.5
550000 5.0
555000 10.3
560000 9.9
565000 2.7
570000 6.4
575000 3.7
580000 30.8
585000 3.3
590000 2.9
595000 3.3
600000 5.8
605000 1.2
610000 0.1
615000 12.5
620000 4.2
625000 0.7
630000 10.2
635000 7.7
640000 8.2
645000 0.5
650000 3.5
655000 27.5
660000 1.0
665000 3.4
670000 3.6
675000 3.7
680000 4.4
685000 3.9
690000 5.6
695000 0.2
700000 2.7
705000 8.3
710000 5.7
715000 0.0
720000 6.7
725000 11.5
730000 4.1
735000 3.3
740000 7.8
745000 2.6
750000 0.5
755000 3.9
760000 23.4
765000 8.0
770000 5.1
775000 8.8
780000 6.1
785000 9.9
790000 16.2
795000 0.0
800000 0.1
805000 0.3
810000 3.8
815000 3.4
820000 13.7
825000 2.6
830000 0.7
835000 2.6
840000 0.5
845000 10.6
850000 0.0
855000 10.0
860000 4.7
865000 1.6
870000 4.2
875000 5.6
880000 6.0
885000 5.8
890000 14.6
895000 0.0
900000 7.0
905000 12.7
910000 0.8
915000 3.1
920000 3.0
925000 0.0
930000 0.0
935000 0.5
940000 1.8
945000 26.5
950000 3.1
955000 0.2
960000 5.7
965000 10.7
970000 2.3
975000 10.6
980000 0.9
985000 2.0
990000 0.2
995000 0.1
1000000 0.2
1005000 0.9
1010000 0.3
1015000 3.6
1020000 12.9
1025000 1.3
1030000 1.7
1035000 6.3
1040000 25.4
1045000 15.5
1050000 0.6
1055000 14.9
1060000 5.1
1065000 0.0
1070000 3.0
1075000 7.6
1080000 1.0
1085000 16.7
1090000 1.1
1095000 1.0
1100000 2.1
1105000 1.4
1110000 1.1
1115000 12.3
1120000 0.0
1125000 12.6
1130000 6.1
1135000 0.2
1140000 0.2
1145000 7.7
1150000 1.2
1155000 16.0
1160000 3.3
1165000 9.0
1170000 6.7
1175000 2.5
1180000 0.0
1185000 4.1
1190000 0.0
1195000 0.6
1200000 2.4
1205000 0.5
1210000 2.9
1215000 2.5
1220000 16.1
1225000 1.1
1230000 6.2
1235000 0.1
1240000 4.4
1245000 5.3
1250000 5.7
1255000 4.7
1260000 6.7
1265000 0.0
1270000 6.8
1275000 2.7
1280000 2.9
1285000 13.2
1290000 3.2
1295000 13.9
1300000 7.8
1305000 1.6
1310000 9.5
1315000 3.3
1320000 12.8
1325000 5.2
1330000 1.5
1335000 0.4
1340000 9.7
1345000 0.7
1350000 16.6
1355000 0.0
1360000 8.2
1365000 7.9
1370000 2.9
1375000 1.5
1380000 0.1
1385000 6.8
1390000 7.4
1395000 2.6
1400000 4.4
1405000 5.8
1410000 0.5
1415000 0.1
1420000 5.6
1425000 1.0
1430000 2.4
1435000 1.3
1440000 4.4
1445000 4.3
1450000 11.2
1455000 5.7
1460000 3.6
1465000 3.1
1470000 3.7
1475000 13.8
1480000 3.5
1485000 0.9
1490000 2.0
1495000 0.2
1500000 0.4
1505000 3.7
1510000 4.4
1515000 0.1
1520000 0.2
1525000 3.9
1530000 0.2
1535000 3.3
1540000 1.4
1545000 5.4
1550000 8.1
1555000 1.0
1560000 6.8
1565000 1.9
1570000 4.2
1575000 35.1
1580000 1.3
1585000 5.9
1590000 1.8
1595000 9.5
1600000 1.6
1605000 2.1
1610000 3.6
1615000 2.2
1620000 15.9
1625000 16.8
1630000 8.3
1635000 15.5
1640000 8.7
1645000 0.8
1650000 2.4
1655000 0.1
1660000 0.2
1665000 4.2
1670000 1.3
1675000 17.9
1680000 2.2
1685000 0.0
1690000 4.5
1695000 0.7
1700000 8.4
1705000 3.3
1710000 0.1
1715000 8.5
1720000 4.1
1725000 4.7
1730000 3.6
1735000 6.8
1740000 2.8
1745000 0.7
1750000 1.4
1755000 9.3
1760000 5.2
1765000 1.9
1770000 0.6
1775000 24.6
1780000 16.1
1785000 3.9
1790000 4.9
1795000 2.6
1800000 6.0
1805000 0.4
1810000 4.8
1815000 0.0
1820000 18.9
1825000 6.7
1830000 1.8
1835000 4.3
1840000 2.8
1845000 0.9
1850000 18.9
1855000 19.4
1860000 11.5
1865000 5.0
1870000 0.5
1875000 0.9
1880000 5.6
1885000 0.0
1890000 7.1
1895000 5.0
1900000 8.9
1905000 2.8
1910000 6.7
1915000 6.8
1920000 16.1
1925000 6.0
1930000 0.7
1935000 2.1
1940000 4.8
1945000 1.2
1950000 0.7
1955000 13.3
1960000 32.1
1965000 13.7
1970000 0.1
1975000 20.6
1980000 11.9
1985000 14.6
1990000 30.3
1995000 2.9
2000000 4.9
