5000 7.5
10000 16.1
15000 1.9
20000 5.6
25000 4.0
30000 0.3
35000 1.4
40000 1.0
45000 0.7
50000 0.9
55000 6.9
60000 0.2
65000 2.7
70000 0.6
75000 0.1
80000 0.4
85000 4.3
90000 0.6
95000 2.2
100000 1.0
105000 3.5
110000 1.4
115000 3.9
120000 3.7
125000 4.3
130000 5.9
135000 3.3
140000 0.4
145000 3.9
150000 0.3
155000 4.2
160000 6.1
165000 9.9
170000 0.1
175000 8.7
180000 4.3
185000 2.3
190000 11.2
195000 3.8
200000 3.0
205000 3.9
210000 5.3
215000 1.2
220000 0.4
225000 1.8
230000 2.7
235000 0.0
240000 0.4
245000 0.0
250000 0.9
255000 9.6
260000 5.3
265000 8.6
270000 2.0
275000 0.1
280000 6.2
285000 0.8
290000 4.7
295000 4.1
300000 5.4
305000 8.4
310000 0.2
315000 5.7
320000 4.5
325000 0.8
330000 3.9
335000 1.7
340000 3.2
345000 7.6
350000 3.5
355000 0.4
360000 1.3
365000 2.6
370000 0.0
375000 0.0
380000 6.4
385000 6.1
390000 20.5
395000 1.7
400000 8.2
405000 0.2
410000 0.6
415000 7.2
420000 2.1
425000 0.0
430000 2.3
435000 2.2
440000 14.1
445000 5.1
450000 21.0
455000 23.4
460000 1.0
465000 1.9
470000 1.7
475000 4.7
480000 2.6
485000 4.7
490000 2.7
495000 11.3
500000 0.0
505000 2.9
510000 10.0
515000 4.9
520000 5.1
525000 2.1
530000 0.1
535000 3.5
540000 0.5
545000 18.3
550000 0.4
555000 1.4
560000 1.0
565000 2.6
570000 8.3
575000 11.0
580000 8.3
585000 1.4
590000 3.2
595000 3.7
600000 2.0
605000 1.9
610000 2.4
615000 0.0
620000 0.6
625000 0.2
630000 0.4
635000 0.2
640000 2.0
645000 0.1
650000 0.3
655000 0.6
660000 10.2
665000 8.0
670000 2.8
675000 0.5
680000 7.6
685000 5.3
690000 0.6
695000 8.2
700000 1.1
705000 2.0
710000 18.6
715000 0.0
720000 0.0
725000 2.9
730000 8.2
735000 1.1
740000 9.0
745000 1.8
750000 1.1
755000 2.6
760000 13.0
765000 1.1
770000 10.0
775000 3.9
780000 1.0
785000 0.3
790000 2.9
795000 10.3
800000 7.2
805000 0.3
810000 0.0
815000 25.1
820000 15.6
825000 4.1
830000 5.7
835000 4.4
840000 0.1
845000 2.9
850000 2.2
855000 3.4
860000 11.8
865000 0.8
870000 2.0
875000 0.7
880000 0.3
885000 1.3
890000 0.7
895000 4.8
900000 3.5
905000 1.4
910000 4.0
915000 2.1
920000 0.1
925000 1.6
930000 0.3
935000 0.2
940000 6.0
945000 12.8
950000 3.1
955000 2.1
960000 14.9
965000 5.2
970000 1.9
975000 4.6
980000 3.4
985000 20.4
990000 0.7
995000 11.1
1000000 3.4
1005000 0.3
1010000 5.2
1015000 0.3
1020000 1.3
1025000 9.3
1030000 33.6
1035000 0.0
1040000 7.3
1045000 10.7
1050000 10.6
1055000 15.0
1060000 3.5
1065000 0.2
1070000 1.4
1075000 12.1
1080000 0.0
1085000 7.9
1090000 1.1
1095000 3.6
1100000 3.6
1105000 3.1
1110000 6.5
1115000 1.9
1120000 9.2
1125000 1.7
1130000 1.9
1135000 1.2
1140000 9.2
1145000 3.1
1150000 11.1
1155000 0.5
1160000 3.7
1165000 0.9
1170000 0.0
1175000 2.5
1180000 1.6
1185000 0.8
1190000 0.1
1195000 11.4
1200000 15.7
1205000 2.0
1210000 0.1
1215000 8.2
1220000 1.0
1225000 5.9
1230000 2.1
1235000 0.1
1240000 4.0
1245000 0.5
1250000 16.6
1255000 0.2
1260000 0.0
1265000 1.1
1270000 14.7
1275000 6.4
1280000 5.0
1285000 5.4
1290000 0.0
1295000 15.1
1300000 7.4
1305000 0.1
1310000 11.4
1315000 2.7
1320000 0.4
1325000 0.5
1330000 23.9
1335000 0.5
1340000 1.1
1345000 14.6
1350000 2.7
1355000 15.4
1360000 7.9
1365000 15.7
1370000 10.6
1375000 5.4
1380000 4.3
1385000 1.1
1390000 1.1
1395000 2.7
1400000 4.6
1405000 3.9
1410000 1.1
1415000 1.2
1420000 1.8
1425000 12.8
1430000 7.2
1435000 13.9
1440000 0.2
1445000 8.1
1450000 7.2
1455000 2.4
1460000 6.6
1465000 0.0
1470000 20.2
1475000 7.0
1480000 0.0
1485000 0.8
1490000 0.9
1495000 0.0
1500000 5.1
1505000 2.4
1510000 24.9
1515000 4.1
1520000 4.5
1525000 0.0
1530000 0.3
1535000 1.3
1540000 3.3
1545000 6.2
1550000 12.0
1555000 2.4
1560000 4.9
1565000 2.9
1570000 8.9
1575000 1.2
1580000 10.9
1585000 9.5
1590000 4.7
1595000 1.4
1600000 11.2
1605000 4.1
1610000 5.4
1615000 12.1
1620000 0.6
1625000 5.6
1630000 1.6
1635000 0.0
1640000 3.5
1645000 1.8
1650000 0.9
1655000 11.4
1660000 22.9
1665000 2.0
1670000 11.8
1675000 14.8
1680000 0.7
1685000 3.0
1690000 29.2
1695000 9.4
1700000 0.5
1705000 14.8
1710000 8.1
1715000 0.3
1720000 11.1
1725000 3.4
1730000 4.7
1735000 2.2
1740000 20.8
1745000 3.4
1750000 2.6
1755000 0.3
1760000 2.2
1765000 0.3
1770000 0.2
1775000 0.0
1780000 3.1
1785000 2.6
1790000 0.2
1795000 4.2
1800000 6.2
1805000 0.5
1810000 0.1
1815000 2.8
1820000 3.4
1825000 2.8
1830000 0.0
1835000 0.3
1840000 1.7
1845000 14.0
1850000 1.8
1855000 0.8
1860000 1.5
1865000 0.6
1870000 2.6
1875000 0.0
1880000 2.8
1885000 1.4
1890000 1.8
1895000 12.8
1900000 6.4
1905000 2.8
1910000 0.8
1915000 0.6
1920000 25.8
1925000 5.5
1930000 5.6
1935000 5.5
1940000 0.3
1945000 4.0
1950000 2.9
1955000 4.7
1960000 5.4
1965000 5.2
1970000 6.8
1975000 2.3
1980000 0.5
1985000 0.9
1990000 0.4
1995000 4.5
2000000 4.4
