5000 7.2
10000 4.4
15000 0.1
20000 0.4
25000 14.7
30000 0.1
35000 3.3
40000 9.7
45000 2.7
50000 8.3
55000 22.2
60000 0.0
65000 4.9
70000 36.7
75000 21.5
80000 10.4
85000 61.5
90000 1.8
95000 1.1
100000 0.2
105000 15.4
110000 5.3
115000 8.0
120000 20.6
125000 1.3
130000 3.1
135000 25.5
140000 4.9
145000 0.9
150000 0.3
155000 20.6
160000 0.1
165000 9.3
170000 0.8
175000 3.0
180000 5.4
185000 2.2
190000 3.7
195000 7.3
200000 10.6
205000 0.1
210000 2.1
215000 6.1
220000 3.2
225000 24.1
230000 3.1
235000 31.1
240000 26.7
245000 5.6
250000 16.8
255000 17.2
260000 0.1
265000 20.9
270000 54.4
275000 4.6
280000 39.9
285000 2.5
290000 1.0
295000 0.0
300000 1.8
305000 3.0
310000 0.1
315000 21.4
320000 14.9
325000 20.4
330000 13.6
335000 1.6
340000 9.7
345000 3.6
350000 11.6
355000 5.6
360000 2.0
365000 1.2
370000 7.7
375000 29.1
380000 6.9
385000 0.1
390000 12.8
395000 11.9
400000 3.5
405000 2.3
410000 0.5
415000 0.2
420000 3.1
425000 7.8
430000 22.3
435000 0.7
440000 4.7
445000 6.3
450000 0.3
455000 11.2
460000 5.0
465000 3.9
470000 17.1
475000 11.7
480000 7.1
485000 9.9
490000 10.2
495000 11.1
500000 8.2
505000 11.5
510000 2.0
515000 0.7
520000 3.3
525000 25.7
530000 1.7
535000 6.1
540000 3.5
545000 4.5
550000 6.4
555000 11.4
560000 17.7
565000 2.7
570000 0.1
575000 0.1
580000 4.1
585000 4.0
590000 1.0
595000 0.3
600000 0.6
605000 0.7
610000 2.6
615000 2.7
620000 20.0
625000 0.7
630000 3.2
635000 23.7
640000 0.5
645000 7.9
650000 0.6
655000 5.1
660000 8.5
665000 12.7
670000 4.7
675000 14.3
680000 19.6
685000 12.0
690000 0.7
695000 14.6
700000 7.8
705000 2.6
710000 2.4
715000 3.3
720000 26.7
725000 1.4
730000 5.4
735000 7.3
740000 2.3
745000 15.1
750000 5.5
755000 0.4
760000 4.7
765000 13.0
770000 6.1
775000 0.3
780000 6.8
785000 0.7
790000 0.7
795000 0.0
800000 5.4
805000 0.2
810000 2.2
815000 8.2
820000 2.7
825000 0.9
830000 3.7
835000 2.8
840000 0.2
845000 5.5
850000 0.7
855000 17.5
860000 3.3
865000 2.5
870000 12.6
875000 12.3
880000 6.5
885000 8.8
890000 8.4
895000 1.3
900000 3.2
905000 0.5
910000 0.0
915000 4.8
920000 0.7
925000 3.9
930000 4.8
935000 18.8
940000 1.1
945000 14.1
950000 0.7
955000 1.9
960000 13.4
965000 2.4
970000 2.4
975000 12.8
980000 3.0
985000 7.2
990000 6.8
995000 1.7
1000000 5.0
1005000 2.1
1010000 0.0
1015000 0.4
1020000 6.3
1025000 20.5
1030000 0.1
1035000 25.2
1040000 2.6
1045000 0.4
1050000 4.5
1055000 5.8
1060000 6.9
1065000 5.2
1070000 16.1
1075000 4.3
1080000 0.4
1085000 0.1
1090000 4.8
1095000 0.3
1100000 1.1
1105000 0.9
1110000 1.6
1115000 12.5
1120000 8.8
1125000 0.9
1130000 5.4
1135000 5.0
1140000 0.0
1145000 0.1
1150000 7.9
1155000 27.5
1160000 24.5
1165000 0.2
1170000 11.5
1175000 11.8
1180000 3.9
1185000 0.1
1190000 12.3
1195000 0.0
1200000 10.9
1205000 1.5
1210000 14.4
1215000 0.1
1220000 7.2
1225000 11.3
1230000 15.6
1235000 22.5
1240000 1.3
1245000 0.1
1250000 1.4
1255000 5.2
1260000 2.6
1265000 3.2
1270000 15.6
1275000 8.8
1280000 12.6
1285000 9.7
1290000 1.8
1295000 0.3
1300000 1.7
1305000 2.1
1310000 1.4
1315000 2.5
1320000 0.2
1325000 13.1
1330000 3.0
1335000 0.6
1340000 1.6
1345000 2.8
1350000 11.2
1355000 0.8
1360000 0.5
1365000 1.9
1370000 0.4
1375000 8.6
1380000 1.0
1385000 1.2
1390000 2.6
1395000 3.7
1400000 2.4
1405000 7.6
1410000 5.6
1415000 5.6
1420000 3.0
1425000 21.4
1430000 15.8
1435000 2.5
1440000 10.3
1445000 9.3
1450000 0.7
1455000 0.9
1460000 9.0
1465000 3.9
1470000 1.9
1475000 1.8
1480000 0.2
1485000 0.0
1490000 0.4
1495000 0.0
1500000 12.7
1505000 0.6
1510000 3.1
1515000 5.7
1520000 11.3
1525000 0.1
1530000 2.3
1535000 0.5
1540000 20.0
1545000 0.1
1550000 6.4
1555000 1.5
1560000 0.3
1565000 8.1
1570000 0.1
1575000 5.1
1580000 0.3
1585000 1.8
1590000 0.1
1595000 12.1
1600000 5.5
1605000 4.4
1610000 7.8
1615000 0.0
1620000 3.4
1625000 7.3
1630000 5.4
1635000 4.7
1640000 5.4
1645000 37.0
1650000 17.1
1655000 1.9
1660000 1.3
1665000 3.2
1670000 0.5
1675000 0.4
1680000 4.6
1685000 8.9
1690000 6.7
1695000 0.3
1700000 0.4
1705000 14.8
1710000 0.2
1715000 4.5
1720000 9.4
1725000 3.6
1730000 3.6
1735000 11.9
1740000 10.2
1745000 21.5
1750000 0.0
1755000 3.7
1760000 8.4
1765000 0.0
1770000 13.2
1775000 11.4
1780000 5.5
1785000 0.3
1790000 2.6
1795000 3.0
1800000 3.8
1805000 1.8
1810000 2.0
1815000 9.9
1820000 0.0
1825000 16.0
1830000 0.4
1835000 4.1
1840000 3.4
1845000 0.1
1850000 5.4
1855000 6.9
1860000 8.9
1865000 0.5
1870000 1.7
1875000 2.3
1880000 10.0
1885000 1.3
1890000 0.2
1895000 4.9
1900000 1.1
1905000 0.1
1910000 1.2
1915000 0.0
1920000 1.4
1925000 10.1
1930000 0.6
1935000 14.3
1940000 3.9
1945000 4.8
1950000 3.0
1955000 0.1
1960000 13.9
1965000 6.5
1970000 9.0
1975000 0.1
1980000 7.0
1985000 0.6
1990000 2.5
1995000 0.1
2000000 8.5
