5000 1.2
10000 0.4
15000 5.3
20000 0.2
25000 0.3
30000 4.3
35000 0.4
40000 19.4
45000 4.7
50000 6.7
55000 17.3
60000 3.3
65000 30.8
70000 0.1
75000 14.9
80000 4.5
85000 4.4
90000 6.8
95000 0.2
100000 0.7
105000 0.0
110000 0.6
115000 6.0
120000 9.6
125000 2.2
130000 3.2
135000 2.1
140000 3.3
145000 6.4
150000 5.1
155000 2.8
160000 2.7
165000 8.5
170000 1.1
175000 3.2
180000 2.2
185000 4.0
190000 0.6
195000 3.6
200000 2.8
205000 0.1
210000 12.6
215000 0.1
220000 5.2
225000 1.8
230000 1.5
235000 2.2
240000 3.8
245000 3.0
250000 3.1
255000 1.6
260000 20.8
265000 0.6
270000 3.6
275000 3.0
280000 3.4
285000 8.1
290000 7.1
295000 23.2
300000 13.8
305000 17.4
310000 6.5
315000 16.6
320000 14.1
325000 7.8
330000 1.7
335000 12.3
340000 0.5
345000 0.3
350000 11.9
355000 3.7
360000 3.8
365000 3.5
370000 21.3
375000 2.7
380000 1.6
385000 8.3
390000 0.8
395000 8.0
400000 7.1
405000 4.1
410000 3.0
415000 0.2
420000 0.8
425000 0.9
430000 2.5
435000 2.5
440000 7.6
445000 10.5
450000 2.5
455000 0.3
460000 0.2
465000 1.6
470000 2.0
475000 5.4
480000 4.3
485000 0.6
490000 3.0
495000 18.0
500000 7.5
505000 8.7
510000 1.7
515000 11.2
520000 1.1
525000 16.3
530000 0.1
535000 29.6
540000 3.6
545000 13.2
550000 3.9
555000 7.7
560000 0.5
565000 0.7
570000 7.8
575000 0.3
580000 1.6
585000 0.3
590000 5.2
595000 2.5
600000 1.8
605000 0.2
610000 4.2
615000 1.4
620000 3.0
625000 0.7
630000 8.7
635000 0.3
640000 3.1
645000 0.2
650000 1.2
655000 3.2
660000 23.4
665000 9.5
670000 1.0
675000 19.1
680000 15.9
685000 23.8
690000 0.7
695000 16.3
700000 9.0
705000 25.4
710000 1.9
715000 7.6
720000 1.7
725000 0.6
730000 14.7
735000 17.0
740000 1.8
745000 0.0
750000 0.9
755000 0.7
760000 1.0
765000 2.0
770000 9.1
775000 0.2
780000 1.5
785000 1.7
790000 3.7
795000 7.8
800000 0.1
805000 3.7
810000 4.7
815000 1.1
820000 3.9
825000 3.2
830000 0.1
835000 2.7
840000 7.5
845000 4.4
850000 4.3
855000 17.2
860000 13.2
865000 4.4
870000 0.0
875000 1.7
880000 7.2
885000 0.7
890000 8.7
895000 0.0
900000 9.9
905000 11.1
910000 11.5
915000 3.0
920000 0.9
925000 12.6
930000 2.5
935000 3.6
940000 7.1
945000 4.2
950000 2.0
955000 0.0
960000 4.0
965000 18.2
970000 4.1
975000 4.9
980000 1.1
985000 0.4
990000 0.0
995000 1.7
1000000 0.2
1005000 1.6
1010000 3.9
1015000 0.5
1020000 1.5
1025000 0.7
1030000 10.7
1035000 2.1
1040000 0.1
1045000 2.0
1050000 13.5
1055000 8.0
1060000 13.3
1065000 6.4
1070000 0.4
1075000 13.5
1080000 2.2
1085000 6.6
1090000 14.1
1095000 0.5
1100000 5.9
1105000 0.1
1110000 5.5
1115000 6.9
1120000 4.6
1125000 4.7
1130000 3.4
1135000 7.2
1140000 5.2
1145000 5.3
1150000 0.0
1155000 13.3
1160000 8.7
1165000 12.5
1170000 0.0
1175000 6.6
1180000 0.0
1185000 0.4
1190000 2.4
1195000 4.2
1200000 2.9
1205000 0.7
1210000 1.3
1215000 0.5
1220000 7.6
1225000 1.3
1230000 18.5
1235000 4.9
1240000 0.9
1245000 35.5
1250000 0.8
1255000 6.3
1260000 6.5
1265000 0.9
1270000 5.0
1275000 2.0
1280000 0.2
1285000 20.9
1290000 13.3
1295000 4.0
1300000 5.0
1305000 5.0
1310000 8.9
1315000 10.5
1320000 20.2
1325000 0.0
1330000 0.1
1335000 0.1
1340000 2.4
1345000 0.1
1350000 2.9
1355000 4.6
1360000 10.6
1365000 6.4
1370000 0.2
1375000 23.0
1380000 2.0
1385000 3.0
1390000 0.0
1395000 3.0
1400000 1.7
1405000 0.2
1410000 3.2
1415000 19.4
1420000 1.8
1425000 4.4
1430000 0.1
1435000 20.5
1440000 0.9
1445000 3.2
1450000 1.3
1455000 10.9
1460000 4.1
1465000 1.4
1470000 2.2
1475000 2.7
1480000 6.0
1485000 2.0
1490000 5.7
1495000 6.0
1500000 5.9
1505000 4.2
1510000 2.8
1515000 3.9
1520000 8.0
1525000 0.5
1530000 0.2
1535000 8.0
1540000 3.5
1545000 3.6
1550000 5.7
1555000 6.3
1560000 5.4
1565000 3.7
1570000 6.8
1575000 3.3
1580000 4.2
1585000 0.1
1590000 2.1
1595000 1.4
1600000 4.2
1605000 0.4
1610000 1.6
1615000 6.1
1620000 2.4
1625000 3.7
1630000 2.3
1635000 9.6
1640000 19.5
1645000 3.8
1650000 1.7
1655000 6.1
1660000 12.3
1665000 2.3
1670000 16.1
1675000 0.6
1680000 0.9
1685000 8.1
1690000 4.1
1695000 10.7
1700000 7.7
1705000 0.2
1710000 0.7
1715000 6.0
1720000 1.6
1725000 0.0
1730000 5.0
1735000 23.6
1740000 7.3
1745000 11.8
1750000 4.3
1755000 0.5
1760000 14.5
1765000 8.2
1770000 14.1
1775000 1.1
1780000 4.6
1785000 2.2
1790000 5.6
1795000 4.8
1800000 3.6
1805000 0.3
1810000 2.0
1815000 0.0
1820000 1.0
1825000 9.0
1830000 23.1
1835000 3.1
1840000 16.8
1845000 0.1
1850000 6.7
1855000 3.2
1860000 3.3
1865000 1.3
1870000 4.4
1875000 0.2
1880000 3.9
1885000 0.2
1890000 9.0
1895000 0.0
1900000 36.1
1905000 3.7
1910000 1.0
1915000 3.1
1920000 0.3
1925000 4.2
1930000 4.5
1935000 5.0
1940000 2.9
1945000 0.5
1950000 8.7
1955000 1.2
1960000 1.3
1965000 6.5
1970000 17.1
1975000 11.1
1980000 0.9
1985000 11.1
1990000 9.7
1995000 6.3
2000000 2.1
