5000 13.7
10000 16.7
15000 0.2
20000 8.2
25000 16.1
30000 3.5
35000 1.5
40000 4.4
45000 5.0
50000 0.1
55000 3.1
60000 22.3
65000 10.1
70000 0.5
75000 1.0
80000 0.4
85000 10.6
90000 5.4
95000 1.3
100000 2.4
105000 1.0
110000 0.0
115000 8.0
120000 0.1
125000 14.0
130000 2.5
135000 4.8
140000 7.0
145000 0.6
150000 0.1
155000 0.0
160000 4.0
165000 15.9
170000 9.5
175000 4.8
180000 5.3
185000 0.9
190000 2.1
195000 3.1
200000 1.1
205000 0.8
210000 14.5
215000 5.4
220000 4.6
225000 6.8
230000 4.5
235000 1.6
240000 1.3
245000 0.5
250000 3.2
255000 1.2
260000 1.4
265000 2.9
270000 13.8
275000 16.9
280000 9.3
285000 12.0
290000 0.8
295000 4.9
300000 0.6
305000 0.7
310000 2.8
315000 3.3
320000 11.9
325000 6.4
330000 2.1
335000 0.1
340000 5.3
345000 5.2
350000 1.3
355000 2.0
360000 5.9
365000 7.0
370000 2.4
375000 2.8
380000 4.2
385000 0.7
390000 0.6
395000 0.4
400000 0.2
405000 6.6
410000 1.4
415000 3.9
420000 14.2
425000 0.8
430000 2.5
435000 0.2
440000 0.1
445000 0.2
450000 1.6
455000 0.7
460000 4.2
465000 0.1
470000 7.1
475000 4.3
480000 0.1
485000 1.4
490000 4.1
495000 3.2
500000 0.0
505000 5.5
510000 1.0
515000 1.7
520000 3.9
525000 3.8
530000 2.2
535000 9.9
540000 5.5
545000 2.6
550000 1.1
555000 2.6
560000 5.9
565000 3.3
570000 0.3
575000 0.3
580000 2.9
585000 5.1
590000 2.6
595000 3.8
600000 9.3
605000 0.1
610000 6.5
615000 11.8
620000 4.6
625000 6.2
630000 0.1
635000 2.8
640000 0.4
645000 2.9
650000 4.1
655000 0.2
660000 12.8
665000 6.2
670000 10.9
675000 11.6
680000 0.6
685000 1.1
690000 10.8
695000 0.3
700000 3.8
705000 1.1
710000 3.2
715000 4.6
720000 0.5
725000 3.9
730000 6.6
735000 0.1
740000 1.6
745000 0.4
750000 10.4
755000 8.0
760000 3.3
765000 0.1
770000 1.0
775000 9.2
780000 5.6
785000 3.1
790000 0.0
795000 1.3
800000 9.1
805000 4.8
810000 2.9
815000 0.8
820000 1.2
825000 0.1
830000 4.3
835000 0.6
840000 3.9
845000 0.9
850000 9.0
855000 1.8
860000 2.3
865000 1.8
870000 1.2
875000 0.6
880000 16.7
885000 8.5
890000 1.3
895000 1.5
900000 7.6
905000 0.9
910000 4.9
915000 0.5
920000 10.5
925000 4.4
930000 0.5
935000 2.9
940000 3.4
945000 9.4
950000 7.7
955000 11.7
960000 1.8
965000 1.1
970000 15.7
975000 28.5
980000 2.1
985000 2.6
990000 0.3
995000 5.1
1000000 31.1
1005000 5.0
1010000 7.1
1015000 0.6
1020000 1.4
1025000 0.7
1030000 8.4
1035000 15.0
1040000 1.2
1045000 3.0
1050000 7.2
1055000 10.9
1060000 3.9
1065000 8.6
1070000 4.3
1075000 8.3
1080000 0.5
1085000 1.9
1090000 2.5
1095000 2.8
1100000 0.3
1105000 2.7
1110000 0.3
1115000 5.6
1120000 2.2
1125000 2.0
1130000 6.1
1135000 0.3
1140000 3.7
1145000 0.5
1150000 7.6
1155000 2.8
1160000 0.9
1165000 0.1
1170000 0.8
1175000 10.4
1180000 3.6
1185000 3.2
1190000 1.2
1195000 0.8
1200000 0.9
1205000 1.9
1210000 0.8
1215000 19.9
1220000 6.4
1225000 28.9
1230000 1.6
1235000 0.2
1240000 7.6
1245000 9.9
1250000 4.3
1255000 11.9
1260000 1.2
1265000 3.8
1270000 0.2
1275000 8.5
1280000 9.1
1285000 2.1
1290000 9.6
1295000 3.5
1300000 1.5
1305000 2.3
1310000 29.8
1315000 0.9
1320000 0.2
1325000 9.2
1330000 0.4
1335000 1.8
1340000 0.1
1345000 5.5
1350000 0.3
1355000 9.7
1360000 2.7
1365000 7.9
1370000 0.0
1375000 3.4
1380000 5.6
1385000 7.9
1390000 7.0
1395000 8.9
1400000 4.2
1405000 0.4
1410000 8.7
1415000 0.9
1420000 3.3
1425000 4.2
1430000 2.9
1435000 0.2
1440000 3.7
1445000 0.0
1450000 0.5
1455000 0.7
1460000 1.1
1465000 0.1
1470000 3.7
1475000 4.3
1480000 0.0
1485000 4.1
1490000 4.9
1495000 6.0
1500000 1.1
1505000 24.6
1510000 0.7
1515000 0.4
1520000 4.6
1525000 2.2
1530000 1.8
1535000 6.1
1540000 4.5
1545000 1.8
1550000 20.9
1555000 16.6
1560000 1.0
1565000 3.3
1570000 1.2
1575000 0.2
1580000 9.8
1585000 0.2
1590000 8.1
1595000 5.4
1600000 4.6
1605000 2.8
1610000 0.0
1615000 3.0
1620000 3.1
1625000 0.1
1630000 0.1
1635000 9.9
1640000 7.1
1645000 3.7
1650000 3.0
1655000 2.1
1660000 7.5
1665000 4.5
1670000 10.9
1675000 10.0
1680000 3.8
1685000 1.5
1690000 0.8
1695000 5.9
1700000 0.3
1705000 0.3
1710000 1.1
1715000 0.8
1720000 1.7
1725000 3.3
1730000 13.0
1735000 4.5
1740000 8.7
1745000 1.0
1750000 2.7
1755000 2.9
1760000 4.4
1765000 0.1
1770000 4.7
1775000 2.2
1780000 5.6
1785000 1.0
1790000 2.9
1795000 3.1
1800000 8.1
1805000 2.5
1810000 0.1
1815000 0.0
1820000 13.1
1825000 0.8
1830000 0.0
1835000 9.9
1840000 6.0
1845000 15.3
1850000 4.9
1855000 5.7
1860000 1.9
1865000 2.3
1870000 0.3
1875000 2.1
1880000 0.1
1885000 5.9
1890000 1.8
1895000 7.7
1900000 0.0
1905000 0.3
1910000 12.7
1915000 0.0
1920000 1.7
1925000 3.3
1930000 0.0
1935000 4.5
1940000 7.2
1945000 2.5
1950000 0.1
1955000 8.9
1960000 6.6
1965000 2.0
1970000 2.3
1975000 3.4
1980000 0.6
1985000 2.2
1990000 7.6
1995000 0.5
2000000 0.6
