5000 5.4
10000 4.2
15000 2.7
20000 10.4
25000 2.1
30000 0.8
35000 8.2
40000 10.9
45000 4.1
50000 14.6
55000 2.3
60000 2.0
65000 13.3
70000 30.2
75000 4.0
80000 0.8
85000 0.4
90000 3.3
95000 8.2
100000 11.1
105000 7.2
110000 4.6
115000 1.6
120000 11.5
125000 17.5
130000 7.1
135000 0.2
140000 1.4
145000 0.5
150000 0.1
155000 1.6
160000 8.1
165000 13.5
170000 8.8
175000 5.3
180000 3.4
185000 15.4
190000 8.6
195000 0.8
200000 4.7
205000 2.9
210000 0.1
215000 0.4
220000 4.0
225000 4.6
230000 9.9
235000 13.1
240000 1.7
245000 0.1
250000 5.4
255000 1.2
260000 5.3
265000 7.6
270000 3.4
275000 7.8
280000 22.3
285000 5.4
290000 3.1
295000 9.7
300000 3.6
305000 0.1
310000 3.5
315000 6.8
320000 7.1
325000 17.7
330000 3.2
335000 5.2
340000 14.6
345000 9.4
350000 12.4
355000 4.8
360000 8.2
365000 3.1
370000 22.9
375000 7.3
380000 4.7
385000 3.9
390000 4.5
395000 7.0
400000 6.5
405000 2.8
410000 9.8
415000 3.0
420000 3.6
425000 1.6
430000 5.4
435000 10.1
440000 16.2
445000 3.8
450000 15.6
455000 12.3
460000 7.8
465000 12.2
470000 24.0
475000 7.1
480000 8.9
485000 10.9
490000 4.1
495000 6.6
500000 17.8
505000 6.6
510000 9.2
515000 5.1
520000 6.7
525000 10.9
530000 1.8
535000 4.1
540000 1.3
545000 0.3
550000 8.1
555000 5.0
560000 0.8
565000 2.9
570000 17.0
575000 0.0
580000 5.6
585000 0.1
590000 5.5
595000 5.9
600000 6.4
605000 1.5
610000 0.0
615000 4.5
620000 5.2
625000 0.2
630000 5.0
635000 16.7
640000 7.8
645000 2.0
650000 22.3
655000 3.7
660000 30.7
665000 8.6
670000 20.9
675000 6.8
680000 0.1
685000 9.9
690000 9.5
695000 3.1
700000 10.3
705000 1.6
710000 4.3
715000 9.5
720000 7.0
725000 12.3
730000 1.9
735000 7.4
740000 0.0
745000 0.5
750000 10.4
755000 1.2
760000 14.1
765000 7.7
770000 3.1
775000 74.5
780000 17.1
785000 1.3
790000 9.4
795000 18.2
800000 4.5
805000 1.6
810000 0.5
815000 3.0
820000 6.2
825000 5.3
830000 17.6
835000 5.6
840000 0.6
845000 2.7
850000 3.8
855000 3.0
860000 13.1
865000 1.9
870000 0.0
875000 22.3
880000 11.7
885000 0.2
890000 0.2
895000 1.8
900000 7.7
905000 27.8
910000 11.0
915000 8.4
920000 10.0
925000 9.8
930000 2.0
935000 10.7
940000 16.4
945000 5.2
950000 8.1
955000 7.1
960000 13.0
965000 10.7
970000 15.2
975000 15.2
980000 1.0
985000 3.7
990000 5.1
995000 8.4
1000000 0.2
1005000 3.5
1010000 3.2
1015000 4.2
1020000 2.0
1025000 0.3
1030000 0.7
1035000 1.0
1040000 5.2
1045000 7.0
1050000 6.5
1055000 0.7
1060000 9.2
1065000 11.1
1070000 24.8
1075000 19.4
1080000 30.1
1085000 4.6
1090000 17.1
1095000 4.0
1100000 25.5
1105000 7.2
1110000 17.7
1115000 7.2
1120000 4.4
1125000 24.0
1130000 1.2
1135000 4.9
1140000 30.5
1145000 1.5
1150000 9.5
1155000 6.0
1160000 10.6
1165000 10.8
1170000 2.9
1175000 2.8
1180000 3.8
1185000 6.3
1190000 4.8
1195000 1.7
1200000 0.8
1205000 8.7
1210000 8.8
1215000 1.9
1220000 12.8
1225000 11.9
1230000 30.1
1235000 16.0
1240000 1.0
1245000 3.5
1250000 0.7
1255000 8.1
1260000 8.9
1265000 6.0
1270000 11.3
1275000 14.0
1280000 8.5
1285000 6.0
1290000 2.5
1295000 16.7
1300000 0.6
1305000 0.0
1310000 29.8
1315000 1.3
1320000 7.6
1325000 8.3
1330000 14.4
1335000 4.4
1340000 0.9
1345000 5.5
1350000 33.0
1355000 9.7
1360000 12.1
1365000 5.2
1370000 13.3
1375000 0.0
1380000 28.8
1385000 2.2
1390000 14.5
1395000 2.4
1400000 24.8
1405000 12.7
1410000 0.2
1415000 2.8
1420000 18.2
1425000 21.6
1430000 0.3
1435000 0.6
1440000 0.0
1445000 0.0
1450000 1.2
1455000 35.2
1460000 12.3
1465000 14.0
1470000 14.6
1475000 0.7
1480000 0.0
1485000 12.6
1490000 0.1
1495000 17.8
1500000 2.7
1505000 4.5
1510000 4.6
1515000 6.8
1520000 0.3
1525000 8.1
1530000 0.2
1535000 0.1
1540000 10.8
1545000 17.5
1550000 3.6
1555000 20.2
1560000 2.9
1565000 3.4
1570000 3.8
1575000 4.8
1580000 4.3
1585000 14.5
1590000 0.8
1595000 2.9
1600000 3.4
1605000 4.1
1610000 1.3
1615000 1.6
1620000 9.2
1625000 5.0
1630000 9.0
1635000 16.1
1640000 26.2
1645000 0.6
1650000 3.8
1655000 16.0
1660000 14.9
1665000 0.0
1670000 1.8
1675000 0.2
1680000 16.8
1685000 3.5
1690000 11.8
1695000 6.4
1700000 17.0
1705000 4.9
1710000 5.9
1715000 1.6
1720000 0.4
1725000 6.1
1730000 5.1
1735000 6.4
1740000 30.8
1745000 1.6
1750000 3.0
1755000 20.8
1760000 9.8
1765000 3.9
1770000 3.1
1775000 6.2
1780000 1.3
1785000 11.4
1790000 0.5
1795000 19.9
1800000 23.7
1805000 2.1
1810000 0.2
1815000 7.1
1820000 1.7
1825000 17.9
1830000 6.2
1835000 5.7
1840000 1.7
1845000 6.9
1850000 5.0
1855000 4.8
1860000 18.3
1865000 5.0
1870000 0.6
1875000 7.7
1880000 0.2
1885000 1.4
1890000 4.3
1895000 16.9
1900000 10.9
1905000 2.5
1910000 7.9
1915000 15.1
1920000 5.8
1925000 2.6
1930000 9.4
1935000 1.5
1940000 23.6
1945000 6.9
1950000 10.0
1955000 3.6
1960000 11.2
1965000 12.6
1970000 11.4
1975000 0.5
1980000 22.5
1985000 0.2
1990000 4.3
1995000 6.5
2000000 2.4
