10000 71.1
20000 294.6
30000 356.5
40000 472.0
50000 411.8
60000 513.1
70000 403.1
80000 595.8
90000 607.5
100000 634.9
110000 705.8
120000 724.6
130000 780.0
140000 784.8
150000 650.1
160000 846.5
170000 868.6
180000 862.6
190000 850.7
200000 901.5
210000 864.7
220000 907.9
230000 892.4
240000 886.7
250000 899.0
260000 910.2
270000 934.0
280000 733.9
290000 922.7
300000 740.8
310000 910.1
320000 919.6
330000 943.9
340000 926.4
350000 911.8
360000 869.5
370000 927.8
380000 911.0
390000 951.0
400000 942.2
410000 932.1
420000 954.8
430000 918.2
440000 922.2
450000 938.5
460000 945.7
470000 956.7
480000 940.0
490000 935.2
500000 957.9
