10000 136.4
20000 166.8
30000 230.9
40000 384.2
50000 420.3
60000 486.5
70000 476.3
80000 465.2
90000 492.0
100000 553.1
110000 537.6
120000 622.8
130000 620.4
140000 667.1
150000 629.9
160000 700.1
170000 681.8
180000 712.7
190000 741.5
200000 747.6
210000 780.4
220000 782.9
230000 809.3
240000 823.1
250000 826.3
260000 839.7
270000 844.9
280000 871.3
290000 881.5
300000 896.0
310000 888.0
320000 908.8
330000 895.1
340000 924.0
350000 914.8
360000 930.9
370000 908.4
380000 844.9
390000 913.8
400000 956.5
410000 947.1
420000 899.8
430000 917.9
440000 918.1
450000 949.8
460000 890.2
470000 930.2
480000 932.1
490000 945.3
500000 924.2
