10000 36.5
20000 101.4
30000 124.8
40000 94.8
50000 428.1
60000 466.9
70000 514.1
80000 605.5
90000 679.5
100000 672.6
110000 675.2
120000 752.7
130000 803.0
140000 787.7
150000 760.2
160000 871.2
170000 848.3
180000 843.1
190000 893.2
200000 881.3
210000 862.9
220000 904.1
230000 907.3
240000 925.3
250000 936.7
260000 937.2
270000 905.3
280000 950.1
290000 961.3
300000 964.8
310000 847.5
320000 942.9
330000 956.4
340000 946.9
350000 947.5
360000 950.7
370000 854.4
380000 955.2
390000 960.2
400000 954.9
410000 963.1
420000 959.6
430000 962.3
440000 907.2
450000 849.9
460000 869.6
470000 933.9
480000 841.6
490000 896.3
500000 938.3
