10000 76.4
20000 103.1
30000 244.1
40000 410.6
50000 451.1
60000 480.0
70000 374.7
80000 463.5
90000 630.3
100000 634.7
110000 616.0
120000 718.3
130000 751.7
140000 759.7
150000 837.1
160000 869.7
170000 870.1
180000 872.4
190000 907.5
200000 894.4
210000 873.2
220000 924.2
230000 894.5
240000 911.9
250000 919.9
260000 946.7
270000 938.9
280000 939.4
290000 951.8
300000 950.1
310000 929.4
320000 939.8
330000 942.6
340000 848.3
350000 939.8
360000 937.7
370000 942.9
380000 964.8
390000 955.0
400000 950.5
410000 915.2
420000 949.7
430000 949.7
440000 956.0
450000 868.8
460000 957.4
470000 944.7
480000 912.9
490000 952.1
500000 853.8
