10000 91.9
20000 141.1
30000 282.6
40000 294.4
50000 402.0
60000 416.5
70000 427.1
80000 469.5
90000 554.8
100000 577.1
110000 598.0
120000 541.8
130000 601.8
140000 577.0
150000 621.2
160000 659.8
170000 694.8
180000 721.0
190000 700.4
200000 747.6
210000 726.4
220000 760.4
230000 788.6
240000 797.4
250000 763.1
260000 808.9
270000 841.7
280000 830.8
290000 825.5
300000 845.9
310000 854.1
320000 769.8
330000 833.9
340000 842.7
350000 860.4
360000 880.4
370000 855.9
380000 821.0
390000 886.3
400000 871.5
410000 885.2
420000 866.8
430000 893.5
440000 882.5
450000 883.9
460000 897.4
470000 886.9
480000 875.3
490000 888.0
500000 878.5
