10000 69.1
20000 110.8
30000 189.2
40000 208.1
50000 157.6
60000 356.6
70000 374.8
80000 420.9
90000 472.3
100000 473.3
110000 523.6
120000 523.2
130000 519.8
140000 566.3
150000 515.4
160000 545.5
170000 564.1
180000 553.3
190000 619.6
200000 592.7
210000 614.2
220000 638.4
230000 626.0
240000 624.1
250000 605.5
260000 654.7
270000 669.0
280000 656.1
290000 670.5
300000 678.9
310000 658.6
320000 632.9
330000 684.2
340000 664.7
350000 666.4
360000 701.9
370000 685.5
380000 709.5
390000 727.6
400000 713.2
410000 691.8
420000 693.0
430000 745.4
440000 733.7
450000 780.0
460000 787.8
470000 848.4
480000 843.5
490000 857.3
500000 887.7
