10000 33.3
20000 338.1
30000 250.3
40000 438.6
50000 511.7
60000 538.8
70000 525.6
80000 570.3
90000 587.2
100000 665.1
110000 708.1
120000 735.9
130000 758.3
140000 778.1
150000 775.5
160000 767.3
170000 800.0
180000 859.1
190000 859.6
200000 898.8
210000 878.6
220000 876.2
230000 893.7
240000 919.9
250000 926.7
260000 879.2
270000 921.4
280000 916.3
290000 933.6
300000 942.3
310000 944.2
320000 928.2
330000 944.3
340000 914.4
350000 918.4
360000 918.4
370000 944.3
380000 932.1
390000 965.7
400000 911.9
410000 943.9
420000 930.6
430000 942.3
440000 955.4
450000 879.3
460000 923.4
470000 945.5
480000 903.0
490000 924.7
500000 932.2
