10000 56.5
20000 152.7
30000 218.6
40000 145.6
50000 389.9
60000 399.3
70000 376.0
80000 503.1
90000 534.1
100000 584.2
110000 607.6
120000 698.1
130000 626.1
140000 785.9
150000 805.7
160000 779.0
170000 879.6
180000 912.5
190000 832.5
200000 942.7
210000 879.6
220000 936.6
230000 915.0
240000 945.8
250000 941.2
260000 888.7
270000 952.0
280000 938.3
290000 943.6
300000 944.9
310000 941.9
320000 941.4
330000 941.4
340000 938.9
350000 889.7
360000 923.4
370000 778.7
380000 940.1
390000 927.1
400000 839.3
410000 951.6
420000 868.9
430000 918.2
440000 926.9
450000 879.2
460000 936.9
470000 938.3
480000 942.3
490000 929.3
500000 922.1
