10000 38.6
20000 94.1
30000 133.6
40000 195.5
50000 304.1
60000 317.5
70000 353.7
80000 471.2
90000 510.8
100000 523.1
110000 547.0
120000 610.7
130000 649.5
140000 586.7
150000 674.7
160000 711.1
170000 757.0
180000 820.3
190000 801.7
200000 863.5
210000 887.3
220000 875.7
230000 876.3
240000 871.0
250000 907.5
260000 921.3
270000 919.6
280000 906.6
290000 889.5
300000 932.7
310000 939.3
320000 889.9
330000 900.8
340000 943.7
350000 932.5
360000 945.8
370000 919.8
380000 954.5
390000 940.9
400000 931.9
410000 954.1
420000 936.3
430000 942.1
440000 959.5
450000 950.8
460000 946.9
470000 858.3
480000 957.6
490000 922.8
500000 921.9
