10000 87.2
20000 81.6
30000 291.4
40000 394.0
50000 444.7
60000 518.8
70000 549.2
80000 671.7
90000 655.4
100000 761.1
110000 781.8
120000 821.4
130000 882.9
140000 875.3
150000 921.5
160000 911.1
170000 931.4
180000 939.5
190000 924.5
200000 919.9
210000 932.9
220000 933.6
230000 948.5
240000 921.3
250000 937.7
260000 947.5
270000 949.4
280000 899.4
290000 956.9
300000 930.5
310000 955.9
320000 938.3
330000 952.6
340000 837.0
350000 926.9
360000 871.4
370000 726.5
380000 954.1
390000 930.6
400000 918.1
410000 932.2
420000 901.7
430000 838.2
440000 891.0
450000 944.2
460000 949.8
470000 942.8
480000 950.2
490000 954.7
500000 943.7
