10000 0.0
20000 0.0
30000 1.0
40000 0.0
50000 2.9
60000 0.0
70000 0.0
80000 0.0
90000 0.0
100000 21.5
110000 1.5
120000 0.0
130000 0.8
140000 2.3
150000 2.4
160000 0.7
170000 0.0
180000 1.8
190000 0.0
200000 5.8
210000 0.0
220000 0.0
230000 11.7
240000 106.5
250000 11.9
260000 93.6
270000 193.9
280000 200.0
290000 183.8
300000 192.9
310000 196.4
320000 187.2
330000 93.9
340000 186.6
350000 480.0
360000 100.0
370000 350.2
380000 49.1
390000 0.0
400000 459.2
410000 7.6
420000 92.7
430000 285.0
440000 0.0
450000 279.7
460000 288.2
470000 337.8
480000 285.0
490000 117.9
500000 463.2
510000 0.0
520000 272.6
530000 461.5
540000 447.1
550000 714.6
560000 686.7
570000 777.0
580000 771.9
590000 739.7
600000 820.1
610000 100.0
620000 93.2
630000 717.7
640000 720.3
650000 618.0
660000 732.1
670000 677.6
680000 659.2
690000 834.3
700000 884.1
710000 88.5
720000 376.4
730000 268.6
740000 636.4
750000 730.5
760000 746.6
770000 763.5
780000 817.2
790000 864.5
800000 823.4
810000 22.4
820000 361.5
830000 703.4
840000 647.8
850000 534.0
860000 768.6
870000 846.1
880000 774.5
890000 806.3
900000 800.8
910000 273.4
920000 468.0
930000 547.2
940000 276.6
950000 597.0
960000 709.6
970000 900.8
980000 822.8
990000 851.5
1000000 828.2
