10000 0.0
20000 0.0
30000 0.0
40000 0.0
50000 0.0
60000 0.0
70000 0.0
80000 12.7
90000 36.4
100000 5.4
110000 10.3
120000 287.7
130000 93.8
140000 280.7
150000 460.4
160000 100.0
170000 0.0
180000 345.1
190000 667.0
200000 565.1
210000 378.7
220000 193.0
230000 291.4
240000 474.3
250000 368.8
260000 678.0
270000 706.0
280000 753.2
290000 669.6
300000 743.0
310000 33.8
320000 183.0
330000 471.7
340000 443.8
350000 708.2
360000 871.8
370000 610.1
380000 774.5
390000 843.1
400000 819.1
410000 100.0
420000 280.0
430000 624.5
440000 708.9
450000 820.3
460000 723.6
470000 848.7
480000 790.5
490000 793.3
500000 859.9
510000 119.1
520000 279.0
530000 663.9
540000 844.2
550000 794.4
560000 767.6
570000 893.8
580000 885.1
590000 819.8
600000 854.5
610000 381.8
620000 457.0
630000 696.1
640000 800.8
650000 658.4
660000 817.5
670000 845.8
680000 839.2
690000 795.9
700000 857.7
710000 0.0
720000 286.8
730000 647.4
740000 804.4
750000 645.2
760000 680.9
770000 807.6
780000 833.3
790000 824.8
800000 842.4
810000 27.7
820000 548.8
830000 437.2
840000 645.1
850000 637.3
860000 670.7
870000 844.5
880000 801.8
890000 722.8
900000 788.3
910000 31.8
920000 370.0
930000 615.2
940000 844.9
950000 866.3
960000 787.0
970000 807.3
980000 852.6
990000 826.6
1000000 858.5
