10000 1.6
20000 0.0
30000 0.0
40000 2.1
50000 0.0
60000 0.9
70000 0.0
80000 0.0
90000 200.0
100000 99.2
110000 0.0
120000 100.0
130000 200.0
140000 100.0
150000 124.1
160000 100.0
170000 204.5
180000 0.0
190000 100.0
200000 200.0
210000 0.0
220000 99.4
230000 100.0
240000 100.0
250000 15.0
260000 0.0
270000 0.0
280000 100.0
290000 187.6
300000 0.0
310000 0.7
320000 5.6
330000 0.0
340000 98.9
350000 100.0
360000 0.0
370000 0.0
380000 96.8
390000 0.0
400000 0.0
410000 2.1
420000 0.0
430000 0.0
440000 0.0
450000 0.0
460000 200.0
470000 100.0
480000 100.0
490000 100.0
500000 0.0
510000 0.0
520000 99.6
530000 0.0
540000 98.7
550000 85.3
560000 0.0
570000 0.0
580000 23.9
590000 0.0
600000 100.0
610000 2.2
620000 2.6
630000 0.0
640000 0.0
650000 0.0
660000 100.0
670000 200.0
680000 201.7
690000 0.0
700000 0.0
710000 0.0
720000 0.0
730000 0.0
740000 11.4
750000 100.0
760000 0.0
770000 100.0
780000 0.0
790000 110.9
800000 12.7
810000 100.0
820000 100.0
830000 99.7
840000 100.0
850000 0.0
860000 200.0
870000 296.2
880000 7.6
890000 13.2
900000 12.4
910000 0.0
920000 14.2
930000 40.7
940000 92.2
950000 187.1
960000 100.0
970000 391.3
980000 0.0
990000 186.6
1000000 286.4
