10000 0.0
20000 0.0
30000 101.8
40000 0.0
50000 89.5
60000 0.0
70000 22.3
80000 100.0
90000 90.7
100000 93.7
110000 289.9
120000 273.2
130000 278.7
140000 586.3
150000 637.3
160000 546.7
170000 369.0
180000 429.1
190000 431.9
200000 500.9
210000 277.7
220000 437.2
230000 466.5
240000 353.2
250000 775.5
260000 828.9
270000 786.3
280000 760.0
290000 817.5
300000 815.1
310000 100.0
320000 559.8
330000 452.2
340000 353.5
350000 811.0
360000 692.3
370000 840.6
380000 774.0
390000 821.2
400000 817.7
410000 0.0
420000 93.2
430000 556.1
440000 788.0
450000 801.3
460000 769.7
470000 826.1
480000 831.7
490000 807.7
500000 834.8
510000 285.8
520000 0.0
530000 620.2
540000 741.8
550000 784.9
560000 861.3
570000 900.9
580000 843.0
590000 696.7
600000 832.6
610000 1.3
620000 4.5
630000 532.6
640000 554.6
650000 787.5
660000 694.6
670000 801.0
680000 816.7
690000 820.0
700000 786.7
710000 187.5
720000 100.0
730000 281.4
740000 403.8
750000 810.5
760000 809.8
770000 750.5
780000 827.3
790000 869.0
800000 812.7
810000 375.9
820000 369.2
830000 277.8
840000 787.1
850000 784.2
860000 597.6
870000 810.3
880000 849.5
890000 804.0
900000 848.1
910000 293.5
920000 242.7
930000 519.5
940000 462.0
950000 708.7
960000 567.3
970000 774.8
980000 904.3
990000 821.0
1000000 917.3
