10000 0.0
20000 2.0
30000 2.4
40000 0.0
50000 2.5
60000 0.0
70000 2.8
80000 11.2
90000 11.3
100000 7.6
110000 18.7
120000 8.5
130000 9.8
140000 16.0
150000 1.5
160000 42.5
170000 61.2
180000 25.5
190000 55.1
200000 41.2
210000 8.9
220000 28.5
230000 51.0
240000 24.5
250000 52.3
260000 62.3
270000 59.6
280000 74.7
290000 68.5
300000 69.7
310000 31.6
320000 50.6
330000 54.6
340000 160.9
350000 32.5
360000 188.2
370000 621.4
380000 541.0
390000 725.1
400000 776.6
410000 277.0
420000 370.3
430000 287.9
440000 669.8
450000 345.9
460000 798.9
470000 770.1
480000 773.0
490000 723.7
500000 808.5
510000 374.2
520000 473.5
530000 544.1
540000 817.1
550000 831.6
560000 732.3
570000 798.4
580000 762.7
590000 807.5
600000 834.8
610000 0.0
620000 36.6
630000 722.1
640000 182.2
650000 802.4
660000 762.8
670000 600.0
680000 777.3
690000 835.3
700000 864.2
710000 378.4
720000 282.6
730000 286.5
740000 506.0
750000 786.0
760000 809.9
770000 795.2
780000 840.3
790000 880.3
800000 841.5
810000 106.9
820000 376.8
830000 233.8
840000 533.8
850000 682.0
860000 547.4
870000 810.9
880000 848.2
890000 813.1
900000 783.5
910000 10.5
920000 370.5
930000 168.9
940000 541.8
950000 690.0
960000 783.7
970000 713.8
980000 766.3
990000 807.3
1000000 925.6
