10000 0.0
20000 0.0
30000 3.1
40000 97.9
50000 4.3
60000 8.9
70000 0.0
80000 6.6
90000 1.2
100000 0.0
110000 0.0
120000 0.4
130000 0.0
140000 8.1
150000 18.0
160000 0.0
170000 192.2
180000 93.2
190000 0.0
200000 193.4
210000 0.0
220000 398.9
230000 191.6
240000 192.9
250000 186.9
260000 0.0
270000 93.7
280000 566.6
290000 437.5
300000 65.7
310000 0.0
320000 99.5
330000 428.3
340000 547.2
350000 96.7
360000 360.6
370000 701.6
380000 587.1
390000 760.1
400000 706.8
410000 191.1
420000 358.5
430000 543.2
440000 497.2
450000 582.4
460000 759.3
470000 662.7
480000 734.9
490000 591.3
500000 835.0
510000 187.0
520000 629.9
530000 508.8
540000 770.5
550000 684.6
560000 523.2
570000 842.3
580000 825.3
590000 759.8
600000 834.6
610000 5.4
620000 446.9
630000 89.2
640000 812.9
650000 830.0
660000 816.6
670000 603.1
680000 774.0
690000 786.4
700000 794.1
710000 256.6
720000 360.7
730000 511.7
740000 533.6
750000 816.5
760000 832.8
770000 852.3
780000 832.9
790000 812.4
800000 845.0
810000 278.4
820000 187.0
830000 456.6
840000 356.3
850000 830.3
860000 751.3
870000 754.2
880000 767.2
890000 806.6
900000 802.8
910000 1.4
920000 285.4
930000 455.2
940000 545.4
950000 706.6
960000 810.6
970000 730.0
980000 746.1
990000 787.7
1000000 796.9
