10000 0.0
20000 0.0
30000 0.0
40000 0.0
50000 0.0
60000 0.4
70000 0.0
80000 16.7
90000 12.9
100000 5.3
110000 0.0
120000 0.0
130000 0.0
140000 2.0
150000 50.7
160000 59.8
170000 53.7
180000 33.6
190000 68.5
200000 39.9
210000 44.7
220000 126.1
230000 277.3
240000 345.3
250000 622.4
260000 646.5
270000 647.7
280000 833.4
290000 725.6
300000 873.9
310000 370.9
320000 373.9
330000 819.4
340000 731.6
350000 822.0
360000 765.7
370000 762.4
380000 851.2
390000 837.4
400000 787.1
410000 191.1
420000 186.0
430000 440.5
440000 631.3
450000 744.3
460000 881.3
470000 871.3
480000 831.2
490000 841.7
500000 787.6
510000 92.9
520000 546.0
530000 615.5
540000 506.1
550000 640.0
560000 753.7
570000 802.9
580000 822.2
590000 786.0
600000 788.3
610000 371.4
620000 280.5
630000 380.1
640000 427.4
650000 727.5
660000 632.2
670000 734.7
680000 752.1
690000 810.0
700000 862.9
710000 0.0
720000 93.3
730000 436.9
740000 816.4
750000 588.0
760000 903.7
770000 689.9
780000 772.8
790000 756.5
800000 800.7
810000 277.7
820000 243.8
830000 467.2
840000 875.8
850000 808.6
860000 866.8
870000 769.1
880000 877.7
890000 791.8
900000 899.6
910000 92.5
920000 188.1
930000 766.6
940000 667.5
950000 841.0
960000 721.4
970000 858.8
980000 809.0
990000 837.3
1000000 848.7
