10000 0.0
20000 1.8
30000 0.0
40000 0.0
50000 2.4
60000 0.0
70000 7.9
80000 9.2
90000 0.0
100000 293.4
110000 0.0
120000 284.5
130000 244.0
140000 93.3
150000 574.0
160000 376.7
170000 479.9
180000 509.9
190000 343.1
200000 669.8
210000 100.0
220000 186.5
230000 587.1
240000 321.8
250000 381.3
260000 645.1
270000 733.2
280000 696.1
290000 878.5
300000 767.0
310000 193.8
320000 550.2
330000 634.1
340000 637.5
350000 562.0
360000 716.2
370000 705.2
380000 738.4
390000 822.5
400000 809.0
410000 193.5
420000 180.0
430000 262.9
440000 351.8
450000 764.7
460000 746.5
470000 901.0
480000 790.1
490000 731.6
500000 798.7
510000 27.9
520000 363.6
530000 720.5
540000 505.2
550000 669.3
560000 747.5
570000 608.0
580000 875.9
590000 763.9
600000 853.8
610000 187.1
620000 403.8
630000 615.0
640000 647.2
650000 809.7
660000 753.0
670000 639.9
680000 810.3
690000 853.9
700000 784.7
710000 564.8
720000 283.0
730000 529.5
740000 712.8
750000 665.4
760000 746.6
770000 776.8
780000 820.8
790000 830.9
800000 877.9
810000 100.0
820000 22.2
830000 756.0
840000 800.4
850000 785.0
860000 788.8
870000 723.4
880000 860.6
890000 853.5
900000 820.8
910000 193.8
920000 381.8
930000 549.2
940000 344.8
950000 745.8
960000 836.8
970000 592.6
980000 848.8
990000 776.9
1000000 804.7
