10000 2.2
20000 0.0
30000 1.7
40000 0.0
50000 0.0
60000 0.3
70000 31.2
80000 22.7
90000 0.0
100000 722.3
110000 193.6
120000 287.6
130000 93.7
140000 191.9
150000 93.9
160000 301.1
170000 642.3
180000 541.7
190000 548.5
200000 557.5
210000 194.6
220000 628.2
230000 480.5
240000 561.7
250000 791.7
260000 653.8
270000 743.4
280000 814.5
290000 760.6
300000 764.7
310000 22.0
320000 362.5
330000 627.2
340000 597.2
350000 649.2
360000 845.3
370000 784.6
380000 865.8
390000 843.5
400000 796.6
410000 0.0
420000 228.3
430000 197.3
440000 669.9
450000 753.3
460000 746.9
470000 723.0
480000 807.6
490000 798.7
500000 770.1
510000 94.0
520000 459.5
530000 359.9
540000 696.2
550000 335.6
560000 840.2
570000 783.7
580000 784.4
590000 848.4
600000 834.9
610000 100.0
620000 186.8
630000 352.3
640000 620.4
650000 652.1
660000 699.3
670000 738.5
680000 809.3
690000 865.0
700000 806.4
710000 200.0
720000 477.0
730000 290.5
740000 434.2
750000 603.2
760000 795.8
770000 797.7
780000 831.6
790000 556.9
800000 787.5
810000 104.4
820000 281.0
830000 468.1
840000 517.7
850000 444.3
860000 735.4
870000 723.8
880000 851.4
890000 826.8
900000 839.8
910000 210.8
920000 366.9
930000 535.3
940000 436.0
950000 874.3
960000 699.5
970000 548.2
980000 841.2
990000 740.7
1000000 839.7
