10000 2.1
20000 0.0
30000 0.0
40000 0.0
50000 0.0
60000 0.0
70000 0.0
80000 300.0
90000 0.0
100000 98.1
110000 0.0
120000 0.0
130000 0.0
140000 19.5
150000 199.3
160000 98.9
170000 300.0
180000 100.0
190000 0.0
200000 100.0
210000 0.0
220000 0.0
230000 2.4
240000 0.0
250000 0.0
260000 0.0
270000 99.7
280000 0.0
290000 100.0
300000 0.0
310000 0.0
320000 0.0
330000 0.3
340000 111.9
350000 0.0
360000 0.0
370000 194.0
380000 17.3
390000 8.9
400000 203.1
410000 5.9
420000 0.0
430000 197.9
440000 13.8
450000 0.0
460000 6.3
470000 92.3
480000 277.6
490000 192.8
500000 189.9
510000 192.8
520000 191.4
530000 300.0
540000 93.3
550000 191.5
560000 381.7
570000 193.2
580000 86.2
590000 182.6
600000 100.0
610000 0.0
620000 0.0
630000 92.4
640000 265.4
650000 286.8
660000 93.4
670000 0.0
680000 391.9
690000 285.4
700000 482.9
710000 8.0
720000 0.0
730000 193.3
740000 289.4
750000 198.9
760000 371.7
770000 271.1
780000 276.4
790000 732.4
800000 594.1
810000 235.2
820000 281.4
830000 560.6
840000 267.1
850000 557.9
860000 477.1
870000 750.2
880000 827.0
890000 677.9
900000 855.7
910000 157.5
920000 665.4
930000 281.3
940000 506.1
950000 593.5
960000 768.7
970000 653.0
980000 853.8
990000 848.3
1000000 860.9
