5000 53.4
10000 81.9
15000 101.7
20000 60.7
25000 72.9
30000 151.0
35000 79.6
40000 69.6
45000 55.3
50000 62.3
55000 74.4
60000 62.4
65000 182.6
70000 87.3
75000 120.9
80000 59.8
85000 66.0
90000 127.7
95000 128.6
100000 82.2
105000 127.7
110000 111.8
115000 56.3
120000 100.7
125000 73.3
130000 84.3
135000 62.8
140000 51.2
145000 73.6
150000 120.3
155000 70.4
160000 70.8
165000 90.9
170000 48.7
175000 157.8
180000 126.2
185000 134.6
190000 162.6
195000 95.2
200000 77.8
205000 65.8
210000 102.4
215000 121.7
220000 192.1
225000 97.7
230000 63.0
235000 78.0
240000 56.7
245000 114.3
250000 129.6
255000 252.3
260000 61.0
265000 220.2
270000 176.8
275000 82.0
280000 132.6
285000 116.5
290000 167.5
295000 127.1
300000 133.8
305000 61.5
310000 40.7
315000 192.2
320000 71.0
325000 82.8
330000 270.2
335000 120.4
340000 197.8
345000 77.3
350000 239.2
355000 157.2
360000 191.7
365000 161.9
370000 281.0
375000 54.3
380000 74.8
385000 228.7
390000 208.5
395000 179.5
400000 81.9
405000 267.2
410000 140.2
415000 203.3
420000 213.6
425000 77.4
430000 57.6
435000 187.8
440000 95.8
445000 297.8
450000 318.6
455000 113.2
460000 127.3
465000 244.2
470000 176.7
475000 155.1
480000 159.5
485000 185.9
490000 253.1
495000 311.7
500000 153.7
505000 314.7
510000 342.4
515000 214.7
520000 207.9
525000 59.9
530000 228.5
535000 189.4
540000 179.4
545000 270.5
550000 164.7
555000 153.8
560000 224.1
565000 253.3
570000 160.6
575000 236.4
580000 292.3
585000 325.3
590000 227.4
595000 321.4
600000 421.9
605000 280.7
610000 463.3
615000 208.2
620000 219.0
625000 376.6
630000 488.6
635000 225.7
640000 212.4
645000 151.0
650000 187.7
655000 291.5
660000 186.3
665000 128.2
670000 464.1
675000 297.6
680000 231.2
685000 296.3
690000 118.8
695000 281.8
700000 246.8
705000 195.9
710000 409.2
715000 157.5
720000 267.5
725000 172.2
730000 153.8
735000 69.8
740000 124.4
745000 190.6
750000 310.8
755000 222.6
760000 294.8
765000 82.5
770000 295.2
775000 276.2
780000 340.3
785000 62.2
790000 318.7
795000 148.6
800000 306.8
805000 301.9
810000 357.6
815000 118.2
820000 77.6
825000 346.1
830000 381.6
835000 349.0
840000 415.8
845000 337.8
850000 43.6
855000 360.1
860000 246.2
865000 348.4
870000 128.9
875000 370.9
880000 163.0
885000 135.6
890000 670.5
895000 413.0
900000 583.3
905000 137.6
910000 158.8
915000 342.0
920000 223.3
925000 143.1
930000 363.8
935000 175.0
940000 402.4
945000 330.6
950000 334.2
955000 234.2
960000 334.8
965000 260.0
970000 288.3
975000 396.4
980000 226.3
985000 359.8
990000 257.9
995000 308.4
1000000 371.0
1005000 315.6
1010000 119.8
1015000 469.7
1020000 394.3
1025000 241.8
1030000 262.5
1035000 275.4
1040000 401.0
1045000 203.4
1050000 381.8
1055000 209.0
1060000 218.5
1065000 171.7
1070000 498.1
1075000 273.1
1080000 327.7
1085000 424.6
1090000 369.3
1095000 276.3
1100000 638.8
1105000 299.0
1110000 182.1
1115000 242.2
1120000 201.3
1125000 349.1
1130000 356.1
1135000 253.8
1140000 446.0
1145000 655.5
1150000 362.6
1155000 146.1
1160000 492.5
1165000 442.3
1170000 455.1
1175000 311.6
1180000 355.2
1185000 525.6
1190000 258.1
1195000 333.1
1200000 328.4
1205000 331.7
1210000 317.6
1215000 453.7
1220000 304.1
1225000 329.8
1230000 397.5
1235000 364.8
1240000 473.1
1245000 367.8
1250000 263.2
1255000 320.9
1260000 287.9
1265000 384.2
1270000 436.9
1275000 348.1
1280000 163.7
1285000 215.4
1290000 560.9
1295000 499.9
1300000 374.7
1305000 260.7
1310000 375.9
1315000 144.7
1320000 304.5
1325000 219.5
1330000 528.3
1335000 378.2
1340000 280.5
1345000 297.2
1350000 441.3
1355000 389.0
1360000 332.9
1365000 391.4
1370000 353.4
1375000 350.1
1380000 434.4
1385000 324.4
1390000 468.1
1395000 367.1
1400000 419.9
1405000 417.6
1410000 223.6
1415000 362.2
1420000 435.3
1425000 130.3
1430000 442.2
1435000 168.2
1440000 427.5
1445000 363.5
1450000 114.1
1455000 303.4
1460000 457.6
1465000 552.0
1470000 456.0
1475000 441.5
1480000 369.1
1485000 417.2
1490000 223.8
1495000 446.1
1500000 205.0
1505000 308.1
1510000 301.3
1515000 411.3
1520000 361.1
1525000 399.3
1530000 371.8
1535000 308.0
1540000 271.1
1545000 327.8
1550000 405.2
1555000 263.4
1560000 355.1
1565000 415.1
1570000 303.7
1575000 672.0
1580000 360.9
1585000 203.4
1590000 353.8
1595000 465.2
1600000 415.4
1605000 385.2
1610000 418.4
1615000 346.2
1620000 446.5
1625000 140.8
1630000 303.0
1635000 435.4
1640000 292.6
1645000 300.3
1650000 302.2
1655000 448.4
1660000 397.4
1665000 261.3
1670000 338.9
1675000 371.7
1680000 554.4
1685000 356.9
1690000 301.4
1695000 167.4
1700000 399.4
1705000 400.8
1710000 546.2
1715000 450.8
1720000 272.0
1725000 443.4
1730000 213.8
1735000 561.5
1740000 530.2
1745000 236.5
1750000 377.4
1755000 450.5
1760000 484.7
1765000 282.1
1770000 584.0
1775000 405.0
1780000 595.0
1785000 287.8
1790000 340.8
1795000 269.6
1800000 383.1
1805000 342.3
1810000 571.9
1815000 405.2
1820000 368.1
1825000 432.4
1830000 362.5
1835000 490.1
1840000 535.3
1845000 141.0
1850000 555.1
1855000 340.4
1860000 407.5
1865000 269.9
1870000 292.8
1875000 461.5
1880000 515.9
1885000 483.9
1890000 252.6
1895000 420.5
1900000 476.1
1905000 592.3
1910000 430.3
1915000 387.9
1920000 319.0
1925000 355.6
1930000 488.6
1935000 130.1
1940000 375.2
1945000 440.1
1950000 354.9
1955000 357.7
1960000 461.3
1965000 431.7
1970000 386.1
1975000 480.2
1980000 339.0
1985000 320.7
1990000 380.9
1995000 507.6
2000000 353.0
