5000 84.6
10000 67.6
15000 98.1
20000 59.0
25000 57.2
30000 74.5
35000 72.3
40000 90.5
45000 77.8
50000 166.1
55000 73.5
60000 86.0
65000 54.1
70000 68.4
75000 68.4
80000 58.2
85000 96.1
90000 47.8
95000 74.6
100000 82.5
105000 79.5
110000 89.5
115000 73.7
120000 138.9
125000 105.7
130000 138.3
135000 78.4
140000 99.1
145000 96.2
150000 121.7
155000 93.2
160000 114.0
165000 255.6
170000 73.9
175000 92.5
180000 173.3
185000 84.0
190000 127.1
195000 50.9
200000 80.7
205000 111.2
210000 45.8
215000 79.9
220000 115.3
225000 64.4
230000 98.0
235000 118.9
240000 159.7
245000 138.7
250000 143.5
255000 94.1
260000 69.7
265000 132.2
270000 117.4
275000 102.8
280000 125.3
285000 76.5
290000 100.0
295000 108.3
300000 176.1
305000 227.1
310000 127.0
315000 248.6
320000 132.3
325000 43.4
330000 83.9
335000 127.6
340000 229.9
345000 140.8
350000 197.6
355000 168.0
360000 102.9
365000 221.5
370000 79.2
375000 369.8
380000 336.2
385000 78.0
390000 131.3
395000 100.9
400000 223.2
405000 345.1
410000 255.5
415000 85.8
420000 225.5
425000 276.1
430000 182.0
435000 115.4
440000 265.4
445000 202.2
450000 83.8
455000 148.7
460000 343.1
465000 281.6
470000 296.3
475000 63.5
480000 204.7
485000 66.8
490000 262.4
495000 329.4
500000 61.3
505000 194.8
510000 207.9
515000 415.3
520000 266.6
525000 185.5
530000 232.0
535000 209.3
540000 127.9
545000 195.9
550000 356.6
555000 72.6
560000 193.9
565000 178.2
570000 503.4
575000 209.7
580000 292.4
585000 342.4
590000 197.5
595000 85.5
600000 244.5
605000 137.5
610000 191.1
615000 178.1
620000 273.3
625000 190.6
630000 244.5
635000 194.3
640000 403.2
645000 147.9
650000 173.0
655000 396.4
660000 157.1
665000 177.7
670000 611.4
675000 133.8
680000 474.7
685000 374.9
690000 140.7
695000 129.7
700000 304.7
705000 119.9
710000 245.5
715000 488.4
720000 222.4
725000 189.3
730000 310.0
735000 297.3
740000 231.8
745000 414.0
750000 222.8
755000 257.6
760000 370.5
765000 256.6
770000 245.1
775000 438.2
780000 409.6
785000 243.4
790000 365.9
795000 170.1
800000 434.4
805000 416.1
810000 329.8
815000 319.3
820000 374.0
825000 127.1
830000 417.9
835000 430.3
840000 363.7
845000 312.9
850000 550.4
855000 349.4
860000 153.7
865000 442.3
870000 322.9
875000 370.3
880000 458.3
885000 545.2
890000 507.0
895000 370.3
900000 312.7
905000 514.7
910000 286.2
915000 438.0
920000 303.7
925000 98.3
930000 419.2
935000 220.7
940000 227.3
945000 352.3
950000 274.1
955000 421.1
960000 428.2
965000 275.8
970000 205.1
975000 384.1
980000 261.1
985000 413.6
990000 506.1
995000 284.7
1000000 333.5
1005000 347.1
1010000 431.9
1015000 342.7
1020000 279.3
1025000 270.5
1030000 308.5
1035000 282.9
1040000 401.7
1045000 413.2
1050000 369.8
1055000 505.2
1060000 319.3
1065000 283.5
1070000 550.9
1075000 427.9
1080000 473.6
1085000 422.1
1090000 439.1
1095000 483.6
1100000 514.1
1105000 421.2
1110000 334.6
1115000 302.2
1120000 340.9
1125000 507.1
1130000 387.9
1135000 395.3
1140000 111.9
1145000 447.5
1150000 372.3
1155000 460.3
1160000 555.5
1165000 291.7
1170000 518.5
1175000 472.5
1180000 435.0
1185000 433.1
1190000 219.2
1195000 739.5
1200000 203.8
1205000 417.7
1210000 481.1
1215000 324.9
1220000 181.3
1225000 400.9
1230000 465.8
1235000 230.4
1240000 380.5
1245000 365.5
1250000 357.0
1255000 421.0
1260000 434.5
1265000 408.5
1270000 559.3
1275000 443.3
1280000 579.7
1285000 545.6
1290000 568.6
1295000 367.6
1300000 531.1
1305000 565.0
1310000 501.4
1315000 485.3
1320000 607.4
1325000 293.2
1330000 330.8
1335000 559.0
1340000 645.2
1345000 557.2
1350000 415.3
1355000 421.7
1360000 741.7
1365000 346.3
1370000 482.8
1375000 423.3
1380000 510.4
1385000 362.5
1390000 666.9
1395000 423.1
1400000 279.2
1405000 444.8
1410000 339.9
1415000 180.3
1420000 385.4
1425000 265.2
1430000 484.2
1435000 502.8
1440000 507.4
1445000 437.4
1450000 556.4
1455000 453.2
1460000 447.7
1465000 341.9
1470000 441.0
1475000 368.5
1480000 437.6
1485000 420.2
1490000 438.9
1495000 322.8
1500000 566.8
1505000 594.2
1510000 355.4
1515000 461.4
1520000 348.6
1525000 417.7
1530000 646.6
1535000 403.9
1540000 503.5
1545000 548.8
1550000 248.3
1555000 532.0
1560000 323.6
1565000 300.0
1570000 356.5
1575000 579.8
1580000 503.7
1585000 462.8
1590000 273.6
1595000 643.9
1600000 493.6
1605000 608.0
1610000 401.7
1615000 451.7
1620000 378.3
1625000 619.8
1630000 633.8
1635000 529.9
1640000 498.6
1645000 565.9
1650000 499.4
1655000 465.1
1660000 236.7
1665000 559.7
1670000 583.7
1675000 489.4
1680000 509.7
1685000 601.3
1690000 366.5
1695000 539.7
1700000 572.7
1705000 455.4
1710000 569.2
1715000 617.8
1720000 376.3
1725000 408.9
1730000 662.8
1735000 467.9
1740000 713.3
1745000 417.4
1750000 477.6
1755000 368.4
1760000 647.0
1765000 740.6
1770000 624.1
1775000 603.7
1780000 511.4
1785000 450.6
1790000 577.8
1795000 475.5
1800000 547.1
1805000 422.9
1810000 569.0
1815000 592.1
1820000 605.3
1825000 633.5
1830000 275.3
1835000 528.1
1840000 426.7
1845000 412.2
1850000 590.6
1855000 536.2
1860000 448.9
1865000 519.6
1870000 385.4
1875000 349.8
1880000 517.4
1885000 687.3
1890000 549.0
1895000 424.7
1900000 521.7
1905000 611.7
1910000 443.8
1915000 284.6
1920000 428.7
1925000 569.6
1930000 413.9
1935000 454.8
1940000 650.3
1945000 461.1
1950000 549.6
1955000 574.5
1960000 422.2
1965000 514.3
1970000 501.6
1975000 599.4
1980000 531.9
1985000 601.6
1990000 448.7
1995000 381.5
2000000 498.8
