5000 71.5
10000 86.3
15000 50.0
20000 69.0
25000 70.9
30000 65.2
35000 89.9
40000 152.4
45000 85.3
50000 73.4
55000 120.2
60000 73.6
65000 57.5
70000 68.7
75000 150.7
80000 67.7
85000 103.1
90000 52.0
95000 72.7
100000 149.1
105000 123.1
110000 58.0
115000 134.8
120000 94.8
125000 61.6
130000 83.4
135000 71.4
140000 65.5
145000 157.0
150000 54.2
155000 77.4
160000 121.7
165000 105.9
170000 148.7
175000 115.7
180000 94.8
185000 190.9
190000 82.7
195000 103.8
200000 103.9
205000 83.0
210000 109.1
215000 88.6
220000 83.5
225000 129.4
230000 138.2
235000 195.9
240000 125.3
245000 61.1
250000 89.0
255000 249.9
260000 136.9
265000 173.8
270000 176.3
275000 232.6
280000 128.8
285000 80.0
290000 208.6
295000 208.7
300000 152.4
305000 271.8
310000 100.7
315000 176.0
320000 131.2
325000 191.6
330000 114.8
335000 135.7
340000 180.0
345000 191.9
350000 174.2
355000 273.3
360000 160.6
365000 211.3
370000 247.3
375000 139.0
380000 171.6
385000 105.2
390000 69.2
395000 183.2
400000 85.6
405000 317.4
410000 173.5
415000 84.7
420000 208.7
425000 144.7
430000 305.0
435000 179.6
440000 144.6
445000 224.7
450000 53.2
455000 157.1
460000 114.2
465000 126.7
470000 193.1
475000 267.3
480000 149.0
485000 268.8
490000 86.5
495000 108.1
500000 143.8
505000 191.8
510000 249.8
515000 301.6
520000 240.6
525000 221.3
530000 290.6
535000 330.9
540000 130.4
545000 124.9
550000 355.2
555000 345.6
560000 279.0
565000 169.0
570000 295.9
575000 209.8
580000 144.7
585000 79.6
590000 131.2
595000 280.9
600000 580.7
605000 216.5
610000 149.4
615000 400.8
620000 549.7
625000 438.2
630000 196.0
635000 247.9
640000 383.1
645000 509.3
650000 303.9
655000 327.1
660000 353.7
665000 504.4
670000 424.9
675000 203.6
680000 268.9
685000 289.7
690000 248.1
695000 445.3
700000 222.9
705000 407.5
710000 382.6
715000 354.8
720000 161.6
725000 290.2
730000 344.4
735000 228.3
740000 429.0
745000 174.0
750000 429.9
755000 274.5
760000 443.0
765000 199.0
770000 277.0
775000 222.7
780000 423.3
785000 159.1
790000 326.8
795000 374.3
800000 357.7
805000 474.9
810000 613.0
815000 216.3
820000 229.3
825000 684.0
830000 234.2
835000 381.5
840000 375.1
845000 251.1
850000 446.2
855000 277.3
860000 265.2
865000 417.8
870000 267.4
875000 277.4
880000 342.1
885000 451.1
890000 442.6
895000 54.8
900000 387.3
905000 519.1
910000 345.3
915000 381.5
920000 337.3
925000 461.4
930000 443.3
935000 563.9
940000 282.6
945000 430.4
950000 210.4
955000 359.6
960000 463.1
965000 396.3
970000 514.6
975000 425.0
980000 660.8
985000 259.7
990000 214.4
995000 562.3
1000000 341.2
1005000 356.0
1010000 434.9
1015000 556.7
1020000 523.9
1025000 447.9
1030000 484.0
1035000 338.9
1040000 343.9
1045000 340.7
1050000 334.7
1055000 348.8
1060000 444.4
1065000 345.9
1070000 515.2
1075000 294.8
1080000 333.2
1085000 352.9
1090000 571.7
1095000 360.7
1100000 241.5
1105000 380.9
1110000 289.0
1115000 195.3
1120000 503.2
1125000 357.8
1130000 565.1
1135000 488.2
1140000 186.0
1145000 571.2
1150000 422.8
1155000 493.3
1160000 488.3
1165000 375.5
1170000 293.6
1175000 408.7
1180000 453.2
1185000 644.8
1190000 345.9
1195000 371.5
1200000 494.6
1205000 456.7
1210000 665.4
1215000 457.0
1220000 416.4
1225000 374.1
1230000 563.3
1235000 582.3
1240000 429.6
1245000 581.3
1250000 365.9
1255000 655.2
1260000 248.7
1265000 376.9
1270000 614.7
1275000 353.3
1280000 539.8
1285000 581.5
1290000 359.6
1295000 558.6
1300000 575.0
1305000 397.6
1310000 465.1
1315000 353.8
1320000 447.4
1325000 663.2
1330000 580.8
1335000 407.1
1340000 508.2
1345000 456.7
1350000 550.8
1355000 552.8
1360000 509.8
1365000 546.6
1370000 493.4
1375000 543.6
1380000 409.2
1385000 388.2
1390000 659.3
1395000 465.9
1400000 660.0
1405000 428.0
1410000 674.3
1415000 713.2
1420000 504.9
1425000 648.7
1430000 618.2
1435000 519.7
1440000 427.5
1445000 665.5
1450000 606.7
1455000 514.9
1460000 203.4
1465000 351.4
1470000 425.8
1475000 261.6
1480000 625.6
1485000 285.7
1490000 693.7
1495000 460.7
1500000 444.0
1505000 525.7
1510000 734.9
1515000 464.0
1520000 539.5
1525000 650.4
1530000 415.9
1535000 544.2
1540000 350.6
1545000 436.5
1550000 355.0
1555000 683.7
1560000 506.5
1565000 687.3
1570000 718.6
1575000 523.3
1580000 425.6
1585000 634.7
1590000 521.9
1595000 469.3
1600000 697.9
1605000 623.4
1610000 409.5
1615000 602.7
1620000 526.1
1625000 775.8
1630000 499.9
1635000 722.0
1640000 508.1
1645000 496.2
1650000 419.0
1655000 648.3
1660000 461.7
1665000 449.7
1670000 404.6
1675000 555.4
1680000 482.3
1685000 560.9
1690000 475.6
1695000 619.0
1700000 561.1
1705000 440.8
1710000 494.7
1715000 398.7
1720000 434.7
1725000 506.6
1730000 573.2
1735000 266.5
1740000 504.0
1745000 570.4
1750000 582.7
1755000 792.5
1760000 622.0
1765000 531.0
1770000 537.9
1775000 512.8
1780000 402.7
1785000 472.0
1790000 499.9
1795000 591.3
1800000 476.1
1805000 669.4
1810000 634.4
1815000 541.8
1820000 590.9
1825000 538.5
1830000 571.3
1835000 404.1
1840000 731.7
1845000 712.8
1850000 589.3
1855000 623.6
1860000 585.8
1865000 546.7
1870000 534.3
1875000 515.8
1880000 522.9
1885000 591.9
1890000 771.4
1895000 611.0
1900000 372.1
1905000 601.5
1910000 549.3
1915000 678.1
1920000 478.8
1925000 497.6
1930000 599.8
1935000 760.9
1940000 713.4
1945000 663.7
1950000 547.4
1955000 576.2
1960000 546.1
1965000 557.0
1970000 676.3
1975000 702.8
1980000 745.4
1985000 343.3
1990000 747.4
1995000 568.9
2000000 642.5
