5000 51.9
10000 58.7
15000 75.0
20000 64.3
25000 80.3
30000 73.4
35000 93.8
40000 73.1
45000 88.3
50000 66.1
55000 57.8
60000 62.8
65000 67.8
70000 124.7
75000 53.9
80000 84.7
85000 58.9
90000 80.4
95000 89.3
100000 70.1
105000 75.1
110000 71.3
115000 121.4
120000 106.0
125000 54.3
130000 104.9
135000 119.7
140000 58.8
145000 75.8
150000 106.7
155000 166.9
160000 63.8
165000 67.3
170000 82.3
175000 78.7
180000 78.8
185000 106.0
190000 70.0
195000 63.9
200000 59.0
205000 109.6
210000 91.0
215000 186.3
220000 101.1
225000 53.1
230000 85.7
235000 133.2
240000 98.1
245000 195.7
250000 86.9
255000 143.7
260000 131.9
265000 99.8
270000 130.4
275000 53.3
280000 338.4
285000 96.9
290000 66.5
295000 80.8
300000 177.9
305000 189.4
310000 315.8
315000 108.1
320000 109.3
325000 132.5
330000 152.7
335000 126.6
340000 46.9
345000 78.8
350000 161.2
355000 150.2
360000 99.4
365000 69.0
370000 221.7
375000 86.6
380000 221.8
385000 127.0
390000 67.0
395000 70.5
400000 179.8
405000 68.5
410000 108.6
415000 201.0
420000 84.2
425000 94.5
430000 94.0
435000 68.1
440000 129.3
445000 218.9
450000 178.6
455000 187.4
460000 89.7
465000 142.3
470000 135.6
475000 93.5
480000 160.0
485000 238.9
490000 77.2
495000 251.4
500000 295.5
505000 89.9
510000 291.5
515000 185.0
520000 105.6
525000 153.2
530000 166.0
535000 86.4
540000 269.6
545000 181.9
550000 254.0
555000 163.6
560000 66.4
565000 108.8
570000 186.2
575000 288.1
580000 198.4
585000 101.4
590000 93.7
595000 93.2
600000 179.2
605000 163.5
610000 216.0
615000 346.7
620000 159.3
625000 287.1
630000 145.6
635000 131.3
640000 241.7
645000 279.7
650000 117.5
655000 162.4
660000 156.6
665000 235.3
670000 224.0
675000 113.1
680000 81.0
685000 229.6
690000 196.0
695000 233.9
700000 288.9
705000 212.4
710000 252.5
715000 262.6
720000 256.9
725000 143.1
730000 63.8
735000 158.4
740000 180.0
745000 197.0
750000 272.5
755000 200.1
760000 277.9
765000 442.9
770000 129.1
775000 291.8
780000 342.4
785000 247.0
790000 288.7
795000 367.1
800000 305.5
805000 92.4
810000 64.6
815000 414.5
820000 166.0
825000 139.0
830000 417.4
835000 299.3
840000 193.7
845000 387.2
850000 243.3
855000 226.0
860000 244.4
865000 257.4
870000 158.0
875000 341.5
880000 375.5
885000 394.0
890000 263.5
895000 260.8
900000 307.1
905000 183.4
910000 157.9
915000 234.1
920000 438.0
925000 186.2
930000 234.6
935000 409.7
940000 280.2
945000 563.2
950000 340.5
955000 465.2
960000 146.3
965000 306.0
970000 251.9
975000 182.7
980000 202.7
985000 134.0
990000 237.9
995000 256.9
1000000 229.8
1005000 303.0
1010000 258.3
1015000 414.8
1020000 263.2
1025000 225.6
1030000 334.4
1035000 165.0
1040000 326.5
1045000 223.5
1050000 191.9
1055000 381.4
1060000 454.6
1065000 272.5
1070000 578.5
1075000 282.7
1080000 126.7
1085000 236.9
1090000 442.3
1095000 261.5
1100000 241.6
1105000 515.3
1110000 350.1
1115000 296.1
1120000 198.4
1125000 294.6
1130000 316.4
1135000 362.3
1140000 474.9
1145000 334.8
1150000 264.0
1155000 474.9
1160000 401.6
1165000 438.7
1170000 398.5
1175000 404.1
1180000 252.1
1185000 318.2
1190000 496.5
1195000 464.5
1200000 518.3
1205000 555.9
1210000 522.6
1215000 407.0
1220000 419.0
1225000 363.7
1230000 398.5
1235000 202.9
1240000 511.4
1245000 505.2
1250000 280.6
1255000 285.2
1260000 504.8
1265000 267.7
1270000 229.6
1275000 424.3
1280000 491.6
1285000 420.2
1290000 155.6
1295000 497.6
1300000 403.8
1305000 462.5
1310000 434.0
1315000 383.3
1320000 282.3
1325000 398.6
1330000 264.4
1335000 490.3
1340000 466.0
1345000 355.9
1350000 587.3
1355000 474.0
1360000 371.8
1365000 404.4
1370000 383.6
1375000 470.4
1380000 445.2
1385000 322.2
1390000 612.5
1395000 517.8
1400000 394.1
1405000 515.8
1410000 310.6
1415000 676.3
1420000 404.7
1425000 595.3
1430000 308.8
1435000 404.5
1440000 720.3
1445000 250.6
1450000 466.7
1455000 529.9
1460000 352.4
1465000 530.1
1470000 540.2
1475000 385.4
1480000 347.1
1485000 323.2
1490000 393.7
1495000 312.8
1500000 342.4
1505000 427.6
1510000 385.5
1515000 242.6
1520000 419.2
1525000 438.4
1530000 446.5
1535000 483.6
1540000 268.6
1545000 456.4
1550000 380.1
1555000 361.1
1560000 295.1
1565000 363.0
1570000 527.6
1575000 368.1
1580000 89.7
1585000 305.2
1590000 213.7
1595000 354.4
1600000 309.7
1605000 610.1
1610000 464.5
1615000 401.5
1620000 485.9
1625000 322.1
1630000 282.4
1635000 154.4
1640000 373.6
1645000 432.6
1650000 521.0
1655000 289.1
1660000 271.7
1665000 695.4
1670000 436.6
1675000 516.6
1680000 630.0
1685000 609.9
1690000 442.7
1695000 505.5
1700000 398.6
1705000 250.4
1710000 289.0
1715000 561.3
1720000 349.8
1725000 524.5
1730000 334.9
1735000 415.6
1740000 367.3
1745000 299.1
1750000 428.1
1755000 229.8
1760000 401.8
1765000 369.6
1770000 496.3
1775000 363.7
1780000 465.7
1785000 301.6
1790000 548.2
1795000 317.5
1800000 374.0
1805000 480.4
1810000 195.9
1815000 341.9
1820000 562.6
1825000 442.5
1830000 261.9
1835000 525.4
1840000 448.2
1845000 279.5
1850000 443.0
1855000 481.2
1860000 251.3
1865000 370.6
1870000 303.3
1875000 277.5
1880000 379.6
1885000 615.6
1890000 487.6
1895000 431.6
1900000 411.3
1905000 385.2
1910000 533.7
1915000 299.1
1920000 520.6
1925000 513.1
1930000 494.2
1935000 379.8
1940000 339.4
1945000 334.8
1950000 287.5
1955000 536.5
1960000 354.7
1965000 411.7
1970000 441.7
1975000 604.2
1980000 437.3
1985000 310.1
1990000 411.2
1995000 538.2
2000000 472.8
