5000 49.0
10000 77.9
15000 75.5
20000 53.8
25000 92.3
30000 126.3
35000 83.4
40000 84.8
45000 65.7
50000 119.8
55000 69.7
60000 82.1
65000 96.4
70000 54.6
75000 51.8
80000 77.0
85000 80.1
90000 156.5
95000 246.5
100000 99.4
105000 190.0
110000 77.7
115000 153.4
120000 137.3
125000 107.0
130000 115.4
135000 175.2
140000 86.1
145000 85.9
150000 63.7
155000 138.1
160000 114.8
165000 76.9
170000 60.8
175000 90.0
180000 68.1
185000 120.4
190000 95.2
195000 88.1
200000 128.1
205000 65.6
210000 105.0
215000 54.8
220000 120.8
225000 245.6
230000 74.2
235000 153.1
240000 148.4
245000 153.8
250000 58.3
255000 132.7
260000 60.0
265000 167.5
270000 80.0
275000 123.5
280000 258.2
285000 45.5
290000 67.5
295000 83.0
300000 123.3
305000 188.6
310000 195.5
315000 207.9
320000 81.1
325000 147.0
330000 125.7
335000 151.0
340000 129.7
345000 74.3
350000 164.7
355000 138.5
360000 178.7
365000 43.0
370000 75.1
375000 212.8
380000 135.3
385000 219.4
390000 116.8
395000 99.7
400000 261.2
405000 129.2
410000 68.8
415000 217.4
420000 94.2
425000 103.6
430000 225.9
435000 175.1
440000 146.7
445000 74.7
450000 202.5
455000 75.0
460000 82.6
465000 201.3
470000 95.0
475000 97.3
480000 135.2
485000 141.4
490000 188.8
495000 149.7
500000 80.3
505000 108.7
510000 74.7
515000 59.4
520000 71.0
525000 138.7
530000 168.8
535000 90.6
540000 80.1
545000 169.9
550000 112.6
555000 62.5
560000 155.5
565000 73.3
570000 221.1
575000 138.7
580000 55.0
585000 49.2
590000 64.8
595000 109.2
600000 58.7
605000 64.8
610000 268.7
615000 149.0
620000 238.6
625000 158.3
630000 275.8
635000 143.6
640000 192.6
645000 79.3
650000 78.2
655000 86.4
660000 288.1
665000 203.5
670000 85.0
675000 76.1
680000 245.1
685000 89.6
690000 174.9
695000 210.7
700000 174.0
705000 167.4
710000 165.6
715000 114.7
720000 84.0
725000 207.8
730000 293.2
735000 184.9
740000 157.1
745000 128.1
750000 219.9
755000 231.2
760000 58.8
765000 335.0
770000 171.2
775000 75.8
780000 169.6
785000 103.2
790000 144.3
795000 60.0
800000 216.6
805000 185.0
810000 215.8
815000 219.8
820000 91.0
825000 53.6
830000 187.1
835000 216.7
840000 269.7
845000 128.8
850000 95.2
855000 204.1
860000 109.5
865000 165.3
870000 344.5
875000 150.8
880000 75.2
885000 273.6
890000 67.8
895000 202.4
900000 114.0
905000 203.9
910000 130.8
915000 72.6
920000 229.4
925000 258.3
930000 173.8
935000 281.9
940000 198.0
945000 74.2
950000 183.3
955000 228.1
960000 360.2
965000 401.3
970000 140.1
975000 56.3
980000 209.6
985000 200.3
990000 260.0
995000 215.0
1000000 136.5
1005000 111.0
1010000 220.1
1015000 124.8
1020000 132.8
1025000 152.3
1030000 193.8
1035000 150.3
1040000 389.7
1045000 228.0
1050000 427.5
1055000 239.8
1060000 187.0
1065000 327.3
1070000 101.3
1075000 153.6
1080000 205.0
1085000 113.5
1090000 331.0
1095000 154.9
1100000 534.9
1105000 207.0
1110000 222.0
1115000 190.6
1120000 204.9
1125000 265.7
1130000 129.3
1135000 348.1
1140000 443.2
1145000 204.8
1150000 104.3
1155000 281.4
1160000 176.4
1165000 162.8
1170000 291.2
1175000 292.6
1180000 240.4
1185000 278.9
1190000 271.8
1195000 380.7
1200000 328.3
1205000 298.9
1210000 201.9
1215000 376.7
1220000 149.0
1225000 194.8
1230000 295.9
1235000 367.2
1240000 386.2
1245000 250.7
1250000 271.5
1255000 180.0
1260000 115.7
1265000 264.2
1270000 144.9
1275000 219.7
1280000 301.3
1285000 280.3
1290000 338.3
1295000 361.4
1300000 154.0
1305000 61.9
1310000 230.4
1315000 297.8
1320000 362.2
1325000 314.7
1330000 336.7
1335000 156.9
1340000 293.3
1345000 339.1
1350000 279.8
1355000 187.3
1360000 275.7
1365000 279.1
1370000 288.8
1375000 411.1
1380000 416.0
1385000 463.3
1390000 267.7
1395000 387.1
1400000 359.5
1405000 329.3
1410000 177.7
1415000 482.7
1420000 469.9
1425000 442.0
1430000 212.1
1435000 257.1
1440000 290.1
1445000 202.3
1450000 391.1
1455000 439.0
1460000 516.7
1465000 273.1
1470000 390.5
1475000 383.3
1480000 288.0
1485000 327.0
1490000 307.2
1495000 357.3
1500000 290.0
1505000 276.5
1510000 386.9
1515000 215.0
1520000 64.0
1525000 370.7
1530000 147.4
1535000 464.3
1540000 352.5
1545000 308.4
1550000 255.7
1555000 441.9
1560000 416.6
1565000 373.1
1570000 275.9
1575000 316.7
1580000 470.8
1585000 388.3
1590000 356.9
1595000 550.0
1600000 258.0
1605000 294.8
1610000 161.1
1615000 330.8
1620000 402.8
1625000 404.5
1630000 298.6
1635000 482.2
1640000 355.8
1645000 193.4
1650000 319.3
1655000 488.1
1660000 288.0
1665000 278.6
1670000 412.1
1675000 234.4
1680000 272.8
1685000 213.6
1690000 236.3
1695000 272.9
1700000 247.8
1705000 462.1
1710000 275.3
1715000 177.5
1720000 168.2
1725000 469.4
1730000 257.8
1735000 496.1
1740000 448.9
1745000 284.0
1750000 218.0
1755000 383.6
1760000 479.9
1765000 144.0
1770000 459.0
1775000 344.0
1780000 324.4
1785000 125.0
1790000 412.5
1795000 427.6
1800000 257.3
1805000 198.0
1810000 161.5
1815000 291.9
1820000 473.3
1825000 474.1
1830000 390.5
1835000 507.8
1840000 400.6
1845000 453.1
1850000 373.3
1855000 328.7
1860000 316.3
1865000 216.7
1870000 411.7
1875000 385.5
1880000 375.5
1885000 347.1
1890000 281.5
1895000 461.8
1900000 398.8
1905000 196.5
1910000 319.7
1915000 332.0
1920000 441.3
1925000 163.1
1930000 440.6
1935000 334.6
1940000 370.8
1945000 349.8
1950000 417.6
1955000 480.0
1960000 383.0
1965000 523.9
1970000 164.9
1975000 443.1
1980000 325.5
1985000 200.0
1990000 313.7
1995000 411.2
2000000 433.0
