5000 66.4
10000 55.1
15000 75.5
20000 64.7
25000 123.4
30000 58.1
35000 67.1
40000 66.7
45000 86.9
50000 80.4
55000 86.1
60000 55.2
65000 59.2
70000 65.9
75000 123.2
80000 72.5
85000 114.9
90000 68.4
95000 131.0
100000 61.4
105000 102.5
110000 70.0
115000 112.2
120000 129.2
125000 94.2
130000 54.3
135000 133.4
140000 84.6
145000 49.4
150000 62.9
155000 144.2
160000 135.9
165000 241.3
170000 221.3
175000 204.9
180000 150.2
185000 104.4
190000 115.3
195000 109.3
200000 110.6
205000 78.4
210000 118.1
215000 103.4
220000 137.4
225000 100.4
230000 57.3
235000 69.2
240000 96.6
245000 54.8
250000 87.4
255000 87.4
260000 147.0
265000 65.7
270000 55.2
275000 70.5
280000 57.4
285000 120.1
290000 150.5
295000 75.8
300000 71.1
305000 68.8
310000 108.0
315000 84.8
320000 102.5
325000 82.2
330000 88.0
335000 115.9
340000 266.0
345000 147.2
350000 47.4
355000 213.0
360000 85.7
365000 149.3
370000 306.9
375000 183.3
380000 89.3
385000 132.8
390000 80.7
395000 225.6
400000 180.8
405000 210.4
410000 184.8
415000 203.8
420000 204.0
425000 93.4
430000 61.7
435000 112.7
440000 163.2
445000 151.1
450000 216.2
455000 170.3
460000 119.8
465000 79.3
470000 202.3
475000 162.6
480000 115.1
485000 336.5
490000 281.8
495000 58.0
500000 132.1
505000 235.7
510000 255.5
515000 190.6
520000 126.4
525000 168.5
530000 284.3
535000 213.1
540000 173.6
545000 159.6
550000 102.7
555000 217.6
560000 128.4
565000 121.1
570000 185.0
575000 151.0
580000 169.3
585000 100.5
590000 172.8
595000 138.3
600000 212.1
605000 55.3
610000 210.4
615000 406.4
620000 223.0
625000 171.5
630000 152.8
635000 71.7
640000 262.4
645000 120.6
650000 120.2
655000 140.6
660000 138.0
665000 230.4
670000 181.1
675000 432.9
680000 227.9
685000 301.1
690000 148.8
695000 248.1
700000 219.4
705000 219.1
710000 130.0
715000 378.3
720000 298.7
725000 154.9
730000 185.8
735000 268.3
740000 306.3
745000 361.0
750000 375.6
755000 213.5
760000 128.4
765000 241.3
770000 377.9
775000 268.9
780000 201.4
785000 519.5
790000 316.3
795000 138.5
800000 76.5
805000 341.9
810000 299.0
815000 265.7
820000 128.9
825000 370.7
830000 278.1
835000 225.7
840000 270.6
845000 331.9
850000 279.0
855000 265.3
860000 328.8
865000 386.3
870000 389.0
875000 306.3
880000 375.0
885000 540.8
890000 173.4
895000 198.1
900000 266.0
905000 362.3
910000 217.3
915000 191.8
920000 110.5
925000 464.8
930000 390.2
935000 237.4
940000 493.2
945000 301.8
950000 245.0
955000 147.0
960000 509.1
965000 361.9
970000 416.8
975000 240.6
980000 258.0
985000 393.0
990000 151.5
995000 356.1
1000000 348.2
1005000 107.8
1010000 466.7
1015000 439.9
1020000 365.0
1025000 162.5
1030000 352.6
1035000 272.2
1040000 262.9
1045000 483.1
1050000 512.5
1055000 267.8
1060000 224.3
1065000 215.0
1070000 403.1
1075000 159.8
1080000 313.4
1085000 502.7
1090000 345.9
1095000 628.9
1100000 394.1
1105000 348.1
1110000 151.9
1115000 304.8
1120000 417.2
1125000 347.5
1130000 255.7
1135000 473.6
1140000 248.6
1145000 438.7
1150000 380.6
1155000 520.2
1160000 437.4
1165000 453.4
1170000 585.8
1175000 306.7
1180000 337.5
1185000 336.6
1190000 277.8
1195000 231.3
1200000 421.5
1205000 696.3
1210000 379.2
1215000 598.3
1220000 237.9
1225000 405.4
1230000 505.8
1235000 252.2
1240000 498.0
1245000 330.4
1250000 247.6
1255000 539.7
1260000 520.3
1265000 511.6
1270000 345.2
1275000 427.4
1280000 445.8
1285000 328.2
1290000 461.9
1295000 396.1
1300000 493.2
1305000 152.0
1310000 501.3
1315000 407.7
1320000 232.6
1325000 313.5
1330000 174.6
1335000 363.5
1340000 400.6
1345000 347.0
1350000 412.5
1355000 398.6
1360000 518.0
1365000 241.9
1370000 420.2
1375000 309.4
1380000 446.2
1385000 550.8
1390000 365.4
1395000 444.6
1400000 520.8
1405000 466.1
1410000 468.6
1415000 399.2
1420000 387.9
1425000 366.7
1430000 423.9
1435000 449.8
1440000 624.6
1445000 367.4
1450000 562.0
1455000 317.8
1460000 431.9
1465000 524.2
1470000 393.6
1475000 373.0
1480000 486.9
1485000 541.1
1490000 304.0
1495000 356.3
1500000 329.1
1505000 230.6
1510000 490.2
1515000 530.5
1520000 480.5
1525000 471.5
1530000 206.8
1535000 278.5
1540000 580.0
1545000 360.9
1550000 246.3
1555000 520.7
1560000 532.9
1565000 500.2
1570000 510.1
1575000 326.3
1580000 490.2
1585000 488.3
1590000 639.4
1595000 281.7
1600000 366.0
1605000 397.0
1610000 562.4
1615000 274.5
1620000 432.5
1625000 656.3
1630000 364.6
1635000 573.5
1640000 575.9
1645000 585.6
1650000 547.3
1655000 191.8
1660000 447.6
1665000 456.8
1670000 492.4
1675000 285.5
1680000 504.2
1685000 632.5
1690000 353.1
1695000 350.4
1700000 370.5
1705000 447.0
1710000 643.8
1715000 555.5
1720000 336.0
1725000 453.7
1730000 517.2
1735000 137.1
1740000 126.3
1745000 366.5
1750000 359.5
1755000 395.3
1760000 372.1
1765000 462.1
1770000 393.9
1775000 172.0
1780000 447.8
1785000 315.4
1790000 391.4
1795000 530.8
1800000 452.3
1805000 638.5
1810000 457.5
1815000 629.4
1820000 299.5
1825000 369.6
1830000 507.8
1835000 401.2
1840000 391.4
1845000 472.2
1850000 399.9
1855000 431.4
1860000 183.3
1865000 478.0
1870000 316.3
1875000 424.9
1880000 422.2
1885000 381.4
1890000 379.3
1895000 380.0
1900000 323.5
1905000 599.7
1910000 535.2
1915000 559.5
1920000 230.0
1925000 325.0
1930000 403.5
1935000 545.4
1940000 369.5
1945000 345.5
1950000 454.9
1955000 189.8
1960000 460.9
1965000 339.8
1970000 556.9
1975000 340.9
1980000 553.3
1985000 351.6
1990000 366.0
1995000 558.2
2000000 510.4
