5000 189.6
10000 55.5
15000 75.6
20000 71.3
25000 60.0
30000 150.4
35000 70.1
40000 126.9
45000 73.0
50000 78.9
55000 83.0
60000 90.2
65000 148.6
70000 78.7
75000 74.4
80000 58.9
85000 93.8
90000 223.7
95000 82.5
100000 71.5
105000 111.9
110000 64.5
115000 100.1
120000 103.5
125000 83.7
130000 101.7
135000 106.3
140000 112.8
145000 71.1
150000 123.9
155000 56.4
160000 63.2
165000 97.2
170000 52.1
175000 109.7
180000 86.3
185000 80.6
190000 99.3
195000 87.4
200000 67.8
205000 79.7
210000 77.8
215000 85.7
220000 118.5
225000 72.2
230000 88.4
235000 143.8
240000 64.8
245000 81.5
250000 173.7
255000 152.2
260000 223.1
265000 84.1
270000 96.4
275000 153.5
280000 148.7
285000 56.6
290000 130.7
295000 155.1
300000 115.0
305000 96.2
310000 50.1
315000 57.9
320000 67.1
325000 221.1
330000 155.9
335000 207.3
340000 120.4
345000 75.1
350000 136.5
355000 176.5
360000 114.6
365000 213.1
370000 125.8
375000 229.7
380000 170.3
385000 156.3
390000 308.2
395000 131.4
400000 120.0
405000 227.5
410000 295.6
415000 69.7
420000 103.9
425000 192.3
430000 118.5
435000 183.8
440000 191.9
445000 114.5
450000 234.6
455000 68.7
460000 178.5
465000 248.7
470000 141.9
475000 351.7
480000 73.2
485000 181.3
490000 102.0
495000 299.0
500000 109.6
505000 199.7
510000 62.6
515000 216.1
520000 108.3
525000 144.4
530000 341.2
535000 134.9
540000 145.9
545000 162.7
550000 131.6
555000 219.7
560000 236.5
565000 82.6
570000 102.6
575000 81.7
580000 182.6
585000 148.3
590000 187.8
595000 120.9
600000 180.0
605000 63.2
610000 141.0
615000 62.5
620000 241.0
625000 212.2
630000 352.9
635000 116.9
640000 213.7
645000 300.3
650000 108.8
655000 198.4
660000 115.5
665000 298.4
670000 165.2
675000 219.1
680000 392.8
685000 125.0
690000 113.8
695000 112.1
700000 290.8
705000 411.1
710000 87.2
715000 218.0
720000 187.5
725000 345.2
730000 183.9
735000 163.7
740000 193.6
745000 158.6
750000 54.5
755000 135.9
760000 219.2
765000 263.6
770000 377.5
775000 91.2
780000 221.6
785000 74.5
790000 289.0
795000 242.0
800000 203.6
805000 161.6
810000 200.2
815000 370.4
820000 283.1
825000 238.4
830000 243.9
835000 233.4
840000 217.8
845000 140.8
850000 148.9
855000 424.8
860000 181.0
865000 440.5
870000 423.8
875000 288.9
880000 300.0
885000 196.1
890000 96.1
895000 274.5
900000 207.0
905000 69.5
910000 239.6
915000 206.8
920000 232.7
925000 223.5
930000 135.5
935000 277.4
940000 225.1
945000 284.5
950000 172.0
955000 368.4
960000 195.8
965000 296.3
970000 67.3
975000 563.9
980000 112.0
985000 406.6
990000 161.7
995000 199.4
1000000 359.0
1005000 421.5
1010000 420.4
1015000 223.0
1020000 418.3
1025000 202.2
1030000 185.5
1035000 362.9
1040000 127.0
1045000 480.8
1050000 237.9
1055000 348.1
1060000 192.1
1065000 223.0
1070000 66.1
1075000 341.1
1080000 296.2
1085000 456.0
1090000 432.4
1095000 343.2
1100000 285.6
1105000 485.1
1110000 276.0
1115000 345.1
1120000 382.5
1125000 296.4
1130000 429.4
1135000 102.4
1140000 380.9
1145000 83.9
1150000 420.1
1155000 445.5
1160000 464.5
1165000 395.0
1170000 307.7
1175000 292.6
1180000 348.1
1185000 386.9
1190000 365.8
1195000 276.6
1200000 580.3
1205000 321.9
1210000 326.4
1215000 318.1
1220000 132.3
1225000 273.1
1230000 455.6
1235000 339.3
1240000 403.6
1245000 168.5
1250000 243.0
1255000 427.8
1260000 455.7
1265000 438.3
1270000 204.3
1275000 384.4
1280000 438.3
1285000 540.1
1290000 558.0
1295000 464.9
1300000 560.0
1305000 443.6
1310000 140.2
1315000 92.2
1320000 350.2
1325000 440.1
1330000 386.2
1335000 398.6
1340000 477.2
1345000 189.7
1350000 375.5
1355000 415.6
1360000 402.5
1365000 377.5
1370000 331.8
1375000 286.7
1380000 220.0
1385000 530.2
1390000 590.9
1395000 486.7
1400000 285.4
1405000 405.7
1410000 501.5
1415000 435.0
1420000 227.0
1425000 343.7
1430000 439.3
1435000 390.5
1440000 145.6
1445000 298.5
1450000 327.9
1455000 299.8
1460000 420.5
1465000 482.6
1470000 495.4
1475000 521.2
1480000 642.5
1485000 443.7
1490000 194.7
1495000 397.3
1500000 449.1
1505000 554.3
1510000 272.3
1515000 477.8
1520000 449.9
1525000 473.7
1530000 531.4
1535000 494.3
1540000 367.3
1545000 449.4
1550000 375.5
1555000 785.5
1560000 199.9
1565000 429.6
1570000 409.3
1575000 524.0
1580000 287.1
1585000 362.1
1590000 563.2
1595000 134.0
1600000 322.4
1605000 429.7
1610000 453.8
1615000 491.7
1620000 517.5
1625000 405.9
1630000 378.6
1635000 528.3
1640000 512.4
1645000 538.3
1650000 348.5
1655000 733.1
1660000 415.0
1665000 468.5
1670000 499.7
1675000 712.5
1680000 352.7
1685000 362.3
1690000 417.9
1695000 386.9
1700000 308.0
1705000 561.4
1710000 440.6
1715000 331.5
1720000 449.7
1725000 347.2
1730000 232.7
1735000 431.0
1740000 571.0
1745000 68.1
1750000 323.6
1755000 473.1
1760000 341.2
1765000 665.1
1770000 401.5
1775000 434.7
1780000 410.0
1785000 583.5
1790000 602.1
1795000 368.2
1800000 640.4
1805000 119.0
1810000 418.5
1815000 528.9
1820000 562.3
1825000 135.5
1830000 459.5
1835000 266.5
1840000 246.7
1845000 487.4
1850000 359.0
1855000 242.3
1860000 209.0
1865000 257.4
1870000 203.5
1875000 522.4
1880000 443.4
1885000 452.3
1890000 528.4
1895000 489.4
1900000 266.7
1905000 328.6
1910000 216.3
1915000 171.3
1920000 412.3
1925000 586.0
1930000 490.5
1935000 288.9
1940000 510.9
1945000 473.0
1950000 497.9
1955000 360.7
1960000 326.0
1965000 528.6
1970000 278.7
1975000 226.0
1980000 428.0
1985000 394.4
1990000 382.8
1995000 195.2
2000000 326.0
