5000 69.4
10000 154.2
15000 105.1
20000 50.4
25000 50.3
30000 83.5
35000 70.2
40000 125.8
45000 96.9
50000 79.4
55000 78.6
60000 59.4
65000 51.4
70000 64.8
75000 63.4
80000 84.2
85000 74.2
90000 63.8
95000 149.1
100000 50.7
105000 46.2
110000 63.9
115000 81.6
120000 80.2
125000 68.8
130000 163.8
135000 70.2
140000 83.8
145000 103.6
150000 65.7
155000 86.8
160000 81.6
165000 101.2
170000 99.6
175000 187.3
180000 114.2
185000 64.2
190000 47.9
195000 102.2
200000 66.5
205000 68.2
210000 95.7
215000 58.7
220000 123.5
225000 162.1
230000 50.7
235000 130.0
240000 114.2
245000 130.6
250000 52.8
255000 118.7
260000 84.0
265000 70.7
270000 66.2
275000 77.9
280000 159.1
285000 90.5
290000 126.1
295000 92.6
300000 65.4
305000 117.1
310000 76.7
315000 103.1
320000 50.9
325000 116.4
330000 59.0
335000 58.9
340000 190.5
345000 48.1
350000 91.7
355000 80.1
360000 89.3
365000 140.8
370000 87.0
375000 78.1
380000 38.4
385000 59.9
390000 83.2
395000 165.9
400000 83.9
405000 146.9
410000 154.3
415000 155.1
420000 91.9
425000 96.7
430000 149.3
435000 110.6
440000 65.2
445000 113.9
450000 130.9
455000 65.2
460000 103.6
465000 94.5
470000 48.2
475000 63.9
480000 62.1
485000 106.3
490000 81.8
495000 108.3
500000 60.0
505000 71.6
510000 64.7
515000 110.1
520000 96.8
525000 175.0
530000 81.9
535000 70.9
540000 126.1
545000 166.0
550000 47.9
555000 124.5
560000 141.7
565000 144.6
570000 77.5
575000 182.7
580000 128.3
585000 79.5
590000 99.3
595000 139.0
600000 117.4
605000 84.5
610000 120.7
615000 166.6
620000 128.1
625000 64.2
630000 81.4
635000 49.2
640000 98.2
645000 102.2
650000 114.8
655000 130.3
660000 68.0
665000 72.2
670000 138.7
675000 240.0
680000 168.4
685000 67.7
690000 174.9
695000 117.2
700000 70.1
705000 69.7
710000 84.8
715000 75.1
720000 102.8
725000 79.5
730000 75.9
735000 98.9
740000 45.4
745000 199.5
750000 46.1
755000 73.2
760000 186.1
765000 203.0
770000 212.7
775000 170.8
780000 60.4
785000 218.5
790000 103.9
795000 108.0
800000 103.0
805000 216.0
810000 50.7
815000 89.9
820000 215.0
825000 208.9
830000 163.8
835000 138.3
840000 135.3
845000 300.9
850000 76.0
855000 216.4
860000 90.3
865000 318.6
870000 126.4
875000 166.0
880000 126.7
885000 75.8
890000 137.1
895000 152.6
900000 236.2
905000 130.7
910000 65.2
915000 215.0
920000 120.2
925000 297.1
930000 52.9
935000 155.6
940000 144.4
945000 188.9
950000 171.9
955000 159.4
960000 328.7
965000 223.4
970000 135.1
975000 291.5
980000 162.4
985000 351.6
990000 381.4
995000 121.5
1000000 173.2
1005000 155.3
1010000 58.0
1015000 206.0
1020000 250.7
1025000 314.7
1030000 142.0
1035000 137.6
1040000 100.3
1045000 266.4
1050000 158.3
1055000 346.1
1060000 209.3
1065000 180.4
1070000 264.0
1075000 277.3
1080000 148.3
1085000 106.5
1090000 333.4
1095000 160.1
1100000 131.3
1105000 284.8
1110000 163.8
1115000 227.3
1120000 205.8
1125000 234.8
1130000 222.3
1135000 204.8
1140000 124.2
1145000 269.3
1150000 114.2
1155000 121.2
1160000 317.3
1165000 97.7
1170000 430.9
1175000 314.4
1180000 233.5
1185000 515.0
1190000 343.5
1195000 268.1
1200000 161.8
1205000 199.7
1210000 319.0
1215000 297.8
1220000 215.3
1225000 454.0
1230000 276.3
1235000 269.3
1240000 290.2
1245000 132.3
1250000 278.3
1255000 286.5
1260000 229.2
1265000 204.6
1270000 295.6
1275000 241.3
1280000 387.4
1285000 261.3
1290000 256.6
1295000 403.1
1300000 58.4
1305000 488.2
1310000 289.8
1315000 195.0
1320000 418.8
1325000 112.2
1330000 213.1
1335000 296.8
1340000 223.3
1345000 414.6
1350000 358.8
1355000 179.7
1360000 237.0
1365000 357.0
1370000 555.4
1375000 453.2
1380000 373.5
1385000 341.4
1390000 663.7
1395000 161.1
1400000 363.4
1405000 46.1
1410000 451.5
1415000 191.2
1420000 532.8
1425000 472.7
1430000 365.9
1435000 249.5
1440000 320.8
1445000 357.5
1450000 436.5
1455000 481.3
1460000 333.8
1465000 276.9
1470000 349.5
1475000 200.9
1480000 443.2
1485000 476.9
1490000 403.6
1495000 278.2
1500000 231.7
1505000 378.3
1510000 471.6
1515000 167.4
1520000 307.4
1525000 216.2
1530000 391.7
1535000 336.1
1540000 230.5
1545000 485.6
1550000 397.5
1555000 217.5
1560000 429.9
1565000 206.4
1570000 373.7
1575000 383.8
1580000 474.4
1585000 412.4
1590000 217.6
1595000 153.4
1600000 231.8
1605000 301.8
1610000 380.7
1615000 423.6
1620000 306.0
1625000 423.6
1630000 362.8
1635000 451.6
1640000 332.6
1645000 382.4
1650000 276.4
1655000 337.1
1660000 385.2
1665000 241.7
1670000 212.0
1675000 528.8
1680000 566.1
1685000 403.0
1690000 459.6
1695000 444.7
1700000 357.9
1705000 294.5
1710000 317.7
1715000 421.1
1720000 391.0
1725000 519.5
1730000 294.6
1735000 410.9
1740000 492.9
1745000 579.3
1750000 247.6
1755000 310.8
1760000 552.0
1765000 498.4
1770000 387.8
1775000 467.1
1780000 431.0
1785000 497.2
1790000 581.5
1795000 477.3
1800000 485.9
1805000 318.8
1810000 445.0
1815000 438.3
1820000 285.8
1825000 233.3
1830000 340.4
1835000 460.7
1840000 539.4
1845000 513.5
1850000 534.7
1855000 220.2
1860000 288.4
1865000 351.1
1870000 386.8
1875000 494.7
1880000 530.7
1885000 567.7
1890000 371.4
1895000 381.3
1900000 607.7
1905000 455.2
1910000 342.5
1915000 447.1
1920000 331.6
1925000 300.2
1930000 534.3
1935000 390.3
1940000 341.4
1945000 635.2
1950000 410.5
1955000 379.4
1960000 588.1
1965000 208.6
1970000 427.9
1975000 492.9
1980000 264.0
1985000 319.8
1990000 347.4
1995000 439.7
2000000 277.6
