5000 137.9
10000 104.7
15000 77.7
20000 89.4
25000 92.7
30000 65.2
35000 65.0
40000 136.3
45000 80.4
50000 74.1
55000 137.4
60000 170.6
65000 54.3
70000 119.9
75000 78.1
80000 101.3
85000 57.2
90000 65.6
95000 100.6
100000 52.9
105000 51.5
110000 72.0
115000 42.7
120000 63.4
125000 163.7
130000 109.3
135000 71.5
140000 64.7
145000 63.6
150000 71.3
155000 61.0
160000 79.9
165000 130.6
170000 161.6
175000 135.3
180000 75.7
185000 96.9
190000 178.2
195000 59.4
200000 80.3
205000 136.2
210000 63.0
215000 60.7
220000 61.5
225000 87.8
230000 62.0
235000 92.1
240000 57.3
245000 82.7
250000 63.3
255000 57.8
260000 149.3
265000 142.8
270000 58.7
275000 96.7
280000 101.2
285000 83.8
290000 51.6
295000 55.0
300000 53.2
305000 150.0
310000 216.1
315000 83.2
320000 194.5
325000 152.2
330000 127.8
335000 89.9
340000 199.2
345000 147.2
350000 87.5
355000 188.5
360000 89.5
365000 96.1
370000 150.6
375000 57.0
380000 114.4
385000 190.0
390000 121.5
395000 172.3
400000 155.9
405000 174.4
410000 154.8
415000 145.3
420000 73.9
425000 149.5
430000 79.9
435000 158.8
440000 86.1
445000 72.0
450000 197.1
455000 143.3
460000 73.9
465000 49.4
470000 103.1
475000 132.5
480000 74.3
485000 109.3
490000 192.6
495000 234.0
500000 166.7
505000 246.2
510000 222.1
515000 188.6
520000 86.8
525000 192.6
530000 249.7
535000 186.5
540000 147.3
545000 166.2
550000 248.3
555000 52.6
560000 58.5
565000 199.1
570000 47.5
575000 109.6
580000 325.3
585000 214.9
590000 136.8
595000 334.0
600000 109.9
605000 138.0
610000 160.1
615000 94.8
620000 246.5
625000 201.5
630000 159.8
635000 147.8
640000 166.1
645000 331.8
650000 202.4
655000 158.4
660000 217.2
665000 86.0
670000 109.0
675000 81.5
680000 171.5
685000 146.1
690000 264.4
695000 62.4
700000 219.8
705000 127.8
710000 197.9
715000 304.7
720000 231.9
725000 172.4
730000 405.5
735000 77.1
740000 216.9
745000 227.3
750000 245.9
755000 181.5
760000 174.2
765000 173.2
770000 260.8
775000 226.0
780000 210.1
785000 147.3
790000 221.5
795000 188.4
800000 362.8
805000 221.4
810000 201.9
815000 367.8
820000 273.2
825000 399.7
830000 329.5
835000 247.0
840000 456.7
845000 328.5
850000 214.2
855000 221.5
860000 393.9
865000 303.3
870000 219.8
875000 223.2
880000 208.4
885000 333.0
890000 334.6
895000 209.4
900000 321.8
905000 411.4
910000 155.0
915000 520.8
920000 419.2
925000 134.4
930000 262.8
935000 435.2
940000 318.3
945000 432.2
950000 129.4
955000 345.7
960000 211.9
965000 239.6
970000 214.2
975000 457.1
980000 251.1
985000 270.6
990000 379.4
995000 386.9
1000000 418.3
1005000 306.0
1010000 376.6
1015000 299.0
1020000 185.0
1025000 358.0
1030000 206.2
1035000 180.9
1040000 367.0
1045000 404.8
1050000 363.2
1055000 421.2
1060000 219.4
1065000 479.8
1070000 278.0
1075000 129.9
1080000 520.4
1085000 115.3
1090000 237.0
1095000 411.9
1100000 330.0
1105000 398.5
1110000 489.4
1115000 169.5
1120000 459.1
1125000 262.1
1130000 264.2
1135000 465.3
1140000 496.1
1145000 339.7
1150000 295.0
1155000 589.4
1160000 361.1
1165000 508.3
1170000 306.9
1175000 191.1
1180000 432.9
1185000 580.0
1190000 210.6
1195000 377.2
1200000 409.0
1205000 222.4
1210000 370.6
1215000 456.6
1220000 583.7
1225000 297.3
1230000 336.1
1235000 354.3
1240000 423.6
1245000 226.1
1250000 302.2
1255000 373.9
1260000 358.8
1265000 291.3
1270000 402.2
1275000 467.3
1280000 535.2
1285000 514.9
1290000 530.7
1295000 123.5
1300000 522.6
1305000 410.1
1310000 496.0
1315000 282.9
1320000 382.1
1325000 654.3
1330000 487.1
1335000 530.6
1340000 442.1
1345000 595.6
1350000 574.2
1355000 313.9
1360000 388.8
1365000 387.7
1370000 519.1
1375000 293.9
1380000 591.1
1385000 388.9
1390000 350.1
1395000 410.4
1400000 494.9
1405000 466.4
1410000 484.4
1415000 383.7
1420000 358.7
1425000 306.6
1430000 654.9
1435000 483.8
1440000 521.2
1445000 273.5
1450000 553.0
1455000 645.1
1460000 561.0
1465000 509.1
1470000 358.5
1475000 523.3
1480000 397.4
1485000 314.2
1490000 183.5
1495000 382.1
1500000 437.0
1505000 449.0
1510000 485.2
1515000 580.8
1520000 468.4
1525000 357.6
1530000 604.1
1535000 504.1
1540000 629.8
1545000 517.5
1550000 496.9
1555000 621.5
1560000 339.8
1565000 608.6
1570000 552.8
1575000 657.8
1580000 603.7
1585000 508.2
1590000 536.2
1595000 438.5
1600000 518.8
1605000 373.8
1610000 570.9
1615000 623.9
1620000 461.7
1625000 570.5
1630000 562.3
1635000 543.0
1640000 557.0
1645000 531.6
1650000 544.0
1655000 420.5
1660000 576.5
1665000 536.6
1670000 388.3
1675000 383.8
1680000 423.9
1685000 492.4
1690000 483.1
1695000 572.0
1700000 420.6
1705000 551.2
1710000 580.0
1715000 515.1
1720000 574.4
1725000 292.0
1730000 666.2
1735000 596.7
1740000 423.7
1745000 551.8
1750000 732.6
1755000 672.3
1760000 482.8
1765000 465.3
1770000 559.7
1775000 747.8
1780000 571.5
1785000 631.7
1790000 318.0
1795000 723.1
1800000 416.6
1805000 541.7
1810000 645.0
1815000 500.3
1820000 563.5
1825000 510.9
1830000 615.3
1835000 663.3
1840000 581.7
1845000 558.3
1850000 544.5
1855000 447.1
1860000 476.1
1865000 570.1
1870000 678.2
1875000 548.9
1880000 692.1
1885000 390.7
1890000 491.3
1895000 416.9
1900000 516.4
1905000 726.9
1910000 728.2
1915000 467.9
1920000 525.6
1925000 264.6
1930000 418.1
1935000 633.1
1940000 577.1
1945000 671.9
1950000 599.7
1955000 693.4
1960000 640.4
1965000 608.6
1970000 526.6
1975000 601.2
1980000 666.8
1985000 543.1
1990000 275.8
1995000 405.1
2000000 556.5
