5000 62.2
10000 65.0
15000 64.9
20000 83.5
25000 45.6
30000 65.3
35000 73.5
40000 65.7
45000 91.2
50000 109.8
55000 44.6
60000 127.8
65000 72.0
70000 85.3
75000 55.5
80000 119.8
85000 62.7
90000 79.5
95000 86.7
100000 95.4
105000 75.3
110000 83.9
115000 72.4
120000 95.0
125000 119.0
130000 70.4
135000 112.5
140000 220.1
145000 167.2
150000 84.2
155000 90.8
160000 133.8
165000 231.7
170000 104.7
175000 69.0
180000 86.1
185000 116.0
190000 96.0
195000 148.8
200000 74.5
205000 102.2
210000 229.4
215000 198.6
220000 153.0
225000 83.7
230000 120.0
235000 56.9
240000 59.1
245000 173.9
250000 63.4
255000 136.0
260000 273.9
265000 136.3
270000 221.8
275000 138.4
280000 122.3
285000 155.2
290000 189.2
295000 272.0
300000 142.7
305000 90.6
310000 125.1
315000 152.4
320000 61.6
325000 55.9
330000 136.2
335000 151.8
340000 53.8
345000 195.4
350000 85.1
355000 153.5
360000 133.0
365000 105.0
370000 111.8
375000 205.7
380000 212.2
385000 92.6
390000 293.6
395000 135.5
400000 163.3
405000 218.9
410000 235.4
415000 170.4
420000 163.0
425000 124.6
430000 149.3
435000 341.6
440000 56.9
445000 227.9
450000 50.1
455000 74.1
460000 62.7
465000 161.0
470000 97.7
475000 135.5
480000 116.7
485000 237.7
490000 173.4
495000 193.6
500000 472.3
505000 176.0
510000 311.9
515000 365.1
520000 288.6
525000 284.9
530000 325.8
535000 229.5
540000 186.8
545000 212.3
550000 199.6
555000 303.0
560000 125.2
565000 220.9
570000 277.9
575000 229.6
580000 288.2
585000 227.9
590000 400.7
595000 295.2
600000 333.3
605000 142.6
610000 221.4
615000 279.3
620000 189.7
625000 348.2
630000 270.6
635000 280.0
640000 115.9
645000 220.4
650000 350.4
655000 134.0
660000 287.6
665000 490.1
670000 181.3
675000 502.6
680000 428.6
685000 288.6
690000 203.1
695000 304.6
700000 150.9
705000 213.0
710000 59.6
715000 65.5
720000 226.4
725000 172.4
730000 490.8
735000 369.5
740000 364.6
745000 218.2
750000 288.5
755000 228.3
760000 353.1
765000 118.5
770000 402.0
775000 364.4
780000 261.2
785000 266.2
790000 159.6
795000 434.4
800000 142.1
805000 369.7
810000 243.8
815000 447.0
820000 257.0
825000 251.7
830000 388.9
835000 305.7
840000 440.7
845000 234.5
850000 308.7
855000 313.9
860000 602.4
865000 383.1
870000 190.5
875000 563.0
880000 183.1
885000 330.5
890000 165.5
895000 455.8
900000 359.1
905000 371.3
910000 258.7
915000 410.0
920000 225.8
925000 337.4
930000 485.3
935000 364.0
940000 205.5
945000 208.7
950000 274.1
955000 341.8
960000 262.5
965000 349.1
970000 346.6
975000 135.8
980000 332.7
985000 539.5
990000 441.4
995000 368.0
1000000 338.6
1005000 381.0
1010000 339.0
1015000 236.2
1020000 288.4
1025000 290.0
1030000 446.6
1035000 437.8
1040000 394.2
1045000 310.5
1050000 278.9
1055000 209.5
1060000 257.4
1065000 224.4
1070000 219.5
1075000 440.2
1080000 638.1
1085000 554.3
1090000 420.9
1095000 281.9
1100000 323.2
1105000 430.1
1110000 352.4
1115000 287.2
1120000 594.7
1125000 554.8
1130000 386.6
1135000 323.1
1140000 324.7
1145000 391.7
1150000 405.7
1155000 373.0
1160000 222.0
1165000 260.7
1170000 275.0
1175000 328.0
1180000 620.7
1185000 422.2
1190000 255.4
1195000 405.7
1200000 542.5
1205000 281.9
1210000 392.6
1215000 483.1
1220000 429.9
1225000 425.6
1230000 655.9
1235000 509.6
1240000 315.8
1245000 223.3
1250000 559.8
1255000 423.7
1260000 311.5
1265000 426.8
1270000 399.6
1275000 438.1
1280000 580.1
1285000 456.1
1290000 417.7
1295000 365.2
1300000 203.7
1305000 517.7
1310000 280.0
1315000 641.3
1320000 456.0
1325000 353.5
1330000 439.5
1335000 581.6
1340000 464.7
1345000 208.4
1350000 520.3
1355000 445.4
1360000 198.1
1365000 551.7
1370000 407.9
1375000 355.7
1380000 432.6
1385000 566.7
1390000 488.4
1395000 237.0
1400000 526.0
1405000 427.4
1410000 481.9
1415000 400.2
1420000 434.4
1425000 565.8
1430000 179.9
1435000 218.0
1440000 592.2
1445000 536.1
1450000 378.9
1455000 400.7
1460000 320.4
1465000 350.1
1470000 338.3
1475000 383.6
1480000 478.0
1485000 565.8
1490000 414.4
1495000 362.3
1500000 362.3
1505000 579.5
1510000 458.6
1515000 638.9
1520000 353.2
1525000 327.6
1530000 391.1
1535000 353.4
1540000 410.3
1545000 421.7
1550000 467.7
1555000 356.5
1560000 328.7
1565000 363.2
1570000 404.7
1575000 520.5
1580000 385.0
1585000 397.0
1590000 398.6
1595000 511.2
1600000 466.1
1605000 331.3
1610000 332.2
1615000 592.1
1620000 464.4
1625000 360.4
1630000 415.6
1635000 503.7
1640000 405.9
1645000 500.6
1650000 281.3
1655000 323.8
1660000 316.4
1665000 443.3
1670000 407.8
1675000 350.7
1680000 420.0
1685000 338.8
1690000 530.1
1695000 429.8
1700000 622.0
1705000 367.0
1710000 388.5
1715000 417.7
1720000 624.4
1725000 413.2
1730000 432.2
1735000 572.7
1740000 664.7
1745000 612.1
1750000 528.8
1755000 127.9
1760000 425.0
1765000 671.9
1770000 338.3
1775000 594.4
1780000 586.2
1785000 571.4
1790000 665.0
1795000 457.2
1800000 285.9
1805000 653.3
1810000 398.1
1815000 523.8
1820000 538.0
1825000 423.9
1830000 512.0
1835000 354.6
1840000 529.8
1845000 405.3
1850000 510.5
1855000 578.8
1860000 424.8
1865000 255.6
1870000 347.2
1875000 494.4
1880000 500.6
1885000 518.0
1890000 487.9
1895000 434.3
1900000 440.1
1905000 446.3
1910000 641.8
1915000 608.2
1920000 334.1
1925000 714.1
1930000 543.1
1935000 291.5
1940000 458.7
1945000 387.3
1950000 524.1
1955000 335.4
1960000 419.7
1965000 477.4
1970000 435.9
1975000 325.4
1980000 551.9
1985000 633.0
1990000 423.6
1995000 704.2
2000000 475.2
