20000 54.7
40000 118.7
60000 232.8
80000 306.2
100000 228.6
120000 379.4
140000 352.9
160000 352.7
180000 336.0
200000 249.2
220000 338.4
240000 345.7
260000 355.6
280000 364.5
300000 346.2
320000 414.8
340000 409.9
360000 395.0
380000 388.1
400000 411.8
420000 437.3
440000 441.3
460000 418.3
480000 446.0
500000 458.7
520000 462.4
540000 460.8
560000 456.5
580000 377.8
600000 443.2
620000 378.1
640000 439.0
660000 466.8
680000 410.5
700000 377.5
720000 435.5
740000 476.3
760000 466.4
780000 443.2
800000 409.5
820000 473.0
840000 480.3
860000 484.3
880000 432.7
900000 443.6
920000 478.0
940000 485.8
960000 484.6
980000 470.3
1000000 518.2
1020000 500.7
1040000 398.4
1060000 482.0
1080000 482.7
1100000 481.0
1120000 508.9
1140000 508.6
1160000 518.1
1180000 520.3
1200000 522.0
1220000 511.6
1240000 502.3
1260000 528.3
1280000 545.8
1300000 542.3
1320000 471.1
1340000 533.6
1360000 558.6
1380000 535.7
1400000 525.7
1420000 499.4
1440000 529.5
1460000 569.8
1480000 534.4
1500000 523.3
1520000 532.3
1540000 448.2
1560000 540.9
1580000 575.7
1600000 564.3
1620000 601.6
1640000 579.2
1660000 576.8
1680000 586.6
1700000 595.6
1720000 589.7
1740000 591.7
1760000 606.2
1780000 609.9
1800000 608.6
1820000 618.3
1840000 601.9
1860000 596.2
1880000 578.2
1900000 596.6
1920000 631.7
1940000 582.7
1960000 564.1
1980000 609.3
2000000 525.4
