20000 76.2
40000 99.4
60000 250.1
80000 294.2
100000 367.1
120000 383.2
140000 381.1
160000 394.8
180000 372.0
200000 422.0
220000 448.9
240000 445.4
260000 449.3
280000 460.9
300000 493.3
320000 468.0
340000 462.9
360000 450.1
380000 436.2
400000 383.0
420000 523.7
440000 432.5
460000 546.7
480000 443.5
500000 539.8
520000 554.5
540000 528.1
560000 563.7
580000 593.8
600000 579.5
620000 393.3
640000 533.7
660000 636.9
680000 662.6
700000 674.1
720000 654.3
740000 642.0
760000 655.3
780000 674.9
800000 617.7
820000 656.7
840000 664.9
860000 676.3
880000 668.9
900000 663.4
920000 639.5
940000 723.3
960000 686.5
980000 684.7
1000000 700.4
1020000 683.0
1040000 682.9
1060000 671.1
1080000 674.8
1100000 677.4
1120000 699.0
1140000 702.4
1160000 669.5
1180000 683.0
1200000 695.9
1220000 687.8
1240000 650.6
1260000 736.7
1280000 716.2
1300000 746.0
1320000 718.8
1340000 714.9
1360000 715.7
1380000 727.4
1400000 709.4
1420000 723.9
1440000 722.2
1460000 742.4
1480000 722.2
1500000 736.3
1520000 716.7
1540000 723.3
1560000 748.9
1580000 747.3
1600000 757.9
1620000 765.6
1640000 773.2
1660000 753.9
1680000 787.1
1700000 760.7
1720000 785.2
1740000 676.6
1760000 744.3
1780000 783.9
1800000 786.1
1820000 785.7
1840000 814.6
1860000 753.2
1880000 769.5
1900000 759.0
1920000 740.8
1940000 744.2
1960000 792.5
1980000 825.0
2000000 814.8
