20000 88.8
40000 219.3
60000 261.1
80000 305.4
100000 312.5
120000 325.1
140000 325.0
160000 334.0
180000 395.3
200000 498.8
220000 411.6
240000 525.4
260000 521.5
280000 537.5
300000 519.0
320000 434.6
340000 488.0
360000 457.7
380000 540.7
400000 450.9
420000 460.4
440000 475.1
460000 488.5
480000 524.3
500000 497.7
520000 522.4
540000 449.2
560000 557.7
580000 545.4
600000 577.1
620000 560.0
640000 561.4
660000 520.5
680000 531.8
700000 557.5
720000 543.1
740000 476.2
760000 532.3
780000 578.1
800000 578.5
820000 537.5
840000 518.9
860000 568.4
880000 580.2
900000 553.5
920000 602.7
940000 619.5
960000 649.6
980000 589.0
1000000 604.7
1020000 633.7
1040000 634.6
1060000 640.1
1080000 605.0
1100000 639.3
1120000 557.9
1140000 442.0
1160000 584.3
1180000 644.7
1200000 608.2
1220000 621.4
1240000 649.6
1260000 642.5
1280000 621.7
1300000 614.2
1320000 654.0
1340000 645.9
1360000 616.9
1380000 652.6
1400000 634.5
1420000 584.3
1440000 656.7
1460000 683.1
1480000 627.6
1500000 638.1
1520000 667.9
1540000 644.0
1560000 678.2
1580000 668.6
1600000 707.4
1620000 658.1
1640000 674.7
1660000 696.5
1680000 673.5
1700000 602.5
1720000 683.3
1740000 684.7
1760000 691.3
1780000 681.5
1800000 378.6
1820000 557.7
1840000 682.6
1860000 681.2
1880000 659.9
1900000 683.5
1920000 689.8
1940000 699.0
1960000 701.0
1980000 722.9
2000000 723.5
