20000 122.9
40000 239.6
60000 289.5
80000 285.1
100000 301.0
120000 322.7
140000 287.5
160000 295.3
180000 356.2
200000 410.2
220000 379.2
240000 406.4
260000 378.7
280000 468.6
300000 487.7
320000 462.7
340000 457.7
360000 476.9
380000 473.4
400000 466.3
420000 451.8
440000 478.6
460000 360.7
480000 393.8
500000 432.1
520000 493.2
540000 485.2
560000 418.0
580000 494.2
600000 496.6
620000 445.2
640000 532.7
660000 524.2
680000 525.3
700000 495.1
720000 511.3
740000 528.3
760000 536.8
780000 535.2
800000 552.2
820000 565.6
840000 568.9
860000 576.1
880000 571.7
900000 579.1
920000 549.7
940000 578.7
960000 563.8
980000 620.3
1000000 571.3
1020000 596.5
1040000 567.6
1060000 563.2
1080000 593.5
1100000 465.7
1120000 525.2
1140000 605.4
1160000 600.6
1180000 572.6
1200000 577.3
1220000 573.6
1240000 499.0
1260000 568.3
1280000 591.6
1300000 581.3
1320000 562.3
1340000 620.4
1360000 571.6
1380000 585.2
1400000 553.5
1420000 613.1
1440000 600.7
1460000 579.3
1480000 612.0
1500000 669.4
1520000 640.1
1540000 665.8
1560000 647.1
1580000 655.0
1600000 656.4
1620000 626.3
1640000 687.1
1660000 707.4
1680000 702.4
1700000 711.5
1720000 704.7
1740000 704.4
1760000 738.0
1780000 686.7
1800000 713.7
1820000 715.5
1840000 730.0
1860000 709.4
1880000 719.0
1900000 712.8
1920000 727.3
1940000 705.1
1960000 716.6
1980000 711.8
2000000 710.3
