20000 103.4
40000 198.6
60000 67.9
80000 313.8
100000 345.6
120000 290.6
140000 169.8
160000 294.0
180000 289.0
200000 317.7
220000 258.4
240000 342.6
260000 219.9
280000 231.2
300000 323.2
320000 348.8
340000 287.2
360000 310.7
380000 344.7
400000 342.4
420000 342.0
440000 325.0
460000 373.1
480000 320.6
500000 367.9
520000 252.1
540000 343.4
560000 357.2
580000 380.1
600000 340.0
620000 284.1
640000 412.1
660000 409.8
680000 405.4
700000 456.9
720000 497.0
740000 513.6
760000 521.2
780000 488.9
800000 517.1
820000 507.2
840000 502.4
860000 486.7
880000 508.6
900000 475.1
920000 471.0
940000 511.4
960000 500.1
980000 544.2
1000000 525.9
1020000 506.0
1040000 454.1
1060000 448.1
1080000 469.1
1100000 459.9
1120000 468.9
1140000 410.2
1160000 530.7
1180000 539.0
1200000 497.6
1220000 548.3
1240000 513.4
1260000 596.8
1280000 555.7
1300000 513.0
1320000 567.2
1340000 619.7
1360000 626.1
1380000 627.2
1400000 615.8
1420000 642.6
1440000 658.8
1460000 633.1
1480000 610.2
1500000 632.0
1520000 646.6
1540000 679.4
1560000 629.4
1580000 660.8
1600000 678.5
1620000 666.3
1640000 672.9
1660000 677.9
1680000 683.8
1700000 679.0
1720000 697.3
1740000 707.5
1760000 685.2
1780000 715.3
1800000 691.4
1820000 718.1
1840000 687.6
1860000 710.6
1880000 698.6
1900000 703.9
1920000 712.3
1940000 699.0
1960000 703.0
1980000 725.1
2000000 717.0
