20000 102.0
40000 167.6
60000 245.0
80000 321.5
100000 249.8
120000 371.2
140000 338.6
160000 353.8
180000 346.7
200000 338.9
220000 411.4
240000 371.3
260000 417.1
280000 391.0
300000 426.5
320000 408.7
340000 429.0
360000 379.0
380000 473.0
400000 478.7
420000 356.2
440000 446.7
460000 416.2
480000 519.1
500000 508.5
520000 465.3
540000 505.1
560000 523.0
580000 519.8
600000 552.5
620000 557.8
640000 486.1
660000 510.2
680000 573.4
700000 551.2
720000 604.4
740000 601.5
760000 592.3
780000 588.0
800000 627.6
820000 622.9
840000 668.1
860000 650.3
880000 653.1
900000 660.0
920000 677.7
940000 606.0
960000 686.0
980000 663.3
1000000 682.3
1020000 669.0
1040000 687.6
1060000 697.3
1080000 663.4
1100000 679.3
1120000 679.3
1140000 665.7
1160000 707.2
1180000 685.3
1200000 718.0
1220000 707.9
1240000 686.4
1260000 720.7
1280000 728.6
1300000 715.9
1320000 742.5
1340000 731.8
1360000 737.7
1380000 759.6
1400000 729.5
1420000 738.6
1440000 653.4
1460000 696.6
1480000 722.1
1500000 745.6
1520000 734.3
1540000 712.7
1560000 728.7
1580000 678.0
1600000 727.1
1620000 748.5
1640000 714.6
1660000 757.9
1680000 768.2
1700000 764.3
1720000 759.0
1740000 766.3
1760000 770.4
1780000 774.3
1800000 769.0
1820000 771.1
1840000 783.3
1860000 776.7
1880000 763.0
1900000 775.7
1920000 767.5
1940000 773.1
1960000 764.9
1980000 753.0
2000000 751.1
