20000 134.7
40000 280.2
60000 325.4
80000 170.1
100000 257.9
120000 148.5
140000 397.9
160000 409.7
180000 427.1
200000 164.1
220000 424.2
240000 380.5
260000 349.1
280000 451.4
300000 446.7
320000 461.6
340000 453.3
360000 397.2
380000 518.5
400000 512.2
420000 497.8
440000 507.8
460000 536.5
480000 512.7
500000 505.1
520000 493.4
540000 401.8
560000 399.5
580000 553.7
600000 523.7
620000 565.8
640000 512.3
660000 490.2
680000 549.7
700000 566.0
720000 477.1
740000 581.6
760000 558.0
780000 597.2
800000 461.5
820000 497.9
840000 612.1
860000 606.2
880000 610.4
900000 612.9
920000 578.7
940000 538.2
960000 590.1
980000 505.3
1000000 615.1
1020000 584.2
1040000 582.6
1060000 576.0
1080000 608.1
1100000 545.1
1120000 441.7
1140000 591.4
1160000 535.0
1180000 628.5
1200000 610.2
1220000 626.2
1240000 650.3
1260000 632.8
1280000 653.8
1300000 665.9
1320000 653.9
1340000 674.9
1360000 674.3
1380000 657.1
1400000 620.1
1420000 683.6
1440000 680.7
1460000 649.0
1480000 677.6
1500000 697.5
1520000 683.6
1540000 698.9
1560000 688.8
1580000 694.5
1600000 651.5
1620000 702.3
1640000 677.2
1660000 702.7
1680000 716.9
1700000 684.9
1720000 699.6
1740000 704.3
1760000 730.0
1780000 691.7
1800000 710.6
1820000 685.8
1840000 693.0
1860000 725.4
1880000 744.3
1900000 723.0
1920000 738.2
1940000 726.3
1960000 748.7
1980000 729.1
2000000 720.4
