20000 86.7
40000 225.4
60000 297.5
80000 352.2
100000 324.7
120000 291.7
140000 350.3
160000 317.8
180000 429.5
200000 435.6
220000 371.8
240000 377.7
260000 265.2
280000 357.2
300000 428.0
320000 464.8
340000 368.0
360000 251.7
380000 335.7
400000 463.8
420000 402.4
440000 412.6
460000 410.3
480000 400.2
500000 373.0
520000 460.8
540000 399.3
560000 468.1
580000 517.4
600000 518.6
620000 465.0
640000 519.8
660000 482.1
680000 527.3
700000 544.0
720000 513.2
740000 534.0
760000 527.5
780000 515.4
800000 533.1
820000 577.2
840000 606.9
860000 599.4
880000 602.9
900000 600.8
920000 638.6
940000 535.3
960000 627.0
980000 644.0
1000000 638.9
1020000 644.2
1040000 675.9
1060000 652.8
1080000 660.6
1100000 662.5
1120000 671.9
1140000 667.6
1160000 664.8
1180000 676.1
1200000 686.1
1220000 709.4
1240000 725.5
1260000 692.8
1280000 716.7
1300000 708.2
1320000 685.9
1340000 686.9
1360000 666.9
1380000 715.3
1400000 737.4
1420000 694.3
1440000 705.0
1460000 725.0
1480000 715.5
1500000 730.6
1520000 689.0
1540000 708.8
1560000 722.5
1580000 740.6
1600000 736.5
1620000 735.4
1640000 745.6
1660000 743.8
1680000 754.4
1700000 644.2
1720000 743.8
1740000 748.3
1760000 766.3
1780000 762.0
1800000 752.6
1820000 767.4
1840000 765.3
1860000 752.5
1880000 770.7
1900000 755.0
1920000 751.5
1940000 713.7
1960000 764.2
1980000 681.7
2000000 794.4
