20000 19.7
40000 234.5
60000 319.0
80000 295.4
100000 351.5
120000 298.2
140000 177.6
160000 364.1
180000 278.8
200000 369.5
220000 398.4
240000 388.5
260000 417.9
280000 420.3
300000 450.3
320000 396.7
340000 428.0
360000 473.4
380000 494.4
400000 347.7
420000 437.5
440000 481.0
460000 479.4
480000 471.8
500000 506.3
520000 501.1
540000 496.6
560000 503.2
580000 523.2
600000 494.2
620000 520.3
640000 487.5
660000 509.0
680000 525.1
700000 522.9
720000 489.2
740000 517.9
760000 550.2
780000 526.8
800000 582.6
820000 565.8
840000 615.0
860000 540.7
880000 610.3
900000 619.9
920000 603.1
940000 600.7
960000 592.9
980000 622.2
1000000 607.3
1020000 548.3
1040000 603.7
1060000 635.4
1080000 651.9
1100000 667.9
1120000 697.4
1140000 665.1
1160000 695.1
1180000 701.5
1200000 614.6
1220000 627.3
1240000 722.4
1260000 742.5
1280000 739.3
1300000 713.8
1320000 692.6
1340000 647.8
1360000 648.1
1380000 733.3
1400000 723.7
1420000 728.4
1440000 723.0
1460000 732.3
1480000 508.0
1500000 728.6
1520000 689.5
1540000 715.1
1560000 567.9
1580000 735.7
1600000 721.0
1620000 685.2
1640000 699.0
1660000 702.0
1680000 726.9
1700000 696.8
1720000 722.6
1740000 727.0
1760000 716.4
1780000 730.3
1800000 719.2
1820000 706.8
1840000 705.4
1860000 682.3
1880000 706.8
1900000 646.6
1920000 700.0
1940000 752.0
1960000 686.1
1980000 732.6
2000000 748.2
