20000 53.0
40000 192.5
60000 397.2
80000 414.7
100000 422.7
120000 463.3
140000 508.4
160000 471.0
180000 471.4
200000 526.8
220000 467.3
240000 513.9
260000 540.4
280000 583.0
300000 590.2
320000 610.4
340000 595.8
360000 565.8
380000 575.8
400000 613.8
420000 665.2
440000 617.8
460000 584.9
480000 660.7
500000 642.1
520000 665.7
540000 668.6
560000 675.5
580000 646.7
600000 666.4
620000 672.7
640000 682.4
660000 678.1
680000 654.1
700000 665.7
720000 694.0
740000 691.9
760000 683.1
780000 688.8
800000 670.5
820000 703.3
840000 703.7
860000 703.4
880000 717.3
900000 713.9
920000 706.6
940000 699.0
960000 678.6
980000 703.8
1000000 681.2
1020000 679.2
1040000 681.7
1060000 678.0
1080000 687.8
1100000 685.8
1120000 702.7
1140000 685.3
1160000 717.1
1180000 720.6
1200000 720.6
1220000 683.9
1240000 764.0
1260000 740.9
1280000 745.6
1300000 736.9
1320000 741.6
1340000 730.6
1360000 763.1
1380000 765.8
1400000 768.4
1420000 748.4
1440000 776.6
1460000 791.1
1480000 772.9
1500000 804.7
1520000 792.0
1540000 778.1
1560000 768.7
1580000 768.2
1600000 795.3
1620000 784.4
1640000 765.2
1660000 804.7
1680000 815.4
1700000 808.7
1720000 792.7
1740000 781.5
1760000 809.7
1780000 781.2
1800000 800.4
1820000 797.7
1840000 776.1
1860000 771.8
1880000 759.4
1900000 796.5
1920000 812.7
1940000 816.7
1960000 778.7
1980000 743.6
2000000 769.4
