10000 0.0
20000 0.0
30000 0.0
40000 0.0
50000 0.0
60000 0.0
70000 0.0
80000 0.0
90000 0.0
100000 0.0
110000 0.0
120000 0.0
130000 0.0
140000 0.0
150000 0.0
160000 0.0
170000 0.0
180000 0.0
190000 0.0
200000 0.0
210000 0.0
220000 0.0
230000 0.0
240000 0.0
250000 0.0
260000 0.0
270000 0.0
280000 0.0
290000 0.0
300000 0.0
310000 0.0
320000 4.2
330000 7.1
340000 22.0
350000 12.9
360000 11.4
370000 13.9
380000 28.2
390000 18.3
400000 30.9
410000 0.0
420000 0.0
430000 30.4
440000 86.8
450000 35.0
460000 78.0
470000 159.9
480000 122.4
490000 45.2
500000 137.9
510000 120.0
520000 545.1
530000 819.4
540000 777.3
550000 699.1
560000 687.1
570000 758.0
580000 753.5
590000 790.3
600000 787.9
610000 0.0
620000 15.8
630000 0.0
640000 711.0
650000 708.9
660000 769.1
670000 766.7
680000 814.9
690000 766.9
700000 706.4
710000 707.0
720000 793.9
730000 734.8
740000 547.6
750000 799.4
760000 787.0
770000 804.6
780000 804.9
790000 674.2
800000 796.9
810000 0.0
820000 3.4
830000 22.0
840000 471.8
850000 450.2
860000 754.1
870000 819.2
880000 806.0
890000 829.7
900000 819.5
910000 826.9
920000 763.0
930000 807.8
940000 783.4
950000 784.8
960000 803.8
970000 821.8
980000 812.6
990000 804.5
1000000 821.8
1010000 0.0
1020000 402.3
1030000 576.9
1040000 813.5
1050000 659.9
1060000 801.9
1070000 801.7
1080000 792.9
1090000 484.9
1100000 821.7
1110000 812.9
1120000 811.9
1130000 814.4
1140000 751.7
1150000 743.7
1160000 800.1
1170000 757.4
1180000 769.3
1190000 794.0
1200000 804.9
1210000 0.0
1220000 0.0
1230000 5.0
1240000 2.0
1250000 404.5
1260000 794.4
1270000 775.5
1280000 822.1
1290000 821.8
1300000 835.6
1310000 830.7
1320000 828.8
1330000 764.6
1340000 795.3
1350000 790.2
1360000 698.0
1370000 733.7
1380000 807.5
1390000 805.8
1400000 813.9
1410000 0.0
1420000 0.0
1430000 52.0
1440000 257.6
1450000 470.5
1460000 762.5
1470000 805.6
1480000 798.9
1490000 803.4
1500000 782.8
1510000 797.5
1520000 786.4
1530000 778.4
1540000 811.8
1550000 813.8
1560000 802.8
1570000 774.9
1580000 828.9
1590000 815.4
1600000 551.4
1610000 0.0
1620000 0.0
1630000 95.3
1640000 778.7
1650000 809.1
1660000 771.6
1670000 434.9
1680000 808.5
1690000 739.8
1700000 820.8
1710000 818.8
1720000 741.2
1730000 805.8
1740000 814.1
1750000 809.4
1760000 794.2
1770000 808.4
1780000 809.7
1790000 808.7
1800000 825.3
1810000 0.0
1820000 0.0
1830000 45.9
1840000 663.3
1850000 127.3
1860000 771.8
1870000 820.7
1880000 795.2
1890000 833.4
1900000 790.5
1910000 834.0
1920000 831.5
1930000 833.7
1940000 796.6
1950000 827.6
1960000 827.5
1970000 830.1
1980000 834.1
1990000 815.1
2000000 807.1
