10000 0.0
20000 0.0
30000 0.0
40000 0.0
50000 0.0
60000 0.0
70000 0.0
80000 0.0
90000 0.0
100000 0.0
110000 0.0
120000 0.0
130000 0.0
140000 0.0
150000 0.0
160000 0.0
170000 0.0
180000 0.0
190000 0.0
200000 0.0
210000 0.0
220000 0.0
230000 0.0
240000 0.0
250000 0.0
260000 0.0
270000 0.0
280000 0.0
290000 0.0
300000 0.0
310000 0.0
320000 0.0
330000 0.0
340000 0.0
350000 0.0
360000 6.2
370000 0.0
380000 0.0
390000 0.0
400000 2.1
410000 0.0
420000 0.0
430000 0.0
440000 0.4
450000 0.6
460000 0.9
470000 1.0
480000 5.1
490000 0.0
500000 1.1
510000 0.0
520000 0.0
530000 37.0
540000 19.6
550000 73.1
560000 94.6
570000 99.3
580000 77.5
590000 84.5
600000 80.3
610000 0.0
620000 75.6
630000 368.0
640000 363.8
650000 688.0
660000 609.4
670000 696.0
680000 719.0
690000 703.4
700000 613.8
710000 654.5
720000 730.5
730000 734.0
740000 715.0
750000 676.3
760000 662.5
770000 721.7
780000 737.8
790000 717.4
800000 735.9
810000 0.0
820000 2.1
830000 183.8
840000 184.1
850000 0.0
860000 589.4
870000 697.5
880000 733.9
890000 752.9
900000 739.0
910000 716.6
920000 681.4
930000 728.9
940000 727.3
950000 724.4
960000 750.5
970000 729.0
980000 757.1
990000 717.9
1000000 754.5
1010000 0.0
1020000 0.0
1030000 137.5
1040000 523.2
1050000 691.6
1060000 756.1
1070000 706.9
1080000 766.6
1090000 763.4
1100000 760.5
1110000 759.2
1120000 749.0
1130000 752.7
1140000 688.5
1150000 650.5
1160000 599.8
1170000 674.5
1180000 760.2
1190000 760.3
1200000 758.9
1210000 0.0
1220000 0.0
1230000 11.6
1240000 76.4
1250000 0.0
1260000 771.6
1270000 554.5
1280000 733.9
1290000 713.8
1300000 775.5
1310000 754.2
1320000 756.4
1330000 715.8
1340000 745.4
1350000 711.6
1360000 768.7
1370000 780.5
1380000 774.4
1390000 779.3
1400000 762.2
1410000 0.0
1420000 2.0
1430000 68.9
1440000 767.0
1450000 718.5
1460000 771.3
1470000 789.4
1480000 629.7
1490000 786.6
1500000 799.7
1510000 791.2
1520000 804.4
1530000 768.3
1540000 802.5
1550000 795.7
1560000 799.3
1570000 805.7
1580000 759.7
1590000 740.8
1600000 796.0
1610000 0.0
1620000 3.6
1630000 0.0
1640000 490.0
1650000 743.9
1660000 809.6
1670000 815.8
1680000 815.4
1690000 800.0
1700000 803.5
1710000 740.2
1720000 817.7
1730000 776.8
1740000 817.6
1750000 796.3
1760000 811.1
1770000 761.5
1780000 697.5
1790000 800.5
1800000 790.4
1810000 0.0
1820000 8.5
1830000 8.1
1840000 777.1
1850000 678.5
1860000 773.9
1870000 795.1
1880000 725.3
1890000 816.1
1900000 774.2
1910000 784.7
1920000 830.2
1930000 801.1
1940000 739.0
1950000 784.6
1960000 790.3
1970000 825.2
1980000 790.0
1990000 813.0
2000000 811.0
