10000 0.0
20000 0.0
30000 0.0
40000 0.0
50000 0.8
60000 0.0
70000 0.0
80000 3.9
90000 6.2
100000 16.5
110000 16.8
120000 36.3
130000 32.2
140000 42.5
150000 49.7
160000 78.7
170000 168.4
180000 59.8
190000 37.8
200000 395.6
210000 0.0
220000 2.1
230000 211.1
240000 504.1
250000 509.7
260000 708.1
270000 491.8
280000 719.9
290000 720.4
300000 729.4
310000 709.0
320000 709.6
330000 690.4
340000 724.9
350000 724.0
360000 217.2
370000 726.0
380000 716.4
390000 731.5
400000 702.0
410000 0.0
420000 68.6
430000 62.2
440000 101.7
450000 605.7
460000 687.6
470000 686.2
480000 577.2
490000 698.6
500000 746.1
510000 754.9
520000 743.5
530000 734.2
540000 719.7
550000 730.7
560000 688.5
570000 715.4
580000 584.2
590000 747.1
600000 730.6
610000 0.0
620000 86.6
630000 59.6
640000 431.9
650000 716.8
660000 653.2
670000 725.4
680000 487.9
690000 734.3
700000 551.8
710000 730.3
720000 663.2
730000 638.1
740000 691.6
750000 753.5
760000 643.1
770000 750.7
780000 740.7
790000 729.4
800000 717.2
810000 0.0
820000 0.0
830000 0.9
840000 142.6
850000 721.0
860000 759.8
870000 747.6
880000 727.3
890000 709.3
900000 726.1
910000 746.2
920000 749.7
930000 726.4
940000 737.9
950000 739.1
960000 748.6
970000 690.2
980000 737.6
990000 723.3
1000000 743.4
1010000 0.0
1020000 67.8
1030000 531.6
1040000 651.7
1050000 748.8
1060000 698.2
1070000 622.2
1080000 688.7
1090000 745.5
1100000 752.6
1110000 748.3
1120000 742.2
1130000 755.0
1140000 762.0
1150000 760.1
1160000 742.0
1170000 699.8
1180000 713.8
1190000 739.7
1200000 720.9
1210000 0.0
1220000 0.0
1230000 509.3
1240000 228.9
1250000 625.7
1260000 652.7
1270000 696.6
1280000 574.4
1290000 585.8
1300000 708.5
1310000 653.0
1320000 612.5
1330000 512.7
1340000 687.0
1350000 660.6
1360000 719.7
1370000 677.9
1380000 552.3
1390000 735.0
1400000 540.0
1410000 0.0
1420000 0.0
1430000 383.9
1440000 750.5
1450000 757.2
1460000 642.8
1470000 688.4
1480000 725.4
1490000 693.7
1500000 643.0
1510000 603.2
1520000 598.7
1530000 747.6
1540000 748.7
1550000 618.8
1560000 747.1
1570000 719.4
1580000 624.2
1590000 744.8
1600000 596.9
1610000 0.0
1620000 15.2
1630000 45.2
1640000 435.2
1650000 580.0
1660000 713.4
1670000 742.9
1680000 742.0
1690000 630.8
1700000 490.7
1710000 744.2
1720000 724.8
1730000 557.3
1740000 374.2
1750000 715.5
1760000 662.3
1770000 749.5
1780000 758.7
1790000 749.3
1800000 721.0
1810000 0.0
1820000 68.0
1830000 307.5
1840000 760.3
1850000 755.3
1860000 739.5
1870000 741.9
1880000 691.1
1890000 701.9
1900000 711.7
1910000 731.2
1920000 727.0
1930000 698.0
1940000 759.9
1950000 624.8
1960000 737.7
1970000 760.4
1980000 726.0
1990000 755.6
2000000 724.4
