10000 0.0
20000 0.0
30000 0.0
40000 0.0
50000 0.0
60000 0.0
70000 0.0
80000 0.0
90000 0.0
100000 0.0
110000 0.0
120000 0.0
130000 0.0
140000 0.0
150000 0.0
160000 0.0
170000 0.0
180000 0.0
190000 0.0
200000 0.0
210000 0.0
220000 0.0
230000 0.0
240000 0.0
250000 0.0
260000 0.0
270000 0.0
280000 0.0
290000 0.0
300000 0.0
310000 0.0
320000 0.0
330000 0.0
340000 0.0
350000 0.0
360000 0.0
370000 0.0
380000 0.0
390000 0.0
400000 0.0
410000 0.0
420000 0.0
430000 0.0
440000 0.0
450000 0.0
460000 0.0
470000 0.0
480000 0.0
490000 0.0
500000 0.0
510000 0.0
520000 0.0
530000 0.0
540000 0.0
550000 0.0
560000 0.0
570000 0.0
580000 0.0
590000 0.0
600000 0.0
610000 0.0
620000 0.0
630000 0.0
640000 0.0
650000 0.0
660000 0.0
670000 0.0
680000 0.0
690000 0.0
700000 0.0
710000 0.0
720000 0.0
730000 0.0
740000 0.0
750000 0.0
760000 0.0
770000 0.0
780000 0.0
790000 0.0
800000 0.0
810000 0.0
820000 0.0
830000 0.0
840000 0.0
850000 0.0
860000 0.0
870000 0.0
880000 0.0
890000 0.0
900000 0.0
910000 0.0
920000 0.0
930000 0.0
940000 0.0
950000 0.0
960000 0.0
970000 0.0
980000 0.0
990000 0.0
1000000 0.0
1010000 0.0
1020000 0.0
1030000 0.0
1040000 0.0
1050000 0.0
1060000 0.0
1070000 0.0
1080000 0.0
1090000 0.0
1100000 0.0
1110000 0.0
1120000 0.0
1130000 0.0
1140000 0.0
1150000 0.0
1160000 0.0
1170000 0.0
1180000 0.0
1190000 0.0
1200000 0.0
1210000 0.0
1220000 0.0
1230000 0.0
1240000 0.0
1250000 0.0
1260000 0.0
1270000 0.0
1280000 0.0
1290000 0.0
1300000 0.0
1310000 0.0
1320000 0.0
1330000 0.0
1340000 0.0
1350000 0.0
1360000 0.0
1370000 0.0
1380000 0.0
1390000 0.6
1400000 0.0
1410000 0.0
1420000 0.0
1430000 0.0
1440000 0.0
1450000 0.0
1460000 0.0
1470000 0.0
1480000 0.7
1490000 0.0
1500000 3.0
1510000 12.6
1520000 19.1
1530000 9.9
1540000 1.3
1550000 39.2
1560000 35.8
1570000 34.5
1580000 51.1
1590000 44.5
1600000 212.9
1610000 0.0
1620000 0.0
1630000 126.0
1640000 172.1
1650000 164.2
1660000 72.6
1670000 246.8
1680000 518.9
1690000 33.1
1700000 604.3
1710000 412.7
1720000 761.9
1730000 687.0
1740000 774.7
1750000 643.6
1760000 665.9
1770000 693.3
1780000 800.0
1790000 791.3
1800000 764.7
1810000 0.0
1820000 0.0
1830000 801.8
1840000 747.0
1850000 408.5
1860000 546.7
1870000 809.0
1880000 688.4
1890000 768.4
1900000 799.5
1910000 813.4
1920000 770.2
1930000 669.2
1940000 781.4
1950000 821.5
1960000 807.4
1970000 800.8
1980000 817.4
1990000 712.4
2000000 814.6
