10000 0.0
20000 0.0
30000 0.0
40000 0.0
50000 0.0
60000 0.0
70000 0.0
80000 0.0
90000 0.0
100000 0.0
110000 0.0
120000 0.0
130000 0.0
140000 0.0
150000 0.0
160000 0.0
170000 0.0
180000 0.0
190000 0.0
200000 0.0
210000 0.0
220000 0.0
230000 0.0
240000 0.0
250000 0.0
260000 0.0
270000 0.0
280000 0.0
290000 0.0
300000 0.0
310000 0.0
320000 0.0
330000 0.0
340000 0.0
350000 0.0
360000 0.0
370000 0.0
380000 0.0
390000 0.0
400000 0.0
410000 0.0
420000 0.0
430000 0.0
440000 0.0
450000 0.0
460000 0.0
470000 0.0
480000 0.0
490000 0.0
500000 0.0
510000 0.0
520000 0.0
530000 0.0
540000 0.0
550000 0.0
560000 0.0
570000 0.0
580000 0.0
590000 0.0
600000 0.0
610000 0.0
620000 0.0
630000 0.0
640000 0.0
650000 0.0
660000 0.0
670000 0.0
680000 0.0
690000 0.4
700000 0.0
710000 0.5
720000 1.4
730000 6.8
740000 0.0
750000 22.5
760000 27.9
770000 32.7
780000 30.5
790000 31.4
800000 27.7
810000 0.0
820000 0.0
830000 64.7
840000 29.7
850000 134.3
860000 42.2
870000 126.7
880000 147.0
890000 169.4
900000 168.2
910000 664.1
920000 573.0
930000 773.8
940000 815.1
950000 693.6
960000 709.0
970000 534.2
980000 720.8
990000 732.8
1000000 715.5
1010000 0.0
1020000 182.0
1030000 611.9
1040000 499.7
1050000 702.5
1060000 713.9
1070000 729.3
1080000 813.4
1090000 725.4
1100000 741.2
1110000 732.3
1120000 556.5
1130000 574.6
1140000 786.5
1150000 728.1
1160000 721.1
1170000 735.3
1180000 695.1
1190000 703.1
1200000 718.8
1210000 0.0
1220000 1.3
1230000 4.8
1240000 3.3
1250000 283.5
1260000 703.3
1270000 753.7
1280000 740.9
1290000 753.2
1300000 745.6
1310000 741.4
1320000 748.6
1330000 756.5
1340000 748.6
1350000 751.2
1360000 748.7
1370000 740.9
1380000 749.0
1390000 749.5
1400000 755.6
1410000 0.0
1420000 0.0
1430000 565.8
1440000 719.6
1450000 732.0
1460000 731.0
1470000 695.0
1480000 701.6
1490000 715.8
1500000 720.0
1510000 765.1
1520000 757.2
1530000 751.5
1540000 768.1
1550000 720.2
1560000 605.2
1570000 745.5
1580000 766.7
1590000 763.5
1600000 709.6
1610000 0.0
1620000 3.4
1630000 96.7
1640000 49.9
1650000 757.3
1660000 714.4
1670000 710.9
1680000 745.3
1690000 727.5
1700000 774.2
1710000 777.0
1720000 777.8
1730000 786.6
1740000 760.1
1750000 764.9
1760000 730.0
1770000 758.0
1780000 795.4
1790000 801.6
1800000 759.6
1810000 0.0
1820000 8.6
1830000 86.3
1840000 781.8
1850000 671.5
1860000 790.9
1870000 798.2
1880000 803.0
1890000 758.2
1900000 805.6
1910000 792.6
1920000 745.1
1930000 720.1
1940000 702.8
1950000 786.0
1960000 778.2
1970000 767.8
1980000 800.0
1990000 789.7
2000000 808.0
