10000 0.0
20000 0.0
30000 0.0
40000 0.0
50000 0.0
60000 0.0
70000 0.0
80000 0.0
90000 0.0
100000 0.0
110000 0.0
120000 0.0
130000 0.0
140000 0.0
150000 0.0
160000 0.0
170000 0.0
180000 0.0
190000 0.0
200000 0.0
210000 0.0
220000 0.0
230000 0.0
240000 0.0
250000 0.0
260000 0.0
270000 0.0
280000 0.0
290000 0.0
300000 0.0
310000 0.0
320000 0.0
330000 0.0
340000 0.0
350000 0.0
360000 0.0
370000 0.0
380000 0.0
390000 0.0
400000 0.0
410000 0.0
420000 0.0
430000 0.0
440000 0.0
450000 0.0
460000 0.0
470000 0.0
480000 0.0
490000 0.0
500000 0.0
510000 2.9
520000 0.0
530000 1.8
540000 4.3
550000 0.0
560000 3.0
570000 0.0
580000 10.0
590000 37.3
600000 31.8
610000 0.0
620000 0.0
630000 6.5
640000 92.3
650000 221.3
660000 265.6
670000 281.9
680000 411.6
690000 349.0
700000 746.0
710000 754.1
720000 599.8
730000 761.8
740000 758.8
750000 750.8
760000 755.3
770000 774.5
780000 773.5
790000 772.8
800000 727.4
810000 0.0
820000 117.8
830000 13.3
840000 715.2
850000 781.6
860000 810.4
870000 787.9
880000 595.1
890000 760.8
900000 804.3
910000 743.5
920000 795.7
930000 781.8
940000 600.7
950000 675.7
960000 797.8
970000 793.5
980000 830.5
990000 818.2
1000000 832.4
1010000 0.0
1020000 89.8
1030000 193.7
1040000 810.9
1050000 826.8
1060000 821.6
1070000 812.6
1080000 829.4
1090000 824.3
1100000 744.9
1110000 776.5
1120000 835.5
1130000 822.1
1140000 834.3
1150000 815.7
1160000 819.0
1170000 824.9
1180000 807.4
1190000 824.8
1200000 786.9
1210000 0.0
1220000 0.0
1230000 3.0
1240000 68.0
1250000 641.9
1260000 653.9
1270000 644.9
1280000 726.7
1290000 788.3
1300000 813.9
1310000 816.2
1320000 792.7
1330000 814.0
1340000 811.9
1350000 807.5
1360000 814.5
1370000 817.5
1380000 815.8
1390000 722.5
1400000 808.6
1410000 0.0
1420000 5.9
1430000 179.2
1440000 787.3
1450000 632.1
1460000 774.2
1470000 528.1
1480000 821.7
1490000 809.8
1500000 797.5
1510000 821.9
1520000 803.4
1530000 747.3
1540000 698.7
1550000 836.4
1560000 789.6
1570000 649.6
1580000 814.7
1590000 835.3
1600000 821.3
1610000 0.0
1620000 0.0
1630000 8.5
1640000 827.5
1650000 303.2
1660000 700.2
1670000 829.3
1680000 810.5
1690000 828.1
1700000 821.6
1710000 835.0
1720000 805.4
1730000 751.4
1740000 798.2
1750000 812.4
1760000 804.1
1770000 815.6
1780000 832.3
1790000 773.7
1800000 832.3
1810000 0.0
1820000 102.8
1830000 0.3
1840000 550.4
1850000 746.6
1860000 810.8
1870000 839.3
1880000 806.1
1890000 799.1
1900000 546.5
1910000 791.8
1920000 838.6
1930000 835.5
1940000 826.6
1950000 827.1
1960000 836.9
1970000 825.2
1980000 817.4
1990000 807.6
2000000 818.6
