10000 0.0
20000 0.0
30000 0.0
40000 0.0
50000 0.0
60000 0.0
70000 0.0
80000 0.0
90000 0.0
100000 0.0
110000 0.0
120000 0.0
130000 0.0
140000 0.0
150000 0.0
160000 0.0
170000 0.0
180000 0.0
190000 0.0
200000 0.0
210000 0.0
220000 0.0
230000 0.0
240000 0.0
250000 0.0
260000 0.0
270000 0.0
280000 0.0
290000 0.0
300000 0.0
310000 0.0
320000 0.0
330000 0.0
340000 0.0
350000 0.0
360000 0.0
370000 0.0
380000 0.0
390000 0.0
400000 0.0
410000 0.0
420000 0.0
430000 0.0
440000 0.0
450000 0.0
460000 0.0
470000 0.0
480000 0.0
490000 0.0
500000 0.0
510000 0.0
520000 0.0
530000 8.6
540000 2.6
550000 0.0
560000 0.0
570000 5.0
580000 1.6
590000 2.4
600000 26.6
610000 0.0
620000 0.0
630000 0.0
640000 28.4
650000 67.6
660000 8.3
670000 61.7
680000 39.5
690000 128.8
700000 396.6
710000 551.3
720000 532.8
730000 727.6
740000 751.5
750000 756.2
760000 637.1
770000 666.0
780000 671.6
790000 728.4
800000 729.5
810000 0.0
820000 0.0
830000 103.3
840000 722.5
850000 49.0
860000 769.5
870000 662.0
880000 789.5
890000 767.0
900000 250.8
910000 780.3
920000 744.6
930000 774.4
940000 672.1
950000 610.8
960000 753.9
970000 759.4
980000 781.5
990000 785.8
1000000 699.0
1010000 0.0
1020000 1.0
1030000 19.5
1040000 125.4
1050000 347.8
1060000 630.8
1070000 780.1
1080000 674.7
1090000 791.8
1100000 766.7
1110000 787.1
1120000 770.3
1130000 776.0
1140000 762.8
1150000 818.6
1160000 739.6
1170000 834.8
1180000 794.7
1190000 819.4
1200000 815.5
1210000 0.0
1220000 119.7
1230000 465.8
1240000 788.1
1250000 835.4
1260000 635.4
1270000 773.3
1280000 825.8
1290000 732.5
1300000 317.4
1310000 624.4
1320000 806.2
1330000 805.2
1340000 809.3
1350000 835.3
1360000 831.3
1370000 820.5
1380000 670.1
1390000 806.6
1400000 800.5
1410000 0.0
1420000 0.0
1430000 65.4
1440000 813.4
1450000 593.6
1460000 827.3
1470000 807.6
1480000 719.3
1490000 833.2
1500000 787.0
1510000 816.5
1520000 823.9
1530000 824.3
1540000 804.6
1550000 793.8
1560000 784.0
1570000 821.8
1580000 742.6
1590000 834.7
1600000 828.3
1610000 0.0
1620000 0.0
1630000 26.1
1640000 321.0
1650000 484.3
1660000 742.0
1670000 729.6
1680000 585.9
1690000 801.3
1700000 782.0
1710000 799.7
1720000 309.5
1730000 815.3
1740000 727.5
1750000 813.0
1760000 797.0
1770000 602.1
1780000 824.9
1790000 821.0
1800000 831.9
1810000 0.0
1820000 0.0
1830000 133.2
1840000 688.9
1850000 832.1
1860000 833.1
1870000 815.2
1880000 835.7
1890000 773.5
1900000 813.0
1910000 824.5
1920000 827.1
1930000 610.2
1940000 829.3
1950000 819.6
1960000 822.0
1970000 731.7
1980000 820.7
1990000 739.4
2000000 817.1
