10000 0.0
20000 0.0
30000 0.0
40000 0.0
50000 0.0
60000 0.0
70000 0.0
80000 0.0
90000 0.0
100000 0.0
110000 0.0
120000 0.0
130000 14.9
140000 2.9
150000 0.0
160000 20.7
170000 23.3
180000 0.0
190000 61.5
200000 151.6
210000 0.0
220000 0.0
230000 158.7
240000 213.6
250000 64.7
260000 275.3
270000 121.0
280000 44.9
290000 28.0
300000 707.8
310000 735.0
320000 715.3
330000 715.7
340000 737.4
350000 740.5
360000 590.6
370000 675.9
380000 736.2
390000 714.9
400000 608.4
410000 0.0
420000 9.5
430000 354.7
440000 495.1
450000 722.6
460000 697.8
470000 730.3
480000 740.3
490000 753.7
500000 625.4
510000 749.3
520000 760.2
530000 750.8
540000 740.1
550000 770.3
560000 703.6
570000 702.7
580000 770.3
590000 772.9
600000 783.4
610000 0.0
620000 0.0
630000 63.3
640000 191.9
650000 651.5
660000 780.9
670000 540.0
680000 779.8
690000 746.4
700000 783.3
710000 739.5
720000 814.0
730000 759.3
740000 801.9
750000 767.1
760000 727.1
770000 746.8
780000 803.0
790000 756.8
800000 745.5
810000 0.0
820000 6.9
830000 128.9
840000 494.0
850000 477.4
860000 794.2
870000 821.3
880000 810.1
890000 810.3
900000 824.5
910000 808.5
920000 826.7
930000 822.5
940000 829.0
950000 788.7
960000 823.3
970000 821.2
980000 819.9
990000 823.7
1000000 822.9
1010000 0.0
1020000 7.6
1030000 13.3
1040000 770.3
1050000 817.9
1060000 597.0
1070000 793.5
1080000 808.5
1090000 829.4
1100000 680.1
1110000 790.4
1120000 826.7
1130000 717.9
1140000 831.4
1150000 826.4
1160000 831.1
1170000 768.7
1180000 732.6
1190000 832.1
1200000 797.1
1210000 0.0
1220000 0.0
1230000 18.0
1240000 722.8
1250000 832.5
1260000 825.4
1270000 825.7
1280000 730.4
1290000 821.9
1300000 814.4
1310000 811.4
1320000 818.4
1330000 745.9
1340000 780.1
1350000 817.0
1360000 817.7
1370000 810.7
1380000 794.2
1390000 759.6
1400000 825.6
1410000 0.0
1420000 8.5
1430000 5.6
1440000 281.6
1450000 691.0
1460000 796.3
1470000 813.0
1480000 823.7
1490000 807.9
1500000 825.3
1510000 812.4
1520000 838.1
1530000 812.9
1540000 834.4
1550000 829.4
1560000 807.5
1570000 832.6
1580000 790.1
1590000 782.2
1600000 761.8
1610000 0.0
1620000 0.0
1630000 0.5
1640000 725.3
1650000 827.2
1660000 690.1
1670000 624.9
1680000 819.1
1690000 687.1
1700000 826.9
1710000 820.8
1720000 813.7
1730000 829.1
1740000 735.9
1750000 819.3
1760000 712.9
1770000 812.6
1780000 741.6
1790000 779.6
1800000 733.7
1810000 0.0
1820000 1.1
1830000 5.2
1840000 46.9
1850000 581.3
1860000 789.3
1870000 764.8
1880000 817.1
1890000 734.0
1900000 830.0
1910000 832.3
1920000 806.2
1930000 826.8
1940000 826.5
1950000 806.9
1960000 823.2
1970000 805.2
1980000 804.7
1990000 821.5
2000000 818.5
