10000 0.0
20000 0.0
30000 0.0
40000 0.0
50000 0.0
60000 0.0
70000 0.0
80000 0.0
90000 0.0
100000 0.0
110000 0.0
120000 0.0
130000 0.0
140000 0.0
150000 0.0
160000 0.0
170000 0.0
180000 0.0
190000 0.1
200000 5.0
210000 0.0
220000 0.0
230000 0.0
240000 0.0
250000 0.0
260000 0.0
270000 0.0
280000 1.1
290000 0.8
300000 18.5
310000 8.9
320000 2.5
330000 16.3
340000 4.7
350000 0.5
360000 4.0
370000 14.3
380000 12.3
390000 25.3
400000 5.8
410000 0.0
420000 0.0
430000 19.4
440000 2.8
450000 39.2
460000 319.2
470000 274.9
480000 551.3
490000 692.6
500000 706.1
510000 669.5
520000 186.6
530000 585.6
540000 631.0
550000 718.6
560000 603.4
570000 741.8
580000 703.6
590000 748.1
600000 752.4
610000 0.0
620000 3.1
630000 129.9
640000 709.7
650000 767.1
660000 610.5
670000 779.7
680000 798.8
690000 773.7
700000 816.1
710000 815.8
720000 799.1
730000 815.1
740000 712.2
750000 802.5
760000 820.2
770000 821.0
780000 812.0
790000 824.5
800000 832.6
810000 0.0
820000 13.7
830000 603.0
840000 646.3
850000 726.5
860000 790.8
870000 483.5
880000 816.9
890000 797.3
900000 771.3
910000 792.9
920000 799.6
930000 814.1
940000 812.9
950000 648.6
960000 790.3
970000 806.6
980000 816.2
990000 829.1
1000000 824.6
1010000 0.0
1020000 14.3
1030000 155.6
1040000 751.2
1050000 575.9
1060000 737.8
1070000 807.9
1080000 819.3
1090000 815.7
1100000 826.2
1110000 792.2
1120000 810.0
1130000 817.9
1140000 799.5
1150000 814.2
1160000 816.1
1170000 832.7
1180000 828.6
1190000 792.2
1200000 750.6
1210000 0.0
1220000 4.7
1230000 0.5
1240000 200.8
1250000 809.5
1260000 712.9
1270000 802.1
1280000 818.5
1290000 828.7
1300000 743.8
1310000 809.9
1320000 750.8
1330000 836.0
1340000 816.7
1350000 796.4
1360000 813.7
1370000 809.5
1380000 811.5
1390000 832.9
1400000 725.7
1410000 0.0
1420000 128.4
1430000 9.9
1440000 841.9
1450000 829.4
1460000 796.6
1470000 754.4
1480000 782.0
1490000 818.0
1500000 804.2
1510000 831.2
1520000 801.6
1530000 819.4
1540000 820.7
1550000 827.4
1560000 820.7
1570000 826.7
1580000 833.0
1590000 837.3
1600000 814.8
1610000 0.0
1620000 18.8
1630000 4.9
1640000 0.6
1650000 825.0
1660000 759.3
1670000 779.3
1680000 786.4
1690000 834.8
1700000 835.4
1710000 832.1
1720000 824.6
1730000 821.2
1740000 816.9
1750000 813.7
1760000 777.9
1770000 819.3
1780000 761.3
1790000 798.0
1800000 831.2
1810000 0.0
1820000 0.0
1830000 20.4
1840000 780.7
1850000 791.4
1860000 811.9
1870000 607.1
1880000 553.4
1890000 819.2
1900000 812.6
1910000 795.1
1920000 819.0
1930000 808.0
1940000 819.7
1950000 819.7
1960000 790.4
1970000 804.7
1980000 827.5
1990000 798.6
2000000 833.3
