10000 200.1
20000 68.5
30000 11.0
40000 100.4
50000 67.8
60000 93.2
70000 39.5
80000 129.3
90000 293.4
100000 139.3
110000 161.8
120000 124.9
130000 200.1
140000 171.8
150000 348.9
160000 222.5
170000 186.1
180000 236.5
190000 355.3
200000 301.8
210000 355.7
220000 320.8
230000 352.5
240000 331.7
250000 389.9
260000 373.2
270000 322.0
280000 381.6
290000 408.4
300000 361.4
310000 311.0
320000 405.8
330000 364.0
340000 414.0
350000 365.5
360000 362.0
370000 460.9
380000 319.0
390000 408.4
400000 309.5
410000 376.8
420000 388.6
430000 341.3
440000 398.2
450000 441.2
460000 371.3
470000 385.9
480000 421.2
490000 343.9
500000 440.4
510000 411.4
520000 405.1
530000 402.8
540000 351.7
550000 402.1
560000 396.7
570000 370.0
580000 414.7
590000 427.3
600000 385.5
610000 364.6
620000 391.1
630000 415.3
640000 419.7
650000 424.5
660000 426.9
670000 380.9
680000 331.4
690000 418.2
700000 354.6
710000 343.4
720000 355.2
730000 413.5
740000 386.5
750000 345.5
760000 403.4
770000 380.0
780000 426.1
790000 419.9
800000 371.2
810000 413.2
820000 349.0
830000 369.1
840000 408.4
850000 427.9
860000 309.5
870000 381.7
880000 385.2
890000 397.4
900000 438.3
910000 398.8
920000 440.6
930000 422.3
940000 370.8
950000 354.7
960000 466.0
970000 424.2
980000 427.6
990000 388.1
1000000 370.6
1010000 350.7
1020000 391.7
1030000 384.9
1040000 396.4
1050000 367.0
1060000 333.0
1070000 429.7
1080000 414.7
1090000 453.7
1100000 427.3
1110000 414.2
1120000 424.1
1130000 439.5
1140000 421.6
1150000 413.6
1160000 422.7
1170000 444.8
1180000 408.8
1190000 366.6
1200000 423.8
1210000 402.3
1220000 427.1
1230000 318.9
1240000 432.0
1250000 458.6
1260000 452.8
1270000 440.5
1280000 414.5
1290000 402.1
1300000 437.1
1310000 457.5
1320000 437.0
1330000 362.1
1340000 443.6
1350000 443.9
1360000 400.6
1370000 452.6
1380000 483.5
1390000 445.0
1400000 423.0
1410000 440.7
1420000 418.2
1430000 435.6
1440000 403.1
1450000 440.7
1460000 461.3
1470000 414.0
1480000 444.8
1490000 418.8
1500000 417.5
1510000 435.8
1520000 420.2
1530000 445.6
1540000 400.5
1550000 424.4
1560000 441.4
1570000 425.9
1580000 439.9
1590000 454.3
1600000 395.7
1610000 344.9
1620000 408.4
1630000 446.5
1640000 409.5
1650000 456.8
1660000 421.8
1670000 399.0
1680000 358.8
1690000 409.4
1700000 448.3
1710000 430.5
1720000 407.0
1730000 436.4
1740000 414.3
1750000 437.2
1760000 376.6
1770000 408.9
1780000 423.2
1790000 410.2
1800000 384.5
1810000 427.1
1820000 401.6
1830000 449.0
1840000 413.7
1850000 433.1
1860000 418.9
1870000 457.1
1880000 410.9
1890000 425.5
1900000 435.4
1910000 449.5
1920000 414.9
1930000 419.1
1940000 404.7
1950000 431.7
1960000 393.4
1970000 330.3
1980000 453.6
1990000 446.5
2000000 455.1
