10000 154.8
20000 41.8
30000 95.8
40000 74.1
50000 70.5
60000 71.8
70000 30.1
80000 51.4
90000 58.4
100000 21.0
110000 37.0
120000 69.8
130000 20.9
140000 137.2
150000 32.7
160000 90.6
170000 52.0
180000 82.5
190000 60.1
200000 48.7
210000 62.3
220000 72.2
230000 116.4
240000 174.0
250000 49.8
260000 34.0
270000 99.3
280000 36.2
290000 90.1
300000 52.1
310000 173.0
320000 49.9
330000 55.1
340000 29.2
350000 41.5
360000 30.1
370000 15.8
380000 117.7
390000 61.8
400000 35.7
410000 94.1
420000 158.6
430000 267.9
440000 125.5
450000 99.1
460000 80.7
470000 10.8
480000 206.1
490000 183.2
500000 86.4
510000 69.5
520000 36.9
530000 90.8
540000 117.9
550000 73.3
560000 164.9
570000 232.6
580000 138.0
590000 129.8
600000 101.8
610000 123.1
620000 72.3
630000 49.2
640000 73.7
650000 71.6
660000 129.7
670000 102.4
680000 49.7
690000 27.6
700000 149.6
710000 91.3
720000 73.3
730000 94.3
740000 28.0
750000 151.9
760000 83.9
770000 44.5
780000 68.9
790000 50.2
800000 115.4
810000 71.1
820000 53.2
830000 141.7
840000 147.9
850000 52.5
860000 65.5
870000 125.5
880000 115.5
890000 92.9
900000 84.8
910000 44.5
920000 141.7
930000 72.6
940000 29.0
950000 72.2
960000 107.5
970000 62.4
980000 49.5
990000 22.2
1000000 106.4
1010000 33.6
1020000 126.5
1030000 92.1
1040000 213.3
1050000 127.8
1060000 141.1
1070000 16.4
1080000 16.7
1090000 36.0
1100000 100.2
1110000 43.8
1120000 35.2
1130000 130.4
1140000 245.7
1150000 118.7
1160000 38.8
1170000 49.5
1180000 272.5
1190000 16.9
1200000 74.0
1210000 86.2
1220000 140.6
1230000 40.4
1240000 141.9
1250000 159.0
1260000 34.8
1270000 42.9
1280000 201.1
1290000 65.0
1300000 121.0
1310000 170.6
1320000 93.4
1330000 15.5
1340000 107.7
1350000 113.9
1360000 88.2
1370000 102.4
1380000 49.7
1390000 51.7
1400000 60.7
1410000 55.1
1420000 55.7
1430000 29.9
1440000 130.5
1450000 78.0
1460000 25.0
1470000 95.7
1480000 92.6
1490000 69.7
1500000 175.6
1510000 143.8
1520000 46.1
1530000 253.6
1540000 112.1
1550000 269.9
1560000 122.8
1570000 218.4
1580000 189.3
1590000 118.8
1600000 93.6
1610000 71.8
1620000 115.3
1630000 89.4
1640000 70.6
1650000 152.2
1660000 116.0
1670000 147.3
1680000 83.6
1690000 83.1
1700000 19.6
1710000 81.8
1720000 166.1
1730000 147.0
1740000 131.2
1750000 133.4
1760000 40.4
1770000 61.8
1780000 80.3
1790000 134.6
1800000 69.4
1810000 121.4
1820000 106.5
1830000 68.3
1840000 153.6
1850000 125.7
1860000 157.7
1870000 147.0
1880000 216.3
1890000 98.4
1900000 101.1
1910000 94.3
1920000 201.3
1930000 77.9
1940000 56.3
1950000 27.3
1960000 131.3
1970000 96.1
1980000 189.3
1990000 53.3
2000000 117.4
