10000 103.4
20000 278.5
30000 244.9
40000 131.0
50000 21.6
60000 20.8
70000 142.7
80000 86.2
90000 220.1
100000 110.9
110000 71.5
120000 69.8
130000 67.4
140000 82.3
150000 81.7
160000 80.7
170000 22.8
180000 77.9
190000 83.7
200000 31.0
210000 22.7
220000 111.7
230000 47.0
240000 20.2
250000 30.0
260000 28.5
270000 25.7
280000 63.5
290000 17.5
300000 95.0
310000 30.9
320000 44.6
330000 44.4
340000 79.2
350000 46.7
360000 40.3
370000 26.3
380000 40.1
390000 184.1
400000 136.6
410000 20.2
420000 21.8
430000 31.6
440000 68.5
450000 88.3
460000 50.7
470000 43.1
480000 150.5
490000 108.6
500000 88.1
510000 54.4
520000 110.4
530000 22.8
540000 50.3
550000 22.4
560000 38.6
570000 25.3
580000 18.5
590000 76.6
600000 38.7
610000 70.7
620000 21.1
630000 31.4
640000 65.5
650000 68.0
660000 130.9
670000 70.1
680000 29.2
690000 34.0
700000 76.2
710000 26.0
720000 17.9
730000 139.7
740000 48.2
750000 131.4
760000 96.4
770000 25.0
780000 41.3
790000 19.8
800000 20.1
810000 109.2
820000 63.4
830000 17.2
840000 19.5
850000 171.1
860000 113.3
870000 21.7
880000 83.4
890000 74.6
900000 44.6
910000 64.4
920000 41.4
930000 69.0
940000 125.5
950000 55.0
960000 25.1
970000 46.2
980000 25.7
990000 29.8
1000000 53.0
1010000 76.6
1020000 16.0
1030000 97.3
1040000 40.2
1050000 28.9
1060000 54.0
1070000 32.7
1080000 87.5
1090000 26.1
1100000 33.0
1110000 75.8
1120000 81.4
1130000 40.9
1140000 38.3
1150000 40.6
1160000 60.1
1170000 26.9
1180000 75.1
1190000 42.3
1200000 25.3
1210000 67.9
1220000 39.4
1230000 74.8
1240000 47.1
1250000 66.4
1260000 72.4
1270000 35.4
1280000 34.7
1290000 31.3
1300000 16.8
1310000 19.9
1320000 34.8
1330000 16.5
1340000 24.2
1350000 24.0
1360000 35.0
1370000 31.0
1380000 69.0
1390000 21.1
1400000 37.2
1410000 31.8
1420000 116.1
1430000 22.0
1440000 53.2
1450000 92.5
1460000 23.0
1470000 75.8
1480000 174.5
1490000 35.5
1500000 129.6
1510000 62.4
1520000 39.1
1530000 43.1
1540000 61.5
1550000 103.5
1560000 78.3
1570000 70.2
1580000 20.6
1590000 35.7
1600000 30.9
1610000 17.9
1620000 69.7
1630000 21.9
1640000 38.9
1650000 16.9
1660000 34.4
1670000 50.2
1680000 65.7
1690000 56.2
1700000 21.9
1710000 20.2
1720000 37.8
1730000 17.7
1740000 20.2
1750000 43.6
1760000 42.2
1770000 28.3
1780000 61.7
1790000 19.8
1800000 21.3
1810000 19.8
1820000 62.2
1830000 63.9
1840000 21.6
1850000 63.0
1860000 62.5
1870000 23.8
1880000 46.9
1890000 104.4
1900000 24.2
1910000 120.0
1920000 51.3
1930000 137.3
1940000 40.9
1950000 52.7
1960000 53.0
1970000 39.8
1980000 33.4
1990000 29.3
2000000 27.2
