10000 55.5
20000 58.4
30000 88.8
40000 79.3
50000 40.4
60000 89.7
70000 50.8
80000 43.8
90000 34.2
100000 33.7
110000 22.6
120000 85.3
130000 59.2
140000 55.6
150000 46.6
160000 76.7
170000 68.1
180000 86.8
190000 99.3
200000 53.7
210000 87.5
220000 94.6
230000 39.1
240000 74.7
250000 91.0
260000 42.6
270000 25.3
280000 35.3
290000 33.6
300000 79.2
310000 76.0
320000 121.7
330000 89.5
340000 50.3
350000 37.5
360000 84.3
370000 92.9
380000 81.2
390000 80.3
400000 63.1
410000 99.7
420000 59.9
430000 133.9
440000 25.0
450000 58.3
460000 133.8
470000 100.1
480000 112.0
490000 55.1
500000 84.5
510000 45.9
520000 45.8
530000 64.7
540000 59.7
550000 126.0
560000 110.7
570000 99.4
580000 43.7
590000 22.0
600000 52.4
610000 128.2
620000 23.1
630000 82.8
640000 56.3
650000 149.6
660000 81.0
670000 63.3
680000 46.5
690000 20.0
700000 33.6
710000 36.3
720000 68.5
730000 35.4
740000 26.8
750000 44.7
760000 56.3
770000 59.5
780000 31.5
790000 50.2
800000 28.0
810000 71.0
820000 21.8
830000 165.2
840000 49.7
850000 120.8
860000 89.0
870000 108.7
880000 73.1
890000 110.0
900000 70.0
910000 22.5
920000 88.2
930000 77.7
940000 36.5
950000 109.3
960000 98.9
970000 81.8
980000 48.0
990000 79.1
1000000 71.8
1010000 134.9
1020000 29.2
1030000 111.7
1040000 81.8
1050000 101.7
1060000 74.5
1070000 65.0
1080000 31.6
1090000 37.2
1100000 86.2
1110000 27.4
1120000 60.5
1130000 32.0
1140000 69.5
1150000 17.2
1160000 39.4
1170000 34.7
1180000 42.4
1190000 44.9
1200000 40.6
1210000 54.1
1220000 33.8
1230000 96.2
1240000 44.3
1250000 41.1
1260000 45.2
1270000 51.9
1280000 28.4
1290000 39.7
1300000 21.2
1310000 29.3
1320000 31.4
1330000 44.8
1340000 55.0
1350000 93.7
1360000 84.3
1370000 21.1
1380000 22.1
1390000 31.6
1400000 32.1
1410000 26.4
1420000 30.5
1430000 21.3
1440000 33.8
1450000 30.6
1460000 18.3
1470000 110.7
1480000 67.5
1490000 28.8
1500000 23.6
1510000 74.5
1520000 20.6
1530000 79.8
1540000 105.2
1550000 26.2
1560000 20.8
1570000 41.8
1580000 42.4
1590000 68.3
1600000 79.2
1610000 45.3
1620000 20.8
1630000 42.0
1640000 20.3
1650000 102.9
1660000 105.4
1670000 38.3
1680000 51.6
1690000 92.4
1700000 68.6
1710000 50.2
1720000 71.9
1730000 59.2
1740000 86.8
1750000 48.8
1760000 48.4
1770000 82.9
1780000 67.7
1790000 93.7
1800000 116.6
1810000 157.1
1820000 55.4
1830000 47.8
1840000 53.2
1850000 51.7
1860000 38.3
1870000 58.6
1880000 41.0
1890000 87.0
1900000 69.9
1910000 88.4
1920000 20.9
1930000 42.5
1940000 91.9
1950000 100.5
1960000 36.7
1970000 38.1
1980000 46.9
1990000 127.7
2000000 72.6
