10000 250.9
20000 93.4
30000 178.1
40000 181.9
50000 139.0
60000 137.0
70000 153.7
80000 92.9
90000 191.4
100000 166.9
110000 229.0
120000 257.9
130000 304.1
140000 271.2
150000 259.7
160000 305.1
170000 360.5
180000 353.1
190000 226.3
200000 274.9
210000 211.7
220000 408.8
230000 333.4
240000 342.1
250000 268.8
260000 315.7
270000 332.6
280000 329.3
290000 359.3
300000 325.8
310000 335.1
320000 292.5
330000 429.6
340000 388.0
350000 393.7
360000 340.2
370000 414.5
380000 339.8
390000 432.8
400000 422.3
410000 362.0
420000 299.7
430000 369.3
440000 420.0
450000 387.8
460000 408.3
470000 358.9
480000 308.1
490000 378.4
500000 329.0
510000 370.1
520000 343.0
530000 271.1
540000 389.2
550000 381.6
560000 431.7
570000 386.6
580000 365.7
590000 353.3
600000 375.3
610000 433.1
620000 380.5
630000 371.2
640000 364.7
650000 360.8
660000 373.9
670000 375.4
680000 353.8
690000 379.0
700000 410.7
710000 447.9
720000 455.8
730000 431.2
740000 359.9
750000 422.3
760000 339.1
770000 358.9
780000 394.1
790000 398.1
800000 403.7
810000 397.8
820000 360.8
830000 341.1
840000 445.0
850000 440.4
860000 342.6
870000 326.9
880000 269.0
890000 312.4
900000 364.3
910000 328.8
920000 383.6
930000 421.8
940000 373.2
950000 382.3
960000 319.6
970000 347.3
980000 338.2
990000 378.0
1000000 334.1
1010000 411.7
1020000 445.6
1030000 368.7
1040000 370.6
1050000 395.8
1060000 427.5
1070000 397.5
1080000 351.4
1090000 404.6
1100000 375.9
1110000 417.7
1120000 382.8
1130000 362.5
1140000 439.7
1150000 294.7
1160000 368.3
1170000 339.8
1180000 420.4
1190000 342.6
1200000 381.7
1210000 377.3
1220000 275.3
1230000 431.4
1240000 351.2
1250000 330.5
1260000 399.4
1270000 396.7
1280000 390.2
1290000 414.5
1300000 353.2
1310000 318.8
1320000 398.1
1330000 374.7
1340000 455.7
1350000 372.9
1360000 358.8
1370000 390.6
1380000 435.7
1390000 256.7
1400000 392.3
1410000 316.5
1420000 428.4
1430000 320.1
1440000 371.5
1450000 344.2
1460000 418.1
1470000 381.6
1480000 404.8
1490000 414.6
1500000 333.3
1510000 396.3
1520000 315.1
1530000 417.1
1540000 392.1
1550000 389.5
1560000 335.1
1570000 478.6
1580000 350.5
1590000 333.6
1600000 349.7
1610000 293.5
1620000 439.8
1630000 384.4
1640000 357.6
1650000 433.4
1660000 325.9
1670000 374.8
1680000 406.5
1690000 435.8
1700000 395.7
1710000 424.3
1720000 355.8
1730000 435.8
1740000 425.0
1750000 412.6
1760000 376.1
1770000 386.1
1780000 457.4
1790000 443.2
1800000 286.5
1810000 286.9
1820000 440.0
1830000 323.4
1840000 439.8
1850000 300.6
1860000 311.3
1870000 296.8
1880000 405.2
1890000 338.4
1900000 346.1
1910000 419.0
1920000 421.7
1930000 415.0
1940000 350.6
1950000 416.2
1960000 423.3
1970000 417.0
1980000 372.0
1990000 396.9
2000000 325.1
