10000 150.8
20000 104.0
30000 133.2
40000 39.5
50000 96.6
60000 42.8
70000 52.1
80000 54.5
90000 33.9
100000 74.2
110000 116.8
120000 99.6
130000 80.3
140000 20.6
150000 54.2
160000 75.7
170000 98.9
180000 35.3
190000 23.7
200000 58.2
210000 97.7
220000 42.4
230000 80.1
240000 75.8
250000 79.0
260000 117.4
270000 24.7
280000 121.5
290000 38.9
300000 99.2
310000 36.4
320000 101.5
330000 175.9
340000 69.8
350000 74.1
360000 51.7
370000 59.9
380000 116.4
390000 109.1
400000 61.5
410000 89.2
420000 69.9
430000 86.8
440000 27.5
450000 68.0
460000 26.9
470000 69.7
480000 64.4
490000 90.4
500000 29.0
510000 18.3
520000 65.2
530000 103.9
540000 85.6
550000 56.6
560000 60.7
570000 52.7
580000 201.9
590000 209.5
600000 118.2
610000 21.2
620000 94.2
630000 160.3
640000 24.9
650000 28.2
660000 66.6
670000 26.7
680000 93.2
690000 36.7
700000 89.9
710000 69.8
720000 88.2
730000 75.4
740000 36.4
750000 25.6
760000 31.0
770000 25.9
780000 20.9
790000 133.8
800000 25.9
810000 117.2
820000 67.5
830000 113.1
840000 47.2
850000 31.0
860000 55.8
870000 20.3
880000 22.9
890000 119.8
900000 69.9
910000 122.4
920000 149.7
930000 69.6
940000 68.2
950000 75.8
960000 144.4
970000 183.0
980000 106.9
990000 87.5
1000000 87.1
1010000 94.3
1020000 76.0
1030000 32.4
1040000 60.4
1050000 88.5
1060000 133.9
1070000 70.3
1080000 96.3
1090000 181.9
1100000 127.1
1110000 26.9
1120000 25.2
1130000 154.2
1140000 33.5
1150000 21.3
1160000 38.9
1170000 70.9
1180000 86.7
1190000 95.0
1200000 57.5
1210000 103.7
1220000 113.8
1230000 165.9
1240000 177.9
1250000 79.4
1260000 111.5
1270000 184.8
1280000 22.0
1290000 15.0
1300000 13.9
1310000 112.9
1320000 47.9
1330000 120.6
1340000 85.1
1350000 255.6
1360000 75.0
1370000 17.0
1380000 64.3
1390000 64.9
1400000 148.9
1410000 140.5
1420000 13.2
1430000 89.2
1440000 109.2
1450000 181.6
1460000 119.2
1470000 120.2
1480000 15.7
1490000 166.9
1500000 86.8
1510000 134.7
1520000 96.3
1530000 142.7
1540000 90.5
1550000 138.4
1560000 56.3
1570000 146.9
1580000 155.3
1590000 70.1
1600000 52.6
1610000 115.2
1620000 15.7
1630000 81.8
1640000 40.6
1650000 29.4
1660000 46.8
1670000 152.3
1680000 68.0
1690000 151.1
1700000 198.9
1710000 182.2
1720000 156.0
1730000 83.0
1740000 139.0
1750000 103.9
1760000 163.7
1770000 25.1
1780000 19.2
1790000 145.5
1800000 198.7
1810000 95.1
1820000 46.5
1830000 26.4
1840000 91.7
1850000 23.1
1860000 170.2
1870000 25.6
1880000 254.1
1890000 148.0
1900000 89.3
1910000 64.4
1920000 209.8
1930000 200.3
1940000 88.6
1950000 92.2
1960000 156.4
1970000 112.0
1980000 17.9
1990000 156.0
2000000 109.3
