10000 6.9
20000 34.2
30000 73.5
40000 106.4
50000 171.1
60000 274.8
70000 222.5
80000 138.6
90000 155.9
100000 164.3
110000 112.6
120000 180.6
130000 51.4
140000 26.5
150000 36.9
160000 78.0
170000 27.5
180000 68.1
190000 33.2
200000 57.3
210000 117.6
220000 32.6
230000 76.9
240000 205.0
250000 93.4
260000 61.7
270000 65.5
280000 84.5
290000 20.8
300000 74.8
310000 24.7
320000 49.5
330000 116.2
340000 115.3
350000 105.3
360000 200.0
370000 29.3
380000 31.1
390000 127.2
400000 48.8
410000 64.8
420000 78.6
430000 17.8
440000 112.1
450000 184.7
460000 67.4
470000 26.5
480000 38.5
490000 22.8
500000 77.9
510000 20.4
520000 186.0
530000 73.8
540000 45.8
550000 23.9
560000 75.3
570000 23.2
580000 22.8
590000 29.4
600000 29.3
610000 173.9
620000 23.3
630000 93.9
640000 52.7
650000 95.6
660000 102.6
670000 37.3
680000 27.9
690000 86.2
700000 153.3
710000 65.6
720000 165.2
730000 20.1
740000 83.9
750000 64.8
760000 17.8
770000 27.1
780000 79.2
790000 39.5
800000 67.8
810000 60.4
820000 42.1
830000 98.9
840000 46.0
850000 47.1
860000 38.2
870000 65.0
880000 69.4
890000 76.4
900000 86.2
910000 18.8
920000 43.5
930000 70.1
940000 69.2
950000 70.5
960000 70.0
970000 79.9
980000 73.7
990000 26.3
1000000 22.7
1010000 105.5
1020000 56.8
1030000 29.4
1040000 20.1
1050000 178.4
1060000 26.0
1070000 36.0
1080000 39.5
1090000 44.5
1100000 26.7
1110000 27.0
1120000 34.1
1130000 24.7
1140000 48.2
1150000 37.0
1160000 34.3
1170000 56.7
1180000 41.8
1190000 59.6
1200000 15.5
1210000 65.7
1220000 21.7
1230000 16.6
1240000 24.9
1250000 113.8
1260000 56.8
1270000 40.3
1280000 18.6
1290000 30.1
1300000 28.6
1310000 68.6
1320000 81.1
1330000 29.9
1340000 32.3
1350000 26.3
1360000 29.4
1370000 61.1
1380000 84.6
1390000 69.0
1400000 61.7
1410000 14.9
1420000 52.7
1430000 23.2
1440000 103.8
1450000 41.8
1460000 107.0
1470000 39.5
1480000 31.5
1490000 29.9
1500000 19.8
1510000 111.6
1520000 74.1
1530000 72.0
1540000 94.2
1550000 30.3
1560000 22.0
1570000 21.6
1580000 30.5
1590000 72.6
1600000 21.6
1610000 46.8
1620000 82.9
1630000 130.0
1640000 111.0
1650000 19.1
1660000 58.9
1670000 43.3
1680000 56.2
1690000 15.1
1700000 22.8
1710000 50.2
1720000 70.1
1730000 20.1
1740000 65.1
1750000 33.3
1760000 26.6
1770000 25.8
1780000 22.9
1790000 28.6
1800000 56.2
1810000 40.4
1820000 25.1
1830000 21.3
1840000 54.6
1850000 35.3
1860000 48.9
1870000 64.8
1880000 26.1
1890000 28.1
1900000 21.8
1910000 46.0
1920000 58.8
1930000 30.7
1940000 66.3
1950000 32.3
1960000 72.4
1970000 52.1
1980000 71.7
1990000 29.3
2000000 55.2
