10000 106.6
20000 134.7
30000 148.0
40000 81.7
50000 22.3
60000 112.3
70000 79.9
80000 111.6
90000 70.2
100000 111.8
110000 67.6
120000 70.2
130000 92.7
140000 67.4
150000 39.7
160000 71.5
170000 133.4
180000 158.0
190000 49.5
200000 100.7
210000 55.4
220000 72.4
230000 86.7
240000 67.8
250000 38.7
260000 23.1
270000 45.5
280000 21.1
290000 39.2
300000 113.7
310000 45.0
320000 26.5
330000 44.6
340000 41.8
350000 49.8
360000 24.6
370000 85.3
380000 71.5
390000 25.9
400000 90.3
410000 37.4
420000 74.9
430000 92.0
440000 106.1
450000 57.1
460000 144.0
470000 130.6
480000 106.2
490000 149.7
500000 21.1
510000 176.0
520000 28.4
530000 49.4
540000 170.8
550000 163.0
560000 196.7
570000 31.1
580000 115.8
590000 91.5
600000 80.6
610000 151.2
620000 84.6
630000 129.5
640000 70.0
650000 140.9
660000 121.0
670000 94.3
680000 223.9
690000 70.4
700000 104.3
710000 195.2
720000 70.9
730000 161.6
740000 91.0
750000 28.5
760000 24.4
770000 24.0
780000 21.2
790000 116.4
800000 157.6
810000 63.6
820000 185.9
830000 180.0
840000 171.1
850000 124.1
860000 14.2
870000 159.0
880000 91.7
890000 104.9
900000 80.2
910000 192.3
920000 63.5
930000 65.8
940000 221.7
950000 32.7
960000 212.2
970000 227.2
980000 75.8
990000 68.5
1000000 66.7
1010000 62.8
1020000 69.8
1030000 18.2
1040000 30.3
1050000 153.8
1060000 89.5
1070000 152.0
1080000 85.6
1090000 201.9
1100000 207.0
1110000 184.9
1120000 120.5
1130000 131.1
1140000 43.8
1150000 119.0
1160000 15.8
1170000 116.5
1180000 99.5
1190000 88.0
1200000 55.5
1210000 118.4
1220000 63.7
1230000 157.3
1240000 61.2
1250000 158.9
1260000 91.6
1270000 153.0
1280000 33.2
1290000 72.4
1300000 113.7
1310000 61.5
1320000 23.3
1330000 38.3
1340000 146.4
1350000 46.1
1360000 98.7
1370000 214.8
1380000 110.7
1390000 42.8
1400000 57.6
1410000 66.4
1420000 96.5
1430000 69.6
1440000 66.6
1450000 67.4
1460000 154.4
1470000 19.5
1480000 140.3
1490000 30.6
1500000 138.4
1510000 43.5
1520000 101.6
1530000 25.0
1540000 98.0
1550000 107.0
1560000 44.7
1570000 119.5
1580000 124.9
1590000 72.0
1600000 82.9
1610000 113.5
1620000 122.6
1630000 220.8
1640000 83.0
1650000 24.2
1660000 204.2
1670000 67.3
1680000 147.0
1690000 162.9
1700000 132.8
1710000 74.7
1720000 16.3
1730000 52.0
1740000 109.2
1750000 22.2
1760000 114.8
1770000 60.5
1780000 73.1
1790000 76.0
1800000 65.9
1810000 160.1
1820000 111.6
1830000 63.7
1840000 138.0
1850000 67.8
1860000 113.3
1870000 67.6
1880000 62.1
1890000 109.9
1900000 184.0
1910000 138.4
1920000 12.4
1930000 74.3
1940000 46.4
1950000 19.2
1960000 83.8
1970000 21.7
1980000 72.6
1990000 67.2
2000000 202.9
