10000 229.6
20000 155.0
30000 62.9
40000 133.9
50000 160.5
60000 156.6
70000 191.5
80000 133.6
90000 202.6
100000 191.9
110000 138.2
120000 194.6
130000 177.8
140000 234.1
150000 420.7
160000 311.7
170000 233.7
180000 292.7
190000 208.0
200000 253.5
210000 119.8
220000 145.5
230000 169.3
240000 142.7
250000 296.1
260000 256.3
270000 205.8
280000 203.0
290000 169.9
300000 267.4
310000 258.3
320000 220.5
330000 289.4
340000 189.5
350000 180.0
360000 168.6
370000 218.1
380000 173.2
390000 236.5
400000 325.2
410000 226.8
420000 224.6
430000 324.2
440000 204.2
450000 192.4
460000 246.7
470000 212.0
480000 101.4
490000 291.3
500000 168.7
510000 277.9
520000 168.4
530000 192.9
540000 257.6
550000 279.4
560000 212.6
570000 116.2
580000 256.7
590000 146.7
600000 149.2
610000 162.3
620000 180.7
630000 91.4
640000 104.5
650000 187.4
660000 276.2
670000 84.6
680000 107.4
690000 111.3
700000 134.5
710000 119.4
720000 23.2
730000 133.3
740000 62.1
750000 41.5
760000 73.0
770000 74.7
780000 218.4
790000 116.8
800000 92.2
810000 65.7
820000 79.8
830000 27.7
840000 34.1
850000 181.3
860000 107.1
870000 122.3
880000 198.1
890000 44.6
900000 102.5
910000 102.6
920000 243.1
930000 88.4
940000 98.6
950000 93.4
960000 101.0
970000 82.4
980000 60.6
990000 86.4
1000000 64.1
1010000 66.1
1020000 21.4
1030000 110.3
1040000 87.5
1050000 63.2
1060000 46.0
1070000 47.6
1080000 36.1
1090000 35.4
1100000 68.8
1110000 21.8
1120000 69.8
1130000 165.8
1140000 11.7
1150000 66.4
1160000 62.0
1170000 73.6
1180000 61.5
1190000 129.7
1200000 107.1
1210000 63.5
1220000 37.9
1230000 116.8
1240000 73.2
1250000 174.0
1260000 85.5
1270000 61.7
1280000 66.4
1290000 113.0
1300000 194.0
1310000 86.0
1320000 34.2
1330000 159.4
1340000 185.8
1350000 191.6
1360000 102.0
1370000 91.9
1380000 73.5
1390000 30.3
1400000 155.9
1410000 65.1
1420000 118.8
1430000 184.9
1440000 148.7
1450000 256.3
1460000 147.6
1470000 63.7
1480000 159.4
1490000 115.1
1500000 155.4
1510000 78.0
1520000 150.7
1530000 80.7
1540000 65.4
1550000 34.4
1560000 132.9
1570000 15.8
1580000 54.9
1590000 163.6
1600000 113.7
1610000 152.8
1620000 59.9
1630000 30.6
1640000 27.6
1650000 17.9
1660000 137.6
1670000 66.6
1680000 158.7
1690000 99.2
1700000 67.7
1710000 119.6
1720000 71.5
1730000 65.8
1740000 19.9
1750000 162.2
1760000 171.2
1770000 103.2
1780000 53.8
1790000 54.8
1800000 109.7
1810000 40.7
1820000 41.7
1830000 46.1
1840000 55.1
1850000 21.4
1860000 69.8
1870000 96.0
1880000 160.4
1890000 91.8
1900000 68.9
1910000 82.2
1920000 65.0
1930000 143.6
1940000 20.5
1950000 113.2
1960000 66.8
1970000 49.1
1980000 91.8
1990000 41.0
2000000 69.5
