10000 73.0
20000 155.2
30000 33.0
40000 126.7
50000 149.4
60000 86.7
70000 96.8
80000 80.6
90000 27.8
100000 61.4
110000 74.5
120000 64.7
130000 101.9
140000 32.6
150000 26.3
160000 46.0
170000 33.9
180000 86.7
190000 12.0
200000 22.1
210000 26.5
220000 50.3
230000 42.5
240000 25.3
250000 30.9
260000 48.5
270000 73.5
280000 32.5
290000 54.5
300000 66.6
310000 47.4
320000 65.0
330000 84.7
340000 63.0
350000 100.7
360000 113.9
370000 40.2
380000 55.9
390000 43.5
400000 68.6
410000 22.5
420000 128.1
430000 24.2
440000 116.8
450000 17.5
460000 49.4
470000 48.9
480000 70.2
490000 71.6
500000 136.8
510000 24.5
520000 46.5
530000 22.2
540000 88.3
550000 39.6
560000 111.1
570000 70.6
580000 67.2
590000 68.0
600000 18.1
610000 70.9
620000 16.8
630000 32.0
640000 23.1
650000 64.8
660000 73.7
670000 32.4
680000 69.0
690000 113.8
700000 77.1
710000 57.3
720000 56.0
730000 98.8
740000 22.1
750000 45.0
760000 59.8
770000 21.8
780000 38.5
790000 166.3
800000 69.5
810000 47.8
820000 31.9
830000 80.9
840000 123.7
850000 101.2
860000 122.3
870000 35.6
880000 64.8
890000 32.0
900000 45.5
910000 22.1
920000 68.9
930000 49.7
940000 109.6
950000 21.5
960000 53.5
970000 43.9
980000 49.7
990000 45.8
1000000 57.7
1010000 85.7
1020000 136.1
1030000 92.9
1040000 90.8
1050000 66.5
1060000 41.9
1070000 55.9
1080000 60.8
1090000 275.7
1100000 140.4
1110000 71.7
1120000 54.2
1130000 28.1
1140000 40.3
1150000 46.2
1160000 35.0
1170000 25.7
1180000 44.4
1190000 80.2
1200000 51.1
1210000 66.4
1220000 42.9
1230000 25.7
1240000 20.8
1250000 16.3
1260000 27.1
1270000 20.4
1280000 84.3
1290000 65.0
1300000 26.1
1310000 29.6
1320000 58.1
1330000 30.1
1340000 133.5
1350000 138.0
1360000 20.0
1370000 80.5
1380000 32.0
1390000 28.6
1400000 88.6
1410000 99.6
1420000 27.4
1430000 29.7
1440000 70.1
1450000 58.7
1460000 33.1
1470000 151.2
1480000 18.5
1490000 21.7
1500000 21.8
1510000 23.8
1520000 30.9
1530000 86.8
1540000 41.3
1550000 59.1
1560000 28.7
1570000 46.8
1580000 141.9
1590000 79.7
1600000 102.8
1610000 70.0
1620000 45.3
1630000 21.9
1640000 90.0
1650000 41.2
1660000 108.7
1670000 61.0
1680000 52.0
1690000 127.7
1700000 32.7
1710000 18.0
1720000 20.3
1730000 30.7
1740000 32.4
1750000 109.0
1760000 19.4
1770000 117.3
1780000 36.7
1790000 40.5
1800000 17.1
1810000 69.6
1820000 41.6
1830000 74.3
1840000 37.2
1850000 148.0
1860000 34.9
1870000 60.3
1880000 141.2
1890000 34.8
1900000 71.8
1910000 76.8
1920000 21.5
1930000 89.0
1940000 11.0
1950000 67.6
1960000 28.4
1970000 60.1
1980000 40.7
1990000 45.3
2000000 116.3
