20000 81.1
40000 175.8
60000 262.0
80000 363.7
100000 359.9
120000 371.2
140000 420.0
160000 442.6
180000 400.9
200000 383.4
220000 449.8
240000 468.4
260000 487.0
280000 462.0
300000 441.1
320000 462.6
340000 478.5
360000 474.7
380000 497.5
400000 506.0
420000 340.5
440000 475.1
460000 492.9
480000 464.0
500000 502.0
520000 465.5
540000 494.2
560000 488.9
580000 506.1
600000 499.6
620000 494.8
640000 464.7
660000 486.3
680000 507.5
700000 440.2
720000 500.2
740000 521.5
760000 502.1
780000 480.1
800000 521.7
820000 180.8
840000 464.8
860000 505.8
880000 525.5
900000 490.4
920000 517.4
940000 537.5
960000 532.2
980000 532.3
1000000 545.3
1020000 473.7
1040000 503.0
1060000 557.5
1080000 534.5
1100000 549.1
1120000 558.9
1140000 591.5
1160000 573.2
1180000 576.7
1200000 576.0
1220000 116.5
1240000 497.6
1260000 479.9
1280000 551.6
1300000 559.8
1320000 565.8
1340000 585.0
1360000 588.5
1380000 579.3
1400000 601.9
1420000 593.6
1440000 606.6
1460000 616.5
1480000 596.4
1500000 599.9
1520000 604.3
1540000 626.2
1560000 641.1
1580000 626.7
1600000 625.5
1620000 391.0
1640000 599.4
1660000 591.8
1680000 588.2
1700000 588.2
1720000 624.2
1740000 586.9
1760000 633.4
1780000 591.0
1800000 617.9
1820000 629.8
1840000 633.5
1860000 606.6
1880000 664.5
1900000 639.7
1920000 659.6
1940000 618.1
1960000 646.1
1980000 641.2
2000000 646.1
