20000 93.1
40000 270.3
60000 340.2
80000 386.8
100000 316.6
120000 403.6
140000 409.3
160000 453.3
180000 437.9
200000 382.2
220000 469.1
240000 471.2
260000 463.6
280000 469.0
300000 519.8
320000 512.1
340000 520.3
360000 534.2
380000 535.5
400000 550.3
420000 235.2
440000 535.0
460000 525.3
480000 560.2
500000 585.2
520000 540.7
540000 543.5
560000 544.3
580000 601.6
600000 541.0
620000 572.9
640000 582.7
660000 567.5
680000 540.6
700000 616.4
720000 617.7
740000 645.9
760000 637.2
780000 582.8
800000 642.3
820000 147.0
840000 345.4
860000 506.3
880000 543.1
900000 546.0
920000 625.9
940000 643.5
960000 655.4
980000 626.3
1000000 670.6
1020000 668.9
1040000 599.9
1060000 650.7
1080000 653.8
1100000 623.3
1120000 619.0
1140000 636.9
1160000 644.9
1180000 654.8
1200000 649.3
1220000 222.8
1240000 537.5
1260000 635.8
1280000 651.5
1300000 665.6
1320000 645.9
1340000 645.8
1360000 648.1
1380000 642.1
1400000 635.1
1420000 648.7
1440000 653.1
1460000 682.6
1480000 622.5
1500000 653.7
1520000 640.7
1540000 679.8
1560000 675.0
1580000 681.1
1600000 667.0
1620000 281.6
1640000 523.9
1660000 469.0
1680000 575.2
1700000 558.7
1720000 653.7
1740000 626.0
1760000 651.0
1780000 638.1
1800000 657.3
1820000 606.7
1840000 674.2
1860000 673.9
1880000 678.0
1900000 633.1
1920000 656.2
1940000 665.6
1960000 667.3
1980000 650.0
2000000 681.3
