20000 112.2
40000 243.3
60000 273.1
80000 307.4
100000 351.4
120000 348.5
140000 371.7
160000 380.1
180000 388.9
200000 388.4
220000 386.4
240000 391.9
260000 397.5
280000 397.5
300000 396.1
320000 395.3
340000 397.8
360000 405.0
380000 393.8
400000 409.0
420000 301.6
440000 367.9
460000 378.9
480000 395.4
500000 382.9
520000 391.8
540000 391.8
560000 389.2
580000 400.1
600000 404.9
620000 406.1
640000 415.6
660000 426.2
680000 412.7
700000 413.6
720000 436.8
740000 421.4
760000 408.9
780000 430.4
800000 419.9
820000 247.2
840000 401.9
860000 422.6
880000 439.1
900000 431.6
920000 444.9
940000 434.6
960000 413.3
980000 439.1
1000000 435.6
1020000 456.3
1040000 416.2
1060000 444.9
1080000 460.6
1100000 445.7
1120000 452.4
1140000 433.1
1160000 426.3
1180000 444.4
1200000 414.8
1220000 133.0
1240000 400.7
1260000 412.1
1280000 424.6
1300000 435.9
1320000 463.5
1340000 446.7
1360000 438.2
1380000 462.2
1400000 483.1
1420000 498.2
1440000 435.7
1460000 448.2
1480000 494.4
1500000 493.2
1520000 483.7
1540000 453.9
1560000 491.3
1580000 509.3
1600000 507.5
1620000 337.0
1640000 521.1
1660000 519.5
1680000 551.8
1700000 526.6
1720000 542.2
1740000 553.6
1760000 547.3
1780000 571.4
1800000 583.1
1820000 621.4
1840000 592.8
1860000 619.6
1880000 602.3
1900000 455.4
1920000 622.9
1940000 613.3
1960000 605.8
1980000 587.5
2000000 580.6
