20000 97.6
40000 159.3
60000 232.0
80000 324.6
100000 352.4
120000 286.8
140000 354.1
160000 351.3
180000 333.0
200000 383.7
220000 397.2
240000 372.7
260000 374.3
280000 432.3
300000 425.6
320000 440.1
340000 455.5
360000 431.0
380000 482.5
400000 471.1
420000 235.2
440000 374.8
460000 510.7
480000 478.0
500000 511.5
520000 539.4
540000 489.4
560000 531.6
580000 540.4
600000 507.4
620000 553.7
640000 583.2
660000 601.7
680000 594.0
700000 576.9
720000 557.7
740000 576.0
760000 616.4
780000 614.7
800000 563.8
820000 79.6
840000 385.8
860000 514.7
880000 522.8
900000 578.5
920000 574.9
940000 562.3
960000 544.4
980000 592.4
1000000 585.7
1020000 583.0
1040000 592.8
1060000 616.5
1080000 638.4
1100000 635.5
1120000 631.5
1140000 645.8
1160000 631.2
1180000 644.5
1200000 569.3
1220000 249.2
1240000 592.1
1260000 607.9
1280000 608.2
1300000 500.9
1320000 650.3
1340000 553.4
1360000 645.7
1380000 622.6
1400000 679.8
1420000 631.4
1440000 675.1
1460000 651.4
1480000 688.7
1500000 694.7
1520000 672.2
1540000 705.0
1560000 712.7
1580000 709.2
1600000 706.9
1620000 32.7
1640000 405.2
1660000 487.4
1680000 584.5
1700000 621.0
1720000 639.1
1740000 619.5
1760000 611.7
1780000 658.5
1800000 649.5
1820000 602.4
1840000 645.4
1860000 608.7
1880000 655.6
1900000 689.9
1920000 663.0
1940000 659.0
1960000 648.2
1980000 694.3
2000000 666.2
