20000 171.2
40000 275.9
60000 386.1
80000 411.5
100000 426.5
120000 477.3
140000 519.0
160000 523.2
180000 448.3
200000 472.8
220000 482.8
240000 486.4
260000 477.8
280000 463.6
300000 377.5
320000 463.9
340000 479.2
360000 495.2
380000 491.2
400000 524.3
420000 271.3
440000 418.9
460000 530.6
480000 400.5
500000 464.7
520000 456.8
540000 506.9
560000 492.7
580000 515.9
600000 479.9
620000 486.9
640000 545.2
660000 519.7
680000 460.4
700000 577.2
720000 450.3
740000 553.2
760000 520.6
780000 516.3
800000 574.0
820000 208.9
840000 557.2
860000 560.9
880000 560.4
900000 547.1
920000 575.7
940000 628.6
960000 547.2
980000 553.8
1000000 585.6
1020000 619.0
1040000 592.5
1060000 610.0
1080000 613.5
1100000 626.3
1120000 589.3
1140000 619.9
1160000 573.2
1180000 560.6
1200000 614.3
1220000 272.7
1240000 480.8
1260000 511.2
1280000 518.3
1300000 618.9
1320000 623.8
1340000 646.0
1360000 627.4
1380000 651.9
1400000 643.2
1420000 648.6
1440000 648.7
1460000 657.2
1480000 648.4
1500000 647.4
1520000 659.1
1540000 674.2
1560000 695.5
1580000 665.3
1600000 667.8
1620000 135.3
1640000 563.8
1660000 603.9
1680000 593.0
1700000 603.9
1720000 655.0
1740000 656.0
1760000 548.7
1780000 643.1
1800000 647.7
1820000 678.5
1840000 465.9
1860000 671.3
1880000 586.6
1900000 638.0
1920000 650.4
1940000 678.2
1960000 658.0
1980000 668.7
2000000 655.2
