20000 106.3
40000 126.6
60000 297.4
80000 379.0
100000 348.8
120000 349.7
140000 321.5
160000 384.0
180000 364.9
200000 390.0
220000 387.4
240000 397.1
260000 397.4
280000 417.5
300000 402.8
320000 233.4
340000 10.4
360000 196.8
380000 326.1
400000 380.4
420000 298.1
440000 293.2
460000 303.8
480000 419.6
500000 405.2
520000 409.8
540000 427.1
560000 376.1
580000 367.8
600000 416.1
620000 367.6
640000 409.5
660000 439.9
680000 438.1
700000 424.4
720000 457.0
740000 393.5
760000 477.5
780000 252.4
800000 468.1
820000 235.0
840000 469.0
860000 487.7
880000 488.6
900000 429.8
920000 510.3
940000 453.1
960000 465.6
980000 502.9
1000000 538.0
1020000 550.2
1040000 456.2
1060000 466.1
1080000 486.1
1100000 528.8
1120000 479.1
1140000 495.9
1160000 462.0
1180000 446.6
1200000 482.3
1220000 275.8
1240000 532.4
1260000 577.5
1280000 542.0
1300000 545.4
1320000 525.2
1340000 528.9
1360000 592.4
1380000 611.1
1400000 541.1
1420000 609.7
1440000 620.2
1460000 629.0
1480000 611.9
1500000 628.8
1520000 646.8
1540000 639.5
1560000 630.3
1580000 620.1
1600000 564.5
1620000 126.4
1640000 597.1
1660000 640.4
1680000 660.2
1700000 675.8
1720000 654.6
1740000 681.1
1760000 654.6
1780000 610.7
1800000 693.8
1820000 707.9
1840000 711.9
1860000 671.7
1880000 708.4
1900000 736.2
1920000 712.8
1940000 739.8
1960000 714.8
1980000 734.9
2000000 715.7
