20000 46.7
40000 143.2
60000 266.7
80000 323.8
100000 369.8
120000 366.9
140000 476.2
160000 339.4
180000 483.8
200000 472.4
220000 475.5
240000 460.8
260000 460.6
280000 476.7
300000 503.8
320000 486.8
340000 511.7
360000 446.6
380000 532.4
400000 396.1
420000 109.0
440000 480.8
460000 416.5
480000 560.6
500000 533.8
520000 578.7
540000 582.2
560000 570.5
580000 564.0
600000 609.5
620000 609.9
640000 632.4
660000 645.9
680000 651.3
700000 622.1
720000 654.9
740000 668.5
760000 668.3
780000 670.6
800000 692.8
820000 121.5
840000 495.4
860000 604.7
880000 597.8
900000 565.2
920000 683.5
940000 627.7
960000 665.9
980000 677.1
1000000 703.9
1020000 651.9
1040000 665.1
1060000 691.0
1080000 719.4
1100000 713.3
1120000 729.6
1140000 681.3
1160000 687.6
1180000 686.0
1200000 679.8
1220000 189.1
1240000 566.3
1260000 659.8
1280000 653.9
1300000 647.5
1320000 553.1
1340000 720.9
1360000 703.4
1380000 723.0
1400000 722.3
1420000 707.8
1440000 725.2
1460000 711.8
1480000 718.8
1500000 703.6
1520000 711.2
1540000 712.7
1560000 743.3
1580000 763.5
1600000 729.7
1620000 152.8
1640000 526.9
1660000 598.4
1680000 679.2
1700000 699.2
1720000 706.5
1740000 734.9
1760000 710.9
1780000 733.3
1800000 728.3
1820000 694.4
1840000 734.0
1860000 754.9
1880000 737.9
1900000 744.2
1920000 750.3
1940000 675.1
1960000 668.8
1980000 723.6
2000000 751.1
