20000 97.5
40000 267.7
60000 301.3
80000 309.6
100000 334.7
120000 386.2
140000 423.1
160000 426.5
180000 433.1
200000 445.2
220000 445.9
240000 438.8
260000 391.9
280000 300.6
300000 439.8
320000 469.9
340000 499.4
360000 481.4
380000 490.3
400000 481.2
420000 209.1
440000 502.7
460000 521.0
480000 445.5
500000 480.0
520000 472.5
540000 497.2
560000 488.2
580000 505.2
600000 403.4
620000 334.8
640000 437.6
660000 448.8
680000 453.8
700000 453.7
720000 497.5
740000 421.4
760000 420.6
780000 527.7
800000 518.3
820000 342.4
840000 535.3
860000 520.7
880000 573.5
900000 415.7
920000 589.1
940000 611.5
960000 585.0
980000 627.3
1000000 634.1
1020000 620.3
1040000 621.8
1060000 603.8
1080000 637.6
1100000 668.0
1120000 640.4
1140000 646.2
1160000 658.0
1180000 629.9
1200000 600.3
1220000 199.1
1240000 390.0
1260000 485.4
1280000 620.4
1300000 607.1
1320000 652.0
1340000 549.7
1360000 642.8
1380000 636.8
1400000 647.7
1420000 663.8
1440000 659.8
1460000 654.8
1480000 645.9
1500000 665.0
1520000 653.4
1540000 670.0
1560000 665.3
1580000 681.7
1600000 628.4
1620000 257.6
1640000 552.5
1660000 640.7
1680000 603.1
1700000 672.8
1720000 656.3
1740000 663.8
1760000 663.0
1780000 657.0
1800000 700.8
1820000 700.9
1840000 709.3
1860000 710.1
1880000 726.2
1900000 696.0
1920000 700.2
1940000 724.6
1960000 691.4
1980000 700.5
2000000 703.9
