20000 126.7
40000 221.8
60000 277.4
80000 306.8
100000 352.2
120000 357.0
140000 398.8
160000 389.3
180000 415.6
200000 410.2
220000 422.9
240000 297.5
260000 451.9
280000 429.2
300000 399.6
320000 423.1
340000 449.0
360000 282.3
380000 460.1
400000 477.5
420000 370.8
440000 443.9
460000 490.1
480000 473.7
500000 436.8
520000 460.1
540000 494.3
560000 470.0
580000 467.1
600000 390.4
620000 486.5
640000 475.9
660000 492.6
680000 488.3
700000 500.4
720000 499.2
740000 447.6
760000 484.5
780000 463.1
800000 484.4
820000 277.2
840000 498.2
860000 379.2
880000 360.0
900000 478.1
920000 338.2
940000 489.5
960000 492.9
980000 504.3
1000000 460.0
1020000 427.6
1040000 501.3
1060000 525.1
1080000 512.5
1100000 473.8
1120000 482.3
1140000 520.5
1160000 518.1
1180000 479.2
1200000 462.7
1220000 403.1
1240000 528.1
1260000 548.0
1280000 509.0
1300000 441.3
1320000 545.4
1340000 540.8
1360000 495.9
1380000 503.1
1400000 516.9
1420000 562.5
1440000 470.4
1460000 530.5
1480000 554.7
1500000 543.2
1520000 586.0
1540000 596.0
1560000 558.5
1580000 540.2
1600000 493.6
1620000 341.5
1640000 374.3
1660000 393.8
1680000 468.5
1700000 439.1
1720000 320.4
1740000 524.3
1760000 441.2
1780000 465.8
1800000 563.2
1820000 324.2
1840000 490.6
1860000 486.5
1880000 497.9
1900000 523.2
1920000 561.2
1940000 590.7
1960000 557.6
1980000 581.5
2000000 557.3
