20000 59.1
40000 150.3
60000 230.9
80000 435.1
100000 446.8
120000 463.6
140000 454.5
160000 424.5
180000 492.0
200000 418.8
220000 475.2
240000 482.2
260000 471.9
280000 501.8
300000 495.3
320000 504.4
340000 451.8
360000 547.9
380000 493.8
400000 554.0
420000 260.9
440000 487.8
460000 588.7
480000 560.1
500000 521.6
520000 553.0
540000 585.8
560000 606.0
580000 628.9
600000 625.7
620000 601.9
640000 571.2
660000 580.1
680000 593.6
700000 617.8
720000 607.9
740000 630.2
760000 644.7
780000 662.7
800000 635.3
820000 66.0
840000 507.1
860000 610.6
880000 547.5
900000 596.6
920000 620.5
940000 626.2
960000 654.8
980000 647.7
1000000 642.6
1020000 657.7
1040000 652.1
1060000 631.7
1080000 672.4
1100000 703.8
1120000 659.3
1140000 687.7
1160000 636.7
1180000 704.4
1200000 711.1
1220000 304.9
1240000 561.2
1260000 629.1
1280000 677.1
1300000 666.1
1320000 681.5
1340000 699.8
1360000 732.5
1380000 715.0
1400000 699.6
1420000 637.8
1440000 721.6
1460000 716.6
1480000 661.9
1500000 701.7
1520000 695.8
1540000 677.5
1560000 714.6
1580000 733.5
1600000 686.1
1620000 67.8
1640000 575.5
1660000 616.5
1680000 679.4
1700000 660.0
1720000 663.7
1740000 653.0
1760000 646.6
1780000 688.9
1800000 691.8
1820000 705.2
1840000 710.5
1860000 714.5
1880000 734.1
1900000 673.3
1920000 704.7
1940000 724.2
1960000 710.5
1980000 726.6
2000000 699.3
