5000 300.0
10000 106.1
15000 92.4
20000 0.0
25000 100.0
30000 101.8
35000 99.5
40000 88.1
45000 1.1
50000 198.9
55000 89.2
60000 234.4
65000 307.1
70000 187.6
75000 195.1
80000 391.9
85000 196.1
90000 198.8
95000 139.6
100000 100.0
105000 288.9
110000 194.7
115000 392.0
120000 192.7
125000 0.0
130000 195.6
135000 192.8
140000 95.9
145000 374.9
150000 0.5
155000 26.8
160000 314.9
165000 278.5
170000 197.9
175000 357.1
180000 197.5
185000 96.0
190000 96.8
195000 392.7
200000 0.0
205000 200.0
210000 0.0
215000 200.0
220000 100.3
225000 100.0
230000 0.1
235000 365.2
240000 2.0
245000 9.5
250000 88.3
255000 199.1
260000 196.9
265000 194.8
270000 198.0
275000 308.9
280000 295.6
285000 458.2
290000 250.6
295000 198.1
300000 0.0
305000 4.3
310000 386.2
315000 301.3
320000 189.8
325000 398.1
330000 274.9
335000 0.0
340000 292.4
345000 98.9
350000 98.3
355000 288.0
360000 424.9
365000 453.2
370000 593.5
375000 100.6
380000 368.7
385000 286.8
390000 477.7
395000 303.8
400000 612.9
405000 0.0
410000 201.4
415000 0.0
420000 199.9
425000 196.5
430000 305.7
435000 42.3
440000 329.7
445000 97.7
450000 190.3
455000 89.3
460000 200.1
465000 185.6
470000 91.8
475000 97.3
480000 100.0
485000 193.2
490000 388.9
495000 669.6
500000 293.4
505000 396.4
510000 327.8
515000 288.7
520000 280.9
525000 553.0
530000 188.3
535000 295.0
540000 377.0
545000 392.3
550000 564.5
555000 379.3
560000 292.9
565000 871.6
570000 295.9
575000 288.3
580000 480.6
585000 673.5
590000 484.1
595000 663.8
600000 293.8
605000 200.0
610000 100.0
615000 0.0
620000 498.2
625000 196.0
630000 0.0
635000 278.0
640000 19.6
645000 323.3
650000 404.6
655000 234.6
660000 197.7
665000 484.9
670000 313.3
675000 97.4
680000 374.4
685000 323.0
690000 462.5
695000 676.0
700000 496.1
705000 155.1
710000 385.2
715000 482.2
720000 195.0
725000 193.1
730000 386.1
735000 277.0
740000 298.6
745000 379.4
750000 395.9
755000 409.5
760000 300.1
765000 441.1
770000 357.4
775000 391.5
780000 86.4
785000 260.5
790000 539.9
795000 290.7
800000 508.6
805000 400.0
810000 100.0
815000 100.0
820000 201.4
825000 181.2
830000 380.7
835000 386.3
840000 121.6
845000 222.6
850000 346.0
855000 283.6
860000 483.9
865000 574.7
870000 105.3
875000 372.5
880000 190.9
885000 536.6
890000 295.3
895000 369.4
900000 684.5
905000 301.3
910000 387.0
915000 681.0
920000 662.7
925000 291.6
930000 586.0
935000 496.9
940000 387.9
945000 488.6
950000 293.3
955000 484.6
960000 385.1
965000 388.2
970000 467.6
975000 579.0
980000 675.6
985000 637.7
990000 674.2
995000 755.5
1000000 481.9
1005000 100.0
1010000 100.0
1015000 0.0
1020000 100.0
1025000 101.0
1030000 183.0
1035000 184.7
1040000 200.0
1045000 375.1
1050000 333.7
1055000 294.1
1060000 195.8
1065000 389.5
1070000 772.9
1075000 588.6
1080000 563.6
1085000 394.5
1090000 290.1
1095000 482.7
1100000 492.4
1105000 190.8
1110000 284.1
1115000 490.7
1120000 675.4
1125000 670.8
1130000 664.1
1135000 692.2
1140000 492.0
1145000 476.7
1150000 574.8
1155000 779.1
1160000 284.0
1165000 587.4
1170000 555.6
1175000 572.9
1180000 553.4
1185000 582.5
1190000 467.9
1195000 293.3
1200000 665.5
1205000 200.0
1210000 0.0
1215000 0.1
1220000 97.0
1225000 292.2
1230000 98.0
1235000 101.3
1240000 297.8
1245000 202.6
1250000 570.1
1255000 485.0
1260000 579.9
1265000 455.1
1270000 95.0
1275000 288.5
1280000 392.3
1285000 289.3
1290000 290.0
1295000 291.8
1300000 394.5
1305000 293.9
1310000 383.4
1315000 477.7
1320000 287.1
1325000 377.6
1330000 191.0
1335000 200.0
1340000 488.1
1345000 284.1
1350000 367.3
1355000 485.8
1360000 679.4
1365000 275.4
1370000 395.1
1375000 376.1
1380000 660.9
1385000 391.7
1390000 665.2
1395000 578.3
1400000 584.6
1405000 0.0
1410000 100.0
1415000 300.0
1420000 197.8
1425000 191.9
1430000 199.4
1435000 277.3
1440000 292.7
1445000 292.0
1450000 389.4
1455000 20.1
1460000 482.9
1465000 98.9
1470000 361.2
1475000 289.8
1480000 199.3
1485000 94.4
1490000 478.6
1495000 690.9
1500000 490.8
1505000 685.5
1510000 386.5
1515000 283.8
1520000 489.0
1525000 297.1
1530000 383.4
1535000 395.7
1540000 586.2
1545000 488.4
1550000 395.4
1555000 571.3
1560000 484.8
1565000 773.9
1570000 578.9
1575000 585.9
1580000 574.7
1585000 774.4
1590000 489.6
1595000 783.4
1600000 481.5
1605000 100.0
1610000 0.0
1615000 200.0
1620000 100.0
1625000 182.9
1630000 296.3
1635000 190.4
1640000 1.2
1645000 102.7
1650000 291.3
1655000 0.0
1660000 380.4
1665000 202.6
1670000 354.3
1675000 547.3
1680000 583.2
1685000 390.5
1690000 380.5
1695000 575.3
1700000 392.6
1705000 483.3
1710000 478.8
1715000 470.2
1720000 561.5
1725000 685.3
1730000 196.3
1735000 483.5
1740000 483.3
1745000 484.3
1750000 480.3
1755000 396.1
1760000 581.8
1765000 385.7
1770000 485.5
1775000 477.0
1780000 387.5
1785000 670.4
1790000 578.3
1795000 397.1
1800000 473.4
1805000 200.0
1810000 0.0
1815000 102.4
1820000 100.0
1825000 189.1
1830000 100.4
1835000 160.2
1840000 116.3
1845000 196.2
1850000 494.3
1855000 376.7
1860000 380.4
1865000 156.2
1870000 291.5
1875000 483.6
1880000 454.8
1885000 484.7
1890000 426.8
1895000 454.2
1900000 482.0
1905000 788.3
1910000 477.3
1915000 480.9
1920000 553.5
1925000 573.8
1930000 732.5
1935000 677.0
1940000 685.3
1945000 442.7
1950000 773.0
1955000 766.4
1960000 591.5
1965000 389.8
1970000 680.6
1975000 558.8
1980000 659.9
1985000 589.3
1990000 774.9
1995000 771.8
2000000 586.1
