5000 95.8
10000 0.0
15000 0.0
20000 101.3
25000 201.5
30000 100.5
35000 195.3
40000 196.0
45000 0.4
50000 4.3
55000 99.0
60000 5.6
65000 191.9
70000 409.7
75000 187.0
80000 0.7
85000 98.2
90000 97.9
95000 473.4
100000 391.9
105000 172.8
110000 97.4
115000 310.2
120000 194.4
125000 390.2
130000 374.7
135000 22.4
140000 176.6
145000 195.2
150000 281.5
155000 182.8
160000 183.1
165000 387.8
170000 191.0
175000 575.6
180000 210.6
185000 197.2
190000 252.2
195000 286.6
200000 224.4
205000 100.0
210000 0.0
215000 100.0
220000 21.0
225000 200.4
230000 0.0
235000 1.9
240000 0.0
245000 0.0
250000 319.4
255000 2.3
260000 95.6
265000 0.7
270000 123.6
275000 321.5
280000 243.9
285000 284.1
290000 608.0
295000 93.5
300000 195.1
305000 288.3
310000 288.6
315000 0.0
320000 289.1
325000 454.8
330000 395.5
335000 293.4
340000 296.1
345000 563.2
350000 460.7
355000 523.6
360000 581.6
365000 291.0
370000 489.9
375000 166.3
380000 196.3
385000 491.7
390000 389.4
395000 194.5
400000 199.3
405000 0.0
410000 200.0
415000 0.4
420000 100.0
425000 100.8
430000 190.2
435000 196.1
440000 36.9
445000 99.9
450000 127.3
455000 193.6
460000 130.1
465000 188.0
470000 197.8
475000 286.0
480000 392.8
485000 508.4
490000 684.1
495000 486.4
500000 290.5
505000 297.1
510000 388.0
515000 378.6
520000 379.7
525000 296.4
530000 670.8
535000 389.7
540000 393.0
545000 290.7
550000 293.1
555000 489.1
560000 624.9
565000 474.1
570000 484.9
575000 484.9
580000 295.4
585000 456.3
590000 486.1
595000 390.8
600000 271.1
605000 0.0
610000 0.0
615000 0.4
620000 272.1
625000 99.0
630000 133.0
635000 97.8
640000 331.8
645000 2.5
650000 176.9
655000 197.4
660000 287.5
665000 487.9
670000 288.8
675000 387.6
680000 474.3
685000 479.4
690000 584.2
695000 382.2
700000 296.4
705000 384.7
710000 480.9
715000 293.5
720000 686.8
725000 394.3
730000 595.2
735000 683.7
740000 348.9
745000 295.9
750000 565.7
755000 478.0
760000 584.8
765000 585.2
770000 288.8
775000 490.7
780000 585.6
785000 585.7
790000 778.8
795000 668.8
800000 688.8
805000 0.0
810000 100.0
815000 99.1
820000 100.2
825000 200.7
830000 8.0
835000 28.6
840000 536.2
845000 197.2
850000 0.0
855000 406.4
860000 301.8
865000 295.5
870000 97.1
875000 388.7
880000 187.1
885000 0.0
890000 298.3
895000 684.7
900000 579.5
905000 199.3
910000 381.9
915000 583.9
920000 227.2
925000 298.8
930000 495.2
935000 770.8
940000 682.1
945000 588.1
950000 582.8
955000 581.0
960000 197.5
965000 423.1
970000 228.9
975000 585.1
980000 463.3
985000 483.1
990000 275.3
995000 280.7
1000000 768.2
1005000 0.0
1010000 100.0
1015000 0.0
1020000 201.1
1025000 102.8
1030000 475.0
1035000 201.4
1040000 416.8
1045000 97.7
1050000 675.2
1055000 196.1
1060000 491.5
1065000 392.1
1070000 295.3
1075000 590.6
1080000 298.0
1085000 387.9
1090000 679.4
1095000 593.0
1100000 293.9
1105000 271.7
1110000 583.8
1115000 385.5
1120000 385.2
1125000 487.2
1130000 418.7
1135000 577.4
1140000 386.4
1145000 585.1
1150000 481.8
1155000 585.7
1160000 194.5
1165000 884.2
1170000 382.7
1175000 484.0
1180000 285.2
1185000 453.4
1190000 485.0
1195000 487.5
1200000 655.7
1205000 100.0
1210000 200.0
1215000 100.0
1220000 95.0
1225000 392.8
1230000 183.1
1235000 86.1
1240000 150.2
1245000 248.2
1250000 304.5
1255000 203.9
1260000 479.6
1265000 476.0
1270000 485.2
1275000 221.4
1280000 488.8
1285000 387.9
1290000 585.6
1295000 428.5
1300000 688.4
1305000 479.1
1310000 648.4
1315000 482.3
1320000 573.8
1325000 491.9
1330000 195.8
1335000 677.7
1340000 387.3
1345000 192.4
1350000 587.1
1355000 194.4
1360000 676.4
1365000 577.6
1370000 669.9
1375000 491.4
1380000 759.2
1385000 585.3
1390000 494.7
1395000 678.3
1400000 486.7
1405000 100.0
1410000 200.0
1415000 0.0
1420000 298.3
1425000 201.8
1430000 242.9
1435000 199.7
1440000 10.8
1445000 194.1
1450000 297.2
1455000 388.6
1460000 676.2
1465000 197.6
1470000 297.1
1475000 163.1
1480000 164.1
1485000 292.5
1490000 676.9
1495000 463.9
1500000 292.0
1505000 491.3
1510000 392.2
1515000 486.5
1520000 382.8
1525000 561.9
1530000 395.0
1535000 487.6
1540000 288.4
1545000 582.1
1550000 592.8
1555000 382.9
1560000 463.6
1565000 441.8
1570000 691.0
1575000 766.9
1580000 777.5
1585000 563.3
1590000 586.4
1595000 388.0
1600000 487.2
1605000 100.0
1610000 100.0
1615000 100.0
1620000 110.4
1625000 199.1
1630000 181.7
1635000 196.2
1640000 188.0
1645000 194.7
1650000 89.2
1655000 191.7
1660000 186.0
1665000 486.5
1670000 408.7
1675000 679.7
1680000 459.9
1685000 343.7
1690000 485.6
1695000 588.5
1700000 577.8
1705000 525.4
1710000 671.7
1715000 195.8
1720000 479.7
1725000 572.5
1730000 392.2
1735000 479.9
1740000 495.6
1745000 682.4
1750000 388.8
1755000 567.4
1760000 467.8
1765000 478.6
1770000 475.0
1775000 671.1
1780000 391.6
1785000 493.2
1790000 669.8
1795000 579.8
1800000 579.3
1805000 0.0
1810000 100.0
1815000 100.0
1820000 99.5
1825000 68.5
1830000 0.0
1835000 99.6
1840000 201.3
1845000 314.8
1850000 171.2
1855000 499.5
1860000 485.2
1865000 469.7
1870000 564.0
1875000 382.6
1880000 316.7
1885000 481.9
1890000 478.4
1895000 392.3
1900000 294.8
1905000 492.8
1910000 477.0
1915000 485.1
1920000 294.8
1925000 593.4
1930000 570.0
1935000 579.9
1940000 659.6
1945000 582.5
1950000 491.2
1955000 576.5
1960000 486.7
1965000 561.7
1970000 567.9
1975000 483.0
1980000 572.4
1985000 676.2
1990000 484.9
1995000 679.3
2000000 489.6
