5000 100.0
10000 100.0
15000 0.0
20000 65.7
25000 4.7
30000 92.3
35000 141.4
40000 191.3
45000 102.3
50000 95.8
55000 134.3
60000 98.9
65000 23.1
70000 111.3
75000 0.7
80000 104.4
85000 63.7
90000 492.1
95000 227.2
100000 299.0
105000 385.9
110000 65.9
115000 0.2
120000 0.3
125000 185.0
130000 158.8
135000 192.8
140000 203.4
145000 292.0
150000 283.7
155000 185.9
160000 98.3
165000 195.2
170000 100.6
175000 38.6
180000 288.5
185000 290.7
190000 197.2
195000 393.3
200000 297.8
205000 95.9
210000 118.5
215000 101.0
220000 278.0
225000 299.0
230000 98.6
235000 97.8
240000 0.8
245000 194.7
250000 95.9
255000 97.4
260000 201.7
265000 384.1
270000 138.8
275000 116.8
280000 312.2
285000 276.7
290000 196.5
295000 98.0
300000 264.2
305000 200.0
310000 274.2
315000 444.5
320000 389.2
325000 97.8
330000 93.5
335000 292.9
340000 393.2
345000 95.6
350000 199.0
355000 385.8
360000 461.1
365000 93.6
370000 585.2
375000 284.3
380000 389.2
385000 196.6
390000 391.3
395000 292.4
400000 475.4
405000 0.0
410000 0.0
415000 299.3
420000 90.3
425000 204.3
430000 95.8
435000 197.6
440000 140.5
445000 2.6
450000 0.0
455000 99.6
460000 3.1
465000 137.9
470000 292.7
475000 97.9
480000 389.7
485000 99.5
490000 294.0
495000 197.4
500000 460.8
505000 392.7
510000 385.7
515000 289.6
520000 481.5
525000 480.6
530000 100.6
535000 382.9
540000 383.2
545000 569.3
550000 395.4
555000 681.8
560000 90.7
565000 391.3
570000 407.8
575000 100.0
580000 589.2
585000 216.0
590000 548.7
595000 585.4
600000 479.9
605000 100.0
610000 195.9
615000 100.0
620000 0.9
625000 94.8
630000 198.9
635000 163.1
640000 1.6
645000 99.8
650000 0.0
655000 443.4
660000 2.4
665000 95.1
670000 497.3
675000 115.6
680000 464.8
685000 285.9
690000 257.0
695000 382.0
700000 424.1
705000 242.2
710000 164.0
715000 350.5
720000 381.4
725000 195.5
730000 597.6
735000 297.8
740000 294.8
745000 198.4
750000 374.7
755000 572.1
760000 389.3
765000 363.9
770000 577.1
775000 586.4
780000 195.1
785000 684.8
790000 574.4
795000 292.0
800000 686.0
805000 100.0
810000 0.0
815000 200.0
820000 7.7
825000 32.5
830000 6.4
835000 16.5
840000 270.5
845000 215.2
850000 66.8
855000 2.1
860000 380.1
865000 144.7
870000 509.3
875000 100.0
880000 392.4
885000 293.5
890000 474.3
895000 392.7
900000 485.2
905000 381.3
910000 294.5
915000 879.1
920000 287.1
925000 200.0
930000 682.2
935000 291.7
940000 284.3
945000 684.4
950000 394.2
955000 680.3
960000 581.0
965000 476.8
970000 465.4
975000 391.8
980000 196.1
985000 686.6
990000 487.6
995000 489.5
1000000 191.8
1005000 100.0
1010000 0.0
1015000 100.0
1020000 293.9
1025000 96.7
1030000 362.9
1035000 100.0
1040000 372.1
1045000 332.0
1050000 31.8
1055000 126.0
1060000 195.8
1065000 171.5
1070000 488.7
1075000 397.2
1080000 383.2
1085000 199.7
1090000 138.2
1095000 686.7
1100000 583.8
1105000 291.9
1110000 366.1
1115000 577.7
1120000 486.7
1125000 386.5
1130000 682.6
1135000 393.6
1140000 293.6
1145000 387.1
1150000 577.2
1155000 489.8
1160000 686.2
1165000 394.3
1170000 677.3
1175000 388.6
1180000 546.7
1185000 393.9
1190000 686.7
1195000 491.3
1200000 582.4
1205000 100.0
1210000 200.0
1215000 0.0
1220000 102.3
1225000 299.2
1230000 68.0
1235000 279.6
1240000 118.1
1245000 402.1
1250000 32.2
1255000 583.9
1260000 200.0
1265000 475.1
1270000 185.6
1275000 436.4
1280000 179.4
1285000 287.9
1290000 557.2
1295000 287.4
1300000 683.5
1305000 677.0
1310000 572.4
1315000 292.0
1320000 99.9
1325000 581.2
1330000 193.7
1335000 572.1
1340000 764.6
1345000 197.3
1350000 666.2
1355000 298.2
1360000 388.7
1365000 682.9
1370000 193.2
1375000 572.0
1380000 394.6
1385000 778.1
1390000 387.2
1395000 683.0
1400000 389.4
1405000 0.0
1410000 0.0
1415000 100.0
1420000 99.3
1425000 105.3
1430000 100.9
1435000 195.9
1440000 105.5
1445000 298.5
1450000 392.0
1455000 100.0
1460000 286.4
1465000 293.1
1470000 463.2
1475000 189.0
1480000 0.0
1485000 286.5
1490000 390.1
1495000 679.2
1500000 586.0
1505000 317.4
1510000 294.1
1515000 385.7
1520000 522.1
1525000 576.6
1530000 491.3
1535000 585.8
1540000 293.6
1545000 655.4
1550000 473.2
1555000 566.7
1560000 491.4
1565000 664.0
1570000 297.0
1575000 302.7
1580000 577.5
1585000 377.5
1590000 490.4
1595000 634.7
1600000 382.4
1605000 100.0
1610000 202.2
1615000 100.8
1620000 100.5
1625000 104.9
1630000 2.1
1635000 102.2
1640000 114.7
1645000 100.5
1650000 127.2
1655000 580.0
1660000 344.9
1665000 295.4
1670000 194.0
1675000 489.2
1680000 399.5
1685000 256.3
1690000 284.5
1695000 391.8
1700000 217.2
1705000 389.7
1710000 193.6
1715000 472.6
1720000 490.4
1725000 430.0
1730000 492.2
1735000 495.0
1740000 299.8
1745000 582.0
1750000 299.1
1755000 588.4
1760000 481.2
1765000 588.7
1770000 584.3
1775000 680.4
1780000 507.8
1785000 647.8
1790000 389.4
1795000 684.0
1800000 662.7
1805000 0.0
1810000 0.0
1815000 100.4
1820000 0.0
1825000 329.0
1830000 292.8
1835000 265.0
1840000 161.0
1845000 96.7
1850000 481.4
1855000 431.0
1860000 185.3
1865000 141.0
1870000 327.7
1875000 516.7
1880000 193.7
1885000 255.8
1890000 647.3
1895000 585.4
1900000 344.1
1905000 449.6
1910000 472.4
1915000 475.6
1920000 195.5
1925000 378.4
1930000 479.6
1935000 581.4
1940000 297.4
1945000 581.9
1950000 671.9
1955000 387.7
1960000 485.8
1965000 297.5
1970000 487.6
1975000 478.7
1980000 760.9
1985000 487.0
1990000 491.7
1995000 586.5
2000000 587.9
