5000 0.0
10000 0.0
15000 200.0
20000 0.0
25000 100.0
30000 0.0
35000 0.0
40000 300.0
45000 0.0
50000 195.8
55000 100.0
60000 0.4
65000 200.0
70000 201.1
75000 99.2
80000 1.1
85000 97.0
90000 0.3
95000 235.2
100000 104.2
105000 0.0
110000 0.3
115000 197.6
120000 200.2
125000 96.0
130000 99.1
135000 0.0
140000 0.0
145000 0.0
150000 5.1
155000 0.0
160000 4.4
165000 199.3
170000 0.4
175000 0.0
180000 0.0
185000 199.9
190000 97.7
195000 10.5
200000 101.7
205000 100.0
210000 200.0
215000 0.0
220000 197.8
225000 0.0
230000 147.0
235000 2.8
240000 100.0
245000 26.1
250000 197.2
255000 84.0
260000 0.2
265000 181.1
270000 96.3
275000 290.5
280000 193.9
285000 111.3
290000 103.0
295000 186.7
300000 482.3
305000 100.0
310000 97.4
315000 87.8
320000 372.6
325000 422.1
330000 177.9
335000 100.0
340000 180.1
345000 317.0
350000 168.1
355000 280.5
360000 97.5
365000 198.5
370000 192.2
375000 290.3
380000 380.1
385000 704.6
390000 289.3
395000 195.1
400000 391.8
405000 0.0
410000 100.0
415000 0.0
420000 0.6
425000 183.2
430000 479.1
435000 184.4
440000 100.0
445000 0.3
450000 99.7
455000 194.9
460000 189.3
465000 197.3
470000 90.1
475000 0.0
480000 193.8
485000 99.6
490000 173.1
495000 324.8
500000 465.9
505000 278.0
510000 572.9
515000 398.8
520000 448.8
525000 96.9
530000 282.2
535000 290.1
540000 200.0
545000 198.7
550000 293.7
555000 472.9
560000 0.0
565000 379.9
570000 262.3
575000 388.7
580000 287.7
585000 483.1
590000 385.2
595000 482.5
600000 0.0
605000 100.0
610000 100.0
615000 0.0
620000 99.5
625000 101.3
630000 100.0
635000 101.2
640000 195.6
645000 338.9
650000 200.0
655000 80.9
660000 284.9
665000 383.1
670000 178.2
675000 580.9
680000 195.4
685000 292.4
690000 369.3
695000 367.5
700000 488.9
705000 94.9
710000 100.0
715000 344.5
720000 426.8
725000 580.6
730000 194.5
735000 316.6
740000 188.5
745000 567.1
750000 375.7
755000 132.1
760000 381.8
765000 386.7
770000 297.0
775000 484.1
780000 583.1
785000 318.2
790000 472.2
795000 568.6
800000 572.5
805000 0.0
810000 0.0
815000 100.0
820000 0.2
825000 100.0
830000 100.0
835000 198.3
840000 198.9
845000 200.0
850000 391.0
855000 296.2
860000 93.9
865000 0.0
870000 291.7
875000 101.0
880000 276.9
885000 274.2
890000 100.0
895000 293.2
900000 324.6
905000 390.9
910000 487.0
915000 290.2
920000 345.6
925000 482.0
930000 478.2
935000 491.1
940000 755.9
945000 492.0
950000 249.2
955000 467.6
960000 676.4
965000 490.4
970000 477.8
975000 193.6
980000 554.2
985000 390.9
990000 674.0
995000 588.1
1000000 582.2
1005000 200.0
1010000 100.0
1015000 100.0
1020000 0.5
1025000 102.7
1030000 100.4
1035000 164.7
1040000 296.0
1045000 100.4
1050000 489.0
1055000 1.6
1060000 195.5
1065000 172.4
1070000 359.5
1075000 394.9
1080000 275.0
1085000 378.6
1090000 191.9
1095000 267.3
1100000 468.9
1105000 100.0
1110000 198.1
1115000 397.6
1120000 488.2
1125000 95.8
1130000 469.1
1135000 485.6
1140000 368.4
1145000 591.1
1150000 481.6
1155000 493.9
1160000 682.5
1165000 276.6
1170000 680.9
1175000 459.0
1180000 677.0
1185000 484.8
1190000 578.7
1195000 781.9
1200000 588.6
1205000 200.0
1210000 0.0
1215000 100.0
1220000 100.0
1225000 98.7
1230000 201.5
1235000 353.0
1240000 383.1
1245000 666.1
1250000 279.3
1255000 200.4
1260000 372.1
1265000 93.9
1270000 200.3
1275000 96.1
1280000 277.5
1285000 462.1
1290000 528.8
1295000 294.0
1300000 750.9
1305000 585.6
1310000 393.4
1315000 382.7
1320000 428.5
1325000 581.2
1330000 473.9
1335000 391.0
1340000 480.7
1345000 385.2
1350000 492.5
1355000 487.5
1360000 677.8
1365000 362.8
1370000 396.0
1375000 487.4
1380000 280.8
1385000 300.5
1390000 675.7
1395000 388.1
1400000 474.9
1405000 0.0
1410000 0.0
1415000 0.0
1420000 0.0
1425000 298.0
1430000 295.1
1435000 0.3
1440000 99.2
1445000 203.6
1450000 239.7
1455000 95.6
1460000 0.0
1465000 297.3
1470000 295.6
1475000 197.0
1480000 97.7
1485000 298.1
1490000 289.6
1495000 196.1
1500000 373.4
1505000 520.1
1510000 179.2
1515000 677.9
1520000 278.1
1525000 371.6
1530000 385.1
1535000 461.7
1540000 374.6
1545000 679.2
1550000 679.9
1555000 666.5
1560000 388.5
1565000 489.1
1570000 485.0
1575000 664.3
1580000 590.9
1585000 573.3
1590000 392.1
1595000 659.4
1600000 629.1
1605000 0.0
1610000 0.0
1615000 0.0
1620000 1.6
1625000 99.6
1630000 84.1
1635000 124.2
1640000 214.0
1645000 293.5
1650000 262.8
1655000 72.1
1660000 199.4
1665000 494.4
1670000 399.4
1675000 100.0
1680000 200.0
1685000 484.2
1690000 676.9
1695000 586.1
1700000 390.0
1705000 778.4
1710000 291.5
1715000 683.6
1720000 487.7
1725000 377.9
1730000 418.8
1735000 685.3
1740000 683.0
1745000 382.2
1750000 452.8
1755000 283.2
1760000 646.5
1765000 525.4
1770000 494.4
1775000 676.9
1780000 554.8
1785000 685.1
1790000 385.4
1795000 867.7
1800000 686.5
1805000 100.0
1810000 100.0
1815000 0.0
1820000 97.6
1825000 298.8
1830000 299.1
1835000 185.5
1840000 484.9
1845000 99.3
1850000 102.4
1855000 481.7
1860000 369.3
1865000 289.5
1870000 289.5
1875000 255.4
1880000 398.8
1885000 247.5
1890000 569.5
1895000 582.9
1900000 379.5
1905000 556.9
1910000 489.2
1915000 572.7
1920000 197.4
1925000 492.0
1930000 356.5
1935000 197.5
1940000 471.8
1945000 381.3
1950000 776.9
1955000 344.3
1960000 391.8
1965000 294.9
1970000 592.4
1975000 571.2
1980000 559.7
1985000 681.5
1990000 530.5
1995000 485.3
2000000 582.0
