5000 0.5
10000 100.0
15000 100.0
20000 200.0
25000 2.1
30000 31.1
35000 1.0
40000 0.8
45000 0.0
50000 101.7
55000 1.1
60000 0.7
65000 135.2
70000 0.0
75000 158.2
80000 10.1
85000 98.1
90000 288.3
95000 21.5
100000 123.0
105000 195.7
110000 98.1
115000 96.8
120000 168.8
125000 196.9
130000 100.0
135000 298.4
140000 308.1
145000 203.8
150000 294.7
155000 295.7
160000 92.2
165000 194.6
170000 98.4
175000 296.2
180000 196.1
185000 198.1
190000 188.3
195000 186.1
200000 394.7
205000 200.0
210000 0.0
215000 3.0
220000 8.2
225000 120.4
230000 255.0
235000 101.1
240000 196.6
245000 297.9
250000 142.0
255000 98.5
260000 89.9
265000 173.4
270000 98.8
275000 249.0
280000 151.2
285000 98.9
290000 458.2
295000 0.1
300000 197.3
305000 450.0
310000 176.3
315000 479.7
320000 104.4
325000 389.6
330000 340.6
335000 12.0
340000 594.2
345000 297.1
350000 0.0
355000 389.4
360000 396.3
365000 292.4
370000 443.7
375000 98.5
380000 100.0
385000 392.9
390000 392.7
395000 291.0
400000 393.3
405000 102.1
410000 0.0
415000 3.3
420000 0.0
425000 0.0
430000 8.8
435000 221.2
440000 376.8
445000 101.1
450000 205.7
455000 98.6
460000 259.6
465000 310.0
470000 232.5
475000 99.4
480000 293.5
485000 200.0
490000 194.6
495000 349.8
500000 197.9
505000 286.5
510000 376.1
515000 132.6
520000 390.8
525000 491.0
530000 590.8
535000 778.8
540000 299.2
545000 680.7
550000 570.6
555000 385.1
560000 575.7
565000 490.7
570000 388.4
575000 585.8
580000 384.9
585000 394.5
590000 496.3
595000 590.2
600000 587.2
605000 0.0
610000 0.0
615000 281.5
620000 1.5
625000 196.0
630000 200.0
635000 52.0
640000 197.6
645000 248.0
650000 192.2
655000 420.7
660000 279.0
665000 191.9
670000 555.6
675000 407.1
680000 196.7
685000 343.1
690000 479.1
695000 381.2
700000 783.3
705000 392.7
710000 198.2
715000 295.0
720000 195.5
725000 201.5
730000 281.5
735000 494.7
740000 481.7
745000 383.4
750000 882.0
755000 487.3
760000 584.3
765000 389.5
770000 387.3
775000 589.6
780000 385.2
785000 317.8
790000 382.9
795000 877.5
800000 487.8
805000 103.7
810000 198.9
815000 0.0
820000 99.9
825000 3.2
830000 86.9
835000 196.1
840000 188.7
845000 191.4
850000 322.4
855000 191.7
860000 290.3
865000 481.2
870000 182.2
875000 97.9
880000 390.1
885000 478.1
890000 297.5
895000 284.9
900000 392.5
905000 179.9
910000 576.2
915000 291.5
920000 389.4
925000 359.0
930000 293.7
935000 680.2
940000 483.1
945000 685.4
950000 358.3
955000 548.1
960000 649.3
965000 479.4
970000 671.8
975000 294.6
980000 573.1
985000 582.3
990000 294.1
995000 486.9
1000000 458.8
1005000 100.0
1010000 2.2
1015000 0.0
1020000 271.5
1025000 17.3
1030000 99.4
1035000 171.3
1040000 100.0
1045000 191.4
1050000 484.9
1055000 287.4
1060000 200.0
1065000 281.9
1070000 399.6
1075000 196.5
1080000 482.4
1085000 392.2
1090000 461.3
1095000 369.7
1100000 488.0
1105000 491.3
1110000 392.4
1115000 686.9
1120000 490.1
1125000 581.9
1130000 590.2
1135000 387.1
1140000 480.7
1145000 774.6
1150000 588.7
1155000 492.7
1160000 585.5
1165000 672.1
1170000 681.7
1175000 393.0
1180000 591.4
1185000 582.7
1190000 479.2
1195000 389.5
1200000 395.3
1205000 100.0
1210000 0.0
1215000 0.1
1220000 0.2
1225000 2.9
1230000 99.0
1235000 3.7
1240000 288.2
1245000 241.1
1250000 162.8
1255000 597.0
1260000 191.9
1265000 403.3
1270000 371.7
1275000 382.7
1280000 189.2
1285000 79.2
1290000 588.9
1295000 556.6
1300000 487.5
1305000 475.6
1310000 334.0
1315000 581.9
1320000 677.9
1325000 779.5
1330000 481.1
1335000 489.5
1340000 397.6
1345000 772.3
1350000 582.9
1355000 668.3
1360000 487.0
1365000 772.0
1370000 670.8
1375000 574.6
1380000 842.4
1385000 562.3
1390000 782.8
1395000 677.9
1400000 461.6
1405000 200.0
1410000 100.0
1415000 100.0
1420000 200.6
1425000 178.7
1430000 191.8
1435000 384.4
1440000 158.3
1445000 99.9
1450000 291.0
1455000 287.2
1460000 300.0
1465000 384.5
1470000 341.0
1475000 274.3
1480000 194.0
1485000 94.9
1490000 612.2
1495000 291.6
1500000 195.5
1505000 284.3
1510000 293.9
1515000 392.2
1520000 288.1
1525000 292.4
1530000 295.9
1535000 464.6
1540000 485.8
1545000 194.7
1550000 294.3
1555000 292.2
1560000 487.4
1565000 294.3
1570000 492.4
1575000 773.8
1580000 570.5
1585000 292.0
1590000 298.0
1595000 483.6
1600000 488.6
1605000 100.0
1610000 200.0
1615000 100.0
1620000 99.7
1625000 84.5
1630000 3.4
1635000 388.3
1640000 474.3
1645000 265.4
1650000 94.2
1655000 189.6
1660000 476.1
1665000 693.5
1670000 191.2
1675000 280.3
1680000 393.7
1685000 491.9
1690000 290.5
1695000 195.5
1700000 385.2
1705000 580.2
1710000 368.4
1715000 434.5
1720000 295.6
1725000 638.4
1730000 470.9
1735000 576.1
1740000 690.4
1745000 388.6
1750000 293.4
1755000 665.3
1760000 286.4
1765000 447.9
1770000 384.0
1775000 586.2
1780000 573.9
1785000 467.5
1790000 584.0
1795000 856.3
1800000 761.4
1805000 100.0
1810000 200.0
1815000 100.0
1820000 377.7
1825000 203.8
1830000 100.0
1835000 102.9
1840000 9.1
1845000 200.0
1850000 501.6
1855000 191.8
1860000 212.6
1865000 390.6
1870000 199.3
1875000 197.6
1880000 295.9
1885000 97.6
1890000 192.0
1895000 385.3
1900000 326.9
1905000 485.7
1910000 581.1
1915000 391.2
1920000 398.4
1925000 477.1
1930000 286.3
1935000 384.0
1940000 366.7
1945000 778.2
1950000 490.7
1955000 480.5
1960000 583.4
1965000 290.3
1970000 579.3
1975000 338.3
1980000 481.9
1985000 489.3
1990000 763.4
1995000 771.2
2000000 586.6
