5000 92.5
10000 0.0
15000 0.0
20000 0.4
25000 200.0
30000 200.5
35000 0.7
40000 2.5
45000 96.6
50000 0.0
55000 100.0
60000 288.6
65000 14.7
70000 18.0
75000 45.8
80000 204.3
85000 90.8
90000 202.3
95000 184.6
100000 139.1
105000 58.6
110000 349.9
115000 0.0
120000 232.1
125000 305.5
130000 361.6
135000 96.8
140000 191.0
145000 192.4
150000 100.2
155000 12.1
160000 195.6
165000 349.0
170000 433.9
175000 288.1
180000 771.1
185000 590.1
190000 248.1
195000 197.0
200000 468.1
205000 100.0
210000 0.0
215000 100.3
220000 100.0
225000 100.7
230000 0.3
235000 0.0
240000 92.7
245000 107.6
250000 4.5
255000 268.7
260000 217.2
265000 388.2
270000 394.5
275000 194.0
280000 486.8
285000 395.0
290000 293.8
295000 298.8
300000 547.8
305000 422.3
310000 490.2
315000 394.5
320000 293.6
325000 288.1
330000 293.9
335000 397.5
340000 297.1
345000 283.0
350000 551.2
355000 364.6
360000 476.7
365000 299.0
370000 391.9
375000 672.5
380000 390.6
385000 686.1
390000 294.5
395000 585.1
400000 469.9
405000 100.0
410000 99.8
415000 100.0
420000 97.6
425000 102.7
430000 95.1
435000 338.2
440000 188.1
445000 286.2
450000 393.0
455000 277.9
460000 448.6
465000 571.0
470000 286.8
475000 0.0
480000 283.0
485000 294.4
490000 193.0
495000 394.4
500000 608.4
505000 309.8
510000 294.5
515000 484.3
520000 449.4
525000 585.5
530000 691.0
535000 198.4
540000 830.6
545000 388.6
550000 476.9
555000 682.6
560000 290.7
565000 325.3
570000 581.2
575000 484.2
580000 577.7
585000 591.4
590000 666.8
595000 491.3
600000 294.0
605000 100.0
610000 100.0
615000 100.2
620000 103.0
625000 202.8
630000 98.3
635000 295.9
640000 194.1
645000 211.0
650000 505.7
655000 189.9
660000 104.5
665000 296.3
670000 204.0
675000 413.0
680000 492.0
685000 294.8
690000 188.4
695000 384.0
700000 614.5
705000 393.1
710000 296.0
715000 490.2
720000 190.0
725000 398.8
730000 393.1
735000 584.8
740000 595.1
745000 661.9
750000 486.5
755000 294.5
760000 678.7
765000 547.9
770000 190.3
775000 566.7
780000 293.0
785000 676.1
790000 485.7
795000 584.1
800000 493.9
805000 0.0
810000 100.0
815000 0.0
820000 97.4
825000 15.9
830000 94.6
835000 387.8
840000 284.9
845000 262.4
850000 190.7
855000 339.6
860000 394.7
865000 424.5
870000 287.3
875000 294.2
880000 299.7
885000 378.0
890000 582.9
895000 304.9
900000 196.5
905000 679.4
910000 493.4
915000 390.7
920000 492.4
925000 488.6
930000 392.9
935000 386.7
940000 298.8
945000 476.1
950000 522.9
955000 690.9
960000 383.2
965000 589.2
970000 292.9
975000 483.3
980000 586.6
985000 488.5
990000 764.8
995000 568.6
1000000 489.0
1005000 0.0
1010000 0.0
1015000 0.0
1020000 96.7
1025000 392.0
1030000 480.2
1035000 302.8
1040000 222.4
1045000 100.0
1050000 194.8
1055000 315.5
1060000 225.8
1065000 97.2
1070000 277.1
1075000 190.6
1080000 197.6
1085000 398.0
1090000 454.9
1095000 576.7
1100000 95.7
1105000 383.4
1110000 295.3
1115000 284.5
1120000 276.8
1125000 486.7
1130000 388.8
1135000 286.2
1140000 386.5
1145000 294.0
1150000 467.9
1155000 373.1
1160000 485.0
1165000 488.0
1170000 392.1
1175000 485.4
1180000 195.3
1185000 295.9
1190000 295.2
1195000 681.7
1200000 474.3
1205000 200.0
1210000 0.0
1215000 0.0
1220000 103.8
1225000 87.9
1230000 99.7
1235000 7.4
1240000 102.5
1245000 115.1
1250000 197.6
1255000 645.4
1260000 370.8
1265000 480.7
1270000 100.0
1275000 100.0
1280000 292.8
1285000 77.8
1290000 100.0
1295000 307.0
1300000 377.2
1305000 391.3
1310000 290.9
1315000 192.2
1320000 196.1
1325000 296.3
1330000 232.2
1335000 193.5
1340000 394.4
1345000 567.1
1350000 479.7
1355000 392.1
1360000 476.0
1365000 566.6
1370000 391.2
1375000 570.6
1380000 395.2
1385000 686.0
1390000 522.4
1395000 664.4
1400000 669.7
1405000 100.0
1410000 100.0
1415000 0.0
1420000 0.0
1425000 100.0
1430000 296.9
1435000 187.2
1440000 278.3
1445000 245.9
1450000 383.2
1455000 397.4
1460000 198.3
1465000 661.4
1470000 288.6
1475000 118.1
1480000 476.4
1485000 190.1
1490000 194.1
1495000 98.0
1500000 331.6
1505000 286.7
1510000 196.8
1515000 389.4
1520000 484.9
1525000 488.6
1530000 468.3
1535000 569.7
1540000 492.9
1545000 388.0
1550000 481.3
1555000 584.7
1560000 678.7
1565000 487.6
1570000 392.9
1575000 395.8
1580000 868.3
1585000 476.6
1590000 488.5
1595000 768.6
1600000 785.8
1605000 0.0
1610000 0.0
1615000 200.0
1620000 100.0
1625000 0.4
1630000 100.0
1635000 0.5
1640000 0.4
1645000 490.4
1650000 480.0
1655000 94.9
1660000 196.5
1665000 103.4
1670000 293.4
1675000 404.7
1680000 398.6
1685000 194.3
1690000 388.9
1695000 480.1
1700000 853.2
1705000 496.8
1710000 296.7
1715000 591.7
1720000 583.0
1725000 392.9
1730000 195.8
1735000 374.9
1740000 194.0
1745000 665.1
1750000 364.5
1755000 479.7
1760000 389.9
1765000 490.6
1770000 777.5
1775000 590.2
1780000 770.9
1785000 675.4
1790000 682.1
1795000 765.9
1800000 388.5
1805000 0.0
1810000 0.0
1815000 100.0
1820000 196.8
1825000 292.3
1830000 0.0
1835000 468.0
1840000 94.1
1845000 200.9
1850000 533.8
1855000 214.4
1860000 345.0
1865000 293.5
1870000 405.9
1875000 484.7
1880000 437.1
1885000 194.8
1890000 164.8
1895000 292.6
1900000 392.7
1905000 193.7
1910000 388.1
1915000 485.8
1920000 188.8
1925000 594.2
1930000 458.4
1935000 581.3
1940000 383.5
1945000 394.8
1950000 483.3
1955000 688.5
1960000 479.4
1965000 493.3
1970000 298.8
1975000 589.1
1980000 630.1
1985000 378.7
1990000 877.6
1995000 476.3
2000000 571.7
