5000 100.0
10000 0.0
15000 0.0
20000 0.0
25000 100.0
30000 0.0
35000 2.0
40000 130.1
45000 191.7
50000 0.6
55000 178.7
60000 103.7
65000 0.2
70000 6.6
75000 200.0
80000 185.4
85000 23.3
90000 103.0
95000 0.0
100000 0.0
105000 0.6
110000 194.9
115000 6.2
120000 0.0
125000 31.6
130000 122.6
135000 0.7
140000 183.3
145000 132.8
150000 106.7
155000 89.2
160000 98.9
165000 84.6
170000 222.9
175000 84.3
180000 99.7
185000 127.5
190000 0.0
195000 186.1
200000 196.7
205000 100.0
210000 0.0
215000 0.2
220000 103.7
225000 101.4
230000 200.8
235000 195.7
240000 25.4
245000 40.7
250000 0.0
255000 3.1
260000 0.0
265000 107.7
270000 266.1
275000 224.4
280000 103.0
285000 177.7
290000 238.9
295000 150.2
300000 193.2
305000 96.6
310000 326.5
315000 292.9
320000 233.7
325000 362.3
330000 390.1
335000 0.0
340000 96.8
345000 0.0
350000 447.9
355000 196.4
360000 198.0
365000 491.1
370000 292.3
375000 169.3
380000 197.1
385000 285.3
390000 151.1
395000 197.8
400000 276.0
405000 100.0
410000 100.0
415000 98.9
420000 200.0
425000 99.7
430000 44.0
435000 249.8
440000 420.1
445000 391.2
450000 416.0
455000 154.8
460000 300.3
465000 297.3
470000 211.2
475000 489.9
480000 99.0
485000 376.6
490000 198.3
495000 394.6
500000 374.6
505000 281.6
510000 193.9
515000 293.7
520000 196.2
525000 494.2
530000 306.6
535000 390.6
540000 586.2
545000 580.0
550000 513.0
555000 284.9
560000 222.7
565000 577.9
570000 494.3
575000 478.3
580000 391.4
585000 487.8
590000 379.7
595000 297.3
600000 668.5
605000 100.0
610000 100.0
615000 100.0
620000 94.0
625000 132.5
630000 84.9
635000 132.4
640000 29.6
645000 365.8
650000 374.1
655000 331.6
660000 392.1
665000 264.5
670000 427.0
675000 100.0
680000 279.4
685000 291.7
690000 195.8
695000 379.4
700000 766.8
705000 485.0
710000 192.4
715000 182.6
720000 594.2
725000 388.3
730000 287.5
735000 587.7
740000 382.2
745000 390.6
750000 192.8
755000 233.2
760000 380.8
765000 397.6
770000 272.3
775000 378.0
780000 684.4
785000 581.4
790000 476.6
795000 461.6
800000 386.5
805000 100.0
810000 100.0
815000 198.2
820000 0.0
825000 279.0
830000 204.1
835000 95.8
840000 122.9
845000 144.6
850000 33.9
855000 207.4
860000 99.3
865000 500.1
870000 219.9
875000 388.2
880000 395.5
885000 194.4
890000 18.7
895000 291.1
900000 291.1
905000 486.5
910000 384.7
915000 665.5
920000 295.9
925000 485.1
930000 294.8
935000 578.6
940000 688.2
945000 197.6
950000 580.2
955000 462.0
960000 681.2
965000 297.5
970000 292.5
975000 488.5
980000 294.8
985000 388.0
990000 287.0
995000 394.5
1000000 489.9
1005000 100.0
1010000 0.0
1015000 137.9
1020000 207.1
1025000 4.6
1030000 198.6
1035000 97.2
1040000 41.8
1045000 192.9
1050000 147.7
1055000 278.9
1060000 198.6
1065000 302.5
1070000 199.1
1075000 162.4
1080000 187.4
1085000 558.7
1090000 389.5
1095000 330.4
1100000 574.5
1105000 298.4
1110000 194.8
1115000 676.9
1120000 272.4
1125000 198.7
1130000 583.6
1135000 293.6
1140000 495.0
1145000 475.9
1150000 391.5
1155000 480.4
1160000 648.7
1165000 388.9
1170000 593.7
1175000 391.7
1180000 684.7
1185000 682.7
1190000 778.5
1195000 476.7
1200000 564.9
1205000 0.0
1210000 200.0
1215000 0.0
1220000 300.0
1225000 97.3
1230000 290.9
1235000 4.2
1240000 71.8
1245000 0.6
1250000 0.6
1255000 385.9
1260000 296.3
1265000 271.1
1270000 195.8
1275000 387.2
1280000 222.6
1285000 280.0
1290000 492.6
1295000 275.5
1300000 199.5
1305000 293.8
1310000 199.5
1315000 586.9
1320000 258.2
1325000 391.6
1330000 291.0
1335000 586.0
1340000 276.0
1345000 586.6
1350000 393.0
1355000 773.9
1360000 292.3
1365000 100.2
1370000 766.1
1375000 380.9
1380000 592.1
1385000 406.4
1390000 97.3
1395000 391.9
1400000 377.8
1405000 0.0
1410000 0.0
1415000 103.2
1420000 1.3
1425000 8.7
1430000 32.3
1435000 98.6
1440000 131.3
1445000 377.9
1450000 265.6
1455000 297.6
1460000 167.0
1465000 294.4
1470000 149.7
1475000 387.7
1480000 125.8
1485000 596.7
1490000 398.6
1495000 369.0
1500000 302.1
1505000 457.7
1510000 392.3
1515000 295.9
1520000 394.0
1525000 406.0
1530000 295.5
1535000 393.3
1540000 476.9
1545000 572.0
1550000 484.0
1555000 470.1
1560000 489.3
1565000 488.0
1570000 380.7
1575000 395.1
1580000 131.9
1585000 586.8
1590000 296.6
1595000 484.5
1600000 296.2
1605000 100.0
1610000 100.0
1615000 0.0
1620000 100.0
1625000 201.2
1630000 195.4
1635000 0.0
1640000 192.0
1645000 0.0
1650000 97.9
1655000 264.6
1660000 462.8
1665000 275.7
1670000 292.1
1675000 389.2
1680000 288.7
1685000 575.7
1690000 187.2
1695000 681.1
1700000 385.9
1705000 198.9
1710000 94.9
1715000 227.4
1720000 280.9
1725000 372.3
1730000 188.1
1735000 393.5
1740000 571.4
1745000 195.7
1750000 493.5
1755000 490.1
1760000 392.8
1765000 582.8
1770000 491.0
1775000 194.8
1780000 194.6
1785000 583.8
1790000 394.8
1795000 387.9
1800000 302.4
1805000 100.0
1810000 100.0
1815000 80.0
1820000 162.7
1825000 0.4
1830000 363.8
1835000 169.7
1840000 291.5
1845000 316.8
1850000 274.2
1855000 302.2
1860000 679.2
1865000 415.6
1870000 335.4
1875000 584.9
1880000 447.2
1885000 294.9
1890000 395.4
1895000 494.9
1900000 491.5
1905000 682.5
1910000 383.4
1915000 374.2
1920000 287.7
1925000 292.8
1930000 291.1
1935000 296.8
1940000 317.3
1945000 197.2
1950000 590.1
1955000 467.5
1960000 582.7
1965000 774.6
1970000 472.7
1975000 587.9
1980000 388.9
1985000 395.7
1990000 636.8
1995000 585.1
2000000 293.6
