5000 0.0
10000 100.0
15000 100.0
20000 0.0
25000 5.1
30000 90.1
35000 2.6
40000 288.3
45000 101.2
50000 108.8
55000 101.2
60000 199.4
65000 1.2
70000 10.5
75000 176.5
80000 295.9
85000 36.0
90000 232.7
95000 97.7
100000 180.8
105000 74.1
110000 94.5
115000 388.0
120000 182.1
125000 286.1
130000 200.0
135000 194.1
140000 181.2
145000 105.7
150000 417.8
155000 293.1
160000 219.9
165000 327.7
170000 87.3
175000 296.5
180000 295.2
185000 113.8
190000 232.2
195000 361.2
200000 314.9
205000 97.2
210000 100.0
215000 100.0
220000 98.1
225000 249.4
230000 106.6
235000 163.3
240000 150.3
245000 227.0
250000 424.6
255000 295.2
260000 96.3
265000 295.3
270000 96.3
275000 1.1
280000 138.1
285000 289.7
290000 292.1
295000 261.5
300000 247.1
305000 195.7
310000 292.2
315000 169.3
320000 356.4
325000 393.4
330000 483.5
335000 292.1
340000 294.1
345000 493.1
350000 94.1
355000 197.0
360000 292.6
365000 387.2
370000 0.0
375000 590.1
380000 197.9
385000 194.7
390000 536.2
395000 319.9
400000 686.9
405000 200.0
410000 100.0
415000 200.0
420000 219.4
425000 114.1
430000 185.5
435000 46.9
440000 8.3
445000 358.4
450000 99.6
455000 280.1
460000 343.5
465000 332.3
470000 157.5
475000 368.8
480000 156.1
485000 0.0
490000 286.7
495000 430.9
500000 396.7
505000 488.1
510000 470.0
515000 488.6
520000 481.3
525000 593.3
530000 410.3
535000 390.7
540000 774.5
545000 719.7
550000 294.8
555000 188.4
560000 391.2
565000 364.1
570000 564.8
575000 208.6
580000 300.2
585000 492.5
590000 583.5
595000 491.3
600000 487.8
605000 0.0
610000 0.1
615000 215.8
620000 93.5
625000 88.2
630000 10.3
635000 84.0
640000 0.8
645000 131.3
650000 342.9
655000 44.1
660000 357.2
665000 320.1
670000 502.9
675000 294.2
680000 385.1
685000 464.2
690000 197.3
695000 277.9
700000 485.3
705000 191.9
710000 393.8
715000 381.3
720000 293.0
725000 364.6
730000 479.7
735000 493.2
740000 484.4
745000 590.3
750000 385.2
755000 587.3
760000 471.7
765000 389.1
770000 488.3
775000 582.0
780000 877.8
785000 872.5
790000 591.0
795000 587.7
800000 292.8
805000 300.0
810000 0.0
815000 0.4
820000 196.5
825000 366.9
830000 31.8
835000 192.7
840000 294.2
845000 194.9
850000 197.0
855000 335.7
860000 290.8
865000 391.8
870000 384.0
875000 381.3
880000 603.3
885000 99.0
890000 294.8
895000 555.6
900000 95.9
905000 255.8
910000 455.8
915000 586.2
920000 422.3
925000 685.8
930000 382.4
935000 389.8
940000 281.3
945000 580.4
950000 297.6
955000 100.0
960000 244.5
965000 194.9
970000 381.0
975000 578.2
980000 193.2
985000 392.3
990000 687.9
995000 491.5
1000000 382.7
1005000 4.1
1010000 0.0
1015000 202.1
1020000 300.0
1025000 196.4
1030000 240.4
1035000 16.4
1040000 416.6
1045000 135.7
1050000 100.2
1055000 161.9
1060000 569.0
1065000 378.5
1070000 195.5
1075000 454.3
1080000 473.9
1085000 423.1
1090000 821.3
1095000 619.6
1100000 332.6
1105000 789.4
1110000 292.4
1115000 473.2
1120000 591.8
1125000 670.0
1130000 530.8
1135000 670.8
1140000 576.8
1145000 594.5
1150000 778.8
1155000 591.2
1160000 250.6
1165000 394.9
1170000 388.0
1175000 779.8
1180000 479.6
1185000 382.1
1190000 765.1
1195000 477.2
1200000 660.6
1205000 0.0
1210000 200.0
1215000 0.0
1220000 207.7
1225000 0.0
1230000 146.0
1235000 236.6
1240000 36.3
1245000 84.1
1250000 307.5
1255000 306.9
1260000 324.9
1265000 295.4
1270000 375.6
1275000 364.1
1280000 400.6
1285000 296.9
1290000 491.7
1295000 294.4
1300000 295.7
1305000 488.6
1310000 593.1
1315000 584.1
1320000 681.9
1325000 392.7
1330000 593.2
1335000 286.2
1340000 462.8
1345000 385.8
1350000 685.5
1355000 494.6
1360000 479.5
1365000 669.4
1370000 584.4
1375000 522.8
1380000 489.0
1385000 669.4
1390000 480.8
1395000 478.9
1400000 395.8
1405000 0.0
1410000 100.0
1415000 200.0
1420000 0.0
1425000 100.5
1430000 95.2
1435000 3.2
1440000 132.1
1445000 9.3
1450000 125.6
1455000 378.9
1460000 194.5
1465000 277.6
1470000 408.6
1475000 475.5
1480000 584.6
1485000 477.8
1490000 184.4
1495000 581.0
1500000 177.1
1505000 474.7
1510000 293.9
1515000 419.5
1520000 292.9
1525000 565.5
1530000 667.7
1535000 352.2
1540000 297.4
1545000 574.7
1550000 771.0
1555000 390.7
1560000 549.6
1565000 475.0
1570000 384.9
1575000 387.6
1580000 682.4
1585000 786.3
1590000 392.9
1595000 486.9
1600000 676.0
1605000 100.0
1610000 100.0
1615000 43.6
1620000 3.7
1625000 256.2
1630000 294.5
1635000 213.8
1640000 187.7
1645000 188.0
1650000 272.5
1655000 197.1
1660000 267.1
1665000 357.1
1670000 305.5
1675000 278.5
1680000 191.0
1685000 52.8
1690000 486.6
1695000 380.6
1700000 462.1
1705000 469.6
1710000 556.1
1715000 573.4
1720000 484.1
1725000 482.9
1730000 488.7
1735000 375.1
1740000 485.5
1745000 660.4
1750000 374.2
1755000 767.2
1760000 557.5
1765000 699.8
1770000 578.7
1775000 685.0
1780000 658.2
1785000 557.4
1790000 757.9
1795000 773.6
1800000 646.2
1805000 300.0
1810000 200.0
1815000 3.5
1820000 1.8
1825000 199.1
1830000 205.7
1835000 152.1
1840000 11.9
1845000 146.6
1850000 105.9
1855000 96.4
1860000 177.9
1865000 379.1
1870000 354.4
1875000 476.5
1880000 123.3
1885000 361.7
1890000 475.9
1895000 295.2
1900000 534.9
1905000 289.5
1910000 351.2
1915000 551.3
1920000 671.0
1925000 675.0
1930000 92.1
1935000 255.9
1940000 191.5
1945000 575.3
1950000 563.2
1955000 544.9
1960000 621.1
1965000 858.6
1970000 578.5
1975000 476.1
1980000 776.4
1985000 392.1
1990000 396.8
1995000 681.9
2000000 582.3
