5000 0.0
10000 0.0
15000 100.0
20000 0.0
25000 100.0
30000 0.0
35000 0.8
40000 0.0
45000 99.9
50000 0.0
55000 0.8
60000 92.4
65000 8.1
70000 1.4
75000 1.2
80000 189.7
85000 110.0
90000 148.5
95000 196.0
100000 5.3
105000 97.2
110000 100.0
115000 168.8
120000 3.8
125000 101.1
130000 100.0
135000 198.7
140000 297.0
145000 220.3
150000 308.6
155000 391.1
160000 105.4
165000 254.4
170000 321.3
175000 295.1
180000 298.1
185000 162.7
190000 391.4
195000 286.9
200000 567.9
205000 0.0
210000 100.0
215000 0.0
220000 89.1
225000 93.2
230000 168.4
235000 180.6
240000 87.2
245000 295.7
250000 136.0
255000 255.4
260000 220.4
265000 189.4
270000 99.1
275000 196.1
280000 136.2
285000 290.8
290000 379.5
295000 103.8
300000 270.7
305000 0.0
310000 293.9
315000 235.3
320000 374.3
325000 292.9
330000 396.2
335000 293.2
340000 575.5
345000 269.9
350000 391.7
355000 388.0
360000 487.7
365000 94.6
370000 285.6
375000 595.3
380000 581.6
385000 583.5
390000 383.2
395000 193.3
400000 259.4
405000 0.0
410000 100.0
415000 200.0
420000 98.9
425000 367.5
430000 97.9
435000 340.1
440000 146.3
445000 304.8
450000 205.2
455000 200.0
460000 295.3
465000 198.9
470000 580.7
475000 0.0
480000 262.9
485000 490.1
490000 487.4
495000 99.3
500000 110.5
505000 379.8
510000 395.8
515000 293.3
520000 304.3
525000 253.8
530000 97.1
535000 364.8
540000 577.9
545000 99.3
550000 392.5
555000 558.3
560000 275.9
565000 588.6
570000 382.6
575000 476.0
580000 491.6
585000 689.6
590000 392.6
595000 482.8
600000 194.4
605000 102.5
610000 100.0
615000 200.8
620000 0.0
625000 184.2
630000 571.0
635000 252.6
640000 395.9
645000 171.5
650000 355.6
655000 290.8
660000 298.7
665000 291.6
670000 286.2
675000 389.2
680000 394.5
685000 391.6
690000 163.4
695000 421.9
700000 90.5
705000 399.3
710000 291.3
715000 298.1
720000 755.0
725000 102.7
730000 201.1
735000 380.4
740000 582.5
745000 586.0
750000 194.4
755000 855.5
760000 581.3
765000 392.3
770000 393.9
775000 704.9
780000 370.4
785000 494.2
790000 393.9
795000 786.7
800000 295.9
805000 100.0
810000 100.0
815000 0.0
820000 5.2
825000 283.0
830000 374.9
835000 306.6
840000 298.3
845000 141.0
850000 530.0
855000 194.7
860000 96.3
865000 577.5
870000 384.3
875000 194.2
880000 295.2
885000 564.4
890000 567.0
895000 495.7
900000 193.7
905000 486.5
910000 289.7
915000 572.8
920000 386.4
925000 192.2
930000 572.9
935000 684.3
940000 483.8
945000 297.8
950000 585.4
955000 484.5
960000 577.3
965000 385.7
970000 685.0
975000 471.0
980000 491.6
985000 490.4
990000 585.5
995000 590.9
1000000 860.2
1005000 0.0
1010000 100.0
1015000 100.0
1020000 445.2
1025000 394.9
1030000 281.9
1035000 488.8
1040000 448.1
1045000 284.7
1050000 298.4
1055000 391.4
1060000 216.1
1065000 190.3
1070000 297.7
1075000 195.9
1080000 780.1
1085000 383.5
1090000 395.4
1095000 296.6
1100000 391.7
1105000 100.8
1110000 430.0
1115000 295.3
1120000 192.5
1125000 788.6
1130000 393.6
1135000 491.8
1140000 387.1
1145000 490.7
1150000 392.9
1155000 679.3
1160000 196.5
1165000 493.2
1170000 674.3
1175000 591.6
1180000 578.8
1185000 682.0
1190000 295.5
1195000 291.4
1200000 382.5
1205000 0.0
1210000 0.0
1215000 100.0
1220000 0.0
1225000 188.4
1230000 95.6
1235000 474.7
1240000 102.0
1245000 200.0
1250000 194.6
1255000 478.6
1260000 578.0
1265000 390.8
1270000 493.6
1275000 390.2
1280000 100.0
1285000 100.0
1290000 193.9
1295000 291.8
1300000 390.7
1305000 679.6
1310000 198.4
1315000 288.2
1320000 291.9
1325000 389.7
1330000 493.2
1335000 478.6
1340000 668.5
1345000 385.9
1350000 481.8
1355000 295.4
1360000 491.2
1365000 179.3
1370000 384.0
1375000 682.3
1380000 484.1
1385000 285.0
1390000 776.4
1395000 587.0
1400000 390.5
1405000 0.0
1410000 100.0
1415000 0.0
1420000 100.0
1425000 190.8
1430000 253.3
1435000 36.9
1440000 188.3
1445000 288.9
1450000 371.7
1455000 316.4
1460000 124.2
1465000 96.1
1470000 478.5
1475000 183.1
1480000 566.9
1485000 286.9
1490000 481.6
1495000 385.9
1500000 485.1
1505000 203.2
1510000 389.1
1515000 275.5
1520000 294.9
1525000 96.4
1530000 574.8
1535000 388.5
1540000 491.6
1545000 195.2
1550000 585.6
1555000 390.9
1560000 182.3
1565000 482.8
1570000 575.6
1575000 687.8
1580000 494.3
1585000 391.7
1590000 388.3
1595000 690.8
1600000 296.4
1605000 100.0
1610000 100.0
1615000 100.0
1620000 198.9
1625000 94.7
1630000 293.0
1635000 123.0
1640000 276.4
1645000 97.1
1650000 295.5
1655000 99.0
1660000 100.0
1665000 374.6
1670000 193.1
1675000 132.7
1680000 306.3
1685000 576.5
1690000 197.4
1695000 581.0
1700000 391.4
1705000 554.8
1710000 360.3
1715000 296.7
1720000 365.1
1725000 296.0
1730000 384.1
1735000 197.6
1740000 393.7
1745000 485.8
1750000 551.5
1755000 471.4
1760000 484.1
1765000 97.9
1770000 572.7
1775000 488.6
1780000 473.6
1785000 781.5
1790000 575.7
1795000 687.0
1800000 672.5
1805000 100.0
1810000 100.0
1815000 0.0
1820000 195.5
1825000 99.3
1830000 180.2
1835000 109.7
1840000 92.6
1845000 119.4
1850000 519.5
1855000 374.5
1860000 212.4
1865000 199.8
1870000 296.1
1875000 149.2
1880000 116.9
1885000 415.7
1890000 100.0
1895000 671.9
1900000 779.1
1905000 284.1
1910000 391.6
1915000 97.5
1920000 190.9
1925000 208.3
1930000 487.4
1935000 195.3
1940000 373.7
1945000 390.9
1950000 202.5
1955000 390.6
1960000 385.4
1965000 391.3
1970000 750.6
1975000 585.5
1980000 620.3
1985000 781.7
1990000 237.2
1995000 478.4
2000000 492.7
