5000 0.0
10000 0.0
15000 100.0
20000 100.0
25000 94.1
30000 100.0
35000 102.9
40000 5.1
45000 115.1
50000 113.9
55000 0.6
60000 418.8
65000 117.5
70000 100.0
75000 100.0
80000 183.0
85000 4.1
90000 295.3
95000 294.0
100000 0.0
105000 447.4
110000 299.8
115000 1.4
120000 98.9
125000 102.5
130000 201.3
135000 1.8
140000 377.3
145000 92.6
150000 289.7
155000 288.5
160000 197.8
165000 198.9
170000 391.0
175000 0.0
180000 481.9
185000 684.3
190000 297.7
195000 266.8
200000 294.6
205000 100.0
210000 100.0
215000 98.0
220000 100.7
225000 96.3
230000 108.6
235000 196.0
240000 383.2
245000 99.0
250000 100.0
255000 93.7
260000 373.2
265000 382.3
270000 95.1
275000 252.9
280000 377.2
285000 207.6
290000 109.3
295000 578.7
300000 385.3
305000 482.2
310000 263.4
315000 488.5
320000 392.6
325000 292.6
330000 578.1
335000 580.2
340000 295.0
345000 597.0
350000 483.0
355000 295.8
360000 581.9
365000 284.4
370000 193.3
375000 200.2
380000 289.6
385000 199.2
390000 196.2
395000 493.2
400000 486.8
405000 100.0
410000 100.0
415000 100.0
420000 76.7
425000 96.9
430000 97.2
435000 397.6
440000 0.0
445000 90.3
450000 193.1
455000 408.5
460000 212.1
465000 193.1
470000 392.2
475000 489.1
480000 287.1
485000 389.9
490000 488.5
495000 491.2
500000 387.6
505000 389.2
510000 286.4
515000 291.8
520000 195.6
525000 91.4
530000 469.4
535000 379.2
540000 385.8
545000 684.2
550000 292.9
555000 557.7
560000 657.5
565000 512.4
570000 569.5
575000 293.0
580000 652.8
585000 678.7
590000 586.2
595000 476.9
600000 869.8
605000 100.0
610000 100.0
615000 1.9
620000 2.0
625000 100.8
630000 99.7
635000 296.5
640000 0.0
645000 193.1
650000 389.7
655000 197.9
660000 92.1
665000 572.2
670000 196.6
675000 372.4
680000 291.7
685000 377.1
690000 279.8
695000 457.0
700000 398.6
705000 322.2
710000 363.1
715000 383.9
720000 489.6
725000 761.4
730000 458.9
735000 674.5
740000 477.2
745000 687.1
750000 385.0
755000 578.4
760000 362.7
765000 292.1
770000 377.0
775000 303.0
780000 389.4
785000 758.4
790000 587.5
795000 487.8
800000 572.3
805000 106.7
810000 299.4
815000 100.0
820000 100.0
825000 100.0
830000 2.8
835000 97.3
840000 185.2
845000 194.1
850000 292.6
855000 469.0
860000 258.2
865000 296.4
870000 240.1
875000 198.2
880000 189.9
885000 197.9
890000 589.1
895000 854.5
900000 663.2
905000 444.4
910000 294.7
915000 433.8
920000 656.6
925000 575.2
930000 465.9
935000 387.0
940000 470.4
945000 585.5
950000 471.9
955000 354.9
960000 380.9
965000 498.6
970000 486.3
975000 583.7
980000 585.2
985000 591.7
990000 395.9
995000 290.6
1000000 521.0
1005000 100.0
1010000 0.0
1015000 0.0
1020000 91.3
1025000 274.8
1030000 85.8
1035000 199.0
1040000 112.8
1045000 207.3
1050000 198.6
1055000 491.1
1060000 496.4
1065000 200.0
1070000 389.6
1075000 200.0
1080000 194.2
1085000 193.5
1090000 392.1
1095000 375.0
1100000 472.1
1105000 558.2
1110000 685.1
1115000 195.8
1120000 396.6
1125000 385.9
1130000 677.8
1135000 200.0
1140000 297.9
1145000 681.5
1150000 566.9
1155000 576.2
1160000 581.1
1165000 491.3
1170000 184.4
1175000 287.6
1180000 292.1
1185000 378.4
1190000 780.5
1195000 334.9
1200000 668.5
1205000 0.0
1210000 3.8
1215000 0.0
1220000 21.1
1225000 109.5
1230000 59.2
1235000 99.5
1240000 10.8
1245000 101.3
1250000 82.3
1255000 441.2
1260000 388.2
1265000 347.8
1270000 100.5
1275000 129.7
1280000 481.5
1285000 168.3
1290000 302.6
1295000 304.6
1300000 475.4
1305000 467.3
1310000 476.7
1315000 566.0
1320000 486.3
1325000 577.2
1330000 467.7
1335000 375.9
1340000 486.0
1345000 395.4
1350000 489.3
1355000 488.8
1360000 588.9
1365000 566.0
1370000 861.2
1375000 657.4
1380000 571.1
1385000 683.6
1390000 385.5
1395000 417.1
1400000 580.1
1405000 1.5
1410000 100.0
1415000 0.0
1420000 105.6
1425000 291.8
1430000 296.7
1435000 393.3
1440000 294.3
1445000 11.9
1450000 163.6
1455000 493.5
1460000 196.4
1465000 385.5
1470000 297.8
1475000 488.1
1480000 195.4
1485000 493.3
1490000 297.5
1495000 477.1
1500000 479.4
1505000 398.0
1510000 270.2
1515000 687.7
1520000 585.9
1525000 385.0
1530000 625.4
1535000 769.4
1540000 666.5
1545000 483.8
1550000 576.4
1555000 747.3
1560000 293.9
1565000 484.5
1570000 481.4
1575000 673.1
1580000 588.0
1585000 590.9
1590000 491.3
1595000 396.1
1600000 625.9
1605000 198.0
1610000 200.0
1615000 300.0
1620000 2.4
1625000 0.0
1630000 359.1
1635000 7.1
1640000 114.6
1645000 96.0
1650000 134.2
1655000 102.8
1660000 336.8
1665000 181.6
1670000 0.3
1675000 469.0
1680000 580.9
1685000 100.8
1690000 0.1
1695000 297.0
1700000 296.8
1705000 378.8
1710000 545.7
1715000 287.7
1720000 0.0
1725000 568.1
1730000 776.8
1735000 754.8
1740000 402.1
1745000 590.6
1750000 583.0
1755000 665.7
1760000 484.1
1765000 667.0
1770000 587.0
1775000 683.7
1780000 958.3
1785000 567.4
1790000 388.0
1795000 751.7
1800000 669.2
1805000 0.0
1810000 100.0
1815000 0.8
1820000 0.0
1825000 92.5
1830000 212.1
1835000 116.0
1840000 89.3
1845000 104.8
1850000 394.6
1855000 196.6
1860000 346.1
1865000 563.5
1870000 390.1
1875000 266.8
1880000 489.1
1885000 390.6
1890000 564.5
1895000 665.1
1900000 405.9
1905000 479.2
1910000 384.7
1915000 545.2
1920000 489.0
1925000 478.5
1930000 552.4
1935000 569.3
1940000 472.2
1945000 829.0
1950000 482.5
1955000 579.7
1960000 567.9
1965000 557.5
1970000 585.2
1975000 392.8
1980000 704.3
1985000 384.5
1990000 453.1
1995000 667.0
2000000 391.9
