5000 33.5
10000 57.8
15000 0.3
20000 18.7
25000 20.9
30000 32.4
35000 91.5
40000 72.7
45000 81.6
50000 63.3
55000 123.1
60000 249.0
65000 136.8
70000 283.9
75000 260.5
80000 244.8
85000 249.7
90000 372.7
95000 365.7
100000 380.0
105000 429.0
110000 227.2
115000 419.8
120000 493.5
125000 516.1
130000 541.0
135000 560.9
140000 575.7
145000 523.7
150000 550.6
155000 524.3
160000 546.8
165000 604.2
170000 592.2
175000 595.9
180000 592.4
185000 607.5
190000 636.2
195000 619.9
200000 628.0
205000 0.1
210000 0.6
215000 32.0
220000 135.4
225000 110.0
230000 122.9
235000 62.7
240000 97.3
245000 136.1
250000 208.9
255000 143.8
260000 103.0
265000 128.3
270000 330.1
275000 481.7
280000 490.9
285000 563.9
290000 588.3
295000 601.8
300000 592.9
305000 594.7
310000 573.5
315000 587.4
320000 623.2
325000 620.7
330000 627.3
335000 645.9
340000 654.1
345000 663.7
350000 666.9
355000 663.8
360000 687.7
365000 679.9
370000 653.2
375000 689.7
380000 691.6
385000 662.2
390000 621.8
395000 701.5
400000 704.0
405000 0.8
410000 0.6
415000 14.0
420000 59.1
425000 73.3
430000 96.4
435000 106.4
440000 54.7
445000 90.1
450000 98.8
455000 38.7
460000 88.7
465000 294.0
470000 286.8
475000 538.6
480000 427.3
485000 641.9
490000 546.3
495000 634.0
500000 609.3
505000 650.0
510000 673.7
515000 664.8
520000 572.2
525000 630.1
530000 558.7
535000 668.7
540000 670.0
545000 578.3
550000 706.3
555000 711.3
560000 696.0
565000 712.2
570000 686.2
575000 706.9
580000 712.2
585000 714.6
590000 708.9
595000 712.0
600000 707.6
605000 0.4
610000 0.9
615000 3.2
620000 91.6
625000 71.4
630000 92.5
635000 68.0
640000 169.4
645000 130.8
650000 155.3
655000 75.5
660000 134.9
665000 278.5
670000 318.9
675000 243.6
680000 556.0
685000 559.9
690000 611.1
695000 680.3
700000 656.3
705000 610.7
710000 667.1
715000 713.8
720000 693.1
725000 717.0
730000 662.6
735000 683.0
740000 717.3
745000 699.9
750000 738.3
755000 739.1
760000 656.5
765000 696.1
770000 721.1
775000 736.9
780000 729.6
785000 694.2
790000 743.4
795000 730.4
800000 741.8
805000 1.1
810000 0.3
815000 2.6
820000 45.9
825000 64.1
830000 124.0
835000 82.9
840000 50.2
845000 89.5
850000 139.7
855000 87.2
860000 103.0
865000 124.0
870000 265.0
875000 613.3
880000 565.9
885000 683.6
890000 618.2
895000 708.3
900000 689.4
905000 706.5
910000 680.4
915000 700.6
920000 687.0
925000 726.8
930000 727.6
935000 732.9
940000 714.6
945000 718.6
950000 690.6
955000 714.9
960000 745.7
965000 732.7
970000 724.0
975000 738.6
980000 688.9
985000 711.2
990000 730.3
995000 744.1
1000000 756.3
1005000 0.1
1010000 0.1
1015000 6.6
1020000 72.1
1025000 75.1
1030000 100.3
1035000 103.9
1040000 119.1
1045000 75.1
1050000 189.3
1055000 145.1
1060000 144.5
1065000 212.9
1070000 462.2
1075000 573.5
1080000 636.3
1085000 653.1
1090000 639.4
1095000 686.1
1100000 678.4
1105000 700.1
1110000 739.9
1115000 729.9
1120000 762.5
1125000 756.6
1130000 741.4
1135000 740.8
1140000 696.0
1145000 727.3
1150000 757.7
1155000 759.3
1160000 741.5
1165000 781.9
1170000 744.9
1175000 768.7
1180000 760.6
1185000 764.0
1190000 759.9
1195000 630.0
1200000 777.9
1205000 0.5
1210000 0.3
1215000 8.4
1220000 59.4
1225000 111.3
1230000 161.5
1235000 51.8
1240000 86.0
1245000 83.2
1250000 31.4
1255000 98.8
1260000 168.0
1265000 155.1
1270000 454.1
1275000 483.2
1280000 653.8
1285000 637.8
1290000 652.1
1295000 680.2
1300000 700.6
1305000 688.5
1310000 681.2
1315000 581.6
1320000 739.3
1325000 739.6
1330000 708.6
1335000 693.2
1340000 738.4
1345000 768.6
1350000 738.0
1355000 756.7
1360000 729.5
1365000 644.6
1370000 718.6
1375000 771.0
1380000 737.6
1385000 762.4
1390000 755.4
1395000 772.5
1400000 781.9
1405000 0.7
1410000 0.7
1415000 12.2
1420000 65.1
1425000 88.2
1430000 130.3
1435000 97.0
1440000 196.7
1445000 151.2
1450000 152.8
1455000 167.9
1460000 164.9
1465000 218.5
1470000 175.4
1475000 523.1
1480000 606.9
1485000 482.4
1490000 637.0
1495000 628.8
1500000 712.9
1505000 648.7
1510000 716.5
1515000 713.7
1520000 739.6
1525000 727.5
1530000 718.6
1535000 735.0
1540000 723.9
1545000 762.9
1550000 751.4
1555000 747.0
1560000 765.9
1565000 687.2
1570000 751.6
1575000 790.9
1580000 775.4
1585000 772.9
1590000 781.7
1595000 791.0
1600000 754.4
1605000 0.3
1610000 0.4
1615000 1.6
1620000 13.8
1625000 126.3
1630000 157.0
1635000 123.8
1640000 100.8
1645000 96.8
1650000 91.0
1655000 95.6
1660000 128.0
1665000 173.4
1670000 292.5
1675000 213.0
1680000 624.5
1685000 609.7
1690000 688.5
1695000 652.5
1700000 715.2
1705000 717.0
1710000 701.0
1715000 698.1
1720000 696.5
1725000 652.0
1730000 730.7
1735000 771.9
1740000 742.1
1745000 721.3
1750000 783.5
1755000 765.3
1760000 779.3
1765000 732.4
1770000 782.7
1775000 776.7
1780000 791.2
1785000 789.4
1790000 779.4
1795000 766.7
1800000 790.6
1805000 0.8
1810000 0.6
1815000 10.1
1820000 11.9
1825000 92.5
1830000 93.8
1835000 82.1
1840000 42.5
1845000 74.2
1850000 185.7
1855000 131.7
1860000 92.0
1865000 197.5
1870000 207.1
1875000 365.1
1880000 593.8
1885000 593.2
1890000 671.0
1895000 695.0
1900000 729.5
1905000 740.4
1910000 747.4
1915000 662.0
1920000 762.8
1925000 718.4
1930000 727.8
1935000 744.1
1940000 740.7
1945000 756.2
1950000 767.1
1955000 762.4
1960000 764.0
1965000 751.5
1970000 760.6
1975000 793.7
1980000 790.5
1985000 765.6
1990000 748.8
1995000 794.8
2000000 758.0
