5000 16.0
10000 14.1
15000 0.2
20000 24.8
25000 19.8
30000 48.5
35000 34.6
40000 41.2
45000 46.1
50000 95.3
55000 182.0
60000 86.7
65000 82.6
70000 180.9
75000 112.5
80000 140.5
85000 167.5
90000 204.7
95000 269.9
100000 275.2
105000 190.9
110000 244.9
115000 144.2
120000 384.9
125000 410.0
130000 393.2
135000 435.3
140000 117.9
145000 505.7
150000 488.7
155000 446.1
160000 516.7
165000 573.6
170000 579.8
175000 600.3
180000 630.7
185000 634.2
190000 637.8
195000 635.9
200000 656.7
205000 0.2
210000 0.5
215000 7.4
220000 59.8
225000 106.3
230000 150.8
235000 162.9
240000 122.6
245000 54.9
250000 117.5
255000 86.5
260000 210.1
265000 200.0
270000 169.8
275000 248.5
280000 363.0
285000 550.1
290000 611.9
295000 608.1
300000 691.1
305000 676.5
310000 695.1
315000 726.8
320000 693.0
325000 718.7
330000 715.5
335000 716.5
340000 722.7
345000 716.2
350000 710.8
355000 684.1
360000 752.2
365000 709.8
370000 744.7
375000 732.8
380000 708.4
385000 734.7
390000 758.1
395000 749.9
400000 742.3
405000 0.2
410000 0.5
415000 5.9
420000 84.3
425000 99.7
430000 73.7
435000 100.2
440000 104.4
445000 116.7
450000 94.9
455000 83.2
460000 91.0
465000 224.5
470000 188.9
475000 413.7
480000 528.5
485000 611.7
490000 478.9
495000 651.6
500000 363.6
505000 695.7
510000 671.2
515000 730.2
520000 750.1
525000 730.8
530000 723.7
535000 761.5
540000 753.2
545000 737.7
550000 732.2
555000 750.4
560000 729.5
565000 742.5
570000 760.7
575000 738.4
580000 808.1
585000 772.9
590000 798.6
595000 775.6
600000 799.2
605000 0.2
610000 0.4
615000 15.2
620000 55.3
625000 84.9
630000 105.2
635000 45.7
640000 87.1
645000 89.1
650000 96.2
655000 57.4
660000 43.3
665000 155.8
670000 196.4
675000 198.8
680000 600.7
685000 666.4
690000 670.4
695000 645.2
700000 618.1
705000 734.4
710000 706.9
715000 551.3
720000 694.0
725000 751.8
730000 770.7
735000 786.3
740000 779.6
745000 762.9
750000 776.5
755000 772.3
760000 758.9
765000 758.2
770000 770.9
775000 789.8
780000 734.6
785000 794.1
790000 801.7
795000 786.3
800000 786.9
805000 0.4
810000 0.3
815000 1.6
820000 82.1
825000 126.3
830000 100.8
835000 89.8
840000 103.2
845000 41.8
850000 98.9
855000 169.4
860000 110.7
865000 112.1
870000 284.8
875000 317.2
880000 465.9
885000 589.5
890000 675.3
895000 705.8
900000 654.4
905000 702.7
910000 748.1
915000 762.3
920000 741.5
925000 704.4
930000 763.5
935000 754.2
940000 732.7
945000 753.8
950000 785.5
955000 765.5
960000 765.1
965000 750.5
970000 791.5
975000 790.4
980000 798.7
985000 775.0
990000 801.4
995000 764.1
1000000 792.6
1005000 0.6
1010000 0.6
1015000 14.9
1020000 112.1
1025000 99.3
1030000 112.6
1035000 106.5
1040000 134.0
1045000 76.2
1050000 111.3
1055000 34.5
1060000 142.0
1065000 232.2
1070000 334.3
1075000 591.4
1080000 664.0
1085000 711.4
1090000 646.3
1095000 758.6
1100000 766.9
1105000 637.9
1110000 758.8
1115000 765.6
1120000 717.4
1125000 783.1
1130000 777.1
1135000 776.8
1140000 792.3
1145000 759.1
1150000 669.6
1155000 790.2
1160000 780.1
1165000 769.4
1170000 792.8
1175000 758.4
1180000 797.7
1185000 812.4
1190000 807.1
1195000 782.0
1200000 773.7
1205000 0.5
1210000 0.5
1215000 49.6
1220000 55.7
1225000 135.5
1230000 106.3
1235000 66.3
1240000 72.4
1245000 87.4
1250000 38.4
1255000 73.5
1260000 234.3
1265000 272.6
1270000 205.2
1275000 321.0
1280000 568.3
1285000 670.7
1290000 573.3
1295000 750.3
1300000 746.0
1305000 743.3
1310000 785.8
1315000 711.5
1320000 795.7
1325000 762.6
1330000 739.5
1335000 758.2
1340000 774.0
1345000 753.6
1350000 764.4
1355000 758.2
1360000 775.4
1365000 803.8
1370000 804.5
1375000 809.8
1380000 766.0
1385000 778.2
1390000 796.0
1395000 797.6
1400000 813.6
1405000 1.6
1410000 0.7
1415000 2.9
1420000 98.4
1425000 130.8
1430000 129.1
1435000 73.0
1440000 85.9
1445000 34.0
1450000 74.9
1455000 133.6
1460000 56.1
1465000 55.8
1470000 258.4
1475000 456.4
1480000 500.6
1485000 668.1
1490000 664.7
1495000 726.4
1500000 619.6
1505000 683.7
1510000 714.6
1515000 762.6
1520000 703.0
1525000 737.2
1530000 787.3
1535000 743.4
1540000 773.6
1545000 786.2
1550000 804.9
1555000 770.7
1560000 818.3
1565000 803.2
1570000 774.5
1575000 793.0
1580000 810.3
1585000 798.4
1590000 830.1
1595000 821.2
1600000 815.2
1605000 0.8
1610000 0.3
1615000 25.0
1620000 121.6
1625000 138.9
1630000 119.4
1635000 110.7
1640000 167.1
1645000 123.9
1650000 140.6
1655000 126.7
1660000 97.6
1665000 305.7
1670000 314.3
1675000 406.1
1680000 545.7
1685000 516.2
1690000 671.7
1695000 702.2
1700000 689.0
1705000 740.2
1710000 741.8
1715000 750.4
1720000 754.0
1725000 791.2
1730000 542.5
1735000 760.5
1740000 806.4
1745000 725.9
1750000 803.4
1755000 776.6
1760000 780.9
1765000 692.6
1770000 788.9
1775000 813.1
1780000 824.7
1785000 779.9
1790000 810.6
1795000 743.3
1800000 818.5
1805000 0.8
1810000 0.5
1815000 48.6
1820000 78.6
1825000 92.3
1830000 82.9
1835000 159.4
1840000 102.4
1845000 72.8
1850000 63.6
1855000 77.1
1860000 213.4
1865000 210.3
1870000 252.6
1875000 307.9
1880000 413.7
1885000 571.1
1890000 653.2
1895000 660.9
1900000 647.7
1905000 724.5
1910000 793.0
1915000 748.1
1920000 764.1
1925000 765.6
1930000 725.1
1935000 772.1
1940000 779.2
1945000 764.7
1950000 716.1
1955000 796.2
1960000 794.7
1965000 583.1
1970000 797.6
1975000 810.5
1980000 808.4
1985000 770.2
1990000 819.3
1995000 831.3
2000000 638.5
