5000 19.9
10000 16.8
15000 0.3
20000 3.0
25000 22.0
30000 61.5
35000 52.9
40000 38.1
45000 132.8
50000 98.0
55000 66.7
60000 182.9
65000 182.9
70000 226.8
75000 237.8
80000 170.0
85000 277.2
90000 390.1
95000 363.5
100000 213.3
105000 414.5
110000 331.6
115000 377.8
120000 417.2
125000 481.5
130000 466.0
135000 249.8
140000 453.0
145000 197.3
150000 312.4
155000 253.0
160000 332.8
165000 484.3
170000 602.6
175000 565.8
180000 465.5
185000 635.8
190000 610.7
195000 426.2
200000 649.4
205000 0.3
210000 0.6
215000 3.0
220000 72.0
225000 73.0
230000 17.0
235000 36.5
240000 197.2
245000 95.6
250000 125.5
255000 158.3
260000 99.8
265000 33.0
270000 132.8
275000 270.3
280000 188.0
285000 601.5
290000 607.7
295000 661.7
300000 643.5
305000 637.6
310000 611.4
315000 648.4
320000 544.4
325000 664.1
330000 573.1
335000 694.0
340000 711.2
345000 661.2
350000 703.4
355000 699.6
360000 725.0
365000 742.5
370000 740.4
375000 722.8
380000 740.8
385000 515.2
390000 764.1
395000 759.4
400000 763.9
405000 0.6
410000 0.4
415000 21.9
420000 102.1
425000 117.6
430000 183.5
435000 72.9
440000 95.0
445000 165.3
450000 135.3
455000 154.8
460000 293.1
465000 191.0
470000 268.7
475000 228.7
480000 401.2
485000 276.1
490000 563.0
495000 626.1
500000 550.1
505000 451.0
510000 542.8
515000 585.4
520000 740.2
525000 635.0
530000 764.6
535000 699.0
540000 753.9
545000 767.3
550000 758.8
555000 784.2
560000 800.1
565000 792.7
570000 608.4
575000 766.4
580000 714.2
585000 819.9
590000 825.2
595000 823.1
600000 397.8
605000 0.2
610000 0.2
615000 9.4
620000 97.6
625000 136.8
630000 158.6
635000 152.7
640000 140.0
645000 189.6
650000 110.9
655000 133.5
660000 236.8
665000 227.8
670000 276.6
675000 168.7
680000 401.0
685000 552.9
690000 378.2
695000 535.0
700000 611.5
705000 667.7
710000 513.6
715000 737.7
720000 719.5
725000 677.7
730000 744.8
735000 771.7
740000 729.1
745000 807.6
750000 804.0
755000 805.9
760000 805.9
765000 805.5
770000 778.0
775000 798.2
780000 837.5
785000 769.3
790000 862.6
795000 770.3
800000 836.3
805000 0.2
810000 0.5
815000 14.2
820000 94.3
825000 169.0
830000 104.4
835000 129.4
840000 109.3
845000 187.2
850000 140.1
855000 216.9
860000 325.8
865000 286.9
870000 289.0
875000 253.8
880000 288.4
885000 541.7
890000 541.6
895000 468.7
900000 509.4
905000 700.2
910000 327.7
915000 712.7
920000 670.7
925000 443.7
930000 700.5
935000 794.5
940000 795.5
945000 715.6
950000 840.7
955000 833.0
960000 792.9
965000 834.4
970000 767.4
975000 848.7
980000 826.9
985000 867.5
990000 797.4
995000 757.2
1000000 770.8
1005000 0.4
1010000 0.6
1015000 63.0
1020000 115.7
1025000 167.0
1030000 137.0
1035000 143.8
1040000 72.6
1045000 50.0
1050000 86.8
1055000 88.8
1060000 92.8
1065000 231.7
1070000 278.3
1075000 341.3
1080000 262.6
1085000 623.4
1090000 655.8
1095000 631.2
1100000 638.3
1105000 690.3
1110000 487.3
1115000 799.8
1120000 676.8
1125000 709.1
1130000 788.5
1135000 774.0
1140000 848.6
1145000 759.0
1150000 858.0
1155000 854.7
1160000 842.5
1165000 849.3
1170000 833.5
1175000 849.2
1180000 807.7
1185000 873.9
1190000 848.8
1195000 789.5
1200000 836.6
1205000 0.5
1210000 0.4
1215000 3.5
1220000 120.5
1225000 123.6
1230000 60.2
1235000 71.6
1240000 117.5
1245000 85.8
1250000 95.4
1255000 228.9
1260000 326.5
1265000 305.8
1270000 394.0
1275000 344.3
1280000 241.2
1285000 321.8
1290000 379.5
1295000 631.4
1300000 403.3
1305000 719.3
1310000 598.8
1315000 713.8
1320000 760.4
1325000 750.8
1330000 780.1
1335000 814.8
1340000 816.4
1345000 811.6
1350000 831.0
1355000 812.6
1360000 797.2
1365000 757.5
1370000 870.1
1375000 808.5
1380000 722.7
1385000 874.3
1390000 872.2
1395000 872.0
1400000 754.6
1405000 0.2
1410000 0.3
1415000 1.9
1420000 69.9
1425000 131.3
1430000 158.0
1435000 215.7
1440000 113.5
1445000 219.5
1450000 129.7
1455000 178.7
1460000 152.4
1465000 116.7
1470000 150.4
1475000 297.2
1480000 281.7
1485000 272.1
1490000 522.2
1495000 584.5
1500000 473.1
1505000 658.5
1510000 728.7
1515000 765.1
1520000 709.7
1525000 705.7
1530000 746.2
1535000 813.5
1540000 775.0
1545000 837.0
1550000 865.5
1555000 819.3
1560000 816.3
1565000 759.2
1570000 839.2
1575000 865.7
1580000 862.5
1585000 869.8
1590000 861.9
1595000 871.2
1600000 767.5
1605000 0.2
1610000 0.3
1615000 1.1
1620000 109.6
1625000 101.1
1630000 55.1
1635000 78.8
1640000 171.5
1645000 144.1
1650000 160.5
1655000 42.9
1660000 200.7
1665000 188.0
1670000 48.6
1675000 98.3
1680000 479.6
1685000 541.3
1690000 202.6
1695000 503.4
1700000 560.9
1705000 650.1
1710000 590.3
1715000 773.2
1720000 733.9
1725000 830.7
1730000 833.8
1735000 834.6
1740000 863.7
1745000 865.4
1750000 861.9
1755000 867.4
1760000 851.6
1765000 865.8
1770000 865.1
1775000 872.3
1780000 878.7
1785000 789.1
1790000 828.6
1795000 868.1
1800000 870.0
1805000 0.8
1810000 2.0
1815000 4.1
1820000 37.8
1825000 166.9
1830000 65.8
1835000 103.7
1840000 112.0
1845000 135.2
1850000 162.8
1855000 110.5
1860000 241.5
1865000 272.9
1870000 436.3
1875000 373.7
1880000 406.4
1885000 232.9
1890000 677.4
1895000 702.7
1900000 609.7
1905000 786.6
1910000 696.1
1915000 844.5
1920000 853.2
1925000 799.6
1930000 874.2
1935000 710.3
1940000 707.3
1945000 811.0
1950000 838.8
1955000 841.8
1960000 831.5
1965000 860.1
1970000 855.6
1975000 846.8
1980000 848.0
1985000 846.8
1990000 868.0
1995000 869.8
2000000 819.0
