5000 8.1
10000 6.3
15000 0.3
20000 33.1
25000 32.6
30000 64.7
35000 67.0
40000 17.2
45000 90.7
50000 83.2
55000 91.5
60000 122.7
65000 282.2
70000 172.9
75000 166.6
80000 262.0
85000 92.8
90000 55.3
95000 313.5
100000 293.4
105000 417.1
110000 430.9
115000 425.4
120000 322.1
125000 500.8
130000 490.9
135000 542.1
140000 540.6
145000 530.0
150000 563.4
155000 503.1
160000 566.0
165000 490.5
170000 581.5
175000 604.2
180000 625.7
185000 636.6
190000 651.2
195000 667.3
200000 700.9
205000 0.2
210000 0.5
215000 9.1
220000 83.3
225000 138.7
230000 212.0
235000 163.6
240000 143.3
245000 199.1
250000 255.2
255000 257.0
260000 200.0
265000 416.0
270000 517.4
275000 576.0
280000 573.1
285000 644.3
290000 628.8
295000 666.8
300000 681.6
305000 703.6
310000 726.4
315000 691.0
320000 734.4
325000 684.2
330000 658.5
335000 587.4
340000 745.2
345000 707.5
350000 762.6
355000 759.7
360000 760.7
365000 778.0
370000 698.2
375000 744.8
380000 772.1
385000 746.4
390000 765.7
395000 764.0
400000 769.6
405000 0.1
410000 0.4
415000 0.5
420000 132.8
425000 111.3
430000 58.9
435000 91.3
440000 58.2
445000 105.4
450000 231.2
455000 183.1
460000 156.6
465000 228.2
470000 299.6
475000 399.4
480000 454.1
485000 698.0
490000 699.6
495000 625.9
500000 650.3
505000 741.8
510000 721.2
515000 718.6
520000 744.9
525000 755.9
530000 769.8
535000 764.0
540000 807.6
545000 754.1
550000 735.7
555000 778.3
560000 775.7
565000 796.8
570000 783.7
575000 788.1
580000 833.7
585000 769.5
590000 795.4
595000 790.5
600000 752.6
605000 0.2
610000 0.2
615000 16.1
620000 85.1
625000 130.1
630000 108.5
635000 60.8
640000 89.9
645000 61.9
650000 110.5
655000 100.5
660000 126.0
665000 222.5
670000 302.1
675000 470.4
680000 479.4
685000 600.4
690000 556.1
695000 681.5
700000 688.8
705000 716.7
710000 746.9
715000 661.3
720000 719.9
725000 696.2
730000 748.6
735000 734.2
740000 798.0
745000 699.7
750000 794.3
755000 765.7
760000 764.4
765000 795.3
770000 823.0
775000 775.8
780000 717.4
785000 778.3
790000 809.8
795000 777.0
800000 767.6
805000 0.2
810000 0.4
815000 15.0
820000 96.3
825000 114.6
830000 169.0
835000 126.2
840000 73.7
845000 66.6
850000 43.7
855000 66.9
860000 123.9
865000 134.9
870000 152.9
875000 341.2
880000 635.8
885000 665.9
890000 582.4
895000 616.5
900000 715.8
905000 669.7
910000 782.2
915000 791.0
920000 747.8
925000 721.4
930000 798.4
935000 514.6
940000 782.1
945000 775.1
950000 794.2
955000 716.4
960000 797.8
965000 748.2
970000 805.1
975000 803.7
980000 794.0
985000 789.5
990000 847.1
995000 834.4
1000000 748.9
1005000 0.1
1010000 0.2
1015000 3.2
1020000 140.5
1025000 98.2
1030000 99.3
1035000 57.3
1040000 19.2
1045000 142.1
1050000 81.2
1055000 87.9
1060000 168.2
1065000 228.6
1070000 428.0
1075000 629.2
1080000 549.1
1085000 694.9
1090000 617.4
1095000 666.3
1100000 708.1
1105000 693.4
1110000 736.6
1115000 758.6
1120000 751.7
1125000 767.7
1130000 764.4
1135000 779.0
1140000 756.4
1145000 805.2
1150000 674.5
1155000 815.0
1160000 808.0
1165000 821.8
1170000 800.3
1175000 828.7
1180000 837.9
1185000 315.4
1190000 838.4
1195000 821.3
1200000 812.9
1205000 0.9
1210000 0.2
1215000 1.9
1220000 173.9
1225000 116.2
1230000 195.1
1235000 218.9
1240000 206.2
1245000 170.5
1250000 217.2
1255000 178.7
1260000 78.6
1265000 139.9
1270000 180.3
1275000 389.8
1280000 508.1
1285000 665.7
1290000 684.8
1295000 692.9
1300000 687.3
1305000 408.5
1310000 778.7
1315000 661.9
1320000 796.5
1325000 802.0
1330000 770.6
1335000 824.4
1340000 758.2
1345000 766.3
1350000 802.6
1355000 774.5
1360000 844.0
1365000 722.4
1370000 828.6
1375000 790.4
1380000 845.5
1385000 824.7
1390000 829.4
1395000 851.1
1400000 784.9
1405000 0.3
1410000 0.8
1415000 1.9
1420000 102.3
1425000 101.5
1430000 30.2
1435000 110.3
1440000 182.8
1445000 118.0
1450000 198.4
1455000 96.4
1460000 143.0
1465000 338.0
1470000 200.4
1475000 179.7
1480000 604.5
1485000 703.5
1490000 683.8
1495000 787.5
1500000 779.5
1505000 684.2
1510000 789.8
1515000 769.6
1520000 813.5
1525000 810.0
1530000 829.2
1535000 833.4
1540000 810.2
1545000 841.1
1550000 819.2
1555000 806.3
1560000 837.6
1565000 808.2
1570000 816.5
1575000 837.0
1580000 835.8
1585000 821.3
1590000 848.8
1595000 837.3
1600000 840.1
1605000 3.5
1610000 0.5
1615000 6.0
1620000 65.1
1625000 95.4
1630000 110.2
1635000 96.1
1640000 42.0
1645000 97.4
1650000 50.2
1655000 156.0
1660000 127.1
1665000 215.9
1670000 280.1
1675000 561.6
1680000 572.0
1685000 595.3
1690000 685.4
1695000 709.7
1700000 736.5
1705000 765.6
1710000 731.7
1715000 807.8
1720000 739.1
1725000 766.7
1730000 813.7
1735000 779.7
1740000 756.7
1745000 766.9
1750000 398.5
1755000 804.7
1760000 803.3
1765000 537.6
1770000 736.7
1775000 841.8
1780000 834.4
1785000 859.3
1790000 767.3
1795000 831.8
1800000 850.0
1805000 0.4
1810000 0.3
1815000 4.0
1820000 104.6
1825000 126.5
1830000 156.0
1835000 106.7
1840000 36.7
1845000 37.2
1850000 23.2
1855000 54.4
1860000 171.7
1865000 180.8
1870000 495.9
1875000 394.8
1880000 355.5
1885000 245.6
1890000 762.7
1895000 757.3
1900000 738.0
1905000 820.2
1910000 807.4
1915000 789.2
1920000 786.0
1925000 762.2
1930000 821.4
1935000 521.6
1940000 778.8
1945000 729.8
1950000 814.8
1955000 749.3
1960000 827.3
1965000 851.9
1970000 853.7
1975000 805.4
1980000 803.9
1985000 833.5
1990000 841.1
1995000 802.6
2000000 850.8
