5000 3.2
10000 2.3
15000 0.8
20000 21.6
25000 22.4
30000 57.8
35000 46.6
40000 20.5
45000 37.9
50000 45.1
55000 49.5
60000 108.0
65000 173.3
70000 229.1
75000 259.3
80000 293.2
85000 127.8
90000 298.0
95000 384.1
100000 401.2
105000 402.5
110000 151.3
115000 460.3
120000 512.3
125000 442.2
130000 527.5
135000 512.6
140000 525.4
145000 560.4
150000 537.9
155000 571.0
160000 548.6
165000 589.3
170000 576.8
175000 602.6
180000 600.2
185000 614.6
190000 619.9
195000 611.5
200000 638.4
205000 0.3
210000 0.9
215000 62.3
220000 38.2
225000 67.8
230000 59.9
235000 71.7
240000 123.7
245000 89.4
250000 181.6
255000 248.1
260000 127.8
265000 105.7
270000 181.6
275000 318.1
280000 534.2
285000 362.7
290000 486.2
295000 462.4
300000 539.8
305000 564.5
310000 577.9
315000 618.2
320000 653.7
325000 620.9
330000 645.6
335000 649.8
340000 650.7
345000 653.4
350000 674.0
355000 673.3
360000 677.1
365000 681.5
370000 659.4
375000 683.2
380000 674.5
385000 680.4
390000 697.7
395000 708.9
400000 708.2
405000 0.4
410000 0.6
415000 8.7
420000 59.9
425000 88.2
430000 62.0
435000 74.8
440000 81.8
445000 86.9
450000 85.5
455000 99.5
460000 88.6
465000 173.0
470000 191.4
475000 156.4
480000 563.0
485000 402.9
490000 351.7
495000 437.8
500000 565.4
505000 588.8
510000 641.4
515000 663.6
520000 666.9
525000 648.8
530000 644.3
535000 673.5
540000 688.2
545000 680.6
550000 689.7
555000 689.3
560000 687.5
565000 680.1
570000 681.1
575000 605.7
580000 699.5
585000 674.9
590000 687.0
595000 707.8
600000 700.2
605000 0.2
610000 0.9
615000 3.0
620000 57.1
625000 70.3
630000 56.6
635000 83.2
640000 53.6
645000 57.1
650000 70.3
655000 148.4
660000 106.3
665000 194.1
670000 326.3
675000 436.4
680000 482.2
685000 403.8
690000 541.8
695000 506.5
700000 366.6
705000 590.0
710000 636.1
715000 614.2
720000 645.8
725000 589.2
730000 666.9
735000 641.6
740000 692.9
745000 683.9
750000 679.1
755000 707.6
760000 568.3
765000 712.0
770000 712.6
775000 690.5
780000 706.9
785000 674.7
790000 722.5
795000 695.2
800000 710.8
805000 0.9
810000 0.3
815000 3.1
820000 60.0
825000 81.0
830000 78.2
835000 83.6
840000 80.1
845000 53.4
850000 60.1
855000 84.2
860000 101.6
865000 203.7
870000 153.9
875000 362.1
880000 396.5
885000 565.5
890000 458.0
895000 594.2
900000 637.8
905000 629.3
910000 572.0
915000 666.8
920000 676.9
925000 635.1
930000 602.8
935000 634.9
940000 672.5
945000 715.3
950000 687.0
955000 704.6
960000 702.2
965000 678.4
970000 681.7
975000 740.2
980000 699.7
985000 713.0
990000 742.8
995000 715.0
1000000 711.4
1005000 0.5
1010000 0.7
1015000 21.6
1020000 81.1
1025000 80.0
1030000 100.1
1035000 78.1
1040000 39.0
1045000 62.4
1050000 99.3
1055000 101.2
1060000 85.6
1065000 258.3
1070000 156.7
1075000 367.4
1080000 307.2
1085000 460.7
1090000 558.4
1095000 524.0
1100000 507.3
1105000 444.0
1110000 641.8
1115000 605.9
1120000 610.4
1125000 700.7
1130000 642.3
1135000 706.9
1140000 613.9
1145000 695.4
1150000 718.9
1155000 669.9
1160000 699.6
1165000 714.0
1170000 705.2
1175000 722.5
1180000 550.2
1185000 719.0
1190000 698.6
1195000 741.3
1200000 731.5
1205000 0.2
1210000 0.7
1215000 2.5
1220000 55.4
1225000 91.2
1230000 71.3
1235000 64.6
1240000 50.8
1245000 67.1
1250000 83.8
1255000 158.7
1260000 115.8
1265000 199.2
1270000 290.7
1275000 306.0
1280000 407.0
1285000 571.9
1290000 542.8
1295000 586.0
1300000 526.9
1305000 667.1
1310000 678.7
1315000 661.0
1320000 647.1
1325000 687.3
1330000 686.9
1335000 668.2
1340000 686.1
1345000 718.2
1350000 720.7
1355000 687.6
1360000 734.6
1365000 719.8
1370000 728.5
1375000 715.2
1380000 675.2
1385000 688.6
1390000 739.8
1395000 742.2
1400000 740.3
1405000 0.4
1410000 1.8
1415000 62.3
1420000 47.0
1425000 86.8
1430000 71.2
1435000 46.1
1440000 66.6
1445000 97.7
1450000 80.8
1455000 93.4
1460000 102.3
1465000 85.9
1470000 64.5
1475000 171.9
1480000 181.9
1485000 377.4
1490000 158.3
1495000 110.5
1500000 163.0
1505000 198.8
1510000 464.5
1515000 519.2
1520000 712.5
1525000 680.5
1530000 716.2
1535000 634.3
1540000 690.9
1545000 716.7
1550000 669.4
1555000 701.0
1560000 734.5
1565000 704.5
1570000 733.0
1575000 713.5
1580000 682.6
1585000 741.9
1590000 769.3
1595000 735.2
1600000 747.1
1605000 0.4
1610000 0.5
1615000 36.5
1620000 77.8
1625000 71.5
1630000 64.3
1635000 90.8
1640000 42.8
1645000 37.7
1650000 41.8
1655000 68.8
1660000 50.6
1665000 168.5
1670000 322.4
1675000 358.9
1680000 378.3
1685000 457.3
1690000 679.6
1695000 391.8
1700000 404.4
1705000 654.3
1710000 682.2
1715000 642.9
1720000 678.4
1725000 690.1
1730000 723.0
1735000 673.6
1740000 684.0
1745000 714.5
1750000 694.2
1755000 748.0
1760000 717.5
1765000 728.9
1770000 764.7
1775000 755.2
1780000 714.2
1785000 641.4
1790000 747.3
1795000 768.2
1800000 781.5
1805000 5.2
1810000 0.5
1815000 31.4
1820000 66.4
1825000 50.6
1830000 61.5
1835000 56.0
1840000 105.4
1845000 86.4
1850000 96.8
1855000 111.0
1860000 158.9
1865000 81.6
1870000 82.7
1875000 510.9
1880000 583.6
1885000 555.7
1890000 636.5
1895000 540.1
1900000 550.1
1905000 686.3
1910000 701.0
1915000 607.6
1920000 721.0
1925000 698.7
1930000 718.8
1935000 703.0
1940000 730.1
1945000 731.0
1950000 717.6
1955000 718.5
1960000 731.5
1965000 715.4
1970000 727.7
1975000 706.8
1980000 750.7
1985000 705.7
1990000 735.8
1995000 697.7
2000000 726.5
