5000 7.6
10000 8.1
15000 0.4
20000 24.8
25000 27.2
30000 34.0
35000 39.5
40000 111.4
45000 98.3
50000 115.0
55000 112.5
60000 174.0
65000 245.0
70000 192.8
75000 195.2
80000 279.1
85000 251.5
90000 157.2
95000 344.2
100000 163.4
105000 388.1
110000 395.5
115000 441.7
120000 478.4
125000 441.7
130000 432.9
135000 364.6
140000 455.5
145000 486.9
150000 503.9
155000 533.7
160000 518.8
165000 513.7
170000 520.2
175000 578.1
180000 541.7
185000 556.6
190000 587.9
195000 600.8
200000 547.5
205000 0.0
210000 0.4
215000 17.3
220000 49.5
225000 100.9
230000 79.5
235000 60.5
240000 85.8
245000 119.4
250000 105.8
255000 116.4
260000 189.3
265000 208.7
270000 189.6
275000 201.3
280000 250.2
285000 281.7
290000 399.9
295000 385.8
300000 475.6
305000 436.3
310000 536.6
315000 567.8
320000 595.3
325000 584.4
330000 582.4
335000 571.6
340000 625.6
345000 608.4
350000 580.5
355000 572.7
360000 640.4
365000 639.9
370000 645.7
375000 608.1
380000 635.1
385000 633.9
390000 628.1
395000 652.9
400000 639.5
405000 0.3
410000 0.6
415000 30.2
420000 94.8
425000 111.6
430000 140.9
435000 104.5
440000 147.1
445000 158.0
450000 203.4
455000 160.2
460000 167.9
465000 250.8
470000 247.1
475000 247.4
480000 445.0
485000 288.9
490000 542.0
495000 426.6
500000 414.3
505000 531.7
510000 470.8
515000 575.8
520000 540.9
525000 589.1
530000 509.5
535000 632.0
540000 618.3
545000 650.3
550000 646.4
555000 648.0
560000 645.9
565000 646.4
570000 623.8
575000 659.5
580000 610.6
585000 660.4
590000 578.6
595000 661.3
600000 664.9
605000 0.2
610000 0.5
615000 49.9
620000 102.6
625000 123.6
630000 124.1
635000 125.9
640000 137.5
645000 165.5
650000 171.2
655000 166.5
660000 182.6
665000 259.3
670000 279.2
675000 308.4
680000 330.7
685000 444.3
690000 300.0
695000 379.5
700000 559.1
705000 395.4
710000 529.4
715000 544.7
720000 606.3
725000 517.2
730000 643.6
735000 637.0
740000 670.1
745000 658.7
750000 649.0
755000 644.2
760000 669.1
765000 676.9
770000 667.4
775000 637.1
780000 655.3
785000 685.5
790000 639.4
795000 649.5
800000 680.4
805000 0.2
810000 0.4
815000 66.8
820000 97.0
825000 115.8
830000 123.6
835000 146.6
840000 139.7
845000 210.9
850000 225.5
855000 198.4
860000 237.2
865000 226.9
870000 388.0
875000 442.8
880000 434.0
885000 459.6
890000 455.6
895000 514.6
900000 463.8
905000 607.6
910000 630.2
915000 628.7
920000 642.4
925000 664.5
930000 583.5
935000 675.8
940000 686.2
945000 589.2
950000 691.9
955000 683.5
960000 694.2
965000 667.2
970000 675.3
975000 693.0
980000 660.0
985000 691.2
990000 672.6
995000 697.5
1000000 704.2
1005000 0.2
1010000 0.4
1015000 0.8
1020000 89.7
1025000 34.6
1030000 56.7
1035000 119.8
1040000 132.8
1045000 146.4
1050000 160.6
1055000 157.4
1060000 164.1
1065000 269.0
1070000 430.1
1075000 238.0
1080000 327.1
1085000 296.4
1090000 461.5
1095000 497.6
1100000 438.9
1105000 650.0
1110000 631.2
1115000 552.8
1120000 621.9
1125000 657.7
1130000 554.8
1135000 653.5
1140000 671.7
1145000 644.0
1150000 666.9
1155000 634.7
1160000 632.9
1165000 686.2
1170000 642.5
1175000 689.2
1180000 693.8
1185000 687.9
1190000 652.2
1195000 619.4
1200000 693.2
1205000 0.2
1210000 0.3
1215000 5.0
1220000 89.9
1225000 106.5
1230000 140.5
1235000 155.4
1240000 123.0
1245000 133.4
1250000 141.4
1255000 164.6
1260000 265.3
1265000 186.4
1270000 211.7
1275000 200.7
1280000 411.4
1285000 514.5
1290000 589.4
1295000 549.8
1300000 554.5
1305000 606.6
1310000 515.6
1315000 672.5
1320000 611.0
1325000 554.8
1330000 644.4
1335000 558.6
1340000 645.1
1345000 683.5
1350000 622.8
1355000 595.3
1360000 550.5
1365000 696.4
1370000 703.0
1375000 560.7
1380000 631.6
1385000 703.4
1390000 682.0
1395000 667.6
1400000 711.0
1405000 2.8
1410000 0.2
1415000 1.2
1420000 20.7
1425000 138.9
1430000 113.5
1435000 118.1
1440000 131.7
1445000 154.7
1450000 164.6
1455000 171.6
1460000 202.2
1465000 198.0
1470000 258.6
1475000 208.7
1480000 384.3
1485000 227.1
1490000 407.2
1495000 459.3
1500000 492.8
1505000 463.6
1510000 611.7
1515000 547.1
1520000 624.6
1525000 606.3
1530000 581.5
1535000 462.6
1540000 439.8
1545000 695.0
1550000 685.7
1555000 715.5
1560000 696.2
1565000 729.6
1570000 710.0
1575000 693.4
1580000 710.4
1585000 732.1
1590000 721.0
1595000 725.0
1600000 722.3
1605000 7.5
1610000 0.5
1615000 7.2
1620000 120.0
1625000 138.1
1630000 147.1
1635000 145.0
1640000 146.4
1645000 153.6
1650000 172.3
1655000 170.3
1660000 154.4
1665000 229.4
1670000 185.5
1675000 192.1
1680000 209.0
1685000 422.1
1690000 246.8
1695000 433.5
1700000 326.2
1705000 269.7
1710000 485.6
1715000 401.8
1720000 643.7
1725000 540.8
1730000 518.0
1735000 678.4
1740000 663.5
1745000 692.4
1750000 637.2
1755000 708.4
1760000 715.9
1765000 722.9
1770000 459.0
1775000 539.6
1780000 725.9
1785000 735.1
1790000 740.3
1795000 726.7
1800000 731.4
1805000 0.6
1810000 0.7
1815000 1.7
1820000 92.3
1825000 116.6
1830000 122.9
1835000 146.5
1840000 147.8
1845000 194.9
1850000 161.7
1855000 182.8
1860000 187.0
1865000 178.6
1870000 206.2
1875000 220.0
1880000 392.6
1885000 309.5
1890000 270.9
1895000 464.7
1900000 537.8
1905000 631.0
1910000 566.6
1915000 673.1
1920000 637.3
1925000 704.8
1930000 705.2
1935000 666.7
1940000 725.6
1945000 721.6
1950000 730.7
1955000 687.0
1960000 731.6
1965000 697.9
1970000 692.4
1975000 704.9
1980000 737.5
1985000 701.5
1990000 737.6
1995000 708.7
2000000 736.5
