5000 13.1
10000 21.0
15000 0.2
20000 4.0
25000 6.0
30000 44.9
35000 86.1
40000 59.1
45000 53.7
50000 114.1
55000 37.5
60000 167.1
65000 116.0
70000 258.0
75000 147.7
80000 197.6
85000 163.1
90000 267.8
95000 305.1
100000 290.4
105000 345.2
110000 357.5
115000 395.3
120000 246.3
125000 413.7
130000 389.6
135000 427.2
140000 407.3
145000 469.9
150000 480.7
155000 486.0
160000 484.5
165000 478.4
170000 551.5
175000 534.6
180000 504.5
185000 549.5
190000 542.0
195000 562.6
200000 562.4
205000 0.2
210000 0.8
215000 142.3
220000 128.3
225000 196.0
230000 138.2
235000 133.4
240000 122.7
245000 199.0
250000 212.6
255000 208.4
260000 258.8
265000 255.3
270000 383.9
275000 476.5
280000 474.2
285000 422.3
290000 552.9
295000 560.0
300000 593.7
305000 617.9
310000 621.5
315000 619.1
320000 644.8
325000 602.7
330000 657.4
335000 697.0
340000 652.5
345000 663.2
350000 680.1
355000 710.8
360000 658.5
365000 622.0
370000 714.6
375000 728.2
380000 737.1
385000 739.5
390000 740.4
395000 732.4
400000 718.6
405000 0.0
410000 0.4
415000 8.0
420000 13.0
425000 141.2
430000 176.1
435000 154.5
440000 153.5
445000 133.2
450000 160.8
455000 147.5
460000 283.0
465000 281.6
470000 280.0
475000 336.8
480000 503.3
485000 596.9
490000 576.0
495000 665.8
500000 701.4
505000 680.8
510000 683.6
515000 701.6
520000 721.0
525000 752.9
530000 769.6
535000 743.6
540000 731.5
545000 731.1
550000 754.1
555000 782.8
560000 784.5
565000 779.8
570000 763.3
575000 796.3
580000 782.0
585000 807.2
590000 811.8
595000 792.7
600000 801.0
605000 0.7
610000 0.4
615000 8.3
620000 17.9
625000 121.6
630000 208.7
635000 164.4
640000 108.3
645000 160.0
650000 152.5
655000 280.5
660000 388.8
665000 396.3
670000 454.7
675000 558.9
680000 560.0
685000 699.9
690000 633.4
695000 721.8
700000 741.7
705000 721.3
710000 704.5
715000 747.5
720000 745.7
725000 763.3
730000 748.7
735000 796.3
740000 754.8
745000 724.9
750000 796.0
755000 793.3
760000 736.0
765000 806.6
770000 803.0
775000 773.9
780000 781.6
785000 724.7
790000 801.7
795000 796.5
800000 815.5
805000 0.4
810000 0.4
815000 18.0
820000 54.6
825000 132.0
830000 155.3
835000 120.3
840000 127.5
845000 151.7
850000 88.1
855000 152.7
860000 186.8
865000 282.8
870000 319.8
875000 334.2
880000 647.3
885000 633.9
890000 680.7
895000 677.4
900000 731.6
905000 742.0
910000 629.8
915000 750.4
920000 693.2
925000 716.6
930000 722.6
935000 788.9
940000 719.3
945000 780.7
950000 723.6
955000 793.7
960000 800.2
965000 785.1
970000 781.4
975000 772.7
980000 809.8
985000 784.8
990000 808.8
995000 809.5
1000000 762.1
1005000 0.9
1010000 0.6
1015000 5.9
1020000 105.7
1025000 132.5
1030000 168.4
1035000 147.6
1040000 165.3
1045000 135.3
1050000 145.0
1055000 176.2
1060000 235.6
1065000 297.8
1070000 478.2
1075000 570.9
1080000 601.1
1085000 568.4
1090000 707.1
1095000 580.4
1100000 739.3
1105000 742.5
1110000 749.6
1115000 740.5
1120000 779.6
1125000 766.8
1130000 774.5
1135000 782.4
1140000 803.2
1145000 785.6
1150000 796.6
1155000 790.8
1160000 806.2
1165000 805.1
1170000 799.4
1175000 815.2
1180000 797.4
1185000 799.7
1190000 801.4
1195000 775.2
1200000 822.9
1205000 1.1
1210000 0.3
1215000 2.3
1220000 85.1
1225000 87.1
1230000 89.0
1235000 57.9
1240000 109.8
1245000 124.6
1250000 184.8
1255000 181.1
1260000 145.0
1265000 202.9
1270000 201.3
1275000 338.0
1280000 482.2
1285000 649.7
1290000 690.9
1295000 714.8
1300000 709.4
1305000 754.5
1310000 751.3
1315000 753.4
1320000 773.9
1325000 779.8
1330000 778.1
1335000 538.6
1340000 767.4
1345000 767.2
1350000 773.1
1355000 816.4
1360000 804.8
1365000 794.4
1370000 755.4
1375000 737.7
1380000 824.4
1385000 765.2
1390000 786.4
1395000 758.6
1400000 788.3
1405000 1.5
1410000 0.4
1415000 13.3
1420000 74.3
1425000 128.7
1430000 164.8
1435000 181.6
1440000 132.2
1445000 141.1
1450000 79.9
1455000 209.8
1460000 164.1
1465000 300.7
1470000 316.7
1475000 434.7
1480000 520.7
1485000 596.2
1490000 444.9
1495000 622.3
1500000 605.9
1505000 731.7
1510000 781.9
1515000 735.5
1520000 769.6
1525000 748.1
1530000 801.3
1535000 776.9
1540000 770.7
1545000 793.1
1550000 785.3
1555000 778.2
1560000 749.1
1565000 795.0
1570000 802.1
1575000 770.6
1580000 801.7
1585000 822.5
1590000 803.5
1595000 784.0
1600000 795.8
1605000 1.5
1610000 0.3
1615000 2.4
1620000 123.6
1625000 141.9
1630000 183.2
1635000 162.7
1640000 125.4
1645000 171.1
1650000 152.0
1655000 129.4
1660000 58.8
1665000 206.8
1670000 121.9
1675000 325.4
1680000 428.5
1685000 581.4
1690000 657.6
1695000 689.7
1700000 662.6
1705000 744.6
1710000 674.1
1715000 659.3
1720000 765.4
1725000 739.0
1730000 758.2
1735000 786.6
1740000 783.0
1745000 813.3
1750000 780.2
1755000 822.3
1760000 815.9
1765000 827.6
1770000 783.7
1775000 786.7
1780000 810.4
1785000 734.7
1790000 748.1
1795000 790.1
1800000 775.9
1805000 1.2
1810000 0.2
1815000 55.8
1820000 120.1
1825000 132.4
1830000 165.3
1835000 137.0
1840000 229.9
1845000 71.3
1850000 106.5
1855000 166.0
1860000 146.5
1865000 167.6
1870000 190.9
1875000 209.2
1880000 545.2
1885000 560.7
1890000 687.9
1895000 700.3
1900000 666.5
1905000 731.1
1910000 729.8
1915000 648.8
1920000 773.7
1925000 741.9
1930000 789.2
1935000 788.2
1940000 783.2
1945000 720.0
1950000 766.1
1955000 792.5
1960000 607.9
1965000 791.8
1970000 791.9
1975000 705.1
1980000 802.0
1985000 803.0
1990000 796.5
1995000 814.2
2000000 821.3
