5000 1.3
10000 1.1
15000 0.3
20000 30.4
25000 43.5
30000 105.0
35000 51.9
40000 82.8
45000 63.4
50000 116.0
55000 68.4
60000 113.4
65000 135.6
70000 142.7
75000 212.1
80000 200.8
85000 205.7
90000 287.6
95000 359.6
100000 256.9
105000 431.8
110000 443.9
115000 185.0
120000 220.9
125000 462.6
130000 222.1
135000 421.3
140000 493.1
145000 399.5
150000 516.7
155000 431.7
160000 480.7
165000 525.7
170000 511.2
175000 531.1
180000 543.3
185000 550.4
190000 584.6
195000 576.8
200000 565.1
205000 0.6
210000 6.8
215000 44.4
220000 49.7
225000 75.1
230000 58.5
235000 88.7
240000 125.5
245000 106.5
250000 102.3
255000 73.9
260000 85.6
265000 111.9
270000 272.4
275000 337.3
280000 370.0
285000 513.9
290000 517.0
295000 538.7
300000 577.8
305000 606.7
310000 589.5
315000 585.5
320000 619.5
325000 618.1
330000 604.9
335000 611.9
340000 607.8
345000 611.4
350000 609.3
355000 618.5
360000 640.8
365000 635.2
370000 633.4
375000 637.3
380000 622.7
385000 630.9
390000 658.9
395000 654.6
400000 654.3
405000 0.3
410000 0.6
415000 11.6
420000 108.4
425000 81.1
430000 116.9
435000 108.6
440000 109.3
445000 128.8
450000 159.5
455000 77.2
460000 102.9
465000 105.8
470000 203.3
475000 496.5
480000 448.6
485000 536.7
490000 533.1
495000 610.4
500000 630.1
505000 632.9
510000 623.3
515000 619.7
520000 602.4
525000 627.3
530000 655.3
535000 627.7
540000 666.7
545000 627.3
550000 670.4
555000 652.2
560000 677.3
565000 663.5
570000 668.7
575000 664.6
580000 685.6
585000 679.6
590000 673.8
595000 634.2
600000 686.6
605000 0.3
610000 1.0
615000 2.4
620000 147.0
625000 70.2
630000 144.7
635000 90.3
640000 137.5
645000 104.9
650000 79.6
655000 100.0
660000 93.9
665000 357.1
670000 424.2
675000 338.9
680000 547.6
685000 560.4
690000 593.6
695000 601.1
700000 614.9
705000 647.8
710000 619.8
715000 632.3
720000 631.7
725000 657.7
730000 645.5
735000 658.5
740000 597.0
745000 642.0
750000 663.3
755000 674.4
760000 675.8
765000 661.7
770000 656.0
775000 635.5
780000 677.8
785000 646.4
790000 694.8
795000 660.3
800000 671.4
805000 3.6
810000 2.6
815000 17.0
820000 73.6
825000 125.8
830000 113.9
835000 128.0
840000 92.5
845000 88.0
850000 67.9
855000 118.7
860000 126.2
865000 140.7
870000 190.7
875000 459.5
880000 556.4
885000 598.6
890000 402.1
895000 596.5
900000 616.0
905000 611.2
910000 646.7
915000 665.2
920000 658.5
925000 653.8
930000 668.3
935000 625.0
940000 622.5
945000 668.9
950000 684.3
955000 689.6
960000 672.2
965000 670.6
970000 685.0
975000 682.4
980000 690.8
985000 686.2
990000 661.2
995000 642.8
1000000 687.9
1005000 0.1
1010000 1.0
1015000 6.6
1020000 44.2
1025000 86.8
1030000 75.9
1035000 83.0
1040000 116.3
1045000 81.3
1050000 85.6
1055000 101.8
1060000 116.3
1065000 124.6
1070000 337.1
1075000 524.1
1080000 545.6
1085000 562.5
1090000 582.2
1095000 617.6
1100000 602.9
1105000 593.9
1110000 629.8
1115000 608.2
1120000 603.9
1125000 587.8
1130000 638.1
1135000 643.6
1140000 647.1
1145000 577.1
1150000 674.4
1155000 651.0
1160000 640.9
1165000 676.3
1170000 668.9
1175000 650.5
1180000 676.4
1185000 680.4
1190000 631.2
1195000 598.1
1200000 697.2
1205000 1.0
1210000 0.6
1215000 2.1
1220000 79.1
1225000 111.3
1230000 84.4
1235000 171.3
1240000 161.2
1245000 144.0
1250000 90.6
1255000 88.6
1260000 63.0
1265000 115.2
1270000 130.3
1275000 483.8
1280000 552.7
1285000 544.9
1290000 563.1
1295000 551.5
1300000 653.1
1305000 650.5
1310000 643.0
1315000 584.6
1320000 606.8
1325000 616.0
1330000 619.7
1335000 644.0
1340000 565.4
1345000 675.1
1350000 624.2
1355000 678.0
1360000 687.8
1365000 678.2
1370000 669.3
1375000 709.5
1380000 685.1
1385000 713.3
1390000 719.1
1395000 715.9
1400000 695.9
1405000 0.3
1410000 0.2
1415000 31.2
1420000 38.1
1425000 83.7
1430000 80.8
1435000 93.9
1440000 74.2
1445000 92.2
1450000 40.1
1455000 39.3
1460000 78.1
1465000 121.5
1470000 86.3
1475000 65.9
1480000 180.0
1485000 462.5
1490000 528.6
1495000 540.1
1500000 600.3
1505000 640.8
1510000 663.2
1515000 655.1
1520000 642.5
1525000 686.4
1530000 677.6
1535000 689.4
1540000 653.5
1545000 677.5
1550000 669.6
1555000 714.9
1560000 712.9
1565000 688.0
1570000 697.6
1575000 700.7
1580000 703.0
1585000 702.5
1590000 722.8
1595000 659.9
1600000 714.2
1605000 0.4
1610000 0.3
1615000 19.5
1620000 85.4
1625000 83.9
1630000 100.0
1635000 118.6
1640000 113.8
1645000 84.4
1650000 57.1
1655000 70.5
1660000 70.9
1665000 160.1
1670000 303.0
1675000 446.3
1680000 285.0
1685000 471.5
1690000 627.6
1695000 670.7
1700000 653.2
1705000 671.6
1710000 705.4
1715000 713.0
1720000 668.9
1725000 688.5
1730000 683.7
1735000 683.3
1740000 698.0
1745000 690.6
1750000 708.9
1755000 710.4
1760000 717.4
1765000 699.0
1770000 733.0
1775000 716.0
1780000 726.8
1785000 735.9
1790000 652.6
1795000 713.5
1800000 637.2
1805000 0.3
1810000 0.1
1815000 1.7
1820000 94.8
1825000 70.2
1830000 110.4
1835000 86.3
1840000 77.7
1845000 103.0
1850000 58.4
1855000 37.5
1860000 67.7
1865000 196.1
1870000 204.3
1875000 196.2
1880000 403.2
1885000 460.6
1890000 563.3
1895000 598.7
1900000 624.3
1905000 628.3
1910000 627.6
1915000 662.9
1920000 658.7
1925000 671.0
1930000 674.8
1935000 676.1
1940000 683.4
1945000 698.8
1950000 704.4
1955000 693.9
1960000 714.5
1965000 689.8
1970000 667.5
1975000 686.7
1980000 703.2
1985000 699.1
1990000 669.4
1995000 707.0
2000000 717.7
