5000 33.1
10000 48.7
15000 0.3
20000 2.4
25000 49.2
30000 53.7
35000 39.7
40000 44.8
45000 105.1
50000 31.1
55000 148.6
60000 241.5
65000 257.6
70000 305.8
75000 206.4
80000 191.9
85000 261.5
90000 347.4
95000 400.7
100000 438.6
105000 448.9
110000 467.0
115000 506.7
120000 537.5
125000 524.6
130000 529.2
135000 543.4
140000 550.3
145000 596.2
150000 634.0
155000 626.4
160000 570.4
165000 251.2
170000 644.1
175000 656.7
180000 682.8
185000 712.8
190000 706.1
195000 711.8
200000 725.6
205000 0.8
210000 1.3
215000 49.9
220000 91.4
225000 75.7
230000 159.5
235000 65.5
240000 81.3
245000 104.7
250000 66.1
255000 93.1
260000 39.4
265000 190.9
270000 180.0
275000 216.2
280000 207.9
285000 356.1
290000 637.1
295000 638.4
300000 666.6
305000 677.4
310000 673.8
315000 627.9
320000 747.6
325000 730.9
330000 750.2
335000 725.0
340000 683.1
345000 742.5
350000 688.6
355000 775.0
360000 769.7
365000 790.1
370000 772.8
375000 771.6
380000 785.8
385000 797.2
390000 753.1
395000 783.6
400000 780.2
405000 0.2
410000 0.9
415000 29.0
420000 81.5
425000 110.1
430000 91.7
435000 87.7
440000 57.3
445000 45.2
450000 89.7
455000 118.7
460000 133.7
465000 179.9
470000 452.3
475000 417.3
480000 533.3
485000 634.3
490000 683.6
495000 673.1
500000 650.7
505000 677.3
510000 740.1
515000 753.3
520000 745.4
525000 752.5
530000 737.0
535000 748.2
540000 665.6
545000 737.7
550000 784.7
555000 766.7
560000 767.0
565000 768.9
570000 664.3
575000 771.8
580000 768.4
585000 766.3
590000 782.2
595000 793.9
600000 786.6
605000 0.8
610000 1.3
615000 19.6
620000 70.9
625000 124.9
630000 92.6
635000 168.5
640000 88.3
645000 70.7
650000 100.2
655000 103.4
660000 91.8
665000 179.7
670000 213.9
675000 378.4
680000 586.7
685000 425.9
690000 642.5
695000 407.0
700000 713.1
705000 732.0
710000 712.8
715000 734.1
720000 731.7
725000 754.9
730000 747.4
735000 781.2
740000 780.1
745000 769.6
750000 775.1
755000 791.3
760000 790.0
765000 779.1
770000 767.8
775000 813.4
780000 774.5
785000 746.5
790000 781.7
795000 779.1
800000 698.3
805000 0.2
810000 1.0
815000 2.4
820000 70.5
825000 78.6
830000 87.3
835000 33.5
840000 61.4
845000 169.3
850000 120.8
855000 140.7
860000 112.8
865000 209.9
870000 432.3
875000 596.0
880000 360.7
885000 665.7
890000 716.4
895000 600.8
900000 721.5
905000 732.4
910000 709.6
915000 706.6
920000 682.9
925000 759.3
930000 748.1
935000 779.8
940000 752.4
945000 763.9
950000 795.8
955000 773.5
960000 728.2
965000 771.3
970000 761.1
975000 766.9
980000 738.8
985000 757.2
990000 780.3
995000 793.5
1000000 794.1
1005000 0.5
1010000 0.5
1015000 22.0
1020000 92.6
1025000 104.3
1030000 142.0
1035000 126.9
1040000 46.8
1045000 67.9
1050000 147.8
1055000 76.2
1060000 131.3
1065000 319.1
1070000 277.5
1075000 327.4
1080000 573.6
1085000 589.0
1090000 683.8
1095000 740.3
1100000 472.1
1105000 753.5
1110000 708.5
1115000 737.4
1120000 736.9
1125000 764.6
1130000 777.2
1135000 747.1
1140000 780.6
1145000 809.7
1150000 757.3
1155000 806.6
1160000 781.8
1165000 793.5
1170000 785.1
1175000 780.1
1180000 798.4
1185000 769.4
1190000 721.6
1195000 802.6
1200000 807.2
1205000 0.7
1210000 1.0
1215000 18.2
1220000 45.7
1225000 106.3
1230000 97.6
1235000 25.2
1240000 60.1
1245000 87.0
1250000 222.8
1255000 148.4
1260000 127.3
1265000 405.5
1270000 506.2
1275000 638.1
1280000 687.9
1285000 662.7
1290000 691.7
1295000 651.3
1300000 659.6
1305000 777.3
1310000 750.5
1315000 699.6
1320000 745.4
1325000 735.7
1330000 750.3
1335000 766.2
1340000 735.5
1345000 631.5
1350000 736.1
1355000 766.9
1360000 756.5
1365000 753.3
1370000 756.9
1375000 684.6
1380000 759.6
1385000 798.9
1390000 777.4
1395000 734.6
1400000 811.9
1405000 0.6
1410000 3.0
1415000 25.5
1420000 68.6
1425000 85.2
1430000 184.5
1435000 127.5
1440000 135.5
1445000 111.1
1450000 49.6
1455000 120.6
1460000 149.0
1465000 171.9
1470000 491.7
1475000 651.0
1480000 273.5
1485000 651.9
1490000 678.3
1495000 720.2
1500000 765.8
1505000 749.6
1510000 742.6
1515000 745.1
1520000 763.9
1525000 787.7
1530000 734.4
1535000 761.8
1540000 794.7
1545000 789.3
1550000 775.4
1555000 786.1
1560000 769.4
1565000 777.3
1570000 756.1
1575000 791.8
1580000 782.5
1585000 794.3
1590000 820.1
1595000 762.9
1600000 755.2
1605000 0.3
1610000 0.4
1615000 6.7
1620000 94.7
1625000 74.8
1630000 129.0
1635000 105.8
1640000 105.0
1645000 113.8
1650000 81.6
1655000 120.4
1660000 168.8
1665000 148.8
1670000 292.7
1675000 418.2
1680000 566.2
1685000 570.9
1690000 715.6
1695000 661.6
1700000 743.3
1705000 761.5
1710000 455.5
1715000 752.3
1720000 779.2
1725000 737.9
1730000 758.0
1735000 786.0
1740000 740.8
1745000 739.8
1750000 793.7
1755000 811.1
1760000 758.1
1765000 702.0
1770000 790.9
1775000 748.2
1780000 771.2
1785000 779.1
1790000 790.7
1795000 818.5
1800000 796.3
1805000 0.5
1810000 0.4
1815000 13.0
1820000 104.8
1825000 136.1
1830000 108.3
1835000 118.4
1840000 117.6
1845000 84.4
1850000 27.8
1855000 88.8
1860000 82.4
1865000 164.3
1870000 403.9
1875000 556.6
1880000 665.9
1885000 707.7
1890000 688.4
1895000 752.3
1900000 731.4
1905000 779.4
1910000 678.3
1915000 779.6
1920000 785.1
1925000 754.3
1930000 707.5
1935000 782.7
1940000 753.5
1945000 799.6
1950000 783.4
1955000 804.2
1960000 824.3
1965000 807.5
1970000 793.6
1975000 813.4
1980000 782.9
1985000 806.0
1990000 811.2
1995000 751.7
2000000 813.3
