5000 5.2
10000 4.9
15000 0.1
20000 19.0
25000 2.3
30000 51.0
35000 51.8
40000 67.2
45000 36.2
50000 56.5
55000 70.4
60000 120.4
65000 136.7
70000 137.0
75000 311.8
80000 171.1
85000 312.9
90000 338.0
95000 427.7
100000 429.4
105000 469.2
110000 480.7
115000 508.8
120000 533.6
125000 536.4
130000 552.9
135000 561.2
140000 559.5
145000 618.1
150000 613.5
155000 655.9
160000 643.0
165000 615.2
170000 637.6
175000 682.2
180000 668.6
185000 701.5
190000 681.6
195000 716.6
200000 701.0
205000 1.2
210000 0.6
215000 18.0
220000 70.1
225000 134.9
230000 80.7
235000 110.6
240000 101.9
245000 116.7
250000 166.1
255000 162.6
260000 237.5
265000 280.9
270000 198.8
275000 348.2
280000 395.0
285000 513.6
290000 441.8
295000 556.4
300000 710.4
305000 704.5
310000 716.6
315000 731.2
320000 695.4
325000 750.1
330000 740.8
335000 704.4
340000 736.2
345000 665.9
350000 756.9
355000 746.8
360000 754.6
365000 756.0
370000 759.8
375000 739.9
380000 743.8
385000 745.6
390000 769.1
395000 773.6
400000 790.8
405000 0.6
410000 1.7
415000 40.1
420000 146.4
425000 119.8
430000 140.2
435000 137.5
440000 225.3
445000 162.0
450000 74.2
455000 227.9
460000 295.0
465000 346.2
470000 363.7
475000 618.7
480000 445.8
485000 620.7
490000 253.3
495000 729.4
500000 649.5
505000 727.6
510000 726.3
515000 734.0
520000 727.0
525000 750.4
530000 757.5
535000 764.0
540000 711.4
545000 766.4
550000 725.6
555000 768.0
560000 766.5
565000 764.8
570000 722.1
575000 756.0
580000 769.1
585000 745.8
590000 791.4
595000 777.4
600000 782.6
605000 0.2
610000 0.3
615000 29.3
620000 112.6
625000 82.3
630000 79.9
635000 97.2
640000 88.0
645000 99.5
650000 116.1
655000 155.5
660000 332.7
665000 288.5
670000 303.4
675000 524.2
680000 608.7
685000 704.3
690000 681.9
695000 707.0
700000 739.5
705000 746.0
710000 718.2
715000 771.5
720000 749.5
725000 766.3
730000 763.7
735000 752.2
740000 787.0
745000 770.9
750000 673.2
755000 763.0
760000 770.1
765000 737.0
770000 771.0
775000 768.8
780000 785.2
785000 795.3
790000 584.7
795000 741.5
800000 793.8
805000 0.6
810000 0.3
815000 15.6
820000 93.7
825000 85.7
830000 82.8
835000 122.9
840000 165.2
845000 116.6
850000 132.3
855000 104.0
860000 124.7
865000 264.8
870000 516.8
875000 434.5
880000 573.2
885000 642.4
890000 642.3
895000 710.0
900000 744.5
905000 742.3
910000 761.6
915000 661.9
920000 747.9
925000 748.5
930000 709.2
935000 784.4
940000 771.4
945000 788.5
950000 788.4
955000 764.5
960000 780.4
965000 799.4
970000 757.2
975000 801.8
980000 812.8
985000 792.6
990000 800.8
995000 781.6
1000000 793.8
1005000 0.8
1010000 0.7
1015000 14.0
1020000 68.1
1025000 51.0
1030000 90.1
1035000 83.6
1040000 167.7
1045000 80.6
1050000 102.6
1055000 88.7
1060000 168.3
1065000 409.4
1070000 616.1
1075000 599.1
1080000 579.1
1085000 730.9
1090000 745.7
1095000 776.3
1100000 780.6
1105000 754.0
1110000 788.5
1115000 770.5
1120000 717.1
1125000 771.6
1130000 804.2
1135000 745.6
1140000 794.3
1145000 804.3
1150000 785.6
1155000 812.7
1160000 774.6
1165000 803.3
1170000 808.6
1175000 828.4
1180000 776.6
1185000 804.3
1190000 817.2
1195000 798.3
1200000 791.9
1205000 0.2
1210000 0.2
1215000 76.4
1220000 71.4
1225000 81.2
1230000 58.9
1235000 145.9
1240000 301.8
1245000 99.1
1250000 83.0
1255000 141.9
1260000 159.9
1265000 510.1
1270000 481.2
1275000 483.4
1280000 433.6
1285000 580.0
1290000 759.1
1295000 740.3
1300000 753.3
1305000 728.0
1310000 753.0
1315000 703.9
1320000 781.8
1325000 748.4
1330000 776.8
1335000 768.9
1340000 747.9
1345000 808.8
1350000 804.1
1355000 801.8
1360000 801.7
1365000 734.1
1370000 814.5
1375000 786.3
1380000 762.0
1385000 830.4
1390000 804.5
1395000 758.0
1400000 813.9
1405000 0.1
1410000 0.2
1415000 34.2
1420000 111.5
1425000 65.1
1430000 64.3
1435000 162.2
1440000 183.0
1445000 142.8
1450000 101.4
1455000 167.0
1460000 291.8
1465000 409.2
1470000 643.9
1475000 660.6
1480000 716.6
1485000 697.8
1490000 707.2
1495000 737.1
1500000 787.0
1505000 777.4
1510000 577.2
1515000 743.4
1520000 776.0
1525000 790.1
1530000 721.9
1535000 712.3
1540000 806.2
1545000 781.0
1550000 758.3
1555000 768.6
1560000 819.7
1565000 785.1
1570000 744.1
1575000 804.0
1580000 828.8
1585000 778.6
1590000 803.6
1595000 786.3
1600000 803.1
1605000 0.1
1610000 0.2
1615000 31.4
1620000 94.8
1625000 167.0
1630000 104.4
1635000 212.8
1640000 149.7
1645000 153.7
1650000 81.1
1655000 146.2
1660000 134.3
1665000 435.6
1670000 401.4
1675000 655.9
1680000 711.3
1685000 633.0
1690000 720.8
1695000 591.7
1700000 699.7
1705000 766.3
1710000 779.9
1715000 561.1
1720000 638.9
1725000 776.0
1730000 697.9
1735000 818.0
1740000 740.6
1745000 701.0
1750000 789.5
1755000 814.7
1760000 801.2
1765000 748.6
1770000 815.7
1775000 811.7
1780000 700.7
1785000 813.7
1790000 802.3
1795000 805.4
1800000 804.1
1805000 7.2
1810000 0.3
1815000 9.1
1820000 64.1
1825000 122.4
1830000 135.3
1835000 185.8
1840000 167.6
1845000 165.7
1850000 99.7
1855000 83.7
1860000 123.1
1865000 443.0
1870000 315.3
1875000 574.5
1880000 594.4
1885000 692.7
1890000 726.1
1895000 741.2
1900000 730.5
1905000 708.4
1910000 771.6
1915000 799.4
1920000 711.8
1925000 734.6
1930000 799.2
1935000 821.5
1940000 794.9
1945000 823.9
1950000 784.5
1955000 794.2
1960000 799.1
1965000 794.4
1970000 842.9
1975000 697.1
1980000 799.9
1985000 804.6
1990000 806.2
1995000 856.0
2000000 827.2
