5000 199.8
10000 252.8
15000 134.1
20000 11.8
25000 69.6
30000 12.3
35000 149.9
40000 183.4
45000 39.6
50000 185.3
55000 11.2
60000 196.6
65000 93.4
70000 132.2
75000 20.3
80000 79.0
85000 29.9
90000 61.9
95000 126.2
100000 48.1
105000 147.8
110000 68.8
115000 178.8
120000 272.0
125000 318.9
130000 170.6
135000 283.7
140000 35.3
145000 134.4
150000 256.0
155000 183.4
160000 24.1
165000 118.2
170000 165.0
175000 380.4
180000 163.3
185000 183.9
190000 259.7
195000 44.3
200000 69.9
205000 41.5
210000 266.2
215000 190.0
220000 162.3
225000 247.2
230000 78.7
235000 21.3
240000 187.7
245000 20.7
250000 239.2
255000 263.3
260000 220.3
265000 22.7
270000 341.8
275000 207.1
280000 254.5
285000 124.0
290000 120.2
295000 373.5
300000 76.1
305000 259.3
310000 355.2
315000 339.9
320000 362.4
325000 253.1
330000 213.9
335000 48.8
340000 109.8
345000 333.9
350000 141.0
355000 272.4
360000 401.7
365000 271.5
370000 269.8
375000 282.1
380000 355.0
385000 254.6
390000 332.5
395000 403.9
400000 263.1
405000 219.9
410000 200.1
415000 325.0
420000 227.4
425000 368.1
430000 112.3
435000 105.3
440000 471.4
445000 19.7
450000 142.2
455000 18.7
460000 133.9
465000 182.1
470000 325.1
475000 22.1
480000 112.2
485000 261.8
490000 365.7
495000 382.3
500000 211.0
505000 18.3
510000 49.5
515000 200.2
520000 78.4
525000 180.2
530000 275.0
535000 241.0
540000 81.0
545000 198.9
550000 17.8
555000 13.6
560000 126.4
565000 439.1
570000 544.2
575000 409.3
580000 205.2
585000 361.7
590000 307.3
595000 162.4
600000 482.8
605000 279.0
610000 212.6
615000 202.4
620000 429.8
625000 298.1
630000 114.7
635000 288.3
640000 252.1
645000 184.4
650000 533.5
655000 343.8
660000 388.9
665000 15.5
670000 306.0
675000 379.1
680000 301.5
685000 154.0
690000 423.9
695000 80.6
700000 97.8
705000 277.6
710000 357.4
715000 462.1
720000 310.4
725000 266.8
730000 108.7
735000 113.7
740000 210.0
745000 389.2
750000 207.6
755000 455.5
760000 201.7
765000 484.0
770000 462.9
775000 171.2
780000 23.3
785000 207.2
790000 438.7
795000 293.9
800000 147.8
805000 180.9
810000 156.9
815000 272.9
820000 354.2
825000 97.8
830000 247.8
835000 235.1
840000 449.8
845000 366.6
850000 315.8
855000 154.6
860000 11.1
865000 159.7
870000 173.1
875000 111.9
880000 262.0
885000 194.6
890000 380.5
895000 111.6
900000 28.9
905000 407.4
910000 207.3
915000 114.4
920000 153.5
925000 363.8
930000 298.3
935000 107.0
940000 291.2
945000 211.1
950000 119.2
955000 403.7
960000 172.1
965000 362.4
970000 109.4
975000 249.0
980000 459.8
985000 406.7
990000 241.6
995000 195.4
1000000 404.1
1005000 93.7
1010000 212.6
1015000 416.0
1020000 469.1
1025000 208.3
1030000 213.0
1035000 179.3
1040000 371.5
1045000 209.1
1050000 436.6
1055000 288.6
1060000 345.8
1065000 107.4
1070000 198.8
1075000 422.4
1080000 320.4
1085000 194.8
1090000 135.0
1095000 492.7
1100000 410.7
1105000 442.0
1110000 143.9
1115000 189.9
1120000 284.2
1125000 308.9
1130000 274.8
1135000 368.6
1140000 247.4
1145000 165.1
1150000 123.8
1155000 196.3
1160000 313.2
1165000 378.9
1170000 205.6
1175000 358.7
1180000 218.9
1185000 152.4
1190000 42.1
1195000 420.8
1200000 399.0
1205000 550.6
1210000 327.5
1215000 490.5
1220000 206.3
1225000 285.1
1230000 317.1
1235000 314.6
1240000 273.0
1245000 266.3
1250000 478.8
1255000 171.7
1260000 89.6
1265000 213.1
1270000 23.0
1275000 306.5
1280000 569.5
1285000 148.5
1290000 246.6
1295000 293.0
1300000 413.9
1305000 483.3
1310000 266.2
1315000 186.8
1320000 308.1
1325000 197.9
1330000 304.0
1335000 296.6
1340000 296.9
1345000 196.5
1350000 455.2
1355000 274.8
1360000 167.2
1365000 243.6
1370000 287.6
1375000 300.7
1380000 454.4
1385000 272.0
1390000 512.9
1395000 185.4
1400000 293.9
1405000 233.7
1410000 284.8
1415000 438.6
1420000 425.0
1425000 569.0
1430000 255.9
1435000 299.6
1440000 281.9
1445000 107.5
1450000 262.0
1455000 195.2
1460000 368.4
1465000 209.5
1470000 550.2
1475000 202.0
1480000 365.6
1485000 173.1
1490000 208.4
1495000 264.5
1500000 260.6
1505000 176.4
1510000 323.9
1515000 202.8
1520000 338.0
1525000 449.5
1530000 188.0
1535000 358.0
1540000 296.1
1545000 352.8
1550000 181.8
1555000 181.4
1560000 111.8
1565000 467.1
1570000 111.5
1575000 106.2
1580000 9.3
1585000 198.2
1590000 111.4
1595000 229.9
1600000 306.5
1605000 241.7
1610000 254.4
1615000 532.3
1620000 212.9
1625000 289.8
1630000 277.7
1635000 114.2
1640000 305.7
1645000 283.1
1650000 366.9
1655000 211.3
1660000 211.0
1665000 431.4
1670000 381.2
1675000 349.5
1680000 601.5
1685000 206.5
1690000 209.6
1695000 312.6
1700000 216.9
1705000 286.8
1710000 593.8
1715000 166.4
1720000 324.5
1725000 381.9
1730000 392.3
1735000 427.2
1740000 394.2
1745000 200.3
1750000 336.6
1755000 114.0
1760000 200.9
1765000 434.5
1770000 531.9
1775000 198.3
1780000 489.4
1785000 375.6
1790000 117.6
1795000 384.5
1800000 474.7
1805000 488.6
1810000 368.5
1815000 296.7
1820000 291.9
1825000 302.5
1830000 82.6
1835000 211.0
1840000 437.9
1845000 358.5
1850000 52.5
1855000 86.9
1860000 452.1
1865000 18.6
1870000 326.7
1875000 201.4
1880000 357.2
1885000 600.8
1890000 205.4
1895000 275.2
1900000 418.1
1905000 269.6
1910000 301.5
1915000 301.5
1920000 196.8
1925000 298.1
1930000 429.4
1935000 402.6
1940000 105.1
1945000 205.9
1950000 445.5
1955000 194.3
1960000 217.4
1965000 19.2
1970000 13.9
1975000 418.9
1980000 291.1
1985000 407.4
1990000 258.3
1995000 191.1
2000000 11.6
