5000 234.1
10000 122.4
15000 324.2
20000 72.6
25000 102.6
30000 142.2
35000 31.4
40000 225.0
45000 188.2
50000 88.9
55000 111.5
60000 170.4
65000 156.6
70000 110.3
75000 255.6
80000 85.1
85000 78.4
90000 60.1
95000 60.0
100000 276.0
105000 159.7
110000 269.1
115000 169.2
120000 105.1
125000 138.9
130000 175.8
135000 76.3
140000 117.8
145000 232.4
150000 91.8
155000 186.9
160000 269.2
165000 114.7
170000 275.8
175000 46.0
180000 173.2
185000 161.0
190000 129.8
195000 123.4
200000 184.7
205000 112.7
210000 139.2
215000 211.8
220000 229.5
225000 189.0
230000 269.6
235000 14.9
240000 252.1
245000 260.4
250000 154.9
255000 244.0
260000 72.2
265000 44.6
270000 430.9
275000 123.0
280000 146.7
285000 183.3
290000 417.2
295000 199.3
300000 255.7
305000 263.4
310000 116.5
315000 252.4
320000 297.6
325000 270.7
330000 102.1
335000 397.5
340000 181.6
345000 428.4
350000 144.2
355000 284.8
360000 226.3
365000 169.2
370000 254.2
375000 309.3
380000 214.9
385000 236.1
390000 212.5
395000 91.7
400000 186.5
405000 45.0
410000 165.0
415000 114.5
420000 212.3
425000 90.9
430000 205.4
435000 331.9
440000 246.8
445000 214.7
450000 222.8
455000 337.1
460000 214.9
465000 483.0
470000 448.1
475000 303.4
480000 223.7
485000 207.5
490000 176.7
495000 351.8
500000 195.1
505000 111.4
510000 347.3
515000 190.6
520000 268.7
525000 219.7
530000 304.1
535000 324.3
540000 281.4
545000 230.2
550000 312.7
555000 78.4
560000 519.2
565000 228.7
570000 278.6
575000 365.3
580000 114.7
585000 131.2
590000 215.8
595000 205.2
600000 67.1
605000 281.0
610000 302.2
615000 321.8
620000 288.5
625000 167.9
630000 400.1
635000 27.0
640000 207.6
645000 371.7
650000 312.4
655000 161.8
660000 546.8
665000 369.5
670000 200.3
675000 103.3
680000 549.3
685000 185.3
690000 550.1
695000 15.3
700000 216.9
705000 116.3
710000 282.3
715000 32.7
720000 90.8
725000 252.3
730000 14.6
735000 129.3
740000 256.8
745000 214.8
750000 17.6
755000 452.5
760000 288.8
765000 301.5
770000 223.2
775000 145.2
780000 498.4
785000 124.4
790000 122.0
795000 201.5
800000 213.4
805000 372.2
810000 408.9
815000 234.4
820000 221.5
825000 245.3
830000 28.4
835000 396.3
840000 199.4
845000 116.4
850000 362.3
855000 233.8
860000 196.8
865000 297.1
870000 192.5
875000 302.0
880000 18.9
885000 116.1
890000 381.1
895000 328.1
900000 108.2
905000 127.8
910000 278.7
915000 213.7
920000 246.5
925000 61.3
930000 90.8
935000 114.5
940000 229.0
945000 362.7
950000 219.0
955000 366.2
960000 121.0
965000 216.5
970000 105.0
975000 196.1
980000 71.2
985000 301.2
990000 278.5
995000 210.2
1000000 117.1
1005000 100.9
1010000 433.3
1015000 390.2
1020000 114.7
1025000 206.5
1030000 200.6
1035000 301.1
1040000 198.0
1045000 207.2
1050000 105.4
1055000 299.9
1060000 354.4
1065000 182.9
1070000 300.9
1075000 159.5
1080000 92.5
1085000 211.1
1090000 276.9
1095000 111.6
1100000 115.1
1105000 282.4
1110000 219.7
1115000 382.4
1120000 476.2
1125000 488.0
1130000 210.0
1135000 201.2
1140000 108.2
1145000 120.5
1150000 264.6
1155000 13.0
1160000 253.0
1165000 260.2
1170000 305.2
1175000 107.8
1180000 83.2
1185000 255.5
1190000 397.3
1195000 363.8
1200000 368.1
1205000 217.6
1210000 105.8
1215000 278.1
1220000 259.5
1225000 251.5
1230000 385.0
1235000 238.4
1240000 303.3
1245000 189.0
1250000 100.4
1255000 13.8
1260000 221.9
1265000 458.3
1270000 197.1
1275000 263.7
1280000 369.2
1285000 379.2
1290000 197.3
1295000 286.6
1300000 396.8
1305000 474.1
1310000 192.0
1315000 413.6
1320000 113.6
1325000 299.9
1330000 260.9
1335000 414.7
1340000 389.4
1345000 318.6
1350000 541.0
1355000 120.8
1360000 387.8
1365000 271.2
1370000 317.3
1375000 274.6
1380000 393.4
1385000 442.0
1390000 111.0
1395000 196.7
1400000 344.1
1405000 470.3
1410000 353.8
1415000 344.4
1420000 614.9
1425000 262.8
1430000 471.6
1435000 298.4
1440000 373.6
1445000 374.4
1450000 283.1
1455000 387.6
1460000 215.0
1465000 463.0
1470000 298.2
1475000 205.3
1480000 290.6
1485000 332.7
1490000 290.4
1495000 191.4
1500000 427.2
1505000 201.5
1510000 216.4
1515000 152.3
1520000 338.8
1525000 191.5
1530000 106.6
1535000 472.7
1540000 113.7
1545000 301.0
1550000 111.7
1555000 329.1
1560000 430.2
1565000 206.5
1570000 292.8
1575000 295.8
1580000 417.0
1585000 363.7
1590000 124.0
1595000 122.4
1600000 558.5
1605000 263.2
1610000 58.2
1615000 292.1
1620000 230.4
1625000 459.9
1630000 214.4
1635000 193.5
1640000 195.3
1645000 344.4
1650000 217.3
1655000 216.7
1660000 219.3
1665000 210.8
1670000 256.3
1675000 383.1
1680000 282.8
1685000 13.6
1690000 203.2
1695000 212.4
1700000 103.1
1705000 287.8
1710000 376.7
1715000 276.4
1720000 283.5
1725000 389.9
1730000 355.6
1735000 94.6
1740000 133.9
1745000 401.8
1750000 451.9
1755000 19.4
1760000 114.8
1765000 568.9
1770000 377.2
1775000 159.6
1780000 14.0
1785000 270.2
1790000 103.5
1795000 208.6
1800000 158.4
1805000 474.1
1810000 499.7
1815000 328.2
1820000 486.8
1825000 347.5
1830000 291.1
1835000 107.6
1840000 384.7
1845000 178.1
1850000 476.4
1855000 290.9
1860000 399.5
1865000 108.6
1870000 402.1
1875000 292.5
1880000 298.0
1885000 208.3
1890000 69.7
1895000 352.4
1900000 546.1
1905000 400.2
1910000 206.3
1915000 94.5
1920000 246.1
1925000 335.8
1930000 204.1
1935000 313.0
1940000 421.6
1945000 295.7
1950000 278.7
1955000 366.3
1960000 334.9
1965000 389.9
1970000 294.2
1975000 280.2
1980000 118.2
1985000 290.4
1990000 191.0
1995000 263.4
2000000 199.3
