5000 74.6
10000 87.4
15000 202.5
20000 37.9
25000 274.8
30000 107.1
35000 136.9
40000 189.0
45000 276.8
50000 140.8
55000 151.0
60000 113.6
65000 161.9
70000 108.1
75000 270.6
80000 13.3
85000 182.7
90000 79.6
95000 199.5
100000 130.0
105000 185.9
110000 106.1
115000 173.3
120000 21.9
125000 435.1
130000 78.4
135000 148.4
140000 545.5
145000 223.2
150000 52.7
155000 209.9
160000 32.9
165000 90.4
170000 75.5
175000 211.5
180000 280.9
185000 208.4
190000 90.4
195000 350.9
200000 276.5
205000 117.6
210000 146.3
215000 137.4
220000 181.2
225000 328.3
230000 208.1
235000 282.5
240000 206.4
245000 18.1
250000 102.9
255000 146.5
260000 203.9
265000 404.8
270000 195.1
275000 253.0
280000 68.4
285000 298.9
290000 220.0
295000 278.2
300000 117.6
305000 409.7
310000 23.7
315000 189.1
320000 377.4
325000 231.7
330000 344.0
335000 168.7
340000 232.2
345000 308.3
350000 233.8
355000 267.2
360000 204.9
365000 186.4
370000 108.0
375000 325.8
380000 297.6
385000 109.3
390000 288.7
395000 312.0
400000 13.7
405000 340.6
410000 84.5
415000 474.3
420000 444.8
425000 208.6
430000 222.3
435000 209.1
440000 99.7
445000 275.2
450000 168.6
455000 92.4
460000 332.1
465000 78.9
470000 317.7
475000 293.5
480000 16.6
485000 289.0
490000 321.8
495000 122.6
500000 10.0
505000 24.9
510000 117.1
515000 473.7
520000 201.0
525000 205.8
530000 296.1
535000 341.6
540000 236.9
545000 46.2
550000 413.4
555000 273.7
560000 338.1
565000 215.3
570000 20.6
575000 295.0
580000 112.6
585000 269.9
590000 117.0
595000 203.5
600000 232.1
605000 440.5
610000 30.8
615000 276.9
620000 112.7
625000 112.6
630000 254.5
635000 305.1
640000 171.1
645000 202.0
650000 310.1
655000 112.3
660000 195.8
665000 169.7
670000 207.1
675000 308.0
680000 492.9
685000 116.0
690000 224.4
695000 385.0
700000 185.9
705000 372.8
710000 17.9
715000 371.6
720000 403.2
725000 563.8
730000 202.6
735000 89.4
740000 359.8
745000 344.5
750000 266.2
755000 276.4
760000 223.4
765000 217.5
770000 130.1
775000 570.8
780000 128.1
785000 197.3
790000 390.9
795000 210.1
800000 26.9
805000 386.0
810000 203.1
815000 217.2
820000 202.1
825000 201.9
830000 309.7
835000 367.6
840000 647.1
845000 123.5
850000 110.9
855000 280.1
860000 224.8
865000 309.4
870000 197.2
875000 109.0
880000 441.4
885000 419.1
890000 10.2
895000 443.2
900000 402.5
905000 439.4
910000 291.8
915000 327.2
920000 335.5
925000 386.8
930000 259.4
935000 76.0
940000 308.8
945000 167.8
950000 15.9
955000 127.5
960000 208.4
965000 352.0
970000 102.0
975000 424.7
980000 395.1
985000 92.5
990000 362.4
995000 93.8
1000000 379.9
1005000 207.5
1010000 243.9
1015000 410.1
1020000 387.3
1025000 406.5
1030000 299.5
1035000 363.3
1040000 407.8
1045000 263.0
1050000 34.3
1055000 275.8
1060000 120.1
1065000 149.6
1070000 586.4
1075000 115.0
1080000 258.4
1085000 389.2
1090000 201.4
1095000 305.6
1100000 142.2
1105000 219.4
1110000 275.8
1115000 110.6
1120000 263.3
1125000 372.6
1130000 396.9
1135000 514.8
1140000 104.0
1145000 203.9
1150000 280.6
1155000 398.9
1160000 397.1
1165000 390.0
1170000 360.7
1175000 290.0
1180000 438.0
1185000 242.5
1190000 233.0
1195000 589.3
1200000 218.4
1205000 371.7
1210000 279.3
1215000 328.8
1220000 194.9
1225000 387.5
1230000 202.7
1235000 266.6
1240000 558.7
1245000 302.4
1250000 369.7
1255000 303.7
1260000 286.1
1265000 202.9
1270000 207.7
1275000 304.2
1280000 415.0
1285000 158.4
1290000 173.1
1295000 216.7
1300000 369.7
1305000 490.8
1310000 194.8
1315000 291.1
1320000 265.9
1325000 255.5
1330000 301.9
1335000 472.3
1340000 370.4
1345000 321.2
1350000 561.1
1355000 261.7
1360000 187.8
1365000 111.6
1370000 201.5
1375000 114.9
1380000 116.2
1385000 414.0
1390000 199.6
1395000 618.7
1400000 382.0
1405000 490.2
1410000 186.4
1415000 300.3
1420000 214.7
1425000 477.1
1430000 199.7
1435000 281.4
1440000 314.0
1445000 546.8
1450000 274.3
1455000 469.7
1460000 402.5
1465000 359.4
1470000 459.8
1475000 25.8
1480000 252.6
1485000 434.6
1490000 271.5
1495000 160.0
1500000 369.9
1505000 405.6
1510000 216.0
1515000 299.7
1520000 502.7
1525000 178.0
1530000 390.1
1535000 387.2
1540000 205.1
1545000 295.4
1550000 158.5
1555000 115.5
1560000 491.4
1565000 344.0
1570000 375.7
1575000 271.1
1580000 467.3
1585000 229.5
1590000 400.9
1595000 69.3
1600000 274.5
1605000 100.2
1610000 99.3
1615000 454.2
1620000 298.6
1625000 13.3
1630000 427.0
1635000 218.8
1640000 507.4
1645000 271.5
1650000 361.2
1655000 277.7
1660000 179.5
1665000 290.4
1670000 299.4
1675000 188.8
1680000 194.1
1685000 293.0
1690000 361.3
1695000 344.3
1700000 246.1
1705000 279.8
1710000 169.3
1715000 256.8
1720000 494.4
1725000 266.0
1730000 204.9
1735000 482.7
1740000 438.1
1745000 480.7
1750000 470.7
1755000 209.4
1760000 132.8
1765000 278.5
1770000 246.0
1775000 374.0
1780000 350.1
1785000 520.9
1790000 193.4
1795000 57.2
1800000 355.4
1805000 205.9
1810000 201.4
1815000 428.5
1820000 11.5
1825000 163.8
1830000 497.6
1835000 136.4
1840000 300.4
1845000 211.6
1850000 99.0
1855000 313.9
1860000 16.5
1865000 122.0
1870000 355.2
1875000 290.9
1880000 223.3
1885000 327.6
1890000 443.1
1895000 277.0
1900000 306.5
1905000 341.0
1910000 297.0
1915000 386.9
1920000 374.4
1925000 283.4
1930000 245.1
1935000 221.7
1940000 385.2
1945000 324.8
1950000 292.6
1955000 311.4
1960000 304.1
1965000 240.7
1970000 211.4
1975000 211.0
1980000 266.4
1985000 364.3
1990000 71.0
1995000 223.7
2000000 179.1
