5000 86.7
10000 209.2
15000 226.7
20000 327.1
25000 360.2
30000 180.4
35000 290.3
40000 130.8
45000 186.5
50000 424.6
55000 139.4
60000 237.7
65000 301.7
70000 285.8
75000 125.3
80000 190.6
85000 320.1
90000 130.0
95000 138.0
100000 114.4
105000 96.5
110000 155.5
115000 203.7
120000 39.4
125000 268.4
130000 192.0
135000 231.9
140000 197.1
145000 241.3
150000 145.8
155000 283.1
160000 221.3
165000 188.0
170000 403.4
175000 198.8
180000 346.5
185000 369.4
190000 222.7
195000 373.6
200000 55.9
205000 173.0
210000 308.7
215000 73.3
220000 189.5
225000 231.3
230000 253.9
235000 231.6
240000 99.5
245000 115.6
250000 41.6
255000 230.5
260000 313.3
265000 224.8
270000 239.2
275000 289.5
280000 47.4
285000 251.8
290000 135.5
295000 126.8
300000 166.2
305000 206.1
310000 254.8
315000 400.6
320000 98.7
325000 106.0
330000 259.1
335000 455.0
340000 421.0
345000 211.6
350000 29.3
355000 94.0
360000 247.3
365000 328.5
370000 55.7
375000 186.4
380000 203.8
385000 236.4
390000 108.7
395000 141.5
400000 112.0
405000 245.7
410000 188.2
415000 398.6
420000 205.8
425000 539.1
430000 336.0
435000 257.8
440000 154.0
445000 100.9
450000 86.8
455000 390.3
460000 78.1
465000 257.1
470000 14.1
475000 268.7
480000 212.1
485000 394.1
490000 275.6
495000 299.9
500000 212.2
505000 254.4
510000 325.8
515000 384.2
520000 316.5
525000 206.7
530000 395.6
535000 287.5
540000 283.2
545000 480.8
550000 281.9
555000 248.2
560000 187.3
565000 224.7
570000 120.1
575000 362.3
580000 288.3
585000 213.5
590000 244.1
595000 237.6
600000 181.7
605000 302.1
610000 335.8
615000 10.0
620000 279.0
625000 115.6
630000 100.8
635000 216.0
640000 197.8
645000 112.8
650000 201.7
655000 188.4
660000 165.5
665000 108.3
670000 496.3
675000 113.9
680000 22.1
685000 86.7
690000 310.9
695000 192.1
700000 325.2
705000 392.6
710000 103.5
715000 163.7
720000 148.6
725000 392.0
730000 162.3
735000 146.3
740000 282.8
745000 196.4
750000 108.7
755000 214.7
760000 348.2
765000 343.6
770000 283.0
775000 212.3
780000 437.3
785000 452.3
790000 108.4
795000 128.6
800000 280.1
805000 283.7
810000 225.8
815000 290.0
820000 218.9
825000 293.6
830000 438.9
835000 163.1
840000 18.2
845000 163.8
850000 71.2
855000 363.8
860000 272.0
865000 121.4
870000 114.0
875000 222.2
880000 291.4
885000 10.2
890000 206.1
895000 106.6
900000 275.0
905000 254.4
910000 328.1
915000 17.8
920000 202.4
925000 203.3
930000 167.6
935000 384.4
940000 175.7
945000 365.3
950000 111.6
955000 111.2
960000 291.8
965000 391.5
970000 201.4
975000 228.5
980000 361.4
985000 116.4
990000 116.8
995000 390.8
1000000 285.4
1005000 142.9
1010000 418.4
1015000 155.4
1020000 237.4
1025000 421.4
1030000 345.5
1035000 110.6
1040000 429.0
1045000 395.1
1050000 92.2
1055000 410.1
1060000 116.6
1065000 322.7
1070000 18.0
1075000 305.9
1080000 296.1
1085000 109.2
1090000 108.9
1095000 98.8
1100000 223.8
1105000 437.5
1110000 388.6
1115000 398.7
1120000 344.4
1125000 304.0
1130000 433.8
1135000 206.5
1140000 243.7
1145000 173.7
1150000 355.9
1155000 407.2
1160000 214.9
1165000 400.9
1170000 347.4
1175000 410.4
1180000 217.3
1185000 167.5
1190000 152.0
1195000 317.9
1200000 304.3
1205000 193.2
1210000 366.8
1215000 367.1
1220000 288.5
1225000 269.0
1230000 259.4
1235000 285.4
1240000 150.6
1245000 201.3
1250000 199.6
1255000 285.3
1260000 478.4
1265000 364.3
1270000 315.3
1275000 475.5
1280000 395.6
1285000 402.4
1290000 180.5
1295000 224.3
1300000 311.2
1305000 112.3
1310000 200.1
1315000 214.6
1320000 110.6
1325000 15.7
1330000 245.1
1335000 271.5
1340000 374.6
1345000 526.6
1350000 559.3
1355000 332.7
1360000 201.4
1365000 496.3
1370000 276.7
1375000 171.2
1380000 328.4
1385000 163.0
1390000 281.7
1395000 251.7
1400000 366.9
1405000 180.5
1410000 107.4
1415000 142.3
1420000 224.5
1425000 238.0
1430000 244.3
1435000 275.1
1440000 296.0
1445000 87.4
1450000 312.0
1455000 115.1
1460000 389.2
1465000 211.8
1470000 107.2
1475000 148.2
1480000 28.5
1485000 297.4
1490000 180.5
1495000 299.7
1500000 173.9
1505000 119.8
1510000 253.1
1515000 206.6
1520000 187.7
1525000 352.6
1530000 309.1
1535000 432.6
1540000 300.3
1545000 123.8
1550000 80.5
1555000 488.7
1560000 205.9
1565000 416.9
1570000 281.5
1575000 365.4
1580000 57.5
1585000 303.3
1590000 209.7
1595000 309.6
1600000 123.8
1605000 227.0
1610000 375.4
1615000 565.5
1620000 206.4
1625000 237.5
1630000 241.1
1635000 359.5
1640000 324.6
1645000 488.2
1650000 73.5
1655000 109.1
1660000 379.2
1665000 208.4
1670000 321.7
1675000 259.0
1680000 305.2
1685000 352.1
1690000 360.9
1695000 90.5
1700000 205.8
1705000 353.9
1710000 335.1
1715000 205.1
1720000 244.6
1725000 208.4
1730000 113.6
1735000 378.2
1740000 227.3
1745000 207.5
1750000 18.2
1755000 205.4
1760000 108.3
1765000 202.1
1770000 168.7
1775000 112.9
1780000 218.6
1785000 62.9
1790000 296.8
1795000 267.7
1800000 222.6
1805000 119.9
1810000 206.8
1815000 280.5
1820000 20.5
1825000 165.5
1830000 210.7
1835000 332.3
1840000 313.0
1845000 450.9
1850000 214.1
1855000 305.9
1860000 286.3
1865000 309.4
1870000 238.8
1875000 206.6
1880000 402.8
1885000 312.0
1890000 238.3
1895000 448.6
1900000 162.5
1905000 24.8
1910000 85.2
1915000 303.9
1920000 186.5
1925000 148.1
1930000 237.2
1935000 378.0
1940000 461.5
1945000 194.9
1950000 483.6
1955000 485.5
1960000 178.8
1965000 125.6
1970000 124.5
1975000 306.0
1980000 507.1
1985000 144.5
1990000 281.1
1995000 199.6
2000000 272.7
