5000 180.6
10000 253.4
15000 264.4
20000 148.9
25000 17.9
30000 221.5
35000 48.9
40000 16.4
45000 55.3
50000 74.4
55000 112.7
60000 243.5
65000 234.4
70000 168.3
75000 95.4
80000 56.9
85000 33.1
90000 84.9
95000 18.8
100000 182.9
105000 22.7
110000 109.2
115000 174.2
120000 76.8
125000 290.8
130000 19.6
135000 111.3
140000 210.6
145000 228.5
150000 114.9
155000 62.9
160000 350.7
165000 88.3
170000 80.4
175000 119.1
180000 67.8
185000 96.5
190000 140.8
195000 147.8
200000 223.5
205000 178.1
210000 205.1
215000 380.0
220000 106.6
225000 130.7
230000 14.8
235000 214.6
240000 217.1
245000 180.5
250000 241.2
255000 313.6
260000 126.1
265000 100.1
270000 276.4
275000 126.0
280000 96.1
285000 330.2
290000 55.0
295000 118.9
300000 220.6
305000 171.9
310000 273.2
315000 201.2
320000 123.8
325000 206.5
330000 389.2
335000 227.5
340000 210.9
345000 115.0
350000 256.9
355000 199.9
360000 343.1
365000 302.6
370000 306.5
375000 105.2
380000 279.7
385000 18.6
390000 176.3
395000 27.8
400000 349.1
405000 210.3
410000 113.3
415000 302.2
420000 208.0
425000 294.3
430000 198.7
435000 216.1
440000 119.0
445000 224.9
450000 406.0
455000 286.0
460000 333.7
465000 193.9
470000 140.7
475000 175.6
480000 32.1
485000 301.9
490000 306.7
495000 303.3
500000 298.7
505000 399.2
510000 14.6
515000 285.2
520000 267.4
525000 129.1
530000 175.5
535000 185.9
540000 333.8
545000 193.9
550000 302.3
555000 194.8
560000 130.9
565000 103.0
570000 383.1
575000 301.9
580000 105.3
585000 235.6
590000 203.5
595000 202.8
600000 76.3
605000 21.3
610000 116.4
615000 202.9
620000 247.8
625000 154.4
630000 124.6
635000 448.9
640000 77.9
645000 212.2
650000 307.8
655000 272.5
660000 212.5
665000 457.1
670000 107.3
675000 23.3
680000 24.9
685000 305.3
690000 271.5
695000 180.8
700000 313.5
705000 86.2
710000 238.0
715000 312.2
720000 138.4
725000 257.1
730000 305.9
735000 262.9
740000 188.4
745000 112.3
750000 145.3
755000 230.6
760000 389.4
765000 120.3
770000 303.9
775000 209.4
780000 367.7
785000 109.0
790000 273.6
795000 207.1
800000 306.9
805000 314.0
810000 169.4
815000 440.7
820000 109.5
825000 47.5
830000 588.7
835000 253.9
840000 379.1
845000 476.2
850000 435.7
855000 13.9
860000 298.8
865000 468.8
870000 151.0
875000 351.4
880000 106.6
885000 262.8
890000 138.6
895000 225.4
900000 206.4
905000 185.3
910000 275.6
915000 260.4
920000 114.3
925000 117.6
930000 289.9
935000 308.2
940000 293.5
945000 477.5
950000 199.1
955000 154.6
960000 245.5
965000 213.6
970000 95.7
975000 166.5
980000 241.5
985000 233.5
990000 153.8
995000 446.7
1000000 332.7
1005000 16.3
1010000 303.1
1015000 140.8
1020000 395.2
1025000 302.8
1030000 218.4
1035000 190.7
1040000 391.4
1045000 479.4
1050000 391.1
1055000 298.0
1060000 497.0
1065000 106.1
1070000 548.1
1075000 366.1
1080000 211.5
1085000 197.8
1090000 690.6
1095000 187.8
1100000 288.8
1105000 491.5
1110000 359.8
1115000 205.9
1120000 385.9
1125000 480.5
1130000 454.1
1135000 349.8
1140000 174.6
1145000 269.6
1150000 235.3
1155000 157.9
1160000 115.3
1165000 424.7
1170000 410.2
1175000 368.7
1180000 107.8
1185000 291.3
1190000 485.6
1195000 396.3
1200000 130.1
1205000 279.4
1210000 183.3
1215000 474.0
1220000 396.0
1225000 355.3
1230000 361.7
1235000 148.8
1240000 202.6
1245000 241.9
1250000 479.4
1255000 461.5
1260000 500.4
1265000 433.2
1270000 359.1
1275000 297.3
1280000 453.1
1285000 301.8
1290000 129.1
1295000 496.6
1300000 206.9
1305000 152.7
1310000 382.7
1315000 207.2
1320000 306.7
1325000 554.4
1330000 286.9
1335000 351.2
1340000 109.8
1345000 376.9
1350000 292.3
1355000 289.8
1360000 207.8
1365000 118.8
1370000 286.8
1375000 199.1
1380000 159.5
1385000 434.6
1390000 276.6
1395000 173.3
1400000 196.8
1405000 162.1
1410000 402.5
1415000 271.1
1420000 358.9
1425000 437.5
1430000 266.1
1435000 17.2
1440000 161.8
1445000 356.2
1450000 363.5
1455000 166.9
1460000 371.5
1465000 236.8
1470000 350.8
1475000 305.5
1480000 147.6
1485000 381.8
1490000 80.3
1495000 115.8
1500000 213.9
1505000 104.7
1510000 207.2
1515000 458.6
1520000 307.7
1525000 385.1
1530000 270.3
1535000 183.5
1540000 208.2
1545000 234.0
1550000 199.9
1555000 257.2
1560000 395.9
1565000 180.1
1570000 81.8
1575000 440.2
1580000 272.2
1585000 292.8
1590000 300.9
1595000 328.3
1600000 209.7
1605000 192.2
1610000 287.0
1615000 229.4
1620000 408.7
1625000 379.1
1630000 105.1
1635000 356.1
1640000 295.1
1645000 180.0
1650000 209.8
1655000 550.1
1660000 15.1
1665000 309.6
1670000 288.6
1675000 257.4
1680000 221.2
1685000 215.8
1690000 435.9
1695000 269.9
1700000 81.0
1705000 209.6
1710000 245.5
1715000 491.9
1720000 241.3
1725000 394.4
1730000 275.5
1735000 395.9
1740000 140.5
1745000 285.9
1750000 386.1
1755000 368.6
1760000 339.9
1765000 196.5
1770000 170.0
1775000 410.2
1780000 295.9
1785000 577.8
1790000 14.2
1795000 416.8
1800000 529.3
1805000 357.9
1810000 476.4
1815000 303.7
1820000 359.1
1825000 113.6
1830000 308.7
1835000 374.1
1840000 455.4
1845000 239.7
1850000 212.8
1855000 354.1
1860000 373.6
1865000 204.4
1870000 211.0
1875000 200.0
1880000 197.5
1885000 30.3
1890000 125.1
1895000 317.6
1900000 268.6
1905000 377.0
1910000 210.2
1915000 466.4
1920000 467.3
1925000 383.7
1930000 72.1
1935000 135.8
1940000 584.5
1945000 272.6
1950000 358.0
1955000 113.0
1960000 445.9
1965000 113.1
1970000 356.9
1975000 272.9
1980000 320.4
1985000 305.8
1990000 473.5
1995000 535.2
2000000 272.4
