5000 138.7
10000 103.7
15000 130.6
20000 246.9
25000 220.3
30000 243.5
35000 305.8
40000 169.3
45000 91.3
50000 14.2
55000 198.6
60000 149.7
65000 227.1
70000 104.8
75000 150.6
80000 133.9
85000 259.8
90000 95.6
95000 213.9
100000 147.5
105000 117.3
110000 43.8
115000 177.5
120000 108.8
125000 123.3
130000 252.6
135000 13.0
140000 207.1
145000 121.2
150000 29.9
155000 57.2
160000 34.6
165000 139.2
170000 175.1
175000 198.8
180000 14.8
185000 132.2
190000 223.1
195000 228.9
200000 123.0
205000 191.8
210000 115.8
215000 341.3
220000 300.3
225000 241.1
230000 196.8
235000 391.0
240000 330.1
245000 93.6
250000 126.9
255000 124.1
260000 96.2
265000 305.1
270000 77.0
275000 48.9
280000 177.3
285000 111.3
290000 14.3
295000 292.3
300000 154.5
305000 182.9
310000 418.0
315000 410.6
320000 112.2
325000 112.1
330000 320.4
335000 397.7
340000 528.7
345000 207.4
350000 201.7
355000 362.7
360000 88.0
365000 203.7
370000 198.7
375000 273.1
380000 168.0
385000 102.8
390000 20.7
395000 315.0
400000 153.1
405000 18.8
410000 307.3
415000 182.2
420000 294.8
425000 116.3
430000 160.4
435000 122.2
440000 242.4
445000 273.0
450000 169.9
455000 392.7
460000 511.5
465000 105.7
470000 108.4
475000 397.1
480000 368.4
485000 24.1
490000 204.2
495000 173.0
500000 171.9
505000 421.8
510000 338.6
515000 205.5
520000 319.5
525000 211.7
530000 283.3
535000 114.6
540000 47.0
545000 107.6
550000 120.8
555000 299.1
560000 223.6
565000 244.8
570000 218.3
575000 287.5
580000 235.1
585000 115.2
590000 33.5
595000 200.0
600000 244.3
605000 109.4
610000 47.6
615000 216.6
620000 161.0
625000 305.0
630000 275.0
635000 110.8
640000 298.5
645000 171.7
650000 314.8
655000 124.6
660000 283.2
665000 324.9
670000 248.6
675000 154.3
680000 102.9
685000 208.6
690000 192.2
695000 243.3
700000 481.9
705000 51.1
710000 186.3
715000 287.0
720000 125.6
725000 363.0
730000 289.0
735000 21.5
740000 388.9
745000 500.0
750000 21.8
755000 373.8
760000 209.5
765000 35.6
770000 351.7
775000 132.7
780000 297.8
785000 104.2
790000 10.1
795000 310.5
800000 317.6
805000 452.4
810000 117.9
815000 296.5
820000 288.5
825000 287.1
830000 562.3
835000 304.6
840000 398.4
845000 109.1
850000 361.8
855000 207.1
860000 203.8
865000 401.6
870000 120.0
875000 215.3
880000 269.3
885000 215.7
890000 113.7
895000 316.1
900000 97.1
905000 37.6
910000 268.5
915000 115.7
920000 263.4
925000 119.7
930000 191.0
935000 278.7
940000 462.8
945000 380.9
950000 124.6
955000 458.9
960000 308.9
965000 384.7
970000 112.1
975000 309.6
980000 290.4
985000 196.1
990000 140.8
995000 301.7
1000000 23.2
1005000 599.6
1010000 188.8
1015000 491.5
1020000 203.2
1025000 213.6
1030000 212.4
1035000 177.9
1040000 190.2
1045000 281.6
1050000 472.6
1055000 45.9
1060000 188.4
1065000 209.0
1070000 267.7
1075000 122.4
1080000 267.3
1085000 232.9
1090000 189.8
1095000 368.0
1100000 253.2
1105000 93.7
1110000 110.9
1115000 113.4
1120000 265.4
1125000 195.6
1130000 189.1
1135000 415.1
1140000 470.9
1145000 278.9
1150000 393.4
1155000 306.9
1160000 650.7
1165000 117.0
1170000 208.1
1175000 322.6
1180000 291.3
1185000 273.4
1190000 18.3
1195000 300.3
1200000 300.3
1205000 249.8
1210000 333.5
1215000 73.7
1220000 106.0
1225000 252.7
1230000 255.5
1235000 240.3
1240000 220.4
1245000 198.0
1250000 515.7
1255000 345.2
1260000 179.9
1265000 146.6
1270000 238.5
1275000 113.7
1280000 435.8
1285000 212.5
1290000 201.2
1295000 110.1
1300000 254.9
1305000 384.7
1310000 340.5
1315000 301.4
1320000 268.0
1325000 305.9
1330000 108.4
1335000 183.2
1340000 139.7
1345000 25.1
1350000 199.5
1355000 242.4
1360000 382.1
1365000 204.4
1370000 297.1
1375000 499.3
1380000 206.1
1385000 249.5
1390000 484.0
1395000 297.8
1400000 297.2
1405000 503.5
1410000 320.5
1415000 312.8
1420000 92.9
1425000 182.2
1430000 203.2
1435000 210.2
1440000 336.1
1445000 281.4
1450000 363.1
1455000 467.0
1460000 426.9
1465000 250.4
1470000 293.3
1475000 259.0
1480000 208.5
1485000 83.4
1490000 248.8
1495000 177.9
1500000 361.3
1505000 389.3
1510000 515.2
1515000 318.0
1520000 510.9
1525000 191.5
1530000 287.4
1535000 205.9
1540000 285.3
1545000 110.0
1550000 201.7
1555000 107.6
1560000 93.4
1565000 276.6
1570000 364.5
1575000 216.6
1580000 323.1
1585000 302.9
1590000 446.7
1595000 405.7
1600000 142.9
1605000 372.7
1610000 392.4
1615000 306.4
1620000 111.2
1625000 204.3
1630000 238.4
1635000 109.4
1640000 375.9
1645000 96.1
1650000 24.7
1655000 263.0
1660000 456.6
1665000 234.4
1670000 344.8
1675000 266.4
1680000 285.6
1685000 198.1
1690000 329.1
1695000 174.7
1700000 305.2
1705000 187.1
1710000 255.4
1715000 246.4
1720000 398.6
1725000 406.4
1730000 111.1
1735000 269.5
1740000 354.0
1745000 344.3
1750000 202.5
1755000 399.0
1760000 295.1
1765000 262.7
1770000 194.1
1775000 284.2
1780000 246.9
1785000 225.8
1790000 278.2
1795000 373.1
1800000 475.3
1805000 160.3
1810000 506.5
1815000 194.8
1820000 197.3
1825000 401.3
1830000 342.2
1835000 531.6
1840000 305.2
1845000 287.4
1850000 293.1
1855000 370.5
1860000 206.8
1865000 252.4
1870000 363.6
1875000 310.8
1880000 190.1
1885000 324.4
1890000 430.7
1895000 221.8
1900000 315.5
1905000 205.8
1910000 395.4
1915000 308.6
1920000 204.8
1925000 493.2
1930000 16.7
1935000 237.8
1940000 329.3
1945000 393.0
1950000 352.9
1955000 105.7
1960000 361.8
1965000 187.6
1970000 280.0
1975000 229.1
1980000 186.3
1985000 352.1
1990000 117.2
1995000 312.9
2000000 449.1
