5000 206.9
10000 133.8
15000 340.3
20000 144.6
25000 68.0
30000 53.7
35000 80.1
40000 139.4
45000 318.8
50000 182.0
55000 110.2
60000 245.0
65000 125.0
70000 63.7
75000 466.9
80000 329.4
85000 247.2
90000 23.8
95000 101.8
100000 160.8
105000 19.3
110000 31.5
115000 162.0
120000 94.4
125000 284.5
130000 37.4
135000 132.3
140000 83.9
145000 116.1
150000 205.9
155000 142.4
160000 277.4
165000 175.8
170000 72.0
175000 173.7
180000 174.1
185000 155.9
190000 301.2
195000 237.9
200000 346.6
205000 111.8
210000 114.1
215000 221.9
220000 114.9
225000 102.5
230000 11.6
235000 255.5
240000 219.9
245000 297.8
250000 306.0
255000 165.2
260000 209.3
265000 461.8
270000 242.6
275000 148.2
280000 104.6
285000 34.9
290000 164.1
295000 295.7
300000 132.6
305000 285.5
310000 300.5
315000 188.1
320000 77.2
325000 63.8
330000 254.2
335000 115.8
340000 115.6
345000 31.0
350000 203.8
355000 245.3
360000 294.6
365000 250.7
370000 413.0
375000 353.4
380000 162.6
385000 93.6
390000 126.4
395000 155.4
400000 187.4
405000 572.0
410000 208.0
415000 164.0
420000 288.2
425000 110.0
430000 269.3
435000 359.4
440000 290.8
445000 14.1
450000 287.6
455000 60.0
460000 211.2
465000 86.1
470000 41.6
475000 116.8
480000 242.5
485000 229.9
490000 294.7
495000 231.8
500000 275.9
505000 327.0
510000 203.6
515000 43.8
520000 122.0
525000 209.5
530000 143.5
535000 375.0
540000 252.9
545000 216.7
550000 275.0
555000 306.6
560000 162.1
565000 158.8
570000 141.4
575000 113.3
580000 297.4
585000 113.2
590000 177.8
595000 44.3
600000 20.0
605000 161.4
610000 200.2
615000 123.7
620000 284.4
625000 192.6
630000 270.3
635000 199.8
640000 164.7
645000 182.6
650000 220.6
655000 360.7
660000 378.2
665000 193.9
670000 439.2
675000 314.8
680000 479.4
685000 488.5
690000 194.4
695000 62.4
700000 307.6
705000 357.1
710000 193.0
715000 168.3
720000 180.7
725000 292.5
730000 270.0
735000 209.0
740000 36.3
745000 330.5
750000 305.2
755000 28.5
760000 372.6
765000 341.3
770000 397.6
775000 391.3
780000 208.8
785000 148.0
790000 202.6
795000 247.4
800000 160.1
805000 189.1
810000 156.0
815000 309.6
820000 317.9
825000 456.4
830000 119.1
835000 176.7
840000 380.7
845000 404.9
850000 219.1
855000 348.5
860000 298.4
865000 107.7
870000 120.6
875000 317.6
880000 20.3
885000 358.3
890000 153.4
895000 110.9
900000 290.8
905000 131.9
910000 304.7
915000 211.3
920000 397.6
925000 220.4
930000 112.2
935000 329.2
940000 298.4
945000 304.0
950000 375.8
955000 262.1
960000 204.2
965000 301.8
970000 226.2
975000 480.8
980000 456.9
985000 16.8
990000 309.1
995000 446.1
1000000 363.2
1005000 323.4
1010000 152.7
1015000 263.0
1020000 293.7
1025000 309.9
1030000 232.0
1035000 152.9
1040000 158.5
1045000 57.3
1050000 203.7
1055000 496.9
1060000 305.5
1065000 689.2
1070000 112.3
1075000 453.6
1080000 227.9
1085000 16.6
1090000 118.9
1095000 366.1
1100000 275.7
1105000 26.5
1110000 225.8
1115000 104.6
1120000 30.3
1125000 379.0
1130000 111.7
1135000 181.5
1140000 109.2
1145000 282.8
1150000 128.3
1155000 306.7
1160000 128.0
1165000 124.4
1170000 295.7
1175000 218.4
1180000 165.7
1185000 200.0
1190000 299.4
1195000 306.2
1200000 106.3
1205000 334.6
1210000 427.0
1215000 422.8
1220000 44.4
1225000 175.9
1230000 492.9
1235000 223.9
1240000 236.7
1245000 131.9
1250000 65.2
1255000 172.1
1260000 273.8
1265000 250.7
1270000 77.2
1275000 205.6
1280000 483.0
1285000 481.7
1290000 290.0
1295000 374.8
1300000 440.2
1305000 305.7
1310000 292.0
1315000 300.5
1320000 461.2
1325000 199.8
1330000 299.5
1335000 253.1
1340000 271.9
1345000 306.2
1350000 207.2
1355000 187.0
1360000 192.8
1365000 191.8
1370000 141.8
1375000 191.7
1380000 271.3
1385000 151.8
1390000 211.5
1395000 264.7
1400000 317.1
1405000 289.9
1410000 364.7
1415000 343.8
1420000 341.9
1425000 310.2
1430000 398.0
1435000 203.3
1440000 305.8
1445000 441.0
1450000 459.9
1455000 280.9
1460000 292.7
1465000 297.4
1470000 234.1
1475000 413.8
1480000 349.5
1485000 303.2
1490000 371.7
1495000 368.3
1500000 310.4
1505000 197.6
1510000 422.7
1515000 291.9
1520000 455.7
1525000 374.6
1530000 178.4
1535000 211.4
1540000 220.4
1545000 447.2
1550000 184.5
1555000 199.4
1560000 124.9
1565000 550.9
1570000 14.2
1575000 343.4
1580000 108.1
1585000 280.9
1590000 156.1
1595000 213.9
1600000 346.0
1605000 203.6
1610000 409.3
1615000 107.1
1620000 336.4
1625000 375.1
1630000 486.0
1635000 270.0
1640000 189.7
1645000 282.9
1650000 285.2
1655000 274.9
1660000 193.3
1665000 139.5
1670000 402.2
1675000 266.6
1680000 332.5
1685000 162.9
1690000 196.1
1695000 281.2
1700000 468.3
1705000 515.2
1710000 414.5
1715000 206.0
1720000 15.6
1725000 22.5
1730000 452.9
1735000 202.0
1740000 347.5
1745000 113.0
1750000 323.3
1755000 100.5
1760000 266.7
1765000 394.4
1770000 392.0
1775000 397.2
1780000 198.8
1785000 322.3
1790000 456.4
1795000 107.8
1800000 281.9
1805000 212.3
1810000 167.3
1815000 203.2
1820000 496.5
1825000 301.5
1830000 397.5
1835000 175.9
1840000 402.2
1845000 423.5
1850000 291.4
1855000 453.1
1860000 497.5
1865000 253.9
1870000 195.5
1875000 337.6
1880000 169.9
1885000 294.7
1890000 293.5
1895000 300.7
1900000 108.3
1905000 47.7
1910000 493.6
1915000 233.5
1920000 196.2
1925000 296.9
1930000 106.4
1935000 367.4
1940000 462.3
1945000 351.1
1950000 332.5
1955000 297.7
1960000 308.7
1965000 199.9
1970000 107.2
1975000 208.4
1980000 93.4
1985000 201.9
1990000 110.4
1995000 121.9
2000000 280.3
