5000 15.1
10000 90.7
15000 247.9
20000 255.4
25000 286.9
30000 315.1
35000 356.8
40000 222.9
45000 168.6
50000 381.4
55000 89.8
60000 172.0
65000 85.3
70000 15.3
75000 56.5
80000 70.7
85000 323.9
90000 96.5
95000 179.8
100000 108.7
105000 128.8
110000 135.3
115000 58.2
120000 153.4
125000 130.4
130000 144.1
135000 179.9
140000 187.7
145000 401.0
150000 20.7
155000 18.9
160000 238.1
165000 198.8
170000 209.3
175000 199.2
180000 405.2
185000 309.2
190000 142.6
195000 172.1
200000 127.4
205000 152.5
210000 332.7
215000 138.2
220000 40.8
225000 139.0
230000 125.9
235000 109.8
240000 293.9
245000 264.9
250000 358.2
255000 177.2
260000 151.7
265000 169.8
270000 96.8
275000 242.2
280000 119.9
285000 192.4
290000 165.7
295000 216.2
300000 335.4
305000 339.8
310000 138.9
315000 203.8
320000 318.9
325000 241.8
330000 47.9
335000 238.4
340000 324.9
345000 547.8
350000 208.2
355000 178.4
360000 144.3
365000 227.7
370000 204.8
375000 116.3
380000 277.4
385000 194.0
390000 105.6
395000 304.1
400000 199.9
405000 209.3
410000 192.9
415000 18.1
420000 277.1
425000 115.2
430000 191.7
435000 229.7
440000 313.4
445000 319.2
450000 257.5
455000 177.1
460000 240.2
465000 372.4
470000 177.3
475000 114.7
480000 17.1
485000 105.1
490000 235.1
495000 188.2
500000 215.6
505000 211.9
510000 157.2
515000 356.0
520000 209.1
525000 558.7
530000 197.7
535000 215.1
540000 130.8
545000 170.9
550000 183.6
555000 370.0
560000 326.5
565000 20.5
570000 292.2
575000 208.0
580000 199.1
585000 220.3
590000 238.6
595000 410.2
600000 355.5
605000 10.4
610000 249.0
615000 311.6
620000 195.8
625000 154.6
630000 26.9
635000 113.6
640000 198.7
645000 487.1
650000 352.2
655000 307.7
660000 212.6
665000 270.6
670000 337.3
675000 340.8
680000 129.2
685000 272.4
690000 130.2
695000 385.1
700000 119.1
705000 336.0
710000 79.9
715000 376.8
720000 110.0
725000 311.5
730000 184.3
735000 453.3
740000 211.0
745000 137.4
750000 188.2
755000 293.3
760000 132.4
765000 306.9
770000 373.5
775000 399.2
780000 279.5
785000 491.1
790000 364.9
795000 608.0
800000 576.3
805000 407.2
810000 225.0
815000 325.1
820000 210.7
825000 410.5
830000 222.4
835000 365.8
840000 212.7
845000 221.3
850000 119.7
855000 266.0
860000 110.9
865000 301.0
870000 477.7
875000 190.8
880000 221.6
885000 342.2
890000 352.5
895000 202.3
900000 202.7
905000 287.3
910000 113.5
915000 385.6
920000 659.2
925000 512.9
930000 117.1
935000 385.7
940000 204.6
945000 120.1
950000 513.5
955000 399.4
960000 193.6
965000 294.5
970000 300.8
975000 24.6
980000 391.9
985000 368.2
990000 342.2
995000 283.5
1000000 212.9
1005000 228.1
1010000 155.1
1015000 10.0
1020000 312.0
1025000 408.8
1030000 120.0
1035000 281.4
1040000 98.6
1045000 199.9
1050000 397.4
1055000 224.1
1060000 445.6
1065000 212.9
1070000 133.7
1075000 358.5
1080000 285.9
1085000 435.5
1090000 18.0
1095000 109.2
1100000 165.6
1105000 272.2
1110000 117.6
1115000 25.5
1120000 117.1
1125000 19.2
1130000 302.4
1135000 379.4
1140000 298.2
1145000 268.5
1150000 432.2
1155000 207.9
1160000 423.6
1165000 9.7
1170000 325.2
1175000 508.4
1180000 110.3
1185000 58.8
1190000 296.0
1195000 348.6
1200000 280.7
1205000 372.8
1210000 172.2
1215000 338.7
1220000 167.6
1225000 28.7
1230000 376.2
1235000 88.1
1240000 207.4
1245000 400.1
1250000 396.5
1255000 53.9
1260000 441.9
1265000 115.9
1270000 209.9
1275000 190.7
1280000 308.1
1285000 283.9
1290000 424.6
1295000 131.3
1300000 121.6
1305000 350.5
1310000 396.9
1315000 307.1
1320000 13.6
1325000 205.9
1330000 199.3
1335000 196.9
1340000 285.8
1345000 275.0
1350000 265.1
1355000 354.6
1360000 201.6
1365000 212.4
1370000 187.3
1375000 473.6
1380000 92.3
1385000 114.2
1390000 188.7
1395000 220.7
1400000 201.8
1405000 497.8
1410000 25.9
1415000 335.7
1420000 109.7
1425000 294.8
1430000 295.0
1435000 207.0
1440000 197.1
1445000 387.2
1450000 209.6
1455000 153.3
1460000 126.7
1465000 150.5
1470000 220.3
1475000 112.2
1480000 151.1
1485000 13.7
1490000 297.9
1495000 687.8
1500000 463.9
1505000 305.4
1510000 205.3
1515000 442.4
1520000 86.2
1525000 290.4
1530000 12.9
1535000 301.0
1540000 204.4
1545000 553.8
1550000 301.0
1555000 244.4
1560000 230.1
1565000 168.4
1570000 334.6
1575000 247.6
1580000 341.4
1585000 293.9
1590000 203.1
1595000 168.3
1600000 192.8
1605000 111.0
1610000 260.3
1615000 204.4
1620000 153.4
1625000 312.0
1630000 366.7
1635000 155.4
1640000 358.4
1645000 114.1
1650000 389.2
1655000 268.7
1660000 380.3
1665000 478.3
1670000 122.0
1675000 238.6
1680000 155.6
1685000 136.1
1690000 422.3
1695000 209.5
1700000 250.0
1705000 482.1
1710000 414.7
1715000 352.2
1720000 21.5
1725000 610.1
1730000 195.9
1735000 439.9
1740000 107.8
1745000 265.0
1750000 469.1
1755000 369.6
1760000 297.2
1765000 353.8
1770000 306.9
1775000 485.5
1780000 271.3
1785000 17.5
1790000 158.4
1795000 414.6
1800000 462.6
1805000 244.0
1810000 360.0
1815000 507.7
1820000 138.5
1825000 107.2
1830000 370.4
1835000 224.6
1840000 381.6
1845000 315.6
1850000 161.8
1855000 359.2
1860000 179.0
1865000 501.7
1870000 184.5
1875000 111.2
1880000 122.3
1885000 593.0
1890000 418.2
1895000 411.9
1900000 264.8
1905000 255.3
1910000 406.0
1915000 503.9
1920000 195.7
1925000 411.6
1930000 179.9
1935000 30.2
1940000 203.4
1945000 437.4
1950000 201.1
1955000 206.9
1960000 73.2
1965000 215.9
1970000 194.6
1975000 184.6
1980000 286.4
1985000 303.1
1990000 245.3
1995000 305.1
2000000 302.3
