5000 79.6
10000 135.4
15000 379.6
20000 131.0
25000 126.5
30000 235.1
35000 262.4
40000 126.8
45000 151.3
50000 131.1
55000 174.5
60000 222.5
65000 118.2
70000 146.3
75000 156.3
80000 353.7
85000 70.2
90000 201.0
95000 206.3
100000 217.4
105000 247.3
110000 114.8
115000 106.9
120000 207.7
125000 250.7
130000 168.8
135000 196.0
140000 140.3
145000 12.9
150000 21.4
155000 175.7
160000 213.4
165000 73.9
170000 216.5
175000 91.9
180000 202.6
185000 109.5
190000 283.9
195000 216.2
200000 148.9
205000 151.7
210000 38.1
215000 141.9
220000 37.2
225000 266.7
230000 436.6
235000 156.2
240000 212.0
245000 298.3
250000 271.7
255000 111.9
260000 240.9
265000 107.5
270000 220.2
275000 219.7
280000 250.1
285000 284.2
290000 616.9
295000 101.2
300000 264.4
305000 116.1
310000 257.0
315000 94.8
320000 220.1
325000 197.0
330000 109.6
335000 98.2
340000 172.0
345000 92.9
350000 239.5
355000 301.3
360000 202.9
365000 124.1
370000 300.0
375000 437.8
380000 285.3
385000 117.2
390000 156.1
395000 283.2
400000 242.1
405000 274.0
410000 184.9
415000 190.4
420000 108.1
425000 431.5
430000 271.2
435000 184.4
440000 107.1
445000 244.9
450000 179.2
455000 486.7
460000 178.7
465000 364.0
470000 243.7
475000 240.5
480000 238.2
485000 437.7
490000 214.5
495000 294.9
500000 320.5
505000 291.3
510000 223.6
515000 454.4
520000 114.9
525000 382.4
530000 205.0
535000 62.7
540000 488.9
545000 330.4
550000 233.9
555000 147.7
560000 342.8
565000 208.8
570000 169.0
575000 225.1
580000 135.4
585000 139.6
590000 255.3
595000 394.8
600000 352.4
605000 271.1
610000 139.4
615000 242.7
620000 111.2
625000 21.0
630000 148.0
635000 216.4
640000 206.4
645000 205.0
650000 249.4
655000 402.0
660000 309.7
665000 340.1
670000 386.7
675000 174.4
680000 287.2
685000 294.1
690000 195.4
695000 377.4
700000 248.8
705000 110.1
710000 474.3
715000 142.6
720000 274.6
725000 458.3
730000 401.0
735000 192.6
740000 286.5
745000 215.1
750000 225.0
755000 121.1
760000 204.7
765000 167.8
770000 448.1
775000 184.8
780000 348.2
785000 392.9
790000 362.0
795000 282.4
800000 385.8
805000 334.2
810000 274.6
815000 289.0
820000 337.5
825000 286.8
830000 281.7
835000 206.7
840000 428.3
845000 184.7
850000 207.1
855000 108.4
860000 381.1
865000 111.1
870000 208.5
875000 424.9
880000 638.0
885000 288.9
890000 101.5
895000 103.9
900000 394.2
905000 321.1
910000 304.5
915000 379.8
920000 306.6
925000 308.7
930000 209.0
935000 172.4
940000 105.0
945000 170.8
950000 405.3
955000 199.3
960000 384.9
965000 185.3
970000 318.3
975000 337.2
980000 157.0
985000 335.8
990000 148.8
995000 300.1
1000000 141.1
1005000 264.4
1010000 205.4
1015000 383.5
1020000 345.3
1025000 96.8
1030000 111.4
1035000 181.4
1040000 214.6
1045000 320.2
1050000 225.7
1055000 290.7
1060000 319.0
1065000 284.0
1070000 275.1
1075000 215.8
1080000 366.6
1085000 156.4
1090000 415.6
1095000 240.0
1100000 89.5
1105000 306.8
1110000 457.8
1115000 393.6
1120000 189.9
1125000 194.0
1130000 444.4
1135000 188.6
1140000 266.4
1145000 407.0
1150000 479.6
1155000 65.2
1160000 275.1
1165000 335.5
1170000 300.2
1175000 252.5
1180000 287.2
1185000 181.9
1190000 392.2
1195000 436.3
1200000 277.2
1205000 145.6
1210000 398.7
1215000 111.6
1220000 328.3
1225000 303.2
1230000 182.8
1235000 205.3
1240000 208.1
1245000 195.5
1250000 214.6
1255000 173.9
1260000 10.8
1265000 303.6
1270000 156.2
1275000 367.4
1280000 335.7
1285000 205.6
1290000 202.5
1295000 246.4
1300000 141.2
1305000 74.8
1310000 506.2
1315000 284.6
1320000 636.3
1325000 377.7
1330000 165.1
1335000 189.4
1340000 102.4
1345000 207.3
1350000 130.6
1355000 270.1
1360000 387.7
1365000 268.5
1370000 436.6
1375000 351.3
1380000 386.3
1385000 291.4
1390000 11.0
1395000 212.8
1400000 14.7
1405000 104.4
1410000 488.5
1415000 21.2
1420000 303.6
1425000 291.7
1430000 133.0
1435000 305.6
1440000 281.9
1445000 348.4
1450000 399.0
1455000 478.6
1460000 455.6
1465000 413.1
1470000 10.2
1475000 142.8
1480000 291.8
1485000 523.0
1490000 325.6
1495000 282.4
1500000 234.5
1505000 118.4
1510000 210.5
1515000 48.3
1520000 299.6
1525000 305.8
1530000 386.9
1535000 322.1
1540000 305.6
1545000 304.3
1550000 205.5
1555000 285.3
1560000 188.4
1565000 386.5
1570000 561.4
1575000 423.5
1580000 9.7
1585000 399.4
1590000 68.0
1595000 343.6
1600000 376.7
1605000 377.6
1610000 238.1
1615000 211.2
1620000 162.2
1625000 301.1
1630000 203.5
1635000 192.0
1640000 491.4
1645000 254.7
1650000 161.5
1655000 399.0
1660000 431.5
1665000 383.7
1670000 107.2
1675000 208.7
1680000 401.6
1685000 243.3
1690000 125.3
1695000 118.7
1700000 445.4
1705000 370.8
1710000 111.6
1715000 114.0
1720000 348.4
1725000 95.3
1730000 318.7
1735000 193.5
1740000 245.4
1745000 261.9
1750000 43.7
1755000 201.6
1760000 196.7
1765000 216.4
1770000 363.0
1775000 355.8
1780000 16.6
1785000 389.9
1790000 377.5
1795000 398.8
1800000 531.3
1805000 378.2
1810000 121.2
1815000 370.1
1820000 491.7
1825000 475.1
1830000 544.9
1835000 80.1
1840000 220.3
1845000 193.4
1850000 222.6
1855000 135.8
1860000 299.7
1865000 209.6
1870000 118.0
1875000 373.7
1880000 250.9
1885000 96.1
1890000 174.1
1895000 175.6
1900000 363.9
1905000 231.6
1910000 392.4
1915000 350.8
1920000 228.1
1925000 88.7
1930000 262.9
1935000 675.2
1940000 495.4
1945000 451.8
1950000 604.1
1955000 187.3
1960000 255.1
1965000 360.3
1970000 173.1
1975000 488.1
1980000 260.0
1985000 585.1
1990000 191.6
1995000 267.6
2000000 513.7
