5000 215.7
10000 220.3
15000 38.0
20000 257.7
25000 67.2
30000 175.9
35000 55.1
40000 223.3
45000 16.1
50000 123.4
55000 160.2
60000 144.8
65000 188.7
70000 141.5
75000 144.5
80000 25.9
85000 58.1
90000 179.1
95000 18.6
100000 215.8
105000 144.2
110000 64.4
115000 130.6
120000 284.9
125000 51.2
130000 220.3
135000 44.3
140000 80.9
145000 268.7
150000 479.9
155000 109.2
160000 66.0
165000 100.4
170000 249.9
175000 161.1
180000 121.2
185000 381.4
190000 88.3
195000 277.4
200000 263.9
205000 343.4
210000 174.0
215000 155.3
220000 131.4
225000 290.0
230000 342.9
235000 260.4
240000 181.5
245000 258.5
250000 55.3
255000 236.2
260000 90.1
265000 110.6
270000 373.7
275000 284.4
280000 397.9
285000 62.9
290000 140.4
295000 163.2
300000 297.9
305000 147.5
310000 225.9
315000 283.1
320000 196.9
325000 171.9
330000 12.7
335000 210.2
340000 206.2
345000 302.7
350000 185.6
355000 153.0
360000 242.5
365000 358.1
370000 247.8
375000 230.5
380000 65.3
385000 478.1
390000 211.7
395000 117.4
400000 232.6
405000 366.2
410000 221.5
415000 158.5
420000 245.0
425000 99.0
430000 234.0
435000 51.0
440000 286.5
445000 413.7
450000 211.5
455000 301.6
460000 410.9
465000 378.3
470000 305.1
475000 195.4
480000 263.6
485000 237.3
490000 52.3
495000 209.5
500000 111.5
505000 195.0
510000 489.5
515000 212.5
520000 123.5
525000 389.5
530000 330.9
535000 457.6
540000 105.9
545000 226.6
550000 201.6
555000 188.7
560000 194.4
565000 260.8
570000 49.1
575000 316.1
580000 219.6
585000 143.6
590000 274.8
595000 176.2
600000 245.5
605000 241.5
610000 187.9
615000 32.1
620000 200.1
625000 170.6
630000 109.0
635000 115.7
640000 198.9
645000 669.1
650000 151.5
655000 308.6
660000 89.3
665000 256.6
670000 380.0
675000 271.6
680000 357.1
685000 116.6
690000 231.2
695000 99.0
700000 368.7
705000 341.6
710000 204.6
715000 277.3
720000 157.7
725000 14.8
730000 291.8
735000 30.8
740000 253.6
745000 173.0
750000 10.4
755000 165.0
760000 361.2
765000 272.5
770000 60.4
775000 339.4
780000 269.4
785000 227.2
790000 280.5
795000 369.3
800000 194.4
805000 289.8
810000 270.0
815000 220.5
820000 109.5
825000 184.8
830000 205.0
835000 217.2
840000 359.2
845000 434.3
850000 233.3
855000 268.4
860000 301.1
865000 348.5
870000 401.1
875000 18.8
880000 356.7
885000 556.4
890000 167.6
895000 315.0
900000 377.8
905000 184.5
910000 319.5
915000 267.3
920000 370.3
925000 198.3
930000 223.9
935000 254.3
940000 208.3
945000 412.1
950000 414.8
955000 116.1
960000 397.6
965000 244.6
970000 395.7
975000 202.8
980000 286.5
985000 243.4
990000 78.4
995000 311.1
1000000 325.6
1005000 347.4
1010000 138.3
1015000 180.6
1020000 262.7
1025000 96.1
1030000 93.2
1035000 209.7
1040000 368.3
1045000 79.5
1050000 182.5
1055000 207.9
1060000 434.0
1065000 493.2
1070000 464.6
1075000 301.7
1080000 102.5
1085000 138.8
1090000 89.5
1095000 219.1
1100000 186.6
1105000 325.9
1110000 521.9
1115000 196.4
1120000 295.3
1125000 200.0
1130000 109.0
1135000 204.7
1140000 381.8
1145000 204.1
1150000 104.0
1155000 285.5
1160000 279.7
1165000 214.7
1170000 296.8
1175000 235.1
1180000 214.3
1185000 206.2
1190000 489.8
1195000 486.2
1200000 399.1
1205000 273.3
1210000 338.2
1215000 240.2
1220000 160.8
1225000 410.2
1230000 402.1
1235000 559.3
1240000 111.7
1245000 268.2
1250000 314.2
1255000 111.1
1260000 197.8
1265000 199.9
1270000 402.2
1275000 240.9
1280000 300.0
1285000 310.7
1290000 205.2
1295000 157.6
1300000 287.8
1305000 174.9
1310000 106.6
1315000 346.3
1320000 130.9
1325000 298.9
1330000 574.3
1335000 189.9
1340000 187.4
1345000 442.2
1350000 592.3
1355000 390.5
1360000 323.5
1365000 286.5
1370000 158.5
1375000 111.0
1380000 305.0
1385000 281.2
1390000 397.3
1395000 281.5
1400000 289.2
1405000 304.6
1410000 26.1
1415000 110.4
1420000 200.0
1425000 220.1
1430000 111.5
1435000 347.8
1440000 294.9
1445000 366.6
1450000 199.4
1455000 18.7
1460000 209.2
1465000 106.6
1470000 204.8
1475000 375.5
1480000 430.7
1485000 261.5
1490000 348.1
1495000 547.9
1500000 272.1
1505000 117.1
1510000 274.2
1515000 562.4
1520000 71.2
1525000 384.6
1530000 187.5
1535000 266.1
1540000 230.6
1545000 273.8
1550000 300.3
1555000 194.0
1560000 507.7
1565000 504.1
1570000 261.9
1575000 305.6
1580000 294.7
1585000 365.7
1590000 298.5
1595000 206.7
1600000 18.1
1605000 283.1
1610000 113.2
1615000 337.8
1620000 382.6
1625000 355.4
1630000 430.1
1635000 182.9
1640000 118.8
1645000 410.1
1650000 172.5
1655000 373.6
1660000 367.6
1665000 188.1
1670000 185.9
1675000 360.7
1680000 414.0
1685000 227.1
1690000 228.8
1695000 15.8
1700000 303.9
1705000 130.3
1710000 379.9
1715000 201.1
1720000 242.2
1725000 298.9
1730000 214.4
1735000 277.3
1740000 284.9
1745000 312.7
1750000 113.0
1755000 301.7
1760000 190.8
1765000 169.7
1770000 207.9
1775000 198.8
1780000 381.2
1785000 211.2
1790000 110.8
1795000 382.0
1800000 196.1
1805000 386.1
1810000 111.4
1815000 230.0
1820000 298.4
1825000 360.8
1830000 111.3
1835000 361.1
1840000 321.5
1845000 223.7
1850000 212.9
1855000 419.9
1860000 113.8
1865000 203.7
1870000 453.5
1875000 297.1
1880000 379.3
1885000 343.9
1890000 453.3
1895000 106.8
1900000 335.0
1905000 271.0
1910000 477.3
1915000 368.7
1920000 280.2
1925000 215.1
1930000 215.9
1935000 249.7
1940000 105.2
1945000 209.3
1950000 400.8
1955000 107.8
1960000 540.5
1965000 223.9
1970000 401.1
1975000 308.4
1980000 418.9
1985000 251.1
1990000 309.1
1995000 488.5
2000000 274.5
