10000 0.0
20000 65.2
30000 542.7
40000 700.2
50000 802.5
60000 861.8
70000 848.5
80000 891.1
90000 907.9
100000 917.4
110000 941.6
120000 938.0
130000 949.9
140000 922.2
150000 984.7
160000 980.8
170000 927.9
180000 968.7
190000 989.1
200000 983.9
210000 985.6
220000 987.1
230000 983.3
240000 981.5
250000 982.6
260000 987.5
270000 986.9
280000 984.9
290000 980.5
300000 989.3
310000 982.6
320000 984.8
330000 980.7
340000 985.4
350000 985.4
360000 983.6
370000 983.2
380000 985.6
390000 981.3
400000 981.0
410000 983.2
420000 979.1
430000 987.2
440000 983.9
450000 982.9
460000 987.9
470000 984.9
480000 986.2
490000 987.2
500000 984.5
