10000 0.0
20000 184.8
30000 483.3
40000 678.0
50000 829.8
60000 896.1
70000 827.3
80000 923.3
90000 946.7
100000 900.3
110000 959.6
120000 952.7
130000 933.6
140000 969.3
150000 972.1
160000 942.5
170000 945.1
180000 920.6
190000 928.8
200000 980.0
210000 935.2
220000 970.8
230000 951.5
240000 947.5
250000 941.7
260000 912.6
270000 944.9
280000 948.3
290000 974.7
300000 974.6
310000 954.4
320000 861.5
330000 940.0
340000 973.2
350000 937.9
360000 930.3
370000 928.8
380000 947.1
390000 945.3
400000 917.7
410000 957.8
420000 943.5
430000 931.7
440000 954.8
450000 928.8
460000 940.3
470000 960.8
480000 967.8
490000 975.5
500000 972.1
