10000 4.3
20000 500.4
30000 703.1
40000 771.4
50000 794.3
60000 861.1
70000 895.3
80000 946.2
90000 906.7
100000 924.0
110000 968.1
120000 980.9
130000 977.4
140000 959.3
150000 978.9
160000 980.4
170000 978.8
180000 980.5
190000 979.8
200000 981.5
210000 982.8
220000 978.7
230000 980.8
240000 983.7
250000 978.9
260000 982.6
270000 980.3
280000 982.3
290000 982.8
300000 979.2
310000 982.9
320000 979.4
330000 983.3
340000 981.5
350000 985.5
360000 979.9
370000 979.7
380000 984.9
390000 885.2
400000 983.6
410000 976.2
420000 981.3
430000 973.0
440000 979.5
450000 981.8
460000 981.6
470000 982.4
480000 978.9
490000 976.1
500000 979.0
