10000 315.7
20000 588.2
30000 719.0
40000 824.0
50000 907.7
60000 882.2
70000 916.3
80000 919.2
90000 941.4
100000 930.4
110000 967.5
120000 978.3
130000 978.5
140000 982.6
150000 979.7
160000 980.7
170000 983.9
180000 985.3
190000 980.6
200000 985.5
210000 979.7
220000 984.0
230000 981.3
240000 982.3
250000 980.4
260000 983.2
270000 981.7
280000 981.7
290000 984.0
300000 981.5
310000 980.6
320000 985.6
330000 981.8
340000 982.0
350000 983.6
360000 984.3
370000 987.4
380000 979.1
390000 984.7
400000 982.3
410000 983.0
420000 983.8
430000 982.2
440000 978.6
450000 986.2
460000 981.9
470000 977.6
480000 981.4
490000 984.3
500000 982.9
