10000 0.5
20000 288.0
30000 832.3
40000 857.5
50000 861.0
60000 862.5
70000 860.6
80000 863.4
90000 859.4
100000 926.4
110000 844.6
120000 918.7
130000 980.2
140000 949.8
150000 977.5
160000 979.5
170000 984.8
180000 981.6
190000 986.7
200000 985.7
210000 980.2
220000 973.5
230000 964.9
240000 981.0
250000 920.9
260000 976.6
270000 969.2
280000 959.2
290000 981.1
300000 960.1
310000 965.5
320000 958.9
330000 973.0
340000 978.3
350000 979.4
360000 983.1
370000 965.4
380000 981.0
390000 985.3
400000 981.5
410000 984.8
420000 985.6
430000 981.3
440000 984.6
450000 981.0
460000 983.2
470000 983.9
480000 986.0
490000 985.5
500000 976.8
