10000 1.5
20000 359.3
30000 574.5
40000 731.6
50000 756.8
60000 747.8
70000 808.1
80000 819.0
90000 825.4
100000 871.9
110000 906.1
120000 884.8
130000 909.7
140000 916.6
150000 894.4
160000 880.0
170000 911.8
180000 891.8
190000 912.1
200000 916.7
210000 922.2
220000 919.4
230000 914.3
240000 927.4
250000 935.4
260000 924.9
270000 917.5
280000 925.2
290000 924.4
300000 917.3
310000 923.1
320000 924.5
330000 918.2
340000 957.7
350000 929.9
360000 935.1
370000 929.5
380000 948.8
390000 969.1
400000 933.3
410000 946.6
420000 917.9
430000 926.2
440000 940.5
450000 960.3
460000 934.9
470000 919.8
480000 941.6
490000 926.7
500000 919.7
