10000 49.1
20000 760.4
30000 797.5
40000 829.0
50000 832.2
60000 862.8
70000 870.2
80000 876.4
90000 875.8
100000 951.0
110000 884.7
120000 916.4
130000 978.8
140000 982.2
150000 982.1
160000 981.5
170000 983.4
180000 981.7
190000 983.2
200000 979.1
210000 980.5
220000 971.2
230000 983.2
240000 968.3
250000 974.9
260000 968.1
270000 984.6
280000 962.5
290000 974.3
300000 934.2
310000 972.7
320000 966.4
330000 958.0
340000 971.9
350000 986.8
360000 963.9
370000 985.7
380000 982.4
390000 968.3
400000 985.8
410000 985.7
420000 984.5
430000 984.1
440000 984.9
450000 977.3
460000 987.9
470000 985.4
480000 983.5
490000 982.8
500000 982.9
