10000 0.0
20000 7.4
30000 481.0
40000 800.1
50000 881.2
60000 886.1
70000 929.5
80000 942.3
90000 964.7
100000 968.0
110000 955.1
120000 972.9
130000 979.3
140000 977.7
150000 982.9
160000 981.0
170000 981.1
180000 981.3
190000 983.8
200000 978.3
210000 980.3
220000 979.0
230000 977.6
240000 981.1
250000 982.9
260000 984.2
270000 984.7
280000 977.0
290000 980.8
300000 983.3
310000 982.7
320000 987.0
330000 981.5
340000 981.6
350000 983.3
360000 978.1
370000 980.7
380000 983.8
390000 982.6
400000 982.4
410000 981.2
420000 983.2
430000 985.7
440000 982.0
450000 979.4
460000 983.0
470000 978.6
480000 982.4
490000 978.6
500000 983.1
