10000 100.3
20000 567.5
30000 583.3
40000 603.9
50000 607.3
60000 616.6
70000 617.3
80000 651.0
90000 656.2
100000 631.3
110000 639.3
120000 659.0
130000 657.3
140000 656.3
150000 658.1
160000 657.4
170000 655.1
180000 656.3
190000 655.3
200000 656.0
210000 656.7
220000 658.8
230000 657.8
240000 656.2
250000 659.1
260000 655.9
270000 657.1
280000 655.7
290000 657.9
300000 656.5
310000 657.2
320000 658.3
330000 658.9
340000 655.4
350000 654.8
360000 654.3
370000 656.2
380000 656.4
390000 657.2
400000 657.6
410000 653.7
420000 657.2
430000 658.0
440000 657.1
450000 657.9
460000 656.3
470000 655.7
480000 653.6
490000 656.6
500000 657.0
