10000 5.7
20000 431.3
30000 552.2
40000 581.1
50000 597.2
60000 600.3
70000 613.4
80000 622.1
90000 624.9
100000 630.9
110000 631.2
120000 644.5
130000 606.7
140000 641.9
150000 639.3
160000 650.9
170000 647.4
180000 652.5
190000 658.4
200000 656.4
210000 656.2
220000 657.4
230000 656.3
240000 656.7
250000 653.6
260000 655.7
270000 654.2
280000 653.7
290000 656.9
300000 656.2
310000 655.4
320000 654.8
330000 657.8
340000 658.0
350000 656.7
360000 682.4
370000 980.0
380000 976.8
390000 977.6
400000 979.7
410000 980.4
420000 977.7
430000 979.3
440000 982.6
450000 984.2
460000 985.2
470000 978.5
480000 886.4
490000 984.3
500000 984.2
