5000 0.3
10000 1.3
15000 0.4
20000 0.3
25000 9.6
30000 1.4
35000 1.4
40000 0.4
45000 2.4
50000 2.2
55000 7.8
60000 22.5
65000 0.0
70000 9.0
75000 7.3
80000 1.2
85000 3.1
90000 14.1
95000 7.9
100000 1.4
105000 0.5
110000 0.1
115000 1.9
120000 0.3
125000 24.8
130000 3.0
135000 3.6
140000 4.8
145000 19.4
150000 9.2
155000 0.3
160000 19.2
165000 1.2
170000 1.5
175000 5.2
180000 4.0
185000 0.6
190000 8.8
195000 1.7
200000 7.1
205000 10.1
210000 17.1
215000 4.3
220000 22.1
225000 2.7
230000 8.5
235000 2.2
240000 2.4
245000 7.5
250000 5.5
255000 0.0
260000 3.2
265000 22.8
270000 6.4
275000 1.2
280000 2.1
285000 23.5
290000 0.3
295000 3.5
300000 5.4
305000 2.7
310000 5.1
315000 0.0
320000 3.8
325000 0.1
330000 4.9
335000 0.5
340000 3.9
345000 4.3
350000 5.2
355000 0.0
360000 5.7
365000 2.6
370000 3.6
375000 6.5
380000 9.9
385000 0.3
390000 2.7
395000 1.1
400000 2.7
405000 2.0
410000 0.1
415000 5.0
420000 0.3
425000 0.0
430000 1.5
435000 11.3
440000 16.9
445000 0.5
450000 4.1
455000 4.2
460000 0.1
465000 6.2
470000 0.5
475000 1.9
480000 1.5
485000 6.6
490000 0.2
495000 1.6
500000 5.0
505000 10.0
510000 3.0
515000 5.9
520000 0.0
525000 5.2
530000 6.1
535000 2.1
540000 25.1
545000 1.0
550000 6.0
555000 0.3
560000 0.0
565000 18.2
570000 1.7
575000 3.8
580000 6.6
585000 4.6
590000 0.4
595000 3.2
600000 0.9
605000 0.2
610000 0.8
615000 25.9
620000 10.6
625000 18.1
630000 3.9
635000 0.3
640000 3.2
645000 1.2
650000 12.6
655000 0.1
660000 4.0
665000 1.8
670000 4.1
675000 7.6
680000 0.0
685000 0.0
690000 3.3
695000 13.0
700000 6.7
705000 7.9
710000 12.9
715000 13.7
720000 6.4
725000 8.3
730000 0.0
735000 1.2
740000 9.4
745000 0.0
750000 6.6
755000 3.8
760000 0.3
765000 0.0
770000 2.3
775000 1.6
780000 2.7
785000 0.0
790000 6.6
795000 1.5
800000 6.8
805000 9.7
810000 27.4
815000 8.7
820000 11.1
825000 2.2
830000 3.6
835000 0.0
840000 8.8
845000 0.6
850000 0.7
855000 0.2
860000 0.0
865000 2.9
870000 12.7
875000 1.7
880000 0.4
885000 0.3
890000 1.1
895000 2.3
900000 12.1
905000 1.0
910000 1.3
915000 10.3
920000 18.9
925000 0.2
930000 0.4
935000 4.0
940000 0.6
945000 5.9
950000 2.4
955000 1.5
960000 6.1
965000 3.5
970000 4.3
975000 1.1
980000 14.5
985000 1.5
990000 0.1
995000 8.9
1000000 9.1
1005000 2.6
1010000 1.0
1015000 6.2
1020000 0.5
1025000 0.7
1030000 6.2
1035000 0.0
1040000 0.0
1045000 12.3
1050000 10.5
1055000 1.3
1060000 1.4
1065000 0.1
1070000 1.9
1075000 8.2
1080000 4.7
1085000 4.8
1090000 5.8
1095000 12.6
1100000 0.6
1105000 2.9
1110000 1.2
1115000 6.8
1120000 2.3
1125000 2.7
1130000 7.8
1135000 7.9
1140000 7.0
1145000 0.7
1150000 10.0
1155000 0.3
1160000 0.9
1165000 6.8
1170000 2.7
1175000 12.8
1180000 12.2
1185000 7.9
1190000 0.7
1195000 0.8
1200000 5.1
1205000 0.1
1210000 0.9
1215000 0.8
1220000 0.6
1225000 2.7
1230000 2.6
1235000 2.2
1240000 5.1
1245000 1.2
1250000 0.6
1255000 1.3
1260000 0.3
1265000 23.9
1270000 19.6
1275000 0.1
1280000 13.5
1285000 3.0
1290000 0.8
1295000 3.4
1300000 1.4
1305000 4.0
1310000 0.1
1315000 6.3
1320000 0.6
1325000 7.3
1330000 20.0
1335000 3.2
1340000 10.2
1345000 11.9
1350000 0.1
1355000 5.2
1360000 5.8
1365000 1.0
1370000 1.0
1375000 3.0
1380000 13.5
1385000 8.9
1390000 0.0
1395000 0.1
1400000 2.8
1405000 2.2
1410000 0.0
1415000 3.0
1420000 2.3
1425000 0.2
1430000 1.5
1435000 2.3
1440000 0.9
1445000 0.3
1450000 1.0
1455000 0.8
1460000 1.2
1465000 1.3
1470000 7.3
1475000 6.3
1480000 0.9
1485000 3.2
1490000 0.0
1495000 4.2
1500000 7.5
1505000 3.0
1510000 3.7
1515000 14.7
1520000 15.4
1525000 1.8
1530000 1.9
1535000 16.1
1540000 13.5
1545000 7.5
1550000 1.1
1555000 0.0
1560000 0.4
1565000 1.3
1570000 0.1
1575000 0.0
1580000 11.0
1585000 11.3
1590000 6.3
1595000 9.7
1600000 7.0
1605000 0.1
1610000 0.0
1615000 1.6
1620000 4.0
1625000 6.3
1630000 4.1
1635000 11.7
1640000 3.1
1645000 0.4
1650000 1.9
1655000 8.5
1660000 15.9
1665000 2.0
1670000 11.1
1675000 1.9
1680000 0.1
1685000 0.1
1690000 0.0
1695000 0.5
1700000 3.3
1705000 0.3
1710000 10.4
1715000 2.6
1720000 4.1
1725000 0.1
1730000 1.3
1735000 4.9
1740000 0.5
1745000 13.9
1750000 1.5
1755000 1.9
1760000 3.3
1765000 0.4
1770000 2.9
1775000 3.4
1780000 0.0
1785000 5.9
1790000 12.4
1795000 4.2
1800000 10.2
1805000 2.3
1810000 1.3
1815000 0.1
1820000 1.0
1825000 2.3
1830000 0.1
1835000 5.4
1840000 16.6
1845000 20.2
1850000 1.0
1855000 20.3
1860000 0.3
1865000 14.5
1870000 5.2
1875000 6.1
1880000 0.0
1885000 3.4
1890000 0.8
1895000 0.2
1900000 1.9
1905000 1.8
1910000 8.7
1915000 6.5
1920000 3.5
1925000 5.0
1930000 2.3
1935000 3.1
1940000 7.8
1945000 3.9
1950000 4.6
1955000 0.0
1960000 2.3
1965000 9.8
1970000 3.8
1975000 2.8
1980000 1.3
1985000 8.5
1990000 1.3
1995000 4.1
2000000 2.5
