5000 0.8
10000 4.2
15000 9.1
20000 2.5
25000 5.5
30000 4.5
35000 3.9
40000 29.0
45000 2.8
50000 9.4
55000 14.1
60000 29.5
65000 5.1
70000 21.1
75000 22.0
80000 23.3
85000 26.5
90000 19.8
95000 4.6
100000 10.5
105000 16.9
110000 15.5
115000 13.4
120000 29.9
125000 22.3
130000 29.6
135000 17.1
140000 0.0
145000 26.1
150000 0.6
155000 10.1
160000 18.5
165000 9.4
170000 5.2
175000 12.6
180000 12.1
185000 22.9
190000 8.7
195000 9.2
200000 7.2
205000 16.1
210000 6.8
215000 0.4
220000 0.2
225000 18.8
230000 5.9
235000 22.0
240000 1.8
245000 13.9
250000 10.6
255000 14.6
260000 12.0
265000 1.1
270000 7.6
275000 8.7
280000 12.4
285000 3.1
290000 1.9
295000 22.6
300000 10.6
305000 1.4
310000 4.6
315000 0.2
320000 3.3
325000 3.8
330000 23.6
335000 0.2
340000 32.7
345000 8.3
350000 8.6
355000 0.5
360000 7.3
365000 1.4
370000 2.3
375000 5.4
380000 6.3
385000 0.8
390000 10.7
395000 0.6
400000 1.6
405000 1.9
410000 7.2
415000 0.0
420000 2.7
425000 25.4
430000 14.2
435000 1.2
440000 24.7
445000 35.1
450000 49.0
455000 49.6
460000 10.2
465000 2.7
470000 8.0
475000 35.5
480000 52.4
485000 0.1
490000 21.9
495000 0.7
500000 33.7
505000 47.2
510000 12.6
515000 6.2
520000 33.7
525000 92.9
530000 55.3
535000 11.6
540000 47.4
545000 46.9
550000 1.2
555000 19.6
560000 2.5
565000 2.7
570000 2.3
575000 0.0
580000 0.6
585000 9.0
590000 4.5
595000 1.0
600000 7.9
605000 4.8
610000 1.6
615000 9.4
620000 2.3
625000 6.8
630000 1.0
635000 1.3
640000 15.7
645000 0.8
650000 6.2
655000 10.5
660000 0.1
665000 7.5
670000 5.8
675000 2.2
680000 4.0
685000 9.7
690000 1.9
695000 65.6
700000 70.0
705000 0.4
710000 0.1
715000 0.0
720000 57.2
725000 7.6
730000 0.2
735000 8.4
740000 1.6
745000 1.5
750000 0.2
755000 43.3
760000 4.2
765000 1.7
770000 46.8
775000 4.6
780000 63.0
785000 9.1
790000 0.0
795000 0.8
800000 0.1
805000 3.9
810000 0.6
815000 11.8
820000 42.2
825000 0.8
830000 23.6
835000 55.7
840000 0.7
845000 45.1
850000 97.1
855000 37.1
860000 2.7
865000 0.5
870000 45.8
875000 8.3
880000 4.0
885000 23.5
890000 2.3
895000 7.4
900000 9.8
905000 35.3
910000 61.3
915000 60.2
920000 52.1
925000 52.6
930000 10.4
935000 0.9
940000 5.4
945000 0.0
950000 0.0
955000 26.2
960000 60.7
965000 6.3
970000 11.8
975000 74.0
980000 2.6
985000 0.1
990000 4.0
995000 16.3
1000000 3.1
1005000 82.1
1010000 115.4
1015000 0.9
1020000 3.6
1025000 74.5
1030000 64.6
1035000 3.9
1040000 28.9
1045000 2.6
1050000 5.2
1055000 40.2
1060000 10.1
1065000 11.1
1070000 4.4
1075000 0.0
1080000 14.7
1085000 26.7
1090000 18.6
1095000 0.1
1100000 5.0
1105000 12.5
1110000 58.7
1115000 0.5
1120000 20.0
1125000 51.3
1130000 9.8
1135000 59.6
1140000 49.2
1145000 1.1
1150000 55.5
1155000 51.5
1160000 1.6
1165000 0.0
1170000 29.5
1175000 0.0
1180000 0.4
1185000 0.1
1190000 12.0
1195000 7.1
1200000 1.7
1205000 65.6
1210000 4.9
1215000 51.8
1220000 19.4
1225000 4.0
1230000 52.7
1235000 0.8
1240000 1.8
1245000 4.0
1250000 0.0
1255000 20.5
1260000 8.1
1265000 91.2
1270000 1.5
1275000 0.0
1280000 3.9
1285000 3.0
1290000 0.6
1295000 2.9
1300000 13.5
1305000 7.1
1310000 12.0
1315000 22.5
1320000 9.6
1325000 3.3
1330000 0.4
1335000 63.7
1340000 1.6
1345000 7.9
1350000 0.4
1355000 19.6
1360000 60.7
1365000 8.4
1370000 2.9
1375000 1.4
1380000 9.8
1385000 5.5
1390000 36.0
1395000 4.7
1400000 68.4
1405000 49.7
1410000 14.0
1415000 130.1
1420000 10.2
1425000 0.0
1430000 0.1
1435000 0.0
1440000 23.1
1445000 7.3
1450000 0.3
1455000 0.3
1460000 0.4
1465000 60.1
1470000 8.2
1475000 0.6
1480000 11.3
1485000 17.9
1490000 1.3
1495000 0.1
1500000 4.0
1505000 59.5
1510000 20.0
1515000 69.8
1520000 2.5
1525000 7.0
1530000 2.8
1535000 12.3
1540000 67.7
1545000 10.6
1550000 5.3
1555000 4.9
1560000 4.5
1565000 22.7
1570000 62.3
1575000 50.9
1580000 0.0
1585000 0.9
1590000 11.5
1595000 3.8
1600000 5.5
1605000 0.0
1610000 8.6
1615000 31.9
1620000 0.1
1625000 0.0
1630000 1.7
1635000 15.1
1640000 1.0
1645000 28.6
1650000 8.4
1655000 5.5
1660000 19.5
1665000 52.7
1670000 15.4
1675000 58.0
1680000 0.3
1685000 4.4
1690000 1.1
1695000 3.4
1700000 0.8
1705000 50.8
1710000 3.3
1715000 0.1
1720000 19.2
1725000 8.0
1730000 20.2
1735000 0.5
1740000 8.5
1745000 0.0
1750000 18.9
1755000 13.6
1760000 0.1
1765000 19.5
1770000 0.1
1775000 0.1
1780000 8.2
1785000 12.2
1790000 16.4
1795000 6.9
1800000 1.0
1805000 57.0
1810000 14.0
1815000 0.0
1820000 17.5
1825000 21.2
1830000 0.9
1835000 0.1
1840000 0.2
1845000 12.5
1850000 4.1
1855000 13.7
1860000 8.3
1865000 12.2
1870000 4.8
1875000 8.8
1880000 0.7
1885000 0.5
1890000 2.9
1895000 8.9
1900000 15.1
1905000 1.5
1910000 24.9
1915000 0.0
1920000 3.7
1925000 52.2
1930000 28.3
1935000 12.6
1940000 4.8
1945000 20.2
1950000 62.3
1955000 11.0
1960000 58.8
1965000 15.3
1970000 0.6
1975000 1.4
1980000 60.8
1985000 14.6
1990000 54.6
1995000 2.3
2000000 62.6
