5000 2.9
10000 0.5
15000 4.0
20000 0.6
25000 1.2
30000 3.1
35000 27.2
40000 6.3
45000 32.3
50000 29.6
55000 4.2
60000 11.1
65000 7.7
70000 7.7
75000 3.8
80000 1.5
85000 11.7
90000 44.9
95000 2.7
100000 0.3
105000 1.0
110000 0.4
115000 11.5
120000 4.4
125000 6.3
130000 25.1
135000 3.6
140000 9.6
145000 13.7
150000 1.0
155000 0.2
160000 0.2
165000 10.4
170000 7.6
175000 8.9
180000 0.0
185000 6.2
190000 4.6
195000 10.5
200000 4.5
205000 12.5
210000 0.5
215000 12.8
220000 13.7
225000 8.8
230000 5.8
235000 3.8
240000 0.6
245000 17.1
250000 9.7
255000 5.6
260000 0.7
265000 1.9
270000 0.0
275000 16.7
280000 0.0
285000 5.0
290000 2.1
295000 24.6
300000 3.7
305000 12.5
310000 3.0
315000 7.0
320000 5.4
325000 13.7
330000 6.6
335000 6.3
340000 13.2
345000 15.8
350000 4.3
355000 18.2
360000 1.5
365000 4.2
370000 6.0
375000 11.9
380000 5.7
385000 0.0
390000 1.1
395000 0.0
400000 0.1
405000 0.7
410000 1.6
415000 8.3
420000 51.0
425000 23.2
430000 9.3
435000 4.9
440000 12.5
445000 2.0
450000 25.6
455000 28.7
460000 9.5
465000 4.5
470000 28.8
475000 11.8
480000 25.5
485000 2.2
490000 3.7
495000 7.6
500000 1.5
505000 17.0
510000 24.5
515000 11.0
520000 40.2
525000 69.4
530000 0.9
535000 51.0
540000 22.1
545000 8.8
550000 29.4
555000 2.9
560000 6.0
565000 3.5
570000 0.0
575000 11.6
580000 18.7
585000 30.8
590000 6.6
595000 19.4
600000 16.7
605000 35.9
610000 19.4
615000 7.6
620000 7.3
625000 14.3
630000 21.2
635000 10.9
640000 60.3
645000 32.9
650000 29.5
655000 13.6
660000 1.6
665000 2.6
670000 1.2
675000 0.3
680000 8.0
685000 20.8
690000 3.8
695000 4.0
700000 66.2
705000 13.8
710000 2.8
715000 3.7
720000 42.5
725000 11.3
730000 1.4
735000 5.5
740000 0.1
745000 40.5
750000 3.3
755000 2.2
760000 28.4
765000 6.9
770000 5.3
775000 4.5
780000 113.2
785000 36.4
790000 23.8
795000 8.5
800000 26.6
805000 12.0
810000 30.1
815000 33.5
820000 69.1
825000 0.0
830000 38.9
835000 4.0
840000 44.8
845000 31.5
850000 7.8
855000 12.9
860000 31.2
865000 2.9
870000 6.5
875000 27.8
880000 12.6
885000 6.7
890000 3.0
895000 3.7
900000 2.2
905000 32.5
910000 16.0
915000 3.5
920000 0.0
925000 35.9
930000 1.7
935000 22.1
940000 0.7
945000 0.1
950000 8.5
955000 1.3
960000 4.3
965000 32.6
970000 0.2
975000 38.2
980000 30.8
985000 0.8
990000 28.1
995000 31.2
1000000 7.0
1005000 31.4
1010000 14.4
1015000 1.6
1020000 39.5
1025000 6.1
1030000 29.2
1035000 5.3
1040000 28.1
1045000 11.7
1050000 8.1
1055000 29.4
1060000 9.4
1065000 23.3
1070000 1.0
1075000 61.0
1080000 5.3
1085000 3.0
1090000 2.1
1095000 16.8
1100000 6.8
1105000 3.8
1110000 2.8
1115000 47.3
1120000 1.1
1125000 0.8
1130000 2.9
1135000 1.3
1140000 0.0
1145000 3.8
1150000 8.6
1155000 4.7
1160000 0.0
1165000 0.3
1170000 44.9
1175000 10.2
1180000 1.5
1185000 38.4
1190000 49.1
1195000 7.3
1200000 42.2
1205000 34.5
1210000 2.7
1215000 42.5
1220000 19.5
1225000 0.0
1230000 6.7
1235000 18.7
1240000 40.7
1245000 2.9
1250000 69.5
1255000 34.0
1260000 6.0
1265000 33.5
1270000 40.9
1275000 13.4
1280000 29.3
1285000 4.6
1290000 37.4
1295000 0.6
1300000 8.5
1305000 66.6
1310000 0.5
1315000 67.7
1320000 5.8
1325000 7.1
1330000 2.1
1335000 19.6
1340000 1.1
1345000 7.2
1350000 44.8
1355000 67.0
1360000 50.9
1365000 20.7
1370000 23.5
1375000 31.9
1380000 21.0
1385000 0.1
1390000 89.7
1395000 35.6
1400000 1.6
1405000 41.7
1410000 24.7
1415000 0.4
1420000 44.0
1425000 21.5
1430000 37.1
1435000 7.6
1440000 21.8
1445000 5.6
1450000 8.9
1455000 0.1
1460000 12.6
1465000 70.9
1470000 11.5
1475000 37.6
1480000 35.5
1485000 0.0
1490000 6.0
1495000 44.0
1500000 8.4
1505000 19.5
1510000 66.9
1515000 10.0
1520000 38.4
1525000 1.2
1530000 46.5
1535000 55.3
1540000 11.0
1545000 61.8
1550000 0.6
1555000 42.4
1560000 114.4
1565000 0.0
1570000 6.5
1575000 20.6
1580000 71.1
1585000 2.8
1590000 12.6
1595000 38.6
1600000 2.3
1605000 0.3
1610000 43.9
1615000 4.8
1620000 7.7
1625000 10.6
1630000 5.4
1635000 3.4
1640000 10.6
1645000 12.7
1650000 72.3
1655000 0.2
1660000 2.2
1665000 83.9
1670000 4.5
1675000 8.3
1680000 16.9
1685000 79.0
1690000 8.7
1695000 0.1
1700000 58.7
1705000 0.9
1710000 33.7
1715000 12.0
1720000 18.3
1725000 75.9
1730000 0.3
1735000 39.2
1740000 0.5
1745000 2.9
1750000 33.2
1755000 46.9
1760000 3.3
1765000 42.0
1770000 40.8
1775000 3.6
1780000 35.4
1785000 7.9
1790000 43.6
1795000 67.0
1800000 25.6
1805000 3.3
1810000 12.9
1815000 66.6
1820000 87.6
1825000 16.5
1830000 11.1
1835000 1.6
1840000 56.4
1845000 2.4
1850000 80.7
1855000 21.5
1860000 0.4
1865000 31.5
1870000 89.4
1875000 26.4
1880000 17.3
1885000 12.2
1890000 0.2
1895000 42.8
1900000 25.7
1905000 13.5
1910000 25.5
1915000 0.2
1920000 143.1
1925000 0.2
1930000 25.1
1935000 50.8
1940000 66.0
1945000 43.7
1950000 40.3
1955000 0.0
1960000 42.8
1965000 6.0
1970000 5.5
1975000 29.9
1980000 107.5
1985000 1.6
1990000 45.8
1995000 50.8
2000000 21.6
