5000 33.8
10000 33.2
15000 0.2
20000 0.4
25000 0.4
30000 1.8
35000 10.4
40000 4.0
45000 3.8
50000 1.3
55000 0.0
60000 0.8
65000 0.7
70000 4.4
75000 0.8
80000 3.6
85000 5.0
90000 1.4
95000 1.1
100000 8.5
105000 0.4
110000 14.5
115000 6.1
120000 0.8
125000 0.3
130000 0.2
135000 1.5
140000 12.6
145000 8.1
150000 13.4
155000 7.6
160000 1.7
165000 17.5
170000 5.2
175000 0.2
180000 0.9
185000 1.4
190000 1.0
195000 2.0
200000 9.6
205000 5.3
210000 0.3
215000 0.9
220000 3.7
225000 4.7
230000 13.3
235000 5.1
240000 4.9
245000 4.0
250000 15.9
255000 9.5
260000 6.3
265000 2.7
270000 4.9
275000 12.0
280000 2.6
285000 13.3
290000 1.9
295000 14.9
300000 0.9
305000 20.4
310000 1.9
315000 13.8
320000 0.1
325000 1.0
330000 4.7
335000 9.8
340000 9.1
345000 20.5
350000 0.5
355000 0.4
360000 30.9
365000 1.6
370000 19.1
375000 0.4
380000 14.2
385000 13.3
390000 23.5
395000 8.1
400000 22.1
405000 8.2
410000 31.3
415000 18.5
420000 17.7
425000 6.9
430000 3.1
435000 2.9
440000 7.2
445000 15.4
450000 13.6
455000 0.0
460000 20.2
465000 24.0
470000 0.0
475000 5.5
480000 3.8
485000 5.2
490000 5.5
495000 24.7
500000 16.0
505000 13.9
510000 29.3
515000 13.7
520000 46.7
525000 8.6
530000 0.9
535000 29.3
540000 23.3
545000 0.1
550000 4.7
555000 64.6
560000 12.8
565000 27.9
570000 31.0
575000 15.1
580000 1.5
585000 7.0
590000 23.0
595000 20.4
600000 20.5
605000 0.4
610000 7.7
615000 3.1
620000 18.5
625000 2.2
630000 35.7
635000 1.6
640000 30.9
645000 3.7
650000 8.6
655000 28.1
660000 33.7
665000 20.4
670000 1.4
675000 13.9
680000 43.0
685000 12.9
690000 10.7
695000 0.1
700000 0.1
705000 3.0
710000 10.4
715000 1.2
720000 81.6
725000 0.2
730000 1.4
735000 2.7
740000 9.0
745000 93.4
750000 35.6
755000 25.0
760000 42.1
765000 0.7
770000 19.0
775000 36.0
780000 57.2
785000 31.2
790000 6.1
795000 9.7
800000 9.4
805000 7.4
810000 6.0
815000 26.3
820000 35.8
825000 23.4
830000 20.0
835000 0.0
840000 11.5
845000 24.2
850000 25.4
855000 12.3
860000 14.5
865000 13.2
870000 15.8
875000 28.8
880000 15.2
885000 2.9
890000 45.4
895000 20.3
900000 25.1
905000 56.3
910000 25.5
915000 1.0
920000 56.3
925000 56.0
930000 2.1
935000 43.9
940000 26.7
945000 0.2
950000 2.3
955000 0.9
960000 0.5
965000 35.8
970000 32.8
975000 42.5
980000 17.3
985000 2.7
990000 7.3
995000 39.3
1000000 19.8
1005000 4.5
1010000 19.8
1015000 1.5
1020000 18.6
1025000 21.9
1030000 0.0
1035000 32.1
1040000 2.8
1045000 0.1
1050000 0.1
1055000 35.2
1060000 9.7
1065000 36.7
1070000 6.5
1075000 18.8
1080000 7.7
1085000 39.1
1090000 23.2
1095000 5.6
1100000 21.5
1105000 1.2
1110000 30.5
1115000 20.4
1120000 0.0
1125000 30.9
1130000 8.5
1135000 0.0
1140000 18.6
1145000 46.2
1150000 2.3
1155000 23.0
1160000 21.6
1165000 1.3
1170000 0.2
1175000 3.0
1180000 24.5
1185000 0.9
1190000 24.1
1195000 21.0
1200000 32.7
1205000 1.7
1210000 39.5
1215000 0.6
1220000 3.1
1225000 6.7
1230000 0.7
1235000 26.7
1240000 11.7
1245000 5.1
1250000 0.9
1255000 64.3
1260000 31.8
1265000 0.0
1270000 76.2
1275000 64.4
1280000 15.8
1285000 0.0
1290000 0.4
1295000 148.8
1300000 25.4
1305000 75.3
1310000 23.3
1315000 6.5
1320000 22.9
1325000 22.0
1330000 21.5
1335000 28.3
1340000 0.0
1345000 33.6
1350000 16.2
1355000 50.6
1360000 27.7
1365000 15.9
1370000 4.1
1375000 2.2
1380000 17.2
1385000 71.9
1390000 1.9
1395000 47.7
1400000 14.9
1405000 26.2
1410000 18.0
1415000 18.0
1420000 3.4
1425000 116.5
1430000 5.2
1435000 1.2
1440000 0.7
1445000 53.8
1450000 27.2
1455000 88.8
1460000 77.8
1465000 3.0
1470000 21.9
1475000 29.3
1480000 65.9
1485000 21.7
1490000 27.8
1495000 27.6
1500000 54.7
1505000 41.6
1510000 33.0
1515000 25.7
1520000 51.4
1525000 37.9
1530000 65.7
1535000 16.5
1540000 8.2
1545000 3.1
1550000 38.0
1555000 0.7
1560000 9.6
1565000 24.2
1570000 98.1
1575000 11.7
1580000 43.1
1585000 0.0
1590000 20.5
1595000 45.3
1600000 4.1
1605000 0.6
1610000 39.4
1615000 78.1
1620000 38.7
1625000 1.1
1630000 23.7
1635000 70.3
1640000 48.7
1645000 42.1
1650000 36.6
1655000 62.1
1660000 144.5
1665000 38.7
1670000 1.0
1675000 41.4
1680000 14.7
1685000 33.5
1690000 26.0
1695000 19.2
1700000 7.4
1705000 53.3
1710000 14.5
1715000 5.4
1720000 3.6
1725000 0.4
1730000 36.5
1735000 23.0
1740000 44.0
1745000 2.0
1750000 5.7
1755000 68.1
1760000 16.8
1765000 26.3
1770000 11.2
1775000 23.2
1780000 6.7
1785000 61.1
1790000 30.0
1795000 0.4
1800000 14.3
1805000 61.9
1810000 81.4
1815000 56.4
1820000 40.9
1825000 15.8
1830000 1.8
1835000 18.3
1840000 33.9
1845000 54.1
1850000 47.2
1855000 25.4
1860000 30.7
1865000 32.6
1870000 42.5
1875000 31.2
1880000 39.5
1885000 30.2
1890000 40.2
1895000 32.5
1900000 4.3
1905000 51.9
1910000 91.4
1915000 14.0
1920000 22.8
1925000 1.0
1930000 39.7
1935000 21.5
1940000 35.1
1945000 30.7
1950000 103.1
1955000 29.8
1960000 68.1
1965000 50.6
1970000 34.5
1975000 67.2
1980000 41.6
1985000 68.1
1990000 62.1
1995000 36.4
2000000 31.4
