5000 45.2
10000 36.7
15000 0.1
20000 8.9
25000 1.7
30000 1.0
35000 1.7
40000 2.1
45000 6.6
50000 0.2
55000 1.2
60000 7.3
65000 12.3
70000 14.1
75000 5.2
80000 3.1
85000 5.5
90000 1.2
95000 3.4
100000 16.9
105000 0.3
110000 2.6
115000 4.3
120000 0.8
125000 1.3
130000 21.4
135000 2.6
140000 11.1
145000 0.1
150000 7.5
155000 0.6
160000 16.6
165000 3.3
170000 0.4
175000 14.3
180000 8.9
185000 0.0
190000 10.0
195000 8.0
200000 3.8
205000 8.9
210000 0.4
215000 9.7
220000 20.4
225000 1.7
230000 21.3
235000 1.0
240000 7.2
245000 0.3
250000 14.9
255000 8.5
260000 1.7
265000 11.4
270000 10.6
275000 5.0
280000 5.8
285000 1.0
290000 17.5
295000 13.7
300000 0.6
305000 4.7
310000 10.6
315000 16.5
320000 0.7
325000 2.5
330000 0.5
335000 14.5
340000 0.8
345000 1.7
350000 11.1
355000 0.1
360000 10.2
365000 1.2
370000 4.5
375000 22.6
380000 2.7
385000 20.4
390000 8.3
395000 11.2
400000 36.1
405000 21.8
410000 3.3
415000 3.1
420000 16.7
425000 6.3
430000 9.5
435000 7.5
440000 12.0
445000 1.8
450000 5.2
455000 7.9
460000 6.0
465000 10.3
470000 1.8
475000 4.1
480000 8.4
485000 3.7
490000 15.8
495000 27.5
500000 0.5
505000 7.7
510000 12.6
515000 8.1
520000 7.9
525000 3.4
530000 2.0
535000 0.1
540000 17.5
545000 6.4
550000 3.9
555000 7.5
560000 9.1
565000 6.7
570000 2.2
575000 3.7
580000 32.9
585000 4.4
590000 2.9
595000 1.7
600000 3.6
605000 0.4
610000 2.2
615000 23.1
620000 3.9
625000 0.7
630000 9.8
635000 10.8
640000 12.3
645000 0.0
650000 4.0
655000 21.3
660000 1.0
665000 0.3
670000 6.3
675000 4.4
680000 9.0
685000 5.5
690000 7.3
695000 0.1
700000 3.2
705000 7.8
710000 7.9
715000 0.0
720000 6.1
725000 8.1
730000 4.3
735000 3.3
740000 12.4
745000 2.5
750000 0.5
755000 1.9
760000 23.1
765000 6.2
770000 5.7
775000 9.8
780000 7.0
785000 14.3
790000 11.4
795000 0.0
800000 0.4
805000 1.4
810000 4.2
815000 4.4
820000 9.7
825000 1.5
830000 0.4
835000 2.3
840000 0.4
845000 9.4
850000 0.0
855000 2.4
860000 5.8
865000 1.5
870000 4.2
875000 1.4
880000 3.8
885000 5.6
890000 10.5
895000 0.0
900000 9.2
905000 2.5
910000 0.8
915000 3.1
920000 6.5
925000 1.8
930000 0.3
935000 0.6
940000 1.9
945000 18.7
950000 0.1
955000 0.2
960000 9.0
965000 11.5
970000 2.4
975000 4.2
980000 0.3
985000 2.0
990000 0.2
995000 2.2
1000000 0.3
1005000 2.9
1010000 0.2
1015000 7.1
1020000 11.2
1025000 1.6
1030000 1.7
1035000 6.5
1040000 23.3
1045000 8.0
1050000 1.3
1055000 13.9
1060000 7.1
1065000 0.0
1070000 19.6
1075000 7.1
1080000 1.4
1085000 16.2
1090000 1.3
1095000 0.3
1100000 1.8
1105000 1.9
1110000 6.9
1115000 15.9
1120000 0.0
1125000 11.6
1130000 15.5
1135000 0.0
1140000 0.2
1145000 0.8
1150000 1.3
1155000 18.7
1160000 3.3
1165000 8.6
1170000 2.1
1175000 1.9
1180000 4.8
1185000 4.5
1190000 0.0
1195000 0.6
1200000 2.8
1205000 0.9
1210000 1.8
1215000 4.6
1220000 9.2
1225000 1.2
1230000 4.2
1235000 0.4
1240000 3.8
1245000 3.8
1250000 5.7
1255000 22.0
1260000 6.7
1265000 0.0
1270000 7.4
1275000 3.0
1280000 5.9
1285000 13.2
1290000 3.2
1295000 6.3
1300000 1.6
1305000 1.2
1310000 10.1
1315000 5.5
1320000 12.8
1325000 5.1
1330000 4.9
1335000 0.0
1340000 10.0
1345000 0.2
1350000 33.2
1355000 0.0
1360000 14.0
1365000 10.0
1370000 3.2
1375000 8.6
1380000 0.1
1385000 6.8
1390000 1.9
1395000 2.7
1400000 4.4
1405000 6.2
1410000 0.6
1415000 0.0
1420000 5.9
1425000 5.3
1430000 3.9
1435000 3.8
1440000 2.6
1445000 1.0
1450000 20.8
1455000 13.9
1460000 2.6
1465000 3.0
1470000 10.8
1475000 17.0
1480000 9.0
1485000 0.8
1490000 2.8
1495000 6.1
1500000 3.2
1505000 5.2
1510000 10.7
1515000 0.1
1520000 5.7
1525000 3.1
1530000 0.2
1535000 12.5
1540000 7.5
1545000 7.2
1550000 11.9
1555000 1.0
1560000 2.6
1565000 1.9
1570000 3.2
1575000 24.3
1580000 5.8
1585000 4.8
1590000 2.4
1595000 6.1
1600000 1.7
1605000 16.2
1610000 15.9
1615000 10.0
1620000 18.7
1625000 28.0
1630000 8.1
1635000 5.7
1640000 4.3
1645000 2.6
1650000 5.2
1655000 0.6
1660000 6.8
1665000 13.8
1670000 2.5
1675000 12.0
1680000 2.3
1685000 1.4
1690000 13.6
1695000 0.8
1700000 51.3
1705000 1.7
1710000 0.0
1715000 5.2
1720000 30.9
1725000 21.6
1730000 3.5
1735000 0.5
1740000 12.0
1745000 0.7
1750000 0.7
1755000 8.6
1760000 34.1
1765000 10.2
1770000 2.0
1775000 26.8
1780000 17.8
1785000 7.4
1790000 51.5
1795000 30.0
1800000 6.6
1805000 2.1
1810000 6.2
1815000 0.0
1820000 38.7
1825000 40.5
1830000 2.1
1835000 13.2
1840000 8.9
1845000 0.9
1850000 26.6
1855000 16.3
1860000 47.8
1865000 16.7
1870000 0.5
1875000 1.4
1880000 15.8
1885000 22.3
1890000 21.3
1895000 21.4
1900000 21.3
1905000 2.2
1910000 7.4
1915000 12.5
1920000 11.4
1925000 5.0
1930000 6.9
1935000 5.1
1940000 9.2
1945000 43.8
1950000 0.8
1955000 13.2
1960000 18.1
1965000 15.9
1970000 8.6
1975000 8.1
1980000 29.6
1985000 5.6
1990000 52.4
1995000 2.8
2000000 5.0
