5000 7.5
10000 16.1
15000 1.9
20000 5.6
25000 4.0
30000 0.3
35000 1.4
40000 1.0
45000 0.7
50000 0.9
55000 6.9
60000 0.2
65000 2.7
70000 0.6
75000 0.1
80000 0.4
85000 4.3
90000 0.6
95000 2.2
100000 1.0
105000 3.5
110000 1.4
115000 3.9
120000 3.7
125000 4.3
130000 5.9
135000 3.3
140000 0.4
145000 3.9
150000 0.3
155000 4.2
160000 6.1
165000 9.9
170000 0.1
175000 8.7
180000 4.3
185000 2.3
190000 11.2
195000 3.8
200000 3.0
205000 5.6
210000 5.7
215000 1.1
220000 0.6
225000 1.3
230000 2.7
235000 0.0
240000 0.4
245000 1.9
250000 0.8
255000 1.3
260000 15.0
265000 9.5
270000 2.7
275000 0.6
280000 13.5
285000 1.5
290000 5.2
295000 3.0
300000 7.7
305000 9.4
310000 0.1
315000 5.4
320000 4.0
325000 2.1
330000 3.6
335000 1.5
340000 3.9
345000 8.4
350000 3.6
355000 0.4
360000 0.0
365000 1.6
370000 0.0
375000 0.0
380000 3.6
385000 6.7
390000 23.1
395000 2.7
400000 15.1
405000 0.2
410000 0.5
415000 7.3
420000 2.1
425000 0.0
430000 3.2
435000 2.4
440000 16.1
445000 25.0
450000 24.6
455000 28.2
460000 8.1
465000 1.6
470000 1.6
475000 11.5
480000 2.5
485000 4.0
490000 0.4
495000 16.0
500000 0.5
505000 4.5
510000 10.0
515000 3.7
520000 14.3
525000 3.4
530000 0.0
535000 4.2
540000 0.5
545000 23.2
550000 0.4
555000 3.1
560000 1.0
565000 4.4
570000 4.8
575000 8.4
580000 8.4
585000 1.6
590000 10.2
595000 2.0
600000 1.3
605000 1.8
610000 4.1
615000 0.0
620000 1.7
625000 0.2
630000 0.3
635000 1.1
640000 2.2
645000 0.2
650000 0.6
655000 1.9
660000 14.0
665000 10.2
670000 10.0
675000 7.5
680000 11.2
685000 2.8
690000 0.2
695000 10.4
700000 0.7
705000 2.7
710000 17.1
715000 0.0
720000 0.0
725000 4.3
730000 8.3
735000 2.6
740000 18.0
745000 2.1
750000 0.7
755000 2.6
760000 11.5
765000 4.8
770000 12.6
775000 4.9
780000 30.0
785000 0.1
790000 19.5
795000 5.4
800000 7.3
805000 0.1
810000 0.0
815000 40.9
820000 17.8
825000 17.7
830000 15.2
835000 4.8
840000 0.1
845000 23.8
850000 0.9
855000 0.6
860000 13.6
865000 9.6
870000 2.0
875000 0.6
880000 0.3
885000 5.9
890000 4.7
895000 4.7
900000 3.0
905000 2.0
910000 3.7
915000 2.0
920000 0.1
925000 1.2
930000 0.3
935000 1.5
940000 6.0
945000 8.1
950000 3.2
955000 2.1
960000 16.1
965000 9.1
970000 2.0
975000 4.2
980000 3.2
985000 20.0
990000 0.7
995000 12.4
1000000 3.2
1005000 3.5
1010000 12.6
1015000 0.2
1020000 0.9
1025000 7.0
1030000 22.3
1035000 0.0
1040000 5.3
1045000 17.8
1050000 9.2
1055000 32.1
1060000 3.2
1065000 0.1
1070000 1.4
1075000 7.4
1080000 3.2
1085000 1.1
1090000 0.2
1095000 4.9
1100000 3.6
1105000 9.8
1110000 0.3
1115000 2.0
1120000 9.9
1125000 1.7
1130000 1.7
1135000 1.0
1140000 9.1
1145000 3.1
1150000 16.5
1155000 1.8
1160000 3.7
1165000 1.1
1170000 0.0
1175000 3.0
1180000 8.8
1185000 0.5
1190000 0.6
1195000 11.4
1200000 20.7
1205000 1.6
1210000 0.0
1215000 7.8
1220000 0.9
1225000 3.9
1230000 1.3
1235000 0.1
1240000 13.7
1245000 0.5
1250000 16.7
1255000 0.2
1260000 0.8
1265000 1.0
1270000 14.4
1275000 7.2
1280000 4.9
1285000 3.6
1290000 0.0
1295000 13.9
1300000 5.6
1305000 0.0
1310000 10.4
1315000 2.6
1320000 1.5
1325000 2.0
1330000 9.0
1335000 9.6
1340000 0.9
1345000 16.0
1350000 9.2
1355000 31.4
1360000 5.4
1365000 14.7
1370000 8.9
1375000 5.4
1380000 32.3
1385000 1.3
1390000 14.6
1395000 3.0
1400000 1.4
1405000 4.5
1410000 5.0
1415000 12.8
1420000 2.2
1425000 12.8
1430000 38.7
1435000 13.2
1440000 0.7
1445000 17.7
1450000 8.4
1455000 30.7
1460000 8.3
1465000 0.0
1470000 9.8
1475000 4.7
1480000 0.0
1485000 0.4
1490000 3.1
1495000 0.0
1500000 5.2
1505000 2.6
1510000 16.9
1515000 2.8
1520000 2.5
1525000 0.5
1530000 0.3
1535000 2.2
1540000 5.4
1545000 3.6
1550000 10.4
1555000 6.4
1560000 4.5
1565000 3.0
1570000 16.6
1575000 9.8
1580000 13.7
1585000 2.7
1590000 26.3
1595000 1.1
1600000 10.8
1605000 7.0
1610000 14.1
1615000 18.0
1620000 0.5
1625000 10.9
1630000 1.0
1635000 0.9
1640000 5.9
1645000 1.9
1650000 1.1
1655000 7.2
1660000 21.2
1665000 8.0
1670000 12.3
1675000 16.0
1680000 0.7
1685000 3.7
1690000 14.8
1695000 7.9
1700000 0.6
1705000 15.9
1710000 6.8
1715000 0.2
1720000 2.1
1725000 3.0
1730000 2.9
1735000 0.8
1740000 17.8
1745000 3.5
1750000 5.1
1755000 1.7
1760000 0.1
1765000 0.3
1770000 0.0
1775000 0.0
1780000 1.2
1785000 0.7
1790000 0.1
1795000 3.1
1800000 2.3
1805000 0.6
1810000 0.0
1815000 4.4
1820000 5.7
1825000 3.1
1830000 0.0
1835000 0.2
1840000 2.7
1845000 9.8
1850000 1.8
1855000 0.1
1860000 7.6
1865000 0.1
1870000 0.7
1875000 0.0
1880000 1.9
1885000 1.4
1890000 0.7
1895000 22.9
1900000 6.1
1905000 2.9
1910000 0.7
1915000 0.0
1920000 26.9
1925000 5.5
1930000 6.1
1935000 10.6
1940000 0.0
1945000 4.3
1950000 3.2
1955000 4.6
1960000 3.7
1965000 5.2
1970000 12.0
1975000 1.1
1980000 0.0
1985000 2.9
1990000 0.3
1995000 4.5
2000000 2.6
