5000 7.2
10000 4.4
15000 0.1
20000 0.4
25000 14.7
30000 0.1
35000 3.3
40000 9.7
45000 2.7
50000 8.3
55000 22.2
60000 0.0
65000 4.9
70000 36.7
75000 21.5
80000 10.4
85000 61.5
90000 1.8
95000 1.1
100000 0.2
105000 15.4
110000 5.3
115000 8.0
120000 20.6
125000 1.3
130000 3.1
135000 25.5
140000 4.9
145000 0.9
150000 0.3
155000 20.6
160000 0.1
165000 9.3
170000 0.8
175000 3.0
180000 5.4
185000 2.2
190000 3.7
195000 7.3
200000 10.6
205000 0.1
210000 21.0
215000 8.2
220000 2.9
225000 5.9
230000 2.0
235000 31.8
240000 28.5
245000 6.5
250000 13.1
255000 9.7
260000 2.7
265000 26.5
270000 14.9
275000 2.2
280000 18.0
285000 2.4
290000 1.3
295000 0.0
300000 0.2
305000 5.8
310000 0.0
315000 20.1
320000 23.0
325000 10.6
330000 27.3
335000 11.5
340000 18.8
345000 11.4
350000 7.2
355000 5.6
360000 26.6
365000 1.1
370000 7.6
375000 41.3
380000 4.7
385000 0.1
390000 8.2
395000 3.2
400000 7.3
405000 5.0
410000 3.5
415000 0.1
420000 3.4
425000 4.4
430000 7.6
435000 0.5
440000 6.5
445000 18.6
450000 0.0
455000 15.1
460000 3.4
465000 1.3
470000 11.2
475000 16.0
480000 3.1
485000 6.8
490000 4.4
495000 14.6
500000 5.8
505000 21.0
510000 2.1
515000 0.7
520000 12.2
525000 9.2
530000 13.8
535000 6.1
540000 9.4
545000 4.1
550000 34.8
555000 12.4
560000 3.4
565000 20.1
570000 0.4
575000 0.4
580000 3.9
585000 4.8
590000 1.0
595000 13.7
600000 20.3
605000 72.8
610000 6.7
615000 2.9
620000 2.2
625000 1.8
630000 31.6
635000 21.3
640000 0.0
645000 8.9
650000 1.7
655000 5.3
660000 6.9
665000 30.4
670000 9.9
675000 3.1
680000 19.2
685000 2.3
690000 10.1
695000 6.6
700000 4.0
705000 21.3
710000 1.9
715000 50.8
720000 17.6
725000 4.5
730000 14.7
735000 6.1
740000 2.5
745000 9.6
750000 5.6
755000 0.4
760000 25.6
765000 12.2
770000 0.5
775000 0.1
780000 5.2
785000 1.0
790000 0.7
795000 9.2
800000 23.7
805000 0.1
810000 1.7
815000 12.1
820000 12.0
825000 0.9
830000 1.3
835000 2.5
840000 0.2
845000 5.3
850000 8.6
855000 16.2
860000 4.0
865000 29.5
870000 32.5
875000 7.7
880000 0.4
885000 8.5
890000 25.1
895000 16.1
900000 2.8
905000 0.4
910000 0.0
915000 0.1
920000 1.1
925000 1.6
930000 30.3
935000 27.7
940000 1.7
945000 10.5
950000 0.3
955000 2.1
960000 9.2
965000 2.5
970000 4.0
975000 9.3
980000 2.4
985000 33.8
990000 7.2
995000 8.8
1000000 5.8
1005000 2.8
1010000 0.0
1015000 0.2
1020000 26.2
1025000 9.5
1030000 0.1
1035000 2.3
1040000 1.1
1045000 0.5
1050000 2.0
1055000 13.3
1060000 2.0
1065000 5.6
1070000 14.7
1075000 4.0
1080000 0.4
1085000 0.1
1090000 5.7
1095000 0.9
1100000 0.7
1105000 10.2
1110000 24.8
1115000 7.1
1120000 1.9
1125000 0.4
1130000 9.6
1135000 3.1
1140000 0.4
1145000 0.0
1150000 10.2
1155000 25.2
1160000 18.9
1165000 5.9
1170000 6.0
1175000 9.9
1180000 16.5
1185000 7.2
1190000 12.5
1195000 0.0
1200000 23.3
1205000 2.2
1210000 15.6
1215000 4.8
1220000 5.9
1225000 2.9
1230000 13.3
1235000 17.9
1240000 1.1
1245000 0.2
1250000 1.8
1255000 17.2
1260000 11.8
1265000 3.3
1270000 16.7
1275000 36.8
1280000 12.1
1285000 14.9
1290000 41.9
1295000 10.0
1300000 1.9
1305000 0.1
1310000 1.5
1315000 2.6
1320000 0.2
1325000 19.3
1330000 5.5
1335000 0.4
1340000 1.6
1345000 4.0
1350000 23.8
1355000 9.2
1360000 0.4
1365000 2.1
1370000 0.4
1375000 9.6
1380000 5.1
1385000 4.8
1390000 1.5
1395000 3.7
1400000 0.5
1405000 6.5
1410000 10.4
1415000 5.0
1420000 8.2
1425000 1.8
1430000 13.0
1435000 7.4
1440000 8.8
1445000 0.5
1450000 0.2
1455000 2.3
1460000 5.2
1465000 2.7
1470000 1.3
1475000 10.1
1480000 8.0
1485000 0.0
1490000 0.0
1495000 0.0
1500000 13.3
1505000 0.5
1510000 12.2
1515000 5.3
1520000 26.7
1525000 0.0
1530000 15.1
1535000 1.3
1540000 17.9
1545000 0.2
1550000 7.1
1555000 0.1
1560000 2.9
1565000 11.1
1570000 0.1
1575000 12.4
1580000 2.6
1585000 2.4
1590000 0.4
1595000 17.0
1600000 4.2
1605000 7.6
1610000 8.7
1615000 0.0
1620000 31.9
1625000 2.8
1630000 5.4
1635000 3.2
1640000 7.6
1645000 18.3
1650000 12.7
1655000 1.9
1660000 1.3
1665000 2.9
1670000 9.5
1675000 1.9
1680000 19.4
1685000 8.4
1690000 6.2
1695000 0.2
1700000 4.6
1705000 14.4
1710000 0.1
1715000 1.7
1720000 40.8
1725000 3.4
1730000 3.5
1735000 11.0
1740000 21.3
1745000 23.3
1750000 0.0
1755000 7.8
1760000 14.5
1765000 6.7
1770000 13.8
1775000 11.2
1780000 7.7
1785000 10.4
1790000 10.3
1795000 3.2
1800000 6.8
1805000 2.6
1810000 2.2
1815000 7.3
1820000 11.5
1825000 6.4
1830000 6.4
1835000 3.0
1840000 2.4
1845000 0.0
1850000 5.4
1855000 1.7
1860000 9.9
1865000 0.9
1870000 7.5
1875000 2.3
1880000 7.7
1885000 2.6
1890000 2.6
1895000 6.8
1900000 16.4
1905000 5.7
1910000 1.2
1915000 0.6
1920000 30.1
1925000 10.5
1930000 8.7
1935000 24.9
1940000 5.3
1945000 19.7
1950000 14.5
1955000 0.1
1960000 22.6
1965000 7.6
1970000 3.0
1975000 0.3
1980000 9.4
1985000 14.0
1990000 2.5
1995000 1.8
2000000 1.7
