5000 1.2
10000 0.4
15000 5.3
20000 0.2
25000 0.3
30000 4.3
35000 0.4
40000 19.4
45000 4.7
50000 6.7
55000 17.3
60000 3.3
65000 30.8
70000 0.1
75000 14.9
80000 4.5
85000 4.4
90000 6.8
95000 0.2
100000 0.7
105000 0.0
110000 0.6
115000 6.0
120000 9.6
125000 2.2
130000 3.2
135000 2.1
140000 3.3
145000 6.4
150000 5.1
155000 2.8
160000 2.7
165000 8.5
170000 1.1
175000 3.2
180000 2.2
185000 4.0
190000 0.6
195000 3.6
200000 2.8
205000 1.3
210000 37.1
215000 5.1
220000 8.6
225000 6.8
230000 2.0
235000 4.8
240000 6.1
245000 5.3
250000 17.4
255000 2.9
260000 21.4
265000 0.8
270000 16.6
275000 16.2
280000 14.2
285000 13.5
290000 11.9
295000 65.8
300000 9.8
305000 10.6
310000 16.6
315000 24.6
320000 32.6
325000 23.3
330000 6.2
335000 12.0
340000 5.4
345000 0.1
350000 11.6
355000 7.7
360000 6.3
365000 6.7
370000 53.7
375000 7.2
380000 11.4
385000 5.9
390000 2.0
395000 6.8
400000 34.0
405000 6.0
410000 2.2
415000 0.2
420000 0.0
425000 0.9
430000 8.1
435000 2.2
440000 5.7
445000 16.0
450000 2.8
455000 17.6
460000 0.2
465000 1.9
470000 1.8
475000 3.2
480000 4.1
485000 8.5
490000 2.8
495000 57.2
500000 16.5
505000 11.4
510000 18.6
515000 26.9
520000 3.0
525000 16.5
530000 0.3
535000 29.6
540000 5.6
545000 25.9
550000 6.3
555000 0.3
560000 0.5
565000 16.6
570000 15.4
575000 0.3
580000 0.2
585000 0.3
590000 0.6
595000 6.2
600000 0.6
605000 2.7
610000 7.1
615000 1.4
620000 3.1
625000 0.6
630000 16.4
635000 3.4
640000 0.8
645000 14.5
650000 1.2
655000 9.9
660000 5.5
665000 9.9
670000 1.0
675000 18.4
680000 24.3
685000 11.0
690000 1.0
695000 0.1
700000 11.4
705000 16.0
710000 1.8
715000 0.9
720000 1.5
725000 9.7
730000 12.9
735000 38.3
740000 5.7
745000 11.8
750000 0.6
755000 0.4
760000 4.9
765000 2.0
770000 11.8
775000 0.1
780000 2.5
785000 10.5
790000 10.8
795000 8.0
800000 0.2
805000 10.5
810000 6.2
815000 1.2
820000 10.1
825000 3.3
830000 0.1
835000 2.5
840000 7.6
845000 5.1
850000 2.0
855000 17.1
860000 12.0
865000 0.2
870000 0.0
875000 2.6
880000 9.1
885000 0.1
890000 6.1
895000 0.0
900000 0.2
905000 11.1
910000 4.8
915000 4.3
920000 0.9
925000 6.0
930000 5.1
935000 3.7
940000 5.7
945000 6.3
950000 1.8
955000 3.5
960000 4.0
965000 19.1
970000 8.5
975000 5.1
980000 1.1
985000 0.1
990000 0.0
995000 13.6
1000000 17.7
1005000 4.9
1010000 9.7
1015000 12.5
1020000 1.3
1025000 0.7
1030000 30.5
1035000 7.1
1040000 0.8
1045000 1.0
1050000 15.5
1055000 13.1
1060000 14.5
1065000 8.2
1070000 0.4
1075000 36.8
1080000 0.0
1085000 16.4
1090000 4.6
1095000 15.4
1100000 4.4
1105000 1.4
1110000 10.7
1115000 10.1
1120000 1.8
1125000 3.4
1130000 3.1
1135000 4.0
1140000 12.6
1145000 5.7
1150000 0.0
1155000 1.0
1160000 8.6
1165000 5.4
1170000 0.0
1175000 3.2
1180000 0.0
1185000 0.2
1190000 0.3
1195000 9.7
1200000 5.5
1205000 0.1
1210000 1.6
1215000 7.9
1220000 9.5
1225000 1.0
1230000 18.2
1235000 23.1
1240000 5.8
1245000 15.9
1250000 0.1
1255000 1.1
1260000 14.5
1265000 0.7
1270000 5.0
1275000 0.1
1280000 0.1
1285000 12.4
1290000 6.8
1295000 3.6
1300000 4.0
1305000 7.4
1310000 6.1
1315000 9.0
1320000 49.7
1325000 0.0
1330000 9.1
1335000 0.1
1340000 12.2
1345000 0.1
1350000 7.5
1355000 4.6
1360000 8.0
1365000 6.8
1370000 0.6
1375000 4.8
1380000 1.5
1385000 1.4
1390000 0.0
1395000 0.5
1400000 1.7
1405000 0.5
1410000 3.4
1415000 14.7
1420000 3.1
1425000 1.0
1430000 0.0
1435000 0.3
1440000 0.1
1445000 3.2
1450000 4.2
1455000 8.6
1460000 4.1
1465000 1.2
1470000 2.9
1475000 0.6
1480000 11.4
1485000 1.2
1490000 9.3
1495000 6.0
1500000 14.2
1505000 1.2
1510000 1.4
1515000 3.9
1520000 3.8
1525000 3.8
1530000 9.9
1535000 7.8
1540000 5.2
1545000 3.5
1550000 6.0
1555000 7.4
1560000 15.3
1565000 9.6
1570000 4.6
1575000 3.0
1580000 14.0
1585000 0.1
1590000 0.2
1595000 0.1
1600000 12.0
1605000 20.2
1610000 1.3
1615000 4.8
1620000 2.9
1625000 1.8
1630000 10.4
1635000 23.7
1640000 17.3
1645000 15.9
1650000 0.0
1655000 7.8
1660000 11.8
1665000 19.7
1670000 17.4
1675000 18.0
1680000 2.3
1685000 7.9
1690000 3.4
1695000 4.5
1700000 20.3
1705000 1.3
1710000 0.8
1715000 6.2
1720000 1.6
1725000 0.0
1730000 7.5
1735000 39.9
1740000 6.8
1745000 7.1
1750000 8.2
1755000 0.1
1760000 5.8
1765000 8.3
1770000 12.7
1775000 1.1
1780000 1.6
1785000 1.7
1790000 16.2
1795000 0.1
1800000 3.5
1805000 0.1
1810000 10.1
1815000 0.0
1820000 48.1
1825000 6.1
1830000 4.5
1835000 2.0
1840000 26.7
1845000 0.1
1850000 8.2
1855000 0.7
1860000 3.3
1865000 1.3
1870000 4.6
1875000 1.7
1880000 6.5
1885000 0.1
1890000 4.4
1895000 0.0
1900000 33.2
1905000 17.3
1910000 2.2
1915000 9.1
1920000 17.8
1925000 4.2
1930000 4.5
1935000 2.8
1940000 2.9
1945000 31.8
1950000 1.7
1955000 11.2
1960000 21.3
1965000 6.1
1970000 23.4
1975000 13.8
1980000 3.5
1985000 26.4
1990000 5.0
1995000 7.6
2000000 6.3
