5000 13.7
10000 16.7
15000 0.2
20000 8.2
25000 16.1
30000 3.5
35000 1.5
40000 4.4
45000 5.0
50000 0.1
55000 3.1
60000 22.3
65000 10.1
70000 0.5
75000 1.0
80000 0.4
85000 10.6
90000 5.4
95000 1.3
100000 2.4
105000 1.0
110000 0.0
115000 8.0
120000 0.1
125000 14.0
130000 2.5
135000 4.8
140000 7.0
145000 0.6
150000 0.1
155000 0.0
160000 4.0
165000 15.9
170000 9.5
175000 4.8
180000 5.3
185000 0.9
190000 2.1
195000 3.1
200000 1.1
205000 0.8
210000 11.8
215000 1.9
220000 4.9
225000 5.1
230000 8.5
235000 2.3
240000 1.4
245000 0.5
250000 2.5
255000 1.2
260000 0.2
265000 3.5
270000 11.5
275000 4.0
280000 9.4
285000 3.8
290000 0.6
295000 4.8
300000 1.5
305000 0.5
310000 2.9
315000 2.9
320000 10.6
325000 6.3
330000 1.9
335000 0.3
340000 6.1
345000 11.3
350000 3.7
355000 2.0
360000 5.5
365000 6.2
370000 2.4
375000 3.3
380000 4.2
385000 0.9
390000 1.3
395000 0.2
400000 0.1
405000 5.5
410000 1.4
415000 5.2
420000 15.7
425000 1.9
430000 2.2
435000 0.2
440000 0.0
445000 0.2
450000 3.2
455000 2.1
460000 1.5
465000 1.1
470000 5.7
475000 4.8
480000 0.1
485000 1.1
490000 4.0
495000 3.6
500000 0.2
505000 2.2
510000 6.5
515000 5.1
520000 3.6
525000 1.2
530000 2.1
535000 9.1
540000 6.2
545000 2.7
550000 0.9
555000 2.6
560000 5.8
565000 3.5
570000 0.4
575000 0.4
580000 2.8
585000 3.2
590000 0.8
595000 5.7
600000 1.7
605000 0.0
610000 16.3
615000 11.9
620000 3.8
625000 3.9
630000 0.1
635000 4.5
640000 0.5
645000 1.0
650000 4.2
655000 0.8
660000 3.2
665000 5.7
670000 7.2
675000 13.7
680000 0.2
685000 1.1
690000 9.6
695000 0.3
700000 4.2
705000 1.4
710000 0.5
715000 1.4
720000 0.7
725000 1.6
730000 6.6
735000 0.1
740000 1.7
745000 0.5
750000 10.2
755000 1.8
760000 3.2
765000 0.3
770000 1.4
775000 9.8
780000 4.5
785000 3.2
790000 0.0
795000 3.8
800000 9.1
805000 7.6
810000 3.7
815000 0.9
820000 1.3
825000 2.3
830000 6.3
835000 1.1
840000 3.8
845000 0.9
850000 3.7
855000 1.9
860000 2.3
865000 3.2
870000 1.1
875000 1.0
880000 5.5
885000 4.5
890000 6.6
895000 1.4
900000 6.8
905000 0.9
910000 2.9
915000 0.5
920000 1.8
925000 6.0
930000 0.5
935000 2.9
940000 3.5
945000 5.5
950000 7.6
955000 12.4
960000 1.9
965000 0.2
970000 15.1
975000 2.3
980000 0.9
985000 2.5
990000 0.5
995000 5.2
1000000 2.4
1005000 4.8
1010000 6.9
1015000 4.1
1020000 0.8
1025000 0.7
1030000 6.6
1035000 27.7
1040000 0.1
1045000 3.0
1050000 8.0
1055000 10.6
1060000 0.5
1065000 10.3
1070000 5.5
1075000 8.7
1080000 1.8
1085000 0.9
1090000 2.4
1095000 2.4
1100000 0.6
1105000 2.4
1110000 0.3
1115000 6.0
1120000 2.3
1125000 0.3
1130000 5.8
1135000 0.2
1140000 3.0
1145000 1.1
1150000 7.2
1155000 2.8
1160000 2.2
1165000 0.1
1170000 3.6
1175000 10.7
1180000 3.3
1185000 3.2
1190000 1.2
1195000 1.1
1200000 1.3
1205000 5.7
1210000 2.0
1215000 20.8
1220000 7.4
1225000 19.7
1230000 1.8
1235000 0.1
1240000 10.2
1245000 9.9
1250000 2.7
1255000 5.2
1260000 1.9
1265000 3.1
1270000 0.2
1275000 8.4
1280000 5.4
1285000 0.8
1290000 11.8
1295000 3.5
1300000 1.3
1305000 0.4
1310000 28.5
1315000 0.9
1320000 0.2
1325000 2.2
1330000 0.1
1335000 0.7
1340000 0.1
1345000 5.5
1350000 0.3
1355000 6.1
1360000 1.1
1365000 9.9
1370000 0.1
1375000 5.2
1380000 5.1
1385000 5.7
1390000 6.9
1395000 4.9
1400000 6.6
1405000 0.8
1410000 12.9
1415000 2.0
1420000 3.4
1425000 5.9
1430000 3.9
1435000 0.0
1440000 3.6
1445000 0.0
1450000 0.2
1455000 0.9
1460000 0.2
1465000 0.1
1470000 1.8
1475000 3.6
1480000 0.6
1485000 4.0
1490000 6.4
1495000 5.4
1500000 0.9
1505000 23.3
1510000 4.6
1515000 0.9
1520000 4.4
1525000 0.8
1530000 3.6
1535000 4.6
1540000 4.6
1545000 0.3
1550000 6.4
1555000 20.7
1560000 5.0
1565000 2.1
1570000 1.2
1575000 0.2
1580000 8.0
1585000 0.1
1590000 6.2
1595000 5.5
1600000 3.2
1605000 3.1
1610000 0.0
1615000 2.7
1620000 3.7
1625000 0.1
1630000 0.1
1635000 11.5
1640000 12.9
1645000 3.7
1650000 2.5
1655000 2.1
1660000 8.3
1665000 4.6
1670000 16.7
1675000 11.7
1680000 3.8
1685000 1.4
1690000 0.7
1695000 1.0
1700000 0.4
1705000 0.3
1710000 1.1
1715000 0.5
1720000 1.5
1725000 3.0
1730000 10.2
1735000 3.5
1740000 9.3
1745000 0.9
1750000 3.5
1755000 4.6
1760000 4.3
1765000 0.1
1770000 4.0
1775000 2.3
1780000 5.4
1785000 0.8
1790000 3.0
1795000 3.1
1800000 7.9
1805000 2.1
1810000 0.0
1815000 0.0
1820000 1.1
1825000 0.9
1830000 0.0
1835000 14.6
1840000 8.5
1845000 1.5
1850000 7.2
1855000 0.9
1860000 2.3
1865000 2.5
1870000 0.6
1875000 3.8
1880000 0.1
1885000 1.3
1890000 2.0
1895000 7.5
1900000 0.0
1905000 0.6
1910000 11.0
1915000 0.0
1920000 1.5
1925000 1.8
1930000 0.0
1935000 4.3
1940000 7.4
1945000 2.3
1950000 0.4
1955000 8.9
1960000 5.2
1965000 2.1
1970000 0.6
1975000 3.5
1980000 1.1
1985000 2.2
1990000 7.1
1995000 0.5
2000000 0.0
