5000 5.4
10000 4.2
15000 2.7
20000 10.4
25000 2.1
30000 0.8
35000 8.2
40000 10.9
45000 4.1
50000 14.6
55000 2.3
60000 2.0
65000 13.3
70000 30.2
75000 4.0
80000 0.8
85000 0.4
90000 3.3
95000 8.2
100000 11.1
105000 7.2
110000 4.6
115000 1.6
120000 11.5
125000 17.5
130000 7.1
135000 0.2
140000 1.4
145000 0.5
150000 0.1
155000 1.6
160000 8.1
165000 13.5
170000 8.8
175000 5.3
180000 3.4
185000 15.4
190000 8.6
195000 0.8
200000 4.7
205000 3.1
210000 0.2
215000 0.5
220000 8.2
225000 3.2
230000 10.0
235000 3.3
240000 8.5
245000 0.4
250000 1.1
255000 0.2
260000 4.3
265000 7.6
270000 4.4
275000 2.2
280000 4.8
285000 5.4
290000 2.8
295000 3.7
300000 3.5
305000 0.1
310000 2.8
315000 0.9
320000 1.4
325000 10.0
330000 2.0
335000 4.3
340000 9.8
345000 2.3
350000 8.4
355000 2.5
360000 3.5
365000 0.9
370000 18.0
375000 5.3
380000 1.3
385000 4.0
390000 3.2
395000 3.5
400000 6.5
405000 4.0
410000 11.3
415000 3.4
420000 3.5
425000 0.9
430000 2.7
435000 5.8
440000 3.1
445000 4.8
450000 5.7
455000 10.2
460000 9.3
465000 7.7
470000 20.4
475000 2.6
480000 10.4
485000 14.7
490000 1.1
495000 15.5
500000 16.0
505000 5.7
510000 5.9
515000 2.7
520000 2.2
525000 4.9
530000 1.8
535000 3.9
540000 1.3
545000 0.8
550000 3.9
555000 2.9
560000 0.7
565000 2.7
570000 1.2
575000 0.4
580000 1.2
585000 0.1
590000 1.0
595000 4.2
600000 0.8
605000 0.5
610000 0.0
615000 4.1
620000 5.1
625000 2.4
630000 6.1
635000 20.0
640000 3.3
645000 1.3
650000 13.0
655000 0.5
660000 12.9
665000 10.8
670000 18.4
675000 7.7
680000 0.1
685000 16.3
690000 8.9
695000 2.7
700000 5.4
705000 3.1
710000 2.4
715000 3.1
720000 7.5
725000 1.8
730000 1.1
735000 5.0
740000 0.4
745000 1.7
750000 0.2
755000 2.5
760000 6.2
765000 8.0
770000 2.5
775000 10.5
780000 13.9
785000 0.3
790000 3.5
795000 1.2
800000 7.7
805000 5.4
810000 1.3
815000 1.4
820000 6.0
825000 9.3
830000 7.8
835000 3.3
840000 15.3
845000 1.5
850000 6.2
855000 1.7
860000 13.4
865000 1.5
870000 0.0
875000 20.5
880000 2.3
885000 0.2
890000 0.2
895000 0.6
900000 7.5
905000 6.6
910000 0.9
915000 9.0
920000 10.2
925000 4.2
930000 0.1
935000 2.6
940000 10.2
945000 0.6
950000 5.8
955000 1.3
960000 5.9
965000 9.3
970000 3.5
975000 3.1
980000 0.2
985000 9.1
990000 5.3
995000 5.8
1000000 4.6
1005000 3.6
1010000 6.1
1015000 3.8
1020000 0.6
1025000 6.8
1030000 1.1
1035000 0.9
1040000 2.5
1045000 4.4
1050000 6.3
1055000 3.6
1060000 7.1
1065000 6.5
1070000 34.6
1075000 15.1
1080000 9.1
1085000 4.5
1090000 14.4
1095000 8.2
1100000 10.2
1105000 0.4
1110000 8.5
1115000 2.0
1120000 4.3
1125000 14.3
1130000 0.9
1135000 8.1
1140000 5.0
1145000 4.2
1150000 5.3
1155000 3.0
1160000 8.6
1165000 18.6
1170000 1.4
1175000 21.6
1180000 4.0
1185000 1.1
1190000 4.8
1195000 3.1
1200000 0.1
1205000 17.2
1210000 6.5
1215000 4.2
1220000 4.9
1225000 13.5
1230000 25.7
1235000 25.9
1240000 0.2
1245000 3.6
1250000 6.8
1255000 8.5
1260000 11.9
1265000 19.5
1270000 5.4
1275000 4.1
1280000 0.4
1285000 9.7
1290000 0.2
1295000 3.2
1300000 1.0
1305000 0.0
1310000 11.7
1315000 1.2
1320000 7.7
1325000 7.6
1330000 8.3
1335000 8.5
1340000 13.2
1345000 5.3
1350000 5.6
1355000 1.4
1360000 12.9
1365000 1.8
1370000 3.7
1375000 0.0
1380000 7.6
1385000 2.1
1390000 5.9
1395000 2.2
1400000 15.3
1405000 10.9
1410000 0.8
1415000 3.2
1420000 3.7
1425000 7.5
1430000 1.0
1435000 0.6
1440000 1.1
1445000 0.0
1450000 0.1
1455000 15.1
1460000 9.9
1465000 3.3
1470000 0.1
1475000 0.7
1480000 4.0
1485000 12.7
1490000 0.0
1495000 11.0
1500000 13.0
1505000 4.5
1510000 4.6
1515000 8.7
1520000 0.0
1525000 3.9
1530000 2.4
1535000 0.0
1540000 8.3
1545000 17.0
1550000 3.9
1555000 9.5
1560000 3.0
1565000 3.5
1570000 3.2
1575000 3.6
1580000 0.1
1585000 11.4
1590000 0.5
1595000 3.2
1600000 2.8
1605000 6.1
1610000 10.9
1615000 1.9
1620000 6.8
1625000 8.0
1630000 5.0
1635000 5.1
1640000 12.6
1645000 0.3
1650000 5.0
1655000 4.8
1660000 5.7
1665000 0.1
1670000 4.3
1675000 1.8
1680000 16.0
1685000 8.8
1690000 3.5
1695000 0.6
1700000 10.9
1705000 2.2
1710000 2.1
1715000 1.6
1720000 0.4
1725000 5.1
1730000 4.6
1735000 6.1
1740000 8.5
1745000 1.3
1750000 4.6
1755000 9.2
1760000 13.4
1765000 3.6
1770000 3.4
1775000 6.3
1780000 0.5
1785000 8.3
1790000 0.0
1795000 9.5
1800000 8.8
1805000 1.6
1810000 1.2
1815000 6.1
1820000 1.2
1825000 13.9
1830000 6.0
1835000 12.0
1840000 0.7
1845000 5.8
1850000 1.7
1855000 3.0
1860000 17.0
1865000 9.6
1870000 4.8
1875000 5.7
1880000 0.0
1885000 7.0
1890000 8.1
1895000 17.2
1900000 6.2
1905000 1.7
1910000 7.6
1915000 3.8
1920000 0.4
1925000 0.1
1930000 4.8
1935000 1.0
1940000 24.5
1945000 5.5
1950000 7.1
1955000 5.1
1960000 11.5
1965000 9.9
1970000 0.9
1975000 3.4
1980000 3.9
1985000 1.0
1990000 0.4
1995000 6.4
2000000 7.3
