10000 201.0
20000 398.8
30000 399.2
40000 0.0
50000 344.2
60000 301.2
70000 395.9
80000 298.2
90000 195.7
100000 305.3
110000 190.4
120000 395.8
130000 598.0
140000 196.1
150000 387.7
160000 495.8
170000 293.4
180000 494.8
190000 290.6
200000 198.3
210000 201.2
220000 299.8
230000 197.7
240000 198.1
250000 584.1
260000 199.0
270000 68.0
280000 572.1
290000 298.0
300000 0.0
310000 190.5
320000 274.0
330000 393.3
340000 199.5
350000 297.8
360000 291.3
370000 0.7
380000 392.2
390000 399.3
400000 0.3
410000 679.0
420000 0.6
430000 133.1
440000 299.5
450000 421.7
460000 188.4
470000 395.5
480000 187.7
490000 199.6
500000 196.8
510000 287.8
520000 199.1
530000 300.0
540000 294.0
550000 299.5
560000 597.0
570000 345.7
580000 389.6
590000 202.8
600000 225.0
610000 298.6
620000 105.8
630000 303.1
640000 199.1
650000 581.2
660000 199.6
670000 100.0
680000 298.0
690000 100.0
700000 199.0
710000 298.0
720000 398.0
730000 96.1
740000 399.7
750000 295.1
760000 298.7
770000 195.4
780000 97.6
790000 400.0
800000 200.4
810000 385.1
820000 600.5
830000 0.0
840000 440.6
850000 298.5
860000 398.0
870000 392.2
880000 194.2
890000 205.4
900000 297.4
910000 0.0
920000 392.5
930000 198.8
940000 200.0
950000 98.7
960000 200.0
970000 389.5
980000 187.8
990000 321.6
1000000 299.0
1010000 200.0
1020000 205.4
1030000 0.0
1040000 100.0
1050000 200.0
1060000 239.6
1070000 296.8
1080000 200.0
1090000 199.0
1100000 300.0
1110000 0.0
1120000 299.6
1130000 541.7
1140000 196.3
1150000 0.0
1160000 389.0
1170000 476.6
1180000 297.8
1190000 270.8
1200000 198.8
1210000 204.2
1220000 485.8
1230000 98.7
1240000 301.3
1250000 95.6
1260000 0.0
1270000 0.0
1280000 200.0
1290000 497.1
1300000 200.0
1310000 198.5
1320000 100.0
1330000 103.0
1340000 199.4
1350000 200.9
1360000 300.0
1370000 203.6
1380000 296.3
1390000 95.7
1400000 400.0
1410000 202.9
1420000 290.5
1430000 175.6
1440000 0.0
1450000 291.8
1460000 0.0
1470000 297.4
1480000 496.5
1490000 195.8
1500000 400.0
1510000 299.2
1520000 100.0
1530000 200.0
1540000 296.4
1550000 400.0
1560000 97.9
1570000 0.0
1580000 0.0
1590000 0.0
1600000 299.8
1610000 500.0
1620000 100.0
1630000 200.0
1640000 598.7
1650000 299.4
1660000 3.6
1670000 488.4
1680000 300.0
1690000 202.5
1700000 499.0
1710000 100.0
1720000 100.0
1730000 100.0
1740000 200.0
1750000 100.0
1760000 100.0
1770000 203.2
1780000 100.0
1790000 102.3
1800000 201.4
1810000 295.4
1820000 198.6
1830000 400.0
1840000 402.1
1850000 100.0
1860000 101.3
1870000 400.0
1880000 100.0
1890000 193.3
1900000 98.3
1910000 198.7
1920000 100.0
1930000 93.3
1940000 199.1
1950000 200.0
1960000 398.0
1970000 394.2
1980000 100.0
1990000 200.0
2000000 100.0
