10000 90.7
20000 99.1
30000 296.1
40000 203.2
50000 300.0
60000 101.2
70000 297.9
80000 390.6
90000 114.6
100000 195.8
110000 399.1
120000 286.4
130000 97.8
140000 501.1
150000 99.5
160000 282.1
170000 388.2
180000 145.7
190000 299.2
200000 591.9
210000 394.4
220000 200.3
230000 533.6
240000 194.6
250000 496.8
260000 297.3
270000 298.9
280000 0.3
290000 100.0
300000 150.6
310000 200.0
320000 5.1
330000 198.0
340000 299.3
350000 394.3
360000 107.1
370000 98.9
380000 193.5
390000 100.0
400000 296.6
410000 394.0
420000 200.0
430000 100.0
440000 200.0
450000 492.4
460000 200.0
470000 102.8
480000 197.9
490000 100.0
500000 197.8
510000 100.0
520000 394.2
530000 297.8
540000 297.8
550000 103.0
560000 198.3
570000 298.7
580000 100.0
590000 100.0
600000 100.0
610000 200.0
620000 199.6
630000 107.0
640000 197.6
650000 388.8
660000 200.0
670000 293.7
680000 200.2
690000 194.4
700000 0.0
710000 100.0
720000 200.0
730000 0.0
740000 200.0
750000 196.5
760000 200.0
770000 207.9
780000 106.5
790000 0.0
800000 100.0
810000 0.0
820000 200.0
830000 0.0
840000 398.7
850000 99.4
860000 100.0
870000 198.9
880000 0.0
890000 0.0
900000 200.0
910000 100.0
920000 200.0
930000 295.0
940000 300.5
950000 100.0
960000 2.9
970000 198.0
980000 400.0
990000 1.4
1000000 399.2
1010000 300.0
1020000 199.1
1030000 100.7
1040000 173.9
1050000 400.0
1060000 157.6
1070000 2.1
1080000 200.5
1090000 1.7
1100000 0.0
1110000 107.0
1120000 200.0
1130000 0.0
1140000 299.6
1150000 396.5
1160000 100.0
1170000 300.0
1180000 100.0
1190000 200.0
1200000 200.0
1210000 200.0
1220000 200.0
1230000 100.0
1240000 199.9
1250000 100.0
1260000 100.0
1270000 0.0
1280000 200.0
1290000 0.0
1300000 100.0
1310000 200.0
1320000 198.9
1330000 100.0
1340000 0.0
1350000 100.0
1360000 200.0
1370000 200.0
1380000 400.0
1390000 0.0
1400000 100.0
1410000 208.8
1420000 201.7
1430000 200.0
1440000 197.8
1450000 400.7
1460000 200.0
1470000 200.0
1480000 300.0
1490000 0.0
1500000 198.3
1510000 200.0
1520000 300.0
1530000 100.0
1540000 0.0
1550000 300.2
1560000 300.0
1570000 100.0
1580000 500.0
1590000 299.6
1600000 199.7
1610000 397.3
1620000 100.0
1630000 2.2
1640000 100.0
1650000 200.0
1660000 299.4
1670000 299.9
1680000 0.0
1690000 202.4
1700000 300.5
1710000 102.1
1720000 295.4
1730000 100.0
1740000 301.0
1750000 502.3
1760000 200.0
1770000 0.0
1780000 300.0
1790000 300.0
1800000 100.0
1810000 200.0
1820000 100.0
1830000 200.0
1840000 0.0
1850000 201.0
1860000 407.5
1870000 100.0
1880000 200.0
1890000 100.0
1900000 295.7
1910000 100.0
1920000 100.0
1930000 300.0
1940000 100.0
1950000 100.0
1960000 197.0
1970000 0.0
1980000 0.0
1990000 100.0
2000000 301.1
