10000 100.0
20000 100.0
30000 99.1
40000 0.0
50000 400.0
60000 298.9
70000 300.0
80000 299.2
90000 207.5
100000 100.0
110000 100.0
120000 200.0
130000 1.1
140000 499.7
150000 100.0
160000 231.5
170000 0.0
180000 300.7
190000 198.0
200000 272.4
210000 675.6
220000 298.2
230000 200.1
240000 198.8
250000 199.3
260000 53.7
270000 136.5
280000 200.0
290000 198.0
300000 301.3
310000 294.5
320000 394.4
330000 100.4
340000 204.5
350000 200.0
360000 186.5
370000 169.7
380000 195.2
390000 499.6
400000 400.0
410000 194.9
420000 200.0
430000 495.4
440000 95.3
450000 400.0
460000 287.6
470000 98.4
480000 189.0
490000 294.1
500000 197.5
510000 263.3
520000 195.0
530000 301.1
540000 300.0
550000 400.0
560000 398.8
570000 0.0
580000 106.1
590000 100.2
600000 198.6
610000 299.0
620000 392.1
630000 200.0
640000 302.7
650000 100.0
660000 0.0
670000 296.5
680000 248.2
690000 295.6
700000 299.4
710000 398.8
720000 300.0
730000 0.0
740000 197.4
750000 100.0
760000 394.2
770000 398.0
780000 200.0
790000 98.9
800000 199.6
810000 95.1
820000 101.4
830000 389.8
840000 0.0
850000 297.1
860000 289.7
870000 199.1
880000 203.4
890000 291.3
900000 198.8
910000 197.7
920000 199.0
930000 99.5
940000 100.0
950000 0.0
960000 297.7
970000 202.8
980000 198.7
990000 102.9
1000000 194.8
1010000 198.9
1020000 100.0
1030000 100.0
1040000 200.0
1050000 197.5
1060000 200.3
1070000 200.0
1080000 0.0
1090000 396.8
1100000 300.0
1110000 300.0
1120000 100.0
1130000 100.0
1140000 110.6
1150000 100.0
1160000 400.0
1170000 195.3
1180000 199.3
1190000 200.0
1200000 100.0
1210000 100.0
1220000 296.6
1230000 200.0
1240000 99.9
1250000 297.9
1260000 100.0
1270000 300.0
1280000 100.0
1290000 101.5
1300000 101.1
1310000 295.6
1320000 100.0
1330000 100.0
1340000 199.2
1350000 123.0
1360000 200.0
1370000 0.0
1380000 400.0
1390000 298.3
1400000 197.2
1410000 200.0
1420000 196.2
1430000 295.7
1440000 0.9
1450000 97.5
1460000 298.9
1470000 100.0
1480000 100.0
1490000 1.0
1500000 392.8
1510000 194.2
1520000 244.3
1530000 399.3
1540000 293.6
1550000 300.0
1560000 396.4
1570000 491.4
1580000 200.0
1590000 396.5
1600000 413.9
1610000 200.0
1620000 197.3
1630000 200.0
1640000 300.0
1650000 0.0
1660000 100.0
1670000 1.4
1680000 0.0
1690000 100.0
1700000 399.5
1710000 100.0
1720000 101.0
1730000 200.0
1740000 300.0
1750000 100.0
1760000 286.1
1770000 200.0
1780000 100.0
1790000 300.0
1800000 100.0
1810000 185.8
1820000 0.0
1830000 201.2
1840000 100.0
1850000 300.0
1860000 300.0
1870000 198.1
1880000 0.0
1890000 500.0
1900000 200.5
1910000 298.8
1920000 100.0
1930000 296.7
1940000 288.2
1950000 298.7
1960000 100.0
1970000 197.1
1980000 202.5
1990000 300.0
2000000 100.0
