10000 200.0
20000 200.0
30000 399.3
40000 0.7
50000 200.0
60000 0.0
70000 387.5
80000 293.3
90000 99.8
100000 103.6
110000 100.7
120000 100.0
130000 330.8
140000 401.2
150000 298.6
160000 101.1
170000 290.2
180000 199.0
190000 592.9
200000 300.0
210000 282.8
220000 395.4
230000 493.4
240000 371.6
250000 198.2
260000 498.6
270000 0.0
280000 99.4
290000 185.1
300000 301.0
310000 297.2
320000 200.0
330000 596.0
340000 0.0
350000 89.6
360000 97.6
370000 389.5
380000 267.6
390000 295.5
400000 295.1
410000 3.7
420000 201.4
430000 299.5
440000 100.0
450000 0.0
460000 494.0
470000 270.8
480000 101.0
490000 100.9
500000 200.0
510000 93.3
520000 196.9
530000 99.6
540000 97.8
550000 297.6
560000 197.3
570000 201.3
580000 200.0
590000 0.4
600000 392.3
610000 100.0
620000 100.0
630000 99.9
640000 497.3
650000 303.0
660000 102.3
670000 299.0
680000 198.1
690000 304.9
700000 84.0
710000 0.0
720000 100.0
730000 198.9
740000 299.4
750000 100.0
760000 200.0
770000 619.3
780000 100.0
790000 199.8
800000 299.6
810000 100.0
820000 100.0
830000 96.6
840000 0.0
850000 400.0
860000 398.3
870000 200.0
880000 0.8
890000 200.0
900000 0.1
910000 282.5
920000 298.3
930000 162.2
940000 200.0
950000 101.8
960000 298.9
970000 201.3
980000 391.4
990000 100.0
1000000 497.3
1010000 400.0
1020000 395.2
1030000 395.2
1040000 202.1
1050000 100.0
1060000 297.3
1070000 2.2
1080000 103.0
1090000 196.9
1100000 300.0
1110000 200.0
1120000 85.0
1130000 190.0
1140000 293.4
1150000 300.0
1160000 1.3
1170000 100.0
1180000 298.1
1190000 398.2
1200000 0.0
1210000 298.3
1220000 303.3
1230000 0.0
1240000 100.0
1250000 394.2
1260000 499.9
1270000 290.0
1280000 199.3
1290000 599.2
1300000 491.6
1310000 99.1
1320000 200.7
1330000 300.0
1340000 0.0
1350000 200.0
1360000 94.8
1370000 200.0
1380000 100.0
1390000 188.1
1400000 298.8
1410000 0.0
1420000 200.0
1430000 298.1
1440000 198.1
1450000 100.0
1460000 201.2
1470000 199.2
1480000 200.0
1490000 595.6
1500000 200.0
1510000 298.6
1520000 97.2
1530000 100.0
1540000 100.0
1550000 100.4
1560000 197.1
1570000 199.3
1580000 298.4
1590000 208.8
1600000 100.2
1610000 200.0
1620000 100.0
1630000 100.0
1640000 300.0
1650000 200.0
1660000 100.0
1670000 100.0
1680000 199.5
1690000 200.0
1700000 298.9
1710000 200.0
1720000 99.8
1730000 94.7
1740000 194.4
1750000 100.0
1760000 400.0
1770000 0.0
1780000 300.3
1790000 296.8
1800000 99.2
1810000 100.0
1820000 396.1
1830000 199.7
1840000 200.0
1850000 193.4
1860000 0.0
1870000 299.5
1880000 397.5
1890000 200.0
1900000 0.0
1910000 300.0
1920000 100.0
1930000 279.0
1940000 300.0
1950000 100.0
1960000 199.2
1970000 100.2
1980000 302.8
1990000 102.0
2000000 298.3
