10000 300.0
20000 300.0
30000 100.1
40000 198.6
50000 101.6
60000 198.8
70000 58.4
80000 100.0
90000 100.0
100000 299.7
110000 165.0
120000 4.7
130000 595.6
140000 229.5
150000 391.3
160000 100.0
170000 269.6
180000 101.2
190000 104.7
200000 99.1
210000 107.8
220000 282.8
230000 98.5
240000 281.3
250000 1.2
260000 100.0
270000 296.2
280000 298.6
290000 300.7
300000 182.1
310000 108.0
320000 97.7
330000 298.0
340000 0.0
350000 398.1
360000 294.2
370000 297.2
380000 100.0
390000 98.3
400000 498.1
410000 694.5
420000 1.8
430000 301.3
440000 195.0
450000 398.5
460000 100.0
470000 395.0
480000 100.0
490000 103.5
500000 297.5
510000 98.8
520000 100.0
530000 100.0
540000 100.0
550000 296.4
560000 0.0
570000 91.6
580000 286.2
590000 89.5
600000 200.0
610000 199.3
620000 300.0
630000 97.3
640000 4.6
650000 87.3
660000 200.0
670000 100.0
680000 598.8
690000 200.0
700000 198.2
710000 98.5
720000 178.6
730000 200.4
740000 0.0
750000 100.0
760000 100.0
770000 100.0
780000 100.0
790000 300.0
800000 300.0
810000 297.4
820000 200.0
830000 398.0
840000 199.2
850000 100.0
860000 200.0
870000 300.7
880000 200.0
890000 299.1
900000 199.0
910000 300.0
920000 201.7
930000 199.0
940000 296.5
950000 299.7
960000 194.6
970000 200.0
980000 293.5
990000 297.6
1000000 299.2
1010000 100.0
1020000 100.0
1030000 100.0
1040000 300.0
1050000 201.1
1060000 300.0
1070000 100.0
1080000 296.4
1090000 100.0
1100000 100.0
1110000 299.0
1120000 300.0
1130000 298.0
1140000 100.0
1150000 505.3
1160000 100.0
1170000 400.0
1180000 304.7
1190000 300.0
1200000 217.1
1210000 100.0
1220000 0.0
1230000 405.3
1240000 200.0
1250000 99.7
1260000 300.7
1270000 300.0
1280000 100.0
1290000 396.7
1300000 100.0
1310000 200.0
1320000 2.4
1330000 100.0
1340000 200.0
1350000 293.2
1360000 198.3
1370000 303.2
1380000 204.9
1390000 200.0
1400000 200.0
1410000 197.5
1420000 100.0
1430000 301.1
1440000 98.5
1450000 200.0
1460000 100.0
1470000 393.7
1480000 398.2
1490000 100.0
1500000 599.6
1510000 300.0
1520000 400.0
1530000 100.0
1540000 100.0
1550000 200.0
1560000 1.3
1570000 99.0
1580000 0.9
1590000 100.0
1600000 200.0
1610000 400.0
1620000 103.1
1630000 0.0
1640000 200.0
1650000 298.4
1660000 200.0
1670000 297.8
1680000 199.5
1690000 0.0
1700000 102.5
1710000 200.0
1720000 100.3
1730000 100.0
1740000 200.0
1750000 200.0
1760000 0.0
1770000 200.4
1780000 199.9
1790000 1.6
1800000 200.0
1810000 196.0
1820000 100.0
1830000 100.0
1840000 201.0
1850000 200.0
1860000 99.3
1870000 298.7
1880000 100.0
1890000 399.5
1900000 100.0
1910000 100.6
1920000 65.8
1930000 100.0
1940000 98.5
1950000 398.4
1960000 0.0
1970000 200.0
1980000 193.5
1990000 100.0
2000000 0.0
