10000 200.0
20000 99.0
30000 200.0
40000 199.6
50000 200.0
60000 300.0
70000 300.0
80000 199.9
90000 100.0
100000 98.2
110000 103.5
120000 100.0
130000 289.7
140000 203.5
150000 196.2
160000 272.8
170000 200.0
180000 299.6
190000 196.8
200000 197.2
210000 100.0
220000 399.3
230000 198.7
240000 100.0
250000 198.3
260000 399.4
270000 0.0
280000 279.9
290000 200.0
300000 292.4
310000 282.3
320000 396.6
330000 397.4
340000 100.3
350000 391.9
360000 581.6
370000 394.3
380000 94.5
390000 283.9
400000 298.4
410000 584.9
420000 393.1
430000 294.4
440000 200.0
450000 300.0
460000 200.0
470000 95.3
480000 385.9
490000 100.0
500000 200.0
510000 381.0
520000 300.0
530000 399.3
540000 298.2
550000 95.1
560000 200.0
570000 298.3
580000 197.0
590000 0.0
600000 296.6
610000 300.8
620000 288.3
630000 299.3
640000 294.6
650000 194.3
660000 200.3
670000 400.2
680000 202.9
690000 1.3
700000 101.6
710000 200.4
720000 296.6
730000 292.2
740000 300.0
750000 369.5
760000 200.1
770000 386.9
780000 198.1
790000 300.0
800000 0.0
810000 300.0
820000 298.7
830000 299.9
840000 164.1
850000 198.6
860000 2.4
870000 398.4
880000 99.1
890000 102.7
900000 390.2
910000 100.0
920000 400.8
930000 200.0
940000 99.5
950000 100.0
960000 298.1
970000 300.0
980000 192.6
990000 286.7
1000000 399.5
1010000 396.7
1020000 100.0
1030000 0.0
1040000 301.0
1050000 201.0
1060000 400.0
1070000 100.5
1080000 296.0
1090000 98.7
1100000 497.7
1110000 100.0
1120000 298.3
1130000 400.0
1140000 299.1
1150000 194.5
1160000 200.2
1170000 199.9
1180000 201.6
1190000 101.2
1200000 0.0
1210000 400.0
1220000 100.9
1230000 199.0
1240000 0.0
1250000 100.0
1260000 200.0
1270000 300.0
1280000 190.1
1290000 300.0
1300000 400.0
1310000 200.0
1320000 100.0
1330000 200.0
1340000 200.0
1350000 200.0
1360000 400.0
1370000 0.0
1380000 100.0
1390000 100.0
1400000 293.2
1410000 199.6
1420000 200.0
1430000 100.0
1440000 200.0
1450000 0.0
1460000 199.0
1470000 300.0
1480000 400.0
1490000 498.6
1500000 200.0
1510000 200.0
1520000 300.0
1530000 100.0
1540000 200.0
1550000 299.0
1560000 0.3
1570000 102.3
1580000 0.0
1590000 200.0
1600000 300.0
1610000 300.0
1620000 100.7
1630000 0.0
1640000 0.0
1650000 100.0
1660000 298.6
1670000 200.0
1680000 0.0
1690000 0.0
1700000 100.0
1710000 296.8
1720000 300.0
1730000 199.5
1740000 200.0
1750000 298.9
1760000 200.0
1770000 100.0
1780000 100.0
1790000 100.0
1800000 100.0
1810000 300.0
1820000 499.8
1830000 101.6
1840000 300.0
1850000 200.0
1860000 0.0
1870000 100.0
1880000 203.4
1890000 101.2
1900000 299.2
1910000 398.2
1920000 91.4
1930000 100.0
1940000 100.0
1950000 100.0
1960000 200.0
1970000 0.1
1980000 1.1
1990000 300.0
2000000 195.1
