10000 103.5
20000 298.2
30000 100.0
40000 100.0
50000 200.0
60000 100.9
70000 295.8
80000 400.6
90000 300.0
100000 101.6
110000 394.0
120000 300.1
130000 198.0
140000 100.0
150000 500.0
160000 302.1
170000 2.9
180000 299.6
190000 99.2
200000 282.8
210000 0.4
220000 300.6
230000 200.8
240000 195.4
250000 196.7
260000 393.1
270000 396.5
280000 200.0
290000 406.9
300000 201.8
310000 99.7
320000 396.1
330000 193.5
340000 303.0
350000 374.7
360000 297.3
370000 311.9
380000 84.2
390000 285.9
400000 493.3
410000 328.4
420000 362.9
430000 100.0
440000 481.3
450000 499.2
460000 400.0
470000 298.8
480000 603.7
490000 306.7
500000 290.8
510000 98.1
520000 100.0
530000 104.2
540000 392.3
550000 487.6
560000 358.7
570000 199.8
580000 301.8
590000 281.1
600000 396.0
610000 97.5
620000 400.0
630000 298.3
640000 295.6
650000 314.0
660000 199.0
670000 198.8
680000 198.0
690000 112.1
700000 398.7
710000 100.0
720000 200.0
730000 297.6
740000 300.0
750000 295.4
760000 200.0
770000 199.5
780000 100.0
790000 49.0
800000 0.0
810000 300.7
820000 198.3
830000 3.8
840000 200.0
850000 212.1
860000 108.4
870000 395.9
880000 485.7
890000 315.9
900000 399.9
910000 99.1
920000 399.2
930000 100.5
940000 288.7
950000 297.8
960000 86.0
970000 295.0
980000 198.4
990000 245.5
1000000 100.0
1010000 0.0
1020000 200.0
1030000 199.6
1040000 0.0
1050000 397.1
1060000 300.0
1070000 300.0
1080000 199.6
1090000 199.5
1100000 295.6
1110000 100.6
1120000 294.6
1130000 399.8
1140000 299.2
1150000 200.1
1160000 100.0
1170000 493.5
1180000 299.4
1190000 200.0
1200000 104.1
1210000 200.0
1220000 100.0
1230000 200.0
1240000 100.3
1250000 100.5
1260000 0.0
1270000 199.6
1280000 200.0
1290000 101.4
1300000 0.0
1310000 201.9
1320000 100.0
1330000 99.5
1340000 298.1
1350000 0.0
1360000 293.2
1370000 100.0
1380000 197.8
1390000 99.6
1400000 316.7
1410000 298.8
1420000 0.0
1430000 100.0
1440000 399.1
1450000 299.1
1460000 100.0
1470000 195.8
1480000 200.0
1490000 397.1
1500000 0.0
1510000 200.0
1520000 100.0
1530000 400.0
1540000 0.0
1550000 4.4
1560000 300.0
1570000 186.8
1580000 199.4
1590000 96.5
1600000 300.0
1610000 599.2
1620000 104.9
1630000 400.0
1640000 198.5
1650000 109.0
1660000 300.0
1670000 293.9
1680000 100.0
1690000 200.0
1700000 100.0
1710000 100.0
1720000 0.0
1730000 499.3
1740000 100.0
1750000 295.0
1760000 100.9
1770000 0.0
1780000 100.0
1790000 396.7
1800000 201.7
1810000 98.5
1820000 200.0
1830000 171.5
1840000 114.1
1850000 100.0
1860000 98.7
1870000 300.0
1880000 199.7
1890000 101.4
1900000 200.6
1910000 200.0
1920000 600.5
1930000 300.0
1940000 182.8
1950000 201.1
1960000 101.8
1970000 200.3
1980000 100.0
1990000 300.0
2000000 486.3
