10000 0.0
20000 201.5
30000 187.3
40000 199.1
50000 404.9
60000 466.0
70000 117.9
80000 195.7
90000 392.0
100000 394.9
110000 198.5
120000 300.0
130000 291.7
140000 493.8
150000 169.3
160000 487.9
170000 388.6
180000 403.1
190000 100.0
200000 586.4
210000 199.2
220000 192.0
230000 290.0
240000 597.2
250000 300.0
260000 297.8
270000 199.2
280000 393.4
290000 102.4
300000 298.2
310000 100.0
320000 197.9
330000 101.6
340000 99.4
350000 586.0
360000 299.2
370000 298.9
380000 96.0
390000 495.4
400000 300.0
410000 99.3
420000 300.0
430000 200.0
440000 100.5
450000 498.3
460000 101.5
470000 199.3
480000 122.9
490000 299.1
500000 200.9
510000 298.5
520000 299.8
530000 489.1
540000 299.2
550000 2.3
560000 296.7
570000 200.0
580000 303.1
590000 0.0
600000 93.0
610000 100.6
620000 0.0
630000 196.7
640000 198.7
650000 200.0
660000 199.1
670000 396.0
680000 100.0
690000 400.0
700000 0.0
710000 100.0
720000 307.8
730000 0.0
740000 0.0
750000 301.8
760000 200.0
770000 100.0
780000 200.7
790000 299.7
800000 300.0
810000 202.8
820000 100.0
830000 291.6
840000 496.6
850000 306.3
860000 191.3
870000 200.0
880000 197.3
890000 0.0
900000 102.3
910000 203.0
920000 195.8
930000 100.6
940000 100.0
950000 199.1
960000 93.8
970000 0.0
980000 211.4
990000 200.0
1000000 300.3
1010000 103.2
1020000 297.9
1030000 99.8
1040000 398.9
1050000 302.3
1060000 397.9
1070000 200.7
1080000 400.0
1090000 0.0
1100000 100.0
1110000 99.9
1120000 100.7
1130000 200.0
1140000 296.5
1150000 302.4
1160000 104.3
1170000 299.1
1180000 300.0
1190000 201.1
1200000 291.0
1210000 199.0
1220000 100.0
1230000 202.4
1240000 100.0
1250000 97.6
1260000 74.8
1270000 202.2
1280000 97.8
1290000 297.3
1300000 100.0
1310000 200.0
1320000 100.0
1330000 200.9
1340000 291.9
1350000 76.3
1360000 298.0
1370000 200.0
1380000 100.0
1390000 191.8
1400000 297.0
1410000 196.4
1420000 389.5
1430000 299.4
1440000 0.0
1450000 100.0
1460000 100.0
1470000 304.6
1480000 11.8
1490000 300.0
1500000 304.0
1510000 200.0
1520000 100.0
1530000 102.0
1540000 100.0
1550000 203.1
1560000 300.0
1570000 397.3
1580000 290.5
1590000 290.6
1600000 100.0
1610000 300.0
1620000 0.0
1630000 301.7
1640000 100.0
1650000 298.8
1660000 400.0
1670000 397.7
1680000 392.2
1690000 0.0
1700000 98.8
1710000 500.0
1720000 300.0
1730000 200.0
1740000 196.1
1750000 297.8
1760000 281.2
1770000 100.0
1780000 308.3
1790000 199.4
1800000 0.0
1810000 99.6
1820000 200.0
1830000 300.3
1840000 294.7
1850000 400.0
1860000 92.1
1870000 0.0
1880000 100.0
1890000 100.5
1900000 200.0
1910000 100.0
1920000 199.5
1930000 200.0
1940000 199.0
1950000 100.0
1960000 200.0
1970000 400.0
1980000 400.0
1990000 196.9
2000000 294.8
