10000 103.6
20000 1.7
30000 101.6
40000 0.0
50000 301.1
60000 200.0
70000 297.3
80000 0.0
90000 112.3
100000 0.0
110000 0.0
120000 197.9
130000 200.0
140000 100.0
150000 299.7
160000 100.0
170000 297.6
180000 101.9
190000 200.0
200000 500.0
210000 104.0
220000 200.0
230000 201.9
240000 298.2
250000 100.0
260000 4.2
270000 199.0
280000 300.0
290000 200.0
300000 427.2
310000 300.3
320000 0.0
330000 196.0
340000 200.0
350000 300.5
360000 298.5
370000 101.2
380000 200.5
390000 200.7
400000 199.4
410000 300.0
420000 200.0
430000 0.0
440000 198.3
450000 0.0
460000 302.8
470000 100.0
480000 299.1
490000 399.8
500000 200.0
510000 400.0
520000 300.0
530000 0.0
540000 0.0
550000 0.3
560000 200.0
570000 200.0
580000 397.5
590000 201.3
600000 300.0
610000 0.0
620000 89.3
630000 0.0
640000 200.0
650000 102.3
660000 105.2
670000 400.0
680000 384.7
690000 100.0
700000 202.2
710000 105.3
720000 300.0
730000 0.0
740000 200.0
750000 400.0
760000 300.0
770000 200.0
780000 100.0
790000 0.0
800000 199.5
810000 199.8
820000 201.7
830000 300.0
840000 100.0
850000 100.0
860000 299.2
870000 200.0
880000 301.6
890000 300.0
900000 200.6
910000 200.0
920000 100.0
930000 200.0
940000 200.0
950000 100.9
960000 100.0
970000 209.6
980000 305.1
990000 100.0
1000000 199.8
1010000 199.5
1020000 300.0
1030000 100.0
1040000 0.0
1050000 199.3
1060000 0.0
1070000 95.4
1080000 193.7
1090000 0.0
1100000 300.0
1110000 200.0
1120000 0.0
1130000 200.0
1140000 100.0
1150000 200.0
1160000 198.6
1170000 400.5
1180000 97.0
1190000 200.0
1200000 0.0
1210000 200.0
1220000 196.6
1230000 396.9
1240000 0.0
1250000 300.0
1260000 300.0
1270000 198.8
1280000 200.8
1290000 106.5
1300000 4.6
1310000 200.0
1320000 101.3
1330000 200.0
1340000 200.0
1350000 300.0
1360000 200.0
1370000 395.2
1380000 100.0
1390000 200.0
1400000 100.0
1410000 202.2
1420000 100.0
1430000 11.3
1440000 300.7
1450000 103.2
1460000 101.8
1470000 2.9
1480000 396.4
1490000 0.8
1500000 200.0
1510000 298.0
1520000 201.3
1530000 198.4
1540000 200.0
1550000 300.0
1560000 100.0
1570000 198.3
1580000 100.0
1590000 200.6
1600000 100.0
1610000 200.3
1620000 199.1
1630000 98.9
1640000 100.0
1650000 296.9
1660000 100.0
1670000 200.0
1680000 198.2
1690000 200.0
1700000 100.0
1710000 0.0
1720000 99.1
1730000 198.1
1740000 292.4
1750000 300.0
1760000 297.0
1770000 398.1
1780000 199.2
1790000 414.7
1800000 100.0
1810000 100.0
1820000 100.0
1830000 300.0
1840000 299.5
1850000 0.0
1860000 100.0
1870000 299.4
1880000 199.4
1890000 197.7
1900000 200.0
1910000 100.0
1920000 201.2
1930000 198.1
1940000 100.0
1950000 384.4
1960000 398.5
1970000 200.0
1980000 200.0
1990000 200.0
2000000 100.0
