10000 0.0
20000 0.0
30000 207.0
40000 100.0
50000 299.4
60000 301.9
70000 200.0
80000 195.0
90000 300.0
100000 397.4
110000 372.0
120000 409.6
130000 199.0
140000 261.4
150000 300.0
160000 482.6
170000 293.6
180000 196.8
190000 201.7
200000 291.0
210000 291.3
220000 300.0
230000 387.5
240000 197.9
250000 100.0
260000 204.3
270000 299.6
280000 298.5
290000 300.0
300000 311.0
310000 498.3
320000 493.1
330000 299.2
340000 300.5
350000 99.2
360000 198.5
370000 694.1
380000 301.4
390000 97.7
400000 299.4
410000 300.6
420000 198.3
430000 199.1
440000 492.2
450000 292.6
460000 488.4
470000 589.1
480000 491.1
490000 102.1
500000 100.0
510000 498.6
520000 298.2
530000 294.8
540000 100.0
550000 190.6
560000 399.4
570000 398.7
580000 282.4
590000 200.0
600000 100.0
610000 100.0
620000 197.2
630000 100.0
640000 200.0
650000 388.0
660000 100.0
670000 197.2
680000 101.0
690000 500.0
700000 497.2
710000 100.0
720000 197.5
730000 300.0
740000 296.1
750000 200.0
760000 300.0
770000 102.2
780000 287.5
790000 305.6
800000 298.1
810000 296.4
820000 200.0
830000 110.9
840000 199.1
850000 197.4
860000 202.5
870000 303.5
880000 100.0
890000 290.6
900000 197.6
910000 297.2
920000 198.4
930000 0.0
940000 100.0
950000 293.1
960000 295.8
970000 293.6
980000 283.8
990000 499.6
1000000 164.9
1010000 198.8
1020000 201.5
1030000 492.5
1040000 0.0
1050000 99.6
1060000 99.7
1070000 300.0
1080000 99.4
1090000 197.9
1100000 202.4
1110000 293.9
1120000 297.4
1130000 5.6
1140000 100.0
1150000 195.4
1160000 400.0
1170000 300.0
1180000 395.6
1190000 99.1
1200000 395.2
1210000 100.0
1220000 100.0
1230000 295.4
1240000 100.0
1250000 383.3
1260000 0.0
1270000 200.3
1280000 0.0
1290000 127.6
1300000 392.7
1310000 100.5
1320000 1.9
1330000 386.5
1340000 299.0
1350000 300.0
1360000 288.2
1370000 295.7
1380000 295.3
1390000 418.0
1400000 400.0
1410000 199.2
1420000 300.0
1430000 201.5
1440000 203.1
1450000 200.0
1460000 199.2
1470000 286.0
1480000 200.0
1490000 300.0
1500000 100.4
1510000 291.2
1520000 100.0
1530000 100.0
1540000 100.0
1550000 0.0
1560000 398.5
1570000 200.0
1580000 200.0
1590000 399.6
1600000 100.0
1610000 200.0
1620000 400.0
1630000 198.5
1640000 200.0
1650000 119.8
1660000 497.6
1670000 198.5
1680000 98.1
1690000 300.0
1700000 200.0
1710000 100.0
1720000 300.0
1730000 200.9
1740000 300.0
1750000 0.0
1760000 0.0
1770000 101.2
1780000 200.0
1790000 296.7
1800000 397.3
1810000 200.0
1820000 115.2
1830000 97.6
1840000 298.2
1850000 0.0
1860000 195.8
1870000 299.2
1880000 200.0
1890000 296.4
1900000 99.6
1910000 101.3
1920000 100.0
1930000 0.0
1940000 200.0
1950000 300.0
1960000 101.4
1970000 196.3
1980000 211.2
1990000 101.4
2000000 194.6
