20000 154.7
40000 185.8
60000 455.2
80000 204.2
100000 436.0
120000 199.0
140000 194.9
160000 293.1
180000 351.9
200000 544.6
220000 395.5
240000 129.3
260000 220.5
280000 98.7
300000 404.5
320000 108.7
340000 300.9
360000 101.2
380000 208.3
400000 127.8
420000 309.3
440000 688.6
460000 579.8
480000 678.3
500000 670.5
520000 394.3
540000 451.6
560000 913.5
580000 628.9
600000 477.0
620000 736.3
640000 771.1
660000 851.1
680000 653.4
700000 885.2
720000 712.9
740000 879.1
760000 876.7
780000 786.8
800000 852.6
820000 771.5
840000 883.0
860000 846.9
880000 963.0
900000 984.0
920000 970.8
940000 968.5
960000 976.1
980000 975.5
1000000 983.5
1020000 976.2
1040000 973.1
1060000 978.3
1080000 879.4
1100000 942.9
1120000 973.4
1140000 882.4
1160000 873.7
1180000 965.7
1200000 970.6
1220000 482.4
1240000 783.5
1260000 780.7
1280000 765.1
1300000 925.3
1320000 783.7
1340000 977.3
1360000 976.7
1380000 861.6
1400000 977.8
1420000 858.3
1440000 974.0
1460000 874.8
1480000 969.6
1500000 974.6
1520000 982.9
1540000 946.4
1560000 979.0
1580000 937.2
1600000 972.7
1620000 882.0
1640000 969.8
1660000 865.5
1680000 957.9
1700000 928.3
1720000 937.3
1740000 878.6
1760000 889.7
1780000 971.3
1800000 887.2
1820000 978.0
1840000 975.4
1860000 976.4
1880000 972.5
1900000 979.4
1920000 955.5
1940000 974.4
1960000 977.1
1980000 779.7
2000000 980.6
