20000 290.2
40000 118.1
60000 231.8
80000 387.9
100000 106.3
120000 128.7
140000 389.0
160000 485.4
180000 389.1
200000 302.7
220000 362.5
240000 504.5
260000 587.6
280000 676.8
300000 292.8
320000 501.8
340000 225.4
360000 295.9
380000 190.6
400000 214.1
420000 586.7
440000 641.6
460000 590.1
480000 860.8
500000 630.8
520000 778.3
540000 939.8
560000 828.9
580000 963.9
600000 776.1
620000 977.2
640000 869.5
660000 873.3
680000 971.2
700000 878.1
720000 977.0
740000 868.1
760000 880.0
780000 871.2
800000 972.0
820000 691.6
840000 674.8
860000 781.3
880000 974.0
900000 955.1
920000 979.5
940000 961.6
960000 912.1
980000 972.4
1000000 974.5
1020000 971.6
1040000 974.8
1060000 966.6
1080000 981.6
1100000 971.2
1120000 973.3
1140000 879.6
1160000 969.0
1180000 965.2
1200000 976.6
1220000 687.1
1240000 716.9
1260000 971.7
1280000 967.0
1300000 961.3
1320000 848.3
1340000 963.0
1360000 876.8
1380000 970.8
1400000 896.7
1420000 958.0
1440000 879.0
1460000 871.8
1480000 936.5
1500000 972.4
1520000 864.4
1540000 974.1
1560000 982.0
1580000 966.2
1600000 884.4
1620000 877.5
1640000 976.2
1660000 898.8
1680000 880.0
1700000 873.8
1720000 871.7
1740000 978.4
1760000 873.9
1780000 980.4
1800000 970.8
1820000 783.0
1840000 886.5
1860000 969.4
1880000 972.2
1900000 876.3
1920000 979.4
1940000 821.7
1960000 980.8
1980000 977.1
2000000 977.5
