20000 198.7
40000 91.5
60000 102.1
80000 99.2
100000 375.2
120000 312.4
140000 232.9
160000 541.8
180000 555.9
200000 396.8
220000 214.6
240000 220.3
260000 676.9
280000 497.1
300000 103.9
320000 499.8
340000 187.5
360000 479.8
380000 495.5
400000 392.5
420000 686.4
440000 765.6
460000 689.5
480000 790.4
500000 879.2
520000 700.2
540000 845.8
560000 810.9
580000 870.1
600000 782.1
620000 876.9
640000 870.8
660000 774.9
680000 588.8
700000 881.9
720000 874.1
740000 649.5
760000 782.0
780000 968.8
800000 731.0
820000 502.1
840000 748.0
860000 966.9
880000 805.1
900000 966.1
920000 580.7
940000 882.9
960000 936.8
980000 882.9
1000000 976.8
1020000 787.0
1040000 877.3
1060000 780.9
1080000 877.9
1100000 975.1
1120000 883.5
1140000 775.1
1160000 958.5
1180000 977.5
1200000 985.1
1220000 861.5
1240000 979.0
1260000 872.2
1280000 955.0
1300000 775.7
1320000 807.8
1340000 950.0
1360000 960.7
1380000 854.4
1400000 952.9
1420000 966.4
1440000 973.6
1460000 872.5
1480000 888.2
1500000 963.7
1520000 973.5
1540000 864.6
1560000 821.8
1580000 971.4
1600000 951.6
1620000 980.1
1640000 930.9
1660000 977.3
1680000 979.4
1700000 984.2
1720000 876.0
1740000 978.5
1760000 903.0
1780000 791.4
1800000 902.5
1820000 972.5
1840000 886.8
1860000 969.5
1880000 982.8
1900000 975.1
1920000 968.4
1940000 974.8
1960000 920.8
1980000 973.2
2000000 972.7
