20000 291.7
40000 300.1
60000 271.9
80000 297.9
100000 398.5
120000 368.7
140000 491.9
160000 527.5
180000 392.1
200000 97.0
220000 678.1
240000 672.0
260000 718.4
280000 945.4
300000 876.2
320000 861.7
340000 729.2
360000 779.7
380000 756.4
400000 824.2
420000 970.0
440000 971.4
460000 918.5
480000 929.9
500000 966.2
520000 978.0
540000 969.2
560000 977.4
580000 959.7
600000 882.3
620000 968.5
640000 947.5
660000 973.1
680000 877.2
700000 968.6
720000 973.8
740000 976.4
760000 973.2
780000 974.1
800000 973.0
820000 976.6
840000 888.4
860000 780.9
880000 980.5
900000 982.1
920000 972.2
940000 976.9
960000 960.6
980000 982.5
1000000 973.3
1020000 929.7
1040000 970.5
1060000 976.7
1080000 973.8
1100000 975.9
1120000 967.7
1140000 974.7
1160000 966.9
1180000 972.9
1200000 976.0
1220000 972.4
1240000 978.2
1260000 975.1
1280000 811.3
1300000 977.2
1320000 967.4
1340000 762.9
1360000 842.9
1380000 979.3
1400000 942.6
1420000 979.3
1440000 977.4
1460000 978.1
1480000 959.1
1500000 882.3
1520000 978.2
1540000 981.9
1560000 983.1
1580000 983.0
1600000 978.7
1620000 958.1
1640000 971.8
1660000 968.6
1680000 783.5
1700000 976.2
1720000 975.7
1740000 976.8
1760000 939.8
1780000 969.7
1800000 974.0
1820000 975.3
1840000 982.6
1860000 943.8
1880000 974.0
1900000 980.3
1920000 964.1
1940000 980.8
1960000 975.4
1980000 988.6
2000000 984.0
