20000 215.0
40000 230.7
60000 472.9
80000 473.6
100000 312.9
120000 585.8
140000 581.6
160000 685.0
180000 498.1
200000 583.4
220000 391.8
240000 672.3
260000 390.0
280000 569.2
300000 753.7
320000 591.5
340000 786.2
360000 564.7
380000 646.7
400000 501.6
420000 471.1
440000 445.9
460000 887.8
480000 655.9
500000 775.6
520000 846.5
540000 878.7
560000 740.9
580000 873.1
600000 919.9
620000 898.2
640000 959.1
660000 881.2
680000 973.1
700000 961.1
720000 967.0
740000 716.3
760000 696.6
780000 901.1
800000 872.0
820000 680.2
840000 722.5
860000 847.9
880000 977.0
900000 807.7
920000 780.6
940000 767.7
960000 914.8
980000 874.9
1000000 881.0
1020000 972.7
1040000 891.9
1060000 941.3
1080000 969.3
1100000 902.6
1120000 980.6
1140000 981.2
1160000 910.6
1180000 941.0
1200000 981.3
1220000 976.0
1240000 801.4
1260000 886.2
1280000 864.9
1300000 960.3
1320000 981.3
1340000 803.1
1360000 844.0
1380000 857.5
1400000 858.9
1420000 873.4
1440000 979.2
1460000 760.7
1480000 875.2
1500000 795.2
1520000 860.2
1540000 970.0
1560000 790.3
1580000 793.4
1600000 886.0
1620000 876.7
1640000 974.7
1660000 844.4
1680000 979.7
1700000 976.1
1720000 977.6
1740000 987.7
1760000 984.3
1780000 979.4
1800000 990.0
1820000 884.9
1840000 982.1
1860000 981.3
1880000 979.3
1900000 881.2
1920000 977.0
1940000 968.8
1960000 976.5
1980000 977.7
2000000 981.1
