20000 184.9
40000 14.2
60000 328.0
80000 481.5
100000 196.1
120000 159.6
140000 556.0
160000 419.7
180000 179.6
200000 315.5
220000 193.0
240000 220.8
260000 294.6
280000 362.6
300000 444.4
320000 329.9
340000 393.7
360000 385.1
380000 203.6
400000 477.3
420000 384.9
440000 680.0
460000 590.6
480000 807.6
500000 961.2
520000 778.5
540000 816.0
560000 780.2
580000 972.8
600000 747.7
620000 974.5
640000 771.6
660000 957.6
680000 869.4
700000 980.9
720000 786.8
740000 693.8
760000 853.9
780000 877.7
800000 986.2
820000 774.9
840000 860.8
860000 741.6
880000 877.4
900000 970.0
920000 880.5
940000 973.9
960000 797.2
980000 973.7
1000000 970.0
1020000 974.9
1040000 874.8
1060000 880.9
1080000 930.7
1100000 883.8
1120000 781.7
1140000 974.0
1160000 873.0
1180000 967.2
1200000 878.6
1220000 682.1
1240000 693.0
1260000 881.8
1280000 830.7
1300000 804.2
1320000 828.8
1340000 902.3
1360000 979.0
1380000 771.0
1400000 878.7
1420000 978.8
1440000 973.2
1460000 959.2
1480000 970.4
1500000 944.0
1520000 975.8
1540000 853.4
1560000 983.4
1580000 974.7
1600000 969.2
1620000 805.8
1640000 908.2
1660000 884.1
1680000 974.6
1700000 866.9
1720000 971.2
1740000 884.0
1760000 892.9
1780000 797.1
1800000 979.4
1820000 785.8
1840000 787.9
1860000 840.8
1880000 832.0
1900000 778.8
1920000 782.8
1940000 953.3
1960000 974.7
1980000 953.5
2000000 882.9
