20000 106.2
40000 203.8
60000 540.8
80000 148.4
100000 199.8
120000 455.4
140000 429.5
160000 382.8
180000 460.3
200000 699.0
220000 503.0
240000 385.0
260000 584.7
280000 422.3
300000 716.3
320000 301.9
340000 934.7
360000 740.6
380000 441.5
400000 513.0
420000 983.2
440000 919.5
460000 779.9
480000 957.4
500000 944.6
520000 975.4
540000 984.2
560000 977.0
580000 784.0
600000 798.2
620000 879.2
640000 778.0
660000 970.0
680000 969.2
700000 965.7
720000 779.1
740000 973.5
760000 882.9
780000 873.0
800000 973.8
820000 578.7
840000 671.6
860000 967.7
880000 754.4
900000 974.0
920000 716.3
940000 876.6
960000 953.1
980000 781.3
1000000 870.7
1020000 746.8
1040000 849.5
1060000 867.0
1080000 873.2
1100000 837.5
1120000 951.8
1140000 789.0
1160000 880.2
1180000 975.3
1200000 775.6
1220000 777.3
1240000 951.8
1260000 859.4
1280000 925.7
1300000 879.1
1320000 975.7
1340000 888.2
1360000 872.7
1380000 911.1
1400000 716.2
1420000 968.9
1440000 876.0
1460000 981.4
1480000 846.9
1500000 902.2
1520000 836.3
1540000 971.4
1560000 911.4
1580000 967.0
1600000 982.0
1620000 931.6
1640000 857.0
1660000 888.9
1680000 973.1
1700000 935.4
1720000 880.1
1740000 969.3
1760000 861.9
1780000 975.3
1800000 973.1
1820000 977.8
1840000 933.2
1860000 985.7
1880000 977.8
1900000 926.4
1920000 987.4
1940000 971.3
1960000 980.0
1980000 980.4
2000000 883.8
