20000 15.9
40000 8.8
60000 161.7
80000 290.4
100000 196.9
120000 652.1
140000 289.9
160000 298.7
180000 460.2
200000 385.2
220000 581.3
240000 298.4
260000 578.8
280000 390.5
300000 260.0
320000 304.6
340000 308.0
360000 141.1
380000 492.3
400000 580.1
420000 293.2
440000 385.3
460000 779.5
480000 460.5
500000 497.6
520000 661.1
540000 760.6
560000 768.2
580000 722.9
600000 679.5
620000 689.5
640000 869.9
660000 877.1
680000 821.7
700000 849.0
720000 717.6
740000 860.2
760000 879.0
780000 768.3
800000 964.9
820000 786.0
840000 969.6
860000 780.0
880000 781.6
900000 955.3
920000 968.2
940000 966.6
960000 980.4
980000 976.4
1000000 955.2
1020000 976.6
1040000 971.3
1060000 976.5
1080000 940.1
1100000 980.5
1120000 974.1
1140000 973.9
1160000 880.9
1180000 978.5
1200000 971.3
1220000 280.6
1240000 513.7
1260000 782.6
1280000 597.4
1300000 678.3
1320000 865.0
1340000 839.8
1360000 865.3
1380000 720.3
1400000 912.5
1420000 984.2
1440000 966.1
1460000 985.0
1480000 976.0
1500000 972.3
1520000 780.9
1540000 787.6
1560000 980.4
1580000 954.1
1600000 974.1
1620000 839.3
1640000 724.5
1660000 685.4
1680000 789.3
1700000 814.6
1720000 939.9
1740000 848.5
1760000 971.9
1780000 828.5
1800000 978.2
1820000 923.7
1840000 503.6
1860000 585.1
1880000 969.7
1900000 807.7
1920000 876.9
1940000 845.4
1960000 978.3
1980000 964.8
2000000 983.9
