20000 390.9
40000 198.4
60000 196.2
80000 68.9
100000 509.2
120000 202.9
140000 337.9
160000 323.7
180000 349.4
200000 549.8
220000 469.4
240000 504.1
260000 497.5
280000 651.2
300000 583.8
320000 905.0
340000 391.8
360000 502.7
380000 464.1
400000 482.3
420000 822.2
440000 783.6
460000 877.3
480000 747.0
500000 972.2
520000 877.3
540000 969.7
560000 981.3
580000 878.2
600000 969.9
620000 973.2
640000 970.4
660000 871.8
680000 686.7
700000 677.9
720000 980.5
740000 872.7
760000 778.8
780000 900.2
800000 961.3
820000 503.1
840000 636.8
860000 865.5
880000 687.9
900000 821.6
920000 874.5
940000 878.4
960000 716.9
980000 957.4
1000000 943.4
1020000 790.8
1040000 973.9
1060000 876.8
1080000 872.8
1100000 886.7
1120000 976.7
1140000 979.3
1160000 968.3
1180000 988.4
1200000 977.8
1220000 871.3
1240000 924.8
1260000 972.5
1280000 972.6
1300000 870.7
1320000 782.0
1340000 954.6
1360000 962.9
1380000 782.7
1400000 869.7
1420000 885.4
1440000 975.5
1460000 977.8
1480000 880.7
1500000 864.8
1520000 886.6
1540000 886.5
1560000 942.2
1580000 983.8
1600000 880.7
1620000 686.3
1640000 836.9
1660000 932.6
1680000 941.2
1700000 972.5
1720000 906.7
1740000 974.8
1760000 975.4
1780000 968.6
1800000 980.0
1820000 975.6
1840000 925.2
1860000 985.5
1880000 971.9
1900000 895.3
1920000 972.8
1940000 982.4
1960000 976.5
1980000 979.4
2000000 970.4
