20000 50.8
40000 207.0
60000 140.0
80000 490.5
100000 238.1
120000 390.4
140000 491.1
160000 557.1
180000 675.0
200000 578.6
220000 489.2
240000 854.8
260000 875.5
280000 865.0
300000 793.3
320000 585.0
340000 770.5
360000 495.9
380000 866.2
400000 694.0
420000 850.7
440000 688.6
460000 824.3
480000 779.3
500000 784.9
520000 792.1
540000 965.4
560000 875.0
580000 968.2
600000 980.5
620000 873.5
640000 983.0
660000 969.0
680000 869.7
700000 972.5
720000 969.0
740000 880.0
760000 822.9
780000 963.5
800000 887.9
820000 840.7
840000 716.0
860000 596.2
880000 970.8
900000 779.3
920000 969.5
940000 888.0
960000 882.1
980000 780.3
1000000 979.0
1020000 886.4
1040000 983.0
1060000 787.7
1080000 871.1
1100000 864.2
1120000 982.2
1140000 831.3
1160000 983.3
1180000 972.6
1200000 977.4
1220000 765.3
1240000 710.1
1260000 690.4
1280000 952.0
1300000 785.9
1320000 776.2
1340000 965.7
1360000 961.0
1380000 978.3
1400000 868.7
1420000 880.6
1440000 882.3
1460000 983.2
1480000 947.7
1500000 976.7
1520000 984.3
1540000 893.3
1560000 984.3
1580000 825.7
1600000 977.3
1620000 784.5
1640000 582.3
1660000 949.8
1680000 806.7
1700000 867.9
1720000 885.6
1740000 878.8
1760000 786.4
1780000 968.9
1800000 937.2
1820000 877.4
1840000 974.7
1860000 972.5
1880000 787.6
1900000 978.4
1920000 874.0
1940000 986.9
1960000 949.9
1980000 974.8
2000000 962.7
